start_time,end_time,size,trans_time,cwnd,rtt,rto,ssthresh,last_snd,min_rtt,delivery_rate,bytes_sent,bytes_retrans,client_trans_time
2020-08-25T04:52:19.332000Z,2020-08-25T04:52:19.358000Z,37.459,26.0,544.0,17.454,0.0,0.0,0.0,5.67,24.333333,0.0,0.0,0.0
2020-08-25T04:52:19.358000Z,2020-08-25T04:52:19.389000Z,21.742,31.0,476.0,15.332,0.0,0.0,0.0,5.67,3.922159,0.0,0.0,0.0
2020-08-25T04:52:19.389000Z,2020-08-25T04:52:19.417999Z,169.889,29.0,492.0,15.868,0.0,0.0,0.0,5.67,1.07914,0.0,0.0,0.0
2020-08-25T04:52:19.419000Z,2020-08-25T04:52:19.454000Z,237.457,35.0,492.0,22.717,0.0,0.0,0.0,5.67,7.495604,0.0,0.0,0.0
2020-08-25T04:52:19.454000Z,2020-08-25T04:52:19.485000Z,183.683,31.0,476.0,17.268,0.0,0.0,0.0,5.67,7.198285,0.0,0.0,0.0
2020-08-25T04:52:19.486000Z,2020-08-25T04:52:19.527000Z,414.916,41.0,476.0,16.518,0.0,0.0,0.0,5.67,9.278293,0.0,0.0,0.0
2020-08-25T04:52:19.529000Z,2020-08-25T04:52:19.576000Z,896.019,47.0,492.0,15.805,0.0,0.0,0.0,5.67,13.791326,0.0,0.0,0.0
2020-08-25T04:52:19.577000Z,2020-08-25T04:52:19.619000Z,875.687,42.0,548.0,14.874,0.0,0.0,0.0,5.67,26.856326,0.0,0.0,0.0
2020-08-25T04:52:20.593999Z,2020-08-25T04:52:20.629000Z,741.006,35.0,586.0,19.668,0.0,0.0,0.0,5.67,35.986838,0.0,0.0,0.0
2020-08-25T04:52:22.593999Z,2020-08-25T04:52:22.638000Z,909.011,44.0,582.0,15.548,0.0,0.0,0.0,5.67,25.561995,0.0,0.0,0.0
2020-08-25T04:52:24.593999Z,2020-08-25T04:52:24.643000Z,1101.317,49.0,583.0,15.297,0.0,0.0,0.0,5.67,26.384988,0.0,0.0,0.0
2020-08-25T04:52:26.597000Z,2020-08-25T04:52:26.652000Z,1448.326,55.0,644.0,17.043,0.0,0.0,0.0,5.67,36.430906,0.0,0.0,0.0
2020-08-25T04:52:28.593999Z,2020-08-25T04:52:28.663000Z,1662.503,69.0,660.0,15.928,0.0,0.0,0.0,5.67,35.530188,0.0,0.0,0.0
2020-08-25T04:52:30.603000Z,2020-08-25T04:52:30.647000Z,1138.307,44.0,672.0,17.725,0.0,0.0,0.0,5.67,0.204596,0.0,0.0,0.0
2020-08-25T04:52:32.595000Z,2020-08-25T04:52:32.632000Z,824.552,37.0,648.0,15.242,0.0,0.0,0.0,5.67,37.114318,0.0,0.0,0.0
2020-08-25T04:52:34.595000Z,2020-08-25T04:52:34.636000Z,1018.404,41.0,668.0,17.579,0.0,0.0,0.0,5.67,44.631385,0.0,0.0,0.0
2020-08-25T04:52:36.593999Z,2020-08-25T04:52:36.631000Z,911.871,37.0,668.0,20.125,0.0,0.0,0.0,5.67,40.833293,0.0,0.0,0.0
2020-08-25T04:52:38.595000Z,2020-08-25T04:52:38.636000Z,903.191,41.0,668.0,16.448,0.0,0.0,0.0,5.67,42.520135,0.0,0.0,0.0
2020-08-25T04:52:40.597000Z,2020-08-25T04:52:40.633000Z,855.326,36.0,692.0,23.895,0.0,0.0,0.0,5.67,43.473591,0.0,0.0,0.0
2020-08-25T04:52:42.597000Z,2020-08-25T04:52:42.633999Z,992.5,37.0,860.0,14.241,0.0,0.0,0.0,5.67,43.56068,0.0,0.0,0.0
2020-08-25T04:52:44.595000Z,2020-08-25T04:52:44.636000Z,1105.937,41.0,738.0,15.984,0.0,0.0,0.0,5.67,0.317276,0.0,0.0,0.0
2020-08-25T04:52:46.596000Z,2020-08-25T04:52:46.633000Z,854.781,37.0,738.0,15.976,0.0,0.0,0.0,5.67,43.523035,0.0,0.0,0.0
2020-08-25T04:52:48.593000Z,2020-08-25T04:52:48.641999Z,853.974,49.0,762.0,19.687,0.0,0.0,0.0,5.67,38.252946,0.0,0.0,0.0
2020-08-25T04:52:50.593000Z,2020-08-25T04:52:50.625999Z,812.146,33.0,738.0,24.002,0.0,0.0,0.0,5.67,38.252946,0.0,0.0,0.0
2020-08-25T04:52:52.596000Z,2020-08-25T04:52:52.645000Z,755.094,49.0,724.0,14.7,0.0,0.0,0.0,5.67,39.802911,0.0,0.0,0.0
2020-08-25T04:52:54.595000Z,2020-08-25T04:52:54.631000Z,841.396,36.0,779.0,14.789,0.0,0.0,0.0,5.67,36.52691,0.0,0.0,0.0
2020-08-25T04:52:56.595000Z,2020-08-25T04:52:56.637000Z,1035.019,42.0,672.0,17.48,0.0,0.0,0.0,5.67,35.157406,0.0,0.0,0.0
2020-08-25T04:52:58.596000Z,2020-08-25T04:52:58.652000Z,1309.933,56.0,670.0,16.207,0.0,0.0,0.0,5.67,39.613489,0.0,0.0,0.0
2020-08-25T04:53:00.595000Z,2020-08-25T04:53:00.646000Z,1275.638,51.0,692.0,16.433,0.0,0.0,0.0,5.67,26.11392,0.0,0.0,0.0
2020-08-25T04:53:02.597000Z,2020-08-25T04:53:02.648000Z,1437.502,51.0,756.0,15.93,0.0,0.0,0.0,5.67,30.418598,0.0,0.0,0.0
2020-08-25T04:53:04.604000Z,2020-08-25T04:53:04.652000Z,1221.908,48.0,780.0,23.457,0.0,0.0,0.0,5.67,43.700195,0.0,0.0,0.0
2020-08-25T04:53:06.596000Z,2020-08-25T04:53:06.637000Z,1099.559,41.0,750.0,21.457,0.0,0.0,0.0,5.67,31.297455,0.0,0.0,0.0
2020-08-25T04:53:08.596000Z,2020-08-25T04:53:08.659000Z,1411.971,63.0,510.0,16.473,0.0,0.0,0.0,5.67,4.803463,0.0,0.0,0.0
2020-08-25T04:53:10.595000Z,2020-08-25T04:53:10.651000Z,1149.865,56.0,510.0,25.997,0.0,0.0,0.0,5.67,19.434181,0.0,0.0,0.0
2020-08-25T04:53:12.601999Z,2020-08-25T04:53:12.657999Z,1317.485,56.0,510.0,27.255,0.0,0.0,0.0,5.714,24.367176,0.0,0.0,0.0
2020-08-25T04:53:14.597000Z,2020-08-25T04:53:14.669000Z,1191.184,72.0,510.0,23.996,0.0,0.0,0.0,5.714,29.701437,0.0,0.0,0.0
2020-08-25T04:53:16.599000Z,2020-08-25T04:53:16.648000Z,959.209,49.0,456.0,37.061,0.0,0.0,0.0,5.714,16.813668,0.0,0.0,0.0
2020-08-25T04:53:18.599000Z,2020-08-25T04:53:18.644000Z,999.295,45.0,478.0,15.314,0.0,0.0,0.0,5.714,2.347781,0.0,0.0,0.0
2020-08-25T04:53:20.597000Z,2020-08-25T04:53:20.645000Z,1062.881,48.0,786.0,16.249,0.0,0.0,0.0,5.714,34.997033,0.0,0.0,0.0
2020-08-25T04:53:22.595000Z,2020-08-25T04:53:22.633000Z,909.735,38.0,737.0,17.971,0.0,0.0,0.0,5.714,25.5926,0.0,0.0,0.0
2020-08-25T04:53:24.596000Z,2020-08-25T04:53:24.640000Z,984.887,44.0,744.0,15.499,0.0,0.0,0.0,5.714,38.882506,0.0,0.0,0.0
2020-08-25T04:53:26.597000Z,2020-08-25T04:53:26.637000Z,977.103,40.0,764.0,19.48,0.0,0.0,0.0,5.714,36.709453,0.0,0.0,0.0
2020-08-25T04:53:28.593999Z,2020-08-25T04:53:28.631000Z,805.839,37.0,795.0,17.072,0.0,0.0,0.0,5.714,44.192014,0.0,0.0,0.0
2020-08-25T04:53:30.593999Z,2020-08-25T04:53:30.646000Z,749.46,52.0,814.0,15.234,0.0,0.0,0.0,5.714,44.192014,0.0,0.0,0.0
2020-08-25T04:53:32.593999Z,2020-08-25T04:53:32.633999Z,1089.381,40.0,692.0,15.698,0.0,0.0,0.0,5.714,44.192014,0.0,0.0,0.0
2020-08-25T04:53:34.599000Z,2020-08-25T04:53:34.644000Z,1122.527,45.0,758.0,16.638,0.0,0.0,0.0,5.714,48.489574,0.0,0.0,0.0
2020-08-25T04:53:36.596000Z,2020-08-25T04:53:36.644000Z,1165.242,48.0,758.0,23.218,0.0,0.0,0.0,5.714,38.899429,0.0,0.0,0.0
2020-08-25T04:53:38.596000Z,2020-08-25T04:53:38.638000Z,1101.194,42.0,782.0,15.378,0.0,0.0,0.0,5.714,39.091618,0.0,0.0,0.0
2020-08-25T04:53:40.601999Z,2020-08-25T04:53:40.657000Z,1177.607,55.0,758.0,17.511,0.0,0.0,0.0,5.714,44.008582,0.0,0.0,0.0
2020-08-25T04:53:42.595000Z,2020-08-25T04:53:42.641999Z,1207.76,47.0,710.0,22.104,0.0,0.0,0.0,5.714,0.274745,0.0,0.0,0.0
2020-08-25T04:53:44.595000Z,2020-08-25T04:53:44.628000Z,779.0,33.0,825.0,17.565,0.0,0.0,0.0,5.714,37.205485,0.0,0.0,0.0
2020-08-25T04:53:46.600000Z,2020-08-25T04:53:46.635000Z,738.159,35.0,790.0,15.642,0.0,0.0,0.0,5.714,36.242136,0.0,0.0,0.0
2020-08-25T04:53:48.598000Z,2020-08-25T04:53:48.643000Z,1199.555,45.0,814.0,18.617,0.0,0.0,0.0,5.714,40.866186,0.0,0.0,0.0
2020-08-25T04:53:50.593999Z,2020-08-25T04:53:50.639000Z,1038.857,45.0,848.0,17.81,0.0,0.0,0.0,5.714,40.734096,0.0,0.0,0.0
2020-08-25T04:53:52.595000Z,2020-08-25T04:53:52.631000Z,857.113,36.0,858.0,24.835,0.0,0.0,0.0,5.714,3.518843,0.0,0.0,0.0
2020-08-25T04:53:54.595000Z,2020-08-25T04:53:54.631000Z,882.081,36.0,874.0,19.04,0.0,0.0,0.0,5.714,36.220403,0.0,0.0,0.0
2020-08-25T04:53:56.596000Z,2020-08-25T04:53:56.635000Z,935.274,39.0,848.0,19.081,0.0,0.0,0.0,5.714,2.790001,0.0,0.0,0.0
2020-08-25T04:53:58.596000Z,2020-08-25T04:53:58.629000Z,788.773,33.0,936.0,20.246,0.0,0.0,0.0,5.714,44.88156,0.0,0.0,0.0
2020-08-25T04:54:00.595000Z,2020-08-25T04:54:00.633999Z,822.371,39.0,898.0,16.282,0.0,0.0,0.0,5.714,46.007668,0.0,0.0,0.0
2020-08-25T04:54:02.597000Z,2020-08-25T04:54:02.641999Z,792.018,45.0,798.0,29.466,0.0,0.0,0.0,5.714,46.007668,0.0,0.0,0.0
2020-08-25T04:54:04.597000Z,2020-08-25T04:54:04.643000Z,803.766,46.0,822.0,24.582,0.0,0.0,0.0,5.714,46.007668,0.0,0.0,0.0
2020-08-25T04:54:06.601999Z,2020-08-25T04:54:06.637000Z,883.779,35.0,784.0,21.502,0.0,0.0,0.0,5.714,1.619747,0.0,0.0,0.0
2020-08-25T04:54:08.597000Z,2020-08-25T04:54:08.633000Z,831.386,36.0,762.0,17.857,0.0,0.0,0.0,5.714,49.141342,0.0,0.0,0.0
2020-08-25T04:54:10.595000Z,2020-08-25T04:54:10.630000Z,851.577,35.0,812.0,16.089,0.0,0.0,0.0,5.714,3.63163,0.0,0.0,0.0
2020-08-25T04:54:12.603000Z,2020-08-25T04:54:12.643000Z,994.884,40.0,838.0,18.491,0.0,0.0,0.0,5.714,44.661382,0.0,0.0,0.0
2020-08-25T04:54:14.597000Z,2020-08-25T04:54:14.646000Z,951.396,49.0,812.0,21.992,0.0,0.0,0.0,5.714,47.762978,0.0,0.0,0.0
2020-08-25T04:54:16.596000Z,2020-08-25T04:54:16.635000Z,981.281,39.0,813.0,26.365,0.0,0.0,0.0,5.714,16.574916,0.0,0.0,0.0
2020-08-25T04:54:18.597000Z,2020-08-25T04:54:18.633000Z,840.698,36.0,876.0,21.135,0.0,0.0,0.0,5.714,47.250572,0.0,0.0,0.0
2020-08-25T04:54:20.598000Z,2020-08-25T04:54:20.641000Z,885.174,43.0,701.0,23.457,0.0,0.0,0.0,5.714,2.339647,0.0,0.0,0.0
2020-08-25T04:54:22.597000Z,2020-08-25T04:54:22.639000Z,992.768,42.0,716.0,18.309,0.0,0.0,0.0,5.714,40.222601,0.0,0.0,0.0
2020-08-25T04:54:24.595000Z,2020-08-25T04:54:24.629000Z,761.075,34.0,800.0,20.779,0.0,0.0,0.0,5.714,36.426805,0.0,0.0,0.0
2020-08-25T04:54:26.598000Z,2020-08-25T04:54:26.646000Z,1367.17,48.0,814.0,21.109,0.0,0.0,0.0,5.714,42.09743,0.0,0.0,0.0
2020-08-25T04:54:28.597000Z,2020-08-25T04:54:28.643000Z,1294.041,46.0,768.0,17.358,0.0,0.0,0.0,5.714,33.353763,0.0,0.0,0.0
2020-08-25T04:54:30.605000Z,2020-08-25T04:54:30.673999Z,1467.753,69.0,782.0,17.266,0.0,0.0,0.0,5.714,0.226286,0.0,0.0,0.0
2020-08-25T04:54:32.597000Z,2020-08-25T04:54:32.644000Z,1079.294,47.0,758.0,32.05,0.0,0.0,0.0,5.714,25.943912,0.0,0.0,0.0
2020-08-25T04:54:34.597000Z,2020-08-25T04:54:34.636000Z,899.1,39.0,784.0,26.356,0.0,0.0,0.0,5.714,40.884511,0.0,0.0,0.0
2020-08-25T04:54:36.597000Z,2020-08-25T04:54:36.633000Z,913.409,36.0,760.0,20.502,0.0,0.0,0.0,5.714,36.790112,0.0,0.0,0.0
2020-08-25T04:54:38.596000Z,2020-08-25T04:54:38.633999Z,871.35,38.0,742.0,17.348,0.0,0.0,0.0,5.714,40.96494,0.0,0.0,0.0
2020-08-25T04:54:40.597000Z,2020-08-25T04:54:40.643000Z,1025.874,46.0,766.0,24.684,0.0,0.0,0.0,5.714,41.007968,0.0,0.0,0.0
2020-08-25T04:54:42.597000Z,2020-08-25T04:54:42.636000Z,1033.111,39.0,716.0,25.334,0.0,0.0,0.0,5.714,31.759831,0.0,0.0,0.0
2020-08-25T04:54:44.596000Z,2020-08-25T04:54:44.632000Z,792.29,36.0,654.0,14.919,0.0,0.0,0.0,5.714,0.555819,0.0,0.0,0.0
2020-08-25T04:54:46.597000Z,2020-08-25T04:54:46.636000Z,998.243,39.0,652.0,15.675,0.0,0.0,0.0,5.714,43.797539,0.0,0.0,0.0
2020-08-25T04:54:48.598000Z,2020-08-25T04:54:48.638000Z,1063.649,40.0,652.0,16.514,0.0,0.0,0.0,5.714,39.681931,0.0,0.0,0.0
2020-08-25T04:54:50.596000Z,2020-08-25T04:54:50.653000Z,1239.434,57.0,694.0,24.073,0.0,0.0,0.0,5.714,44.768982,0.0,0.0,0.0
2020-08-25T04:54:52.599000Z,2020-08-25T04:54:52.641000Z,1128.722,42.0,670.0,19.694,0.0,0.0,0.0,5.714,31.710577,0.0,0.0,0.0
2020-08-25T04:54:54.604000Z,2020-08-25T04:54:54.649000Z,1178.719,45.0,711.0,17.694,0.0,0.0,0.0,5.714,3.34376,0.0,0.0,0.0
2020-08-25T04:54:56.596000Z,2020-08-25T04:54:56.638000Z,982.641,42.0,818.0,18.455,0.0,0.0,0.0,5.714,43.896103,0.0,0.0,0.0
2020-08-25T04:54:58.599000Z,2020-08-25T04:54:58.641000Z,1112.197,42.0,785.0,15.297,0.0,0.0,0.0,5.714,4.033402,0.0,0.0,0.0
2020-08-25T04:55:00.598000Z,2020-08-25T04:55:00.640000Z,1075.606,42.0,808.0,16.509,0.0,0.0,0.0,5.714,47.688252,0.0,0.0,0.0
2020-08-25T04:55:02.619000Z,2020-08-25T04:55:02.665000Z,1075.374,46.0,829.0,17.989,0.0,0.0,0.0,5.714,43.844265,0.0,0.0,0.0
2020-08-25T04:55:04.598000Z,2020-08-25T04:55:04.640000Z,1119.443,42.0,860.0,25.3,0.0,0.0,0.0,5.714,48.317119,0.0,0.0,0.0
2020-08-25T04:55:06.847000Z,2020-08-25T04:55:06.915000Z,1355.755,68.0,832.0,19.697,0.0,0.0,0.0,5.714,39.778132,0.0,0.0,0.0
2020-08-25T04:55:08.848000Z,2020-08-25T04:55:08.897999Z,1295.677,50.0,850.0,19.381,0.0,0.0,0.0,5.714,3.272875,0.0,0.0,0.0
2020-08-25T04:55:10.847000Z,2020-08-25T04:55:10.895000Z,1296.273,48.0,947.0,18.872,0.0,0.0,0.0,5.714,51.467732,0.0,0.0,0.0
2020-08-25T04:55:12.854000Z,2020-08-25T04:55:12.903000Z,1263.279,49.0,960.0,22.731,0.0,0.0,0.0,5.714,36.88454,0.0,0.0,0.0
2020-08-25T04:55:14.848000Z,2020-08-25T04:55:14.888000Z,986.351,40.0,1010.0,19.342,0.0,0.0,0.0,5.714,45.759442,0.0,0.0,0.0
2020-08-25T04:55:16.847000Z,2020-08-25T04:55:16.885000Z,830.458,38.0,1010.0,22.273,0.0,0.0,0.0,5.714,37.793071,0.0,0.0,0.0
2020-08-25T04:55:18.846000Z,2020-08-25T04:55:18.884000Z,813.925,38.0,924.0,19.555,0.0,0.0,0.0,5.714,0.247478,0.0,0.0,0.0
2020-08-25T04:55:20.847000Z,2020-08-25T04:55:20.888000Z,975.248,41.0,924.0,22.22,0.0,0.0,0.0,5.714,32.628742,0.0,0.0,0.0
2020-08-25T04:55:22.849000Z,2020-08-25T04:55:22.886000Z,926.275,37.0,900.0,16.008,0.0,0.0,0.0,5.714,42.533044,0.0,0.0,0.0
2020-08-25T04:55:24.847000Z,2020-08-25T04:55:24.889999Z,1163.158,43.0,914.0,19.747,0.0,0.0,0.0,5.714,48.070267,0.0,0.0,0.0
2020-08-25T04:55:26.847000Z,2020-08-25T04:55:26.909000Z,1206.864,62.0,742.0,22.513,0.0,0.0,0.0,5.714,37.042653,0.0,0.0,0.0
2020-08-25T04:55:28.848000Z,2020-08-25T04:55:28.899000Z,1424.215,51.0,766.0,16.119,0.0,0.0,0.0,5.714,4.553895,0.0,0.0,0.0
2020-08-25T04:55:30.847000Z,2020-08-25T04:55:30.897000Z,1468.498,50.0,904.0,18.841,0.0,0.0,0.0,5.714,42.007284,0.0,0.0,0.0
2020-08-25T04:55:32.849000Z,2020-08-25T04:55:32.889999Z,1056.591,41.0,746.0,17.195,0.0,0.0,0.0,5.714,1.062977,0.0,0.0,0.0
2020-08-25T04:55:34.860999Z,2020-08-25T04:55:34.900000Z,883.297,39.0,746.0,19.064,0.0,0.0,0.0,5.714,42.088178,0.0,0.0,0.0
2020-08-25T04:55:36.855000Z,2020-08-25T04:55:36.901000Z,1280.065,46.0,746.0,19.85,0.0,0.0,0.0,5.714,36.72256,0.0,0.0,0.0
2020-08-25T04:55:38.849000Z,2020-08-25T04:55:38.894000Z,1112.371,45.0,810.0,19.06,0.0,0.0,0.0,5.714,39.156821,0.0,0.0,0.0
2020-08-25T04:55:40.848000Z,2020-08-25T04:55:40.886000Z,936.04,38.0,782.0,20.94,0.0,0.0,0.0,5.714,41.63973,0.0,0.0,0.0
2020-08-25T04:55:42.848000Z,2020-08-25T04:55:42.881999Z,551.483,34.0,743.0,17.231,0.0,0.0,0.0,5.714,0.339271,0.0,0.0,0.0
2020-08-25T04:55:44.846000Z,2020-08-25T04:55:44.876000Z,542.529,30.0,770.0,18.804,0.0,0.0,0.0,5.714,35.690182,0.0,0.0,0.0
2020-08-25T04:55:46.846000Z,2020-08-25T04:55:46.883000Z,521.469,37.0,770.0,23.162,0.0,0.0,0.0,5.714,35.696579,0.0,0.0,0.0
2020-08-25T04:55:48.845000Z,2020-08-25T04:55:48.885000Z,560.398,40.0,770.0,16.565,0.0,0.0,0.0,5.714,35.696579,0.0,0.0,0.0
2020-08-25T04:55:50.846000Z,2020-08-25T04:55:50.881999Z,546.873,36.0,770.0,28.793,0.0,0.0,0.0,5.714,35.696579,0.0,0.0,0.0
2020-08-25T04:55:52.847000Z,2020-08-25T04:55:52.884000Z,563.637,37.0,558.0,25.298,0.0,0.0,0.0,5.714,28.376373,0.0,0.0,0.0
2020-08-25T04:55:54.854000Z,2020-08-25T04:55:54.887000Z,586.675,33.0,676.0,17.692,0.0,0.0,0.0,5.714,28.544313,0.0,0.0,0.0
2020-08-25T04:55:56.849000Z,2020-08-25T04:55:56.893000Z,892.093,44.0,598.0,18.114,0.0,0.0,0.0,5.714,2.54444,0.0,0.0,0.0
2020-08-25T04:55:58.854000Z,2020-08-25T04:55:58.895000Z,905.215,41.0,614.0,16.534,0.0,0.0,0.0,5.714,27.248226,0.0,0.0,0.0
2020-08-25T04:56:00.848000Z,2020-08-25T04:56:00.894000Z,980.783,46.0,577.0,15.205,0.0,0.0,0.0,5.714,35.70177,0.0,0.0,0.0
2020-08-25T04:56:02.847000Z,2020-08-25T04:56:02.897000Z,935.215,50.0,630.0,16.66,0.0,0.0,0.0,5.872,34.658501,0.0,0.0,0.0
2020-08-25T04:56:04.855000Z,2020-08-25T04:56:04.897999Z,960.834,43.0,632.0,15.748,0.0,0.0,0.0,5.872,9.074728,0.0,0.0,0.0
2020-08-25T04:56:06.847000Z,2020-08-25T04:56:06.887000Z,840.529,40.0,672.0,14.981,0.0,0.0,0.0,9.149,0.325167,0.0,0.0,0.0
2020-08-25T04:56:08.847000Z,2020-08-25T04:56:08.884000Z,818.29,37.0,692.0,20.362,0.0,0.0,0.0,9.149,41.362046,0.0,0.0,0.0
2020-08-25T04:56:10.846000Z,2020-08-25T04:56:10.885000Z,939.101,39.0,705.0,16.768,0.0,0.0,0.0,9.149,42.620974,0.0,0.0,0.0
2020-08-25T04:56:12.846000Z,2020-08-25T04:56:12.894000Z,1038.58,48.0,824.0,17.594,0.0,0.0,0.0,9.149,40.596522,0.0,0.0,0.0
2020-08-25T04:56:14.847000Z,2020-08-25T04:56:14.896000Z,1175.556,49.0,804.0,25.206,0.0,0.0,0.0,9.149,37.390375,0.0,0.0,0.0
2020-08-25T04:56:16.847000Z,2020-08-25T04:56:16.899000Z,1233.334,52.0,792.0,25.623,0.0,0.0,0.0,9.149,37.789083,0.0,0.0,0.0
2020-08-25T04:56:18.853000Z,2020-08-25T04:56:18.886000Z,753.498,33.0,800.0,16.242,0.0,0.0,0.0,9.149,37.162512,0.0,0.0,0.0
2020-08-25T04:56:20.847000Z,2020-08-25T04:56:20.881999Z,696.575,35.0,784.0,13.578,0.0,0.0,0.0,9.149,0.286893,0.0,0.0,0.0
2020-08-25T04:56:22.848000Z,2020-08-25T04:56:22.895000Z,1325.712,47.0,808.0,16.699,0.0,0.0,0.0,9.149,37.477587,0.0,0.0,0.0
2020-08-25T04:56:24.854000Z,2020-08-25T04:56:24.902000Z,1148.621,48.0,812.0,17.618,0.0,0.0,0.0,9.149,41.915323,0.0,0.0,0.0
2020-08-25T04:56:26.848000Z,2020-08-25T04:56:26.895000Z,1268.162,47.0,812.0,20.095,0.0,0.0,0.0,9.149,46.254406,0.0,0.0,0.0
2020-08-25T04:56:28.847000Z,2020-08-25T04:56:28.905999Z,1301.576,59.0,812.0,23.867,0.0,0.0,0.0,9.149,48.292826,0.0,0.0,0.0
2020-08-25T04:56:30.847000Z,2020-08-25T04:56:30.887000Z,974.763,40.0,824.0,22.751,0.0,0.0,0.0,9.149,2.65727,0.0,0.0,0.0
2020-08-25T04:56:32.846000Z,2020-08-25T04:56:32.881000Z,798.723,35.0,792.0,19.977,0.0,0.0,0.0,9.149,42.964937,0.0,0.0,0.0
2020-08-25T04:56:34.847000Z,2020-08-25T04:56:34.887000Z,1052.438,40.0,792.0,19.291,0.0,0.0,0.0,9.149,42.964937,0.0,0.0,0.0
2020-08-25T04:56:36.847000Z,2020-08-25T04:56:36.899000Z,1007.417,52.0,834.0,16.271,0.0,0.0,0.0,9.149,45.903411,0.0,0.0,0.0
2020-08-25T04:56:38.848000Z,2020-08-25T04:56:38.889999Z,943.383,42.0,809.0,17.873,0.0,0.0,0.0,9.149,5.239421,0.0,0.0,0.0
2020-08-25T04:56:40.855000Z,2020-08-25T04:56:40.894000Z,1022.75,39.0,862.0,23.768,0.0,0.0,0.0,9.149,38.485974,0.0,0.0,0.0
2020-08-25T04:56:42.846000Z,2020-08-25T04:56:42.903000Z,1055.375,57.0,944.0,21.288,0.0,0.0,0.0,9.149,37.313488,0.0,0.0,0.0
2020-08-25T04:56:44.847000Z,2020-08-25T04:56:44.897000Z,1329.45,50.0,734.0,18.16,0.0,0.0,0.0,9.149,0.283568,0.0,0.0,0.0
2020-08-25T04:56:46.857999Z,2020-08-25T04:56:46.902000Z,1160.756,44.0,746.0,17.827,0.0,0.0,0.0,9.149,41.579139,0.0,0.0,0.0
2020-08-25T04:56:48.848000Z,2020-08-25T04:56:48.904000Z,1069.893,56.0,764.0,18.709,0.0,0.0,0.0,9.149,37.81567,0.0,0.0,0.0
2020-08-25T04:56:50.848000Z,2020-08-25T04:56:50.887000Z,995.613,39.0,764.0,25.226,0.0,0.0,0.0,9.149,40.033303,0.0,0.0,0.0
2020-08-25T04:56:52.848000Z,2020-08-25T04:56:52.889999Z,967.491,42.0,772.0,17.371,0.0,0.0,0.0,9.149,39.181935,0.0,0.0,0.0
2020-08-25T04:56:54.846000Z,2020-08-25T04:56:54.881999Z,849.867,36.0,796.0,19.948,0.0,0.0,0.0,9.149,2.308874,0.0,0.0,0.0
2020-08-25T04:56:56.849000Z,2020-08-25T04:56:56.896000Z,895.794,47.0,888.0,18.375,0.0,0.0,0.0,9.149,45.865131,0.0,0.0,0.0
2020-08-25T04:56:58.853000Z,2020-08-25T04:56:58.895000Z,1027.38,42.0,864.0,18.141,0.0,0.0,0.0,9.149,0.633646,0.0,0.0,0.0
2020-08-25T04:57:00.848000Z,2020-08-25T04:57:00.892000Z,945.169,44.0,853.0,16.996,0.0,0.0,0.0,9.149,44.360468,0.0,0.0,0.0
2020-08-25T04:57:02.850000Z,2020-08-25T04:57:02.896000Z,1154.023,46.0,892.0,23.544,0.0,0.0,0.0,9.149,44.360468,0.0,0.0,0.0
2020-08-25T04:57:04.848000Z,2020-08-25T04:57:04.905000Z,1218.219,57.0,820.0,22.953,0.0,0.0,0.0,9.149,45.75298,0.0,0.0,0.0
2020-08-25T04:57:06.847000Z,2020-08-25T04:57:06.896000Z,1025.276,49.0,796.0,29.079,0.0,0.0,0.0,9.149,31.611447,0.0,0.0,0.0
2020-08-25T04:57:08.846000Z,2020-08-25T04:57:08.889999Z,933.166,44.0,598.0,22.758,0.0,0.0,0.0,9.149,3.89147,0.0,0.0,0.0
2020-08-25T04:57:10.850000Z,2020-08-25T04:57:10.897000Z,1095.399,47.0,650.0,14.212,0.0,0.0,0.0,9.149,32.842208,0.0,0.0,0.0
2020-08-25T04:57:12.849000Z,2020-08-25T04:57:12.891000Z,1067.16,42.0,650.0,17.983,0.0,0.0,0.0,9.149,38.434615,0.0,0.0,0.0
2020-08-25T04:57:14.848000Z,2020-08-25T04:57:14.889000Z,1095.18,41.0,724.0,14.83,0.0,0.0,0.0,9.149,42.746571,0.0,0.0,0.0
2020-08-25T04:57:16.850000Z,2020-08-25T04:57:16.926000Z,1517.295,76.0,866.0,14.888,0.0,0.0,0.0,9.149,45.74645,0.0,0.0,0.0
2020-08-25T04:57:18.848000Z,2020-08-25T04:57:18.896000Z,1368.331,48.0,868.0,18.994,0.0,0.0,0.0,9.149,4.12117,0.0,0.0,0.0
2020-08-25T04:57:20.855000Z,2020-08-25T04:57:20.915000Z,1296.419,60.0,842.0,17.332,0.0,0.0,0.0,9.149,41.605187,0.0,0.0,0.0
2020-08-25T04:57:22.848000Z,2020-08-25T04:57:22.889999Z,1126.943,42.0,868.0,23.112,0.0,0.0,0.0,9.149,40.686674,0.0,0.0,0.0
2020-08-25T04:57:24.847000Z,2020-08-25T04:57:24.889999Z,1022.495,43.0,758.0,20.097,0.0,0.0,0.0,9.149,41.625089,0.0,0.0,0.0
2020-08-25T04:57:26.848000Z,2020-08-25T04:57:26.888000Z,1071.645,40.0,758.0,17.459,0.0,0.0,0.0,9.149,39.512013,0.0,0.0,0.0
2020-08-25T04:57:28.848000Z,2020-08-25T04:57:28.887000Z,1056.29,39.0,786.0,29.018,0.0,0.0,0.0,9.149,2.454531,0.0,0.0,0.0
2020-08-25T04:57:30.854000Z,2020-08-25T04:57:30.908000Z,1629.337,54.0,1015.0,17.222,0.0,0.0,0.0,9.149,47.890736,0.0,0.0,0.0
2020-08-25T04:57:32.856999Z,2020-08-25T04:57:32.917000Z,1829.22,60.0,922.0,17.652,0.0,0.0,0.0,9.149,3.901068,0.0,0.0,0.0
2020-08-25T04:57:34.846000Z,2020-08-25T04:57:34.883000Z,427.408,37.0,946.0,24.214,0.0,0.0,0.0,9.149,35.735138,0.0,0.0,0.0
2020-08-25T04:57:36.850000Z,2020-08-25T04:57:36.899000Z,1310.548,49.0,946.0,18.621,0.0,0.0,0.0,9.149,35.735138,0.0,0.0,0.0
2020-08-25T04:57:38.851000Z,2020-08-25T04:57:38.905999Z,1559.724,55.0,922.0,20.373,0.0,0.0,0.0,9.149,36.829056,0.0,0.0,0.0
2020-08-25T04:57:40.848000Z,2020-08-25T04:57:40.908000Z,1675.216,60.0,928.0,22.146,0.0,0.0,0.0,9.149,41.729792,0.0,0.0,0.0
2020-08-25T04:57:42.848000Z,2020-08-25T04:57:42.905000Z,1519.16,57.0,868.0,24.403,0.0,0.0,0.0,9.149,2.595811,0.0,0.0,0.0
2020-08-25T04:57:44.846000Z,2020-08-25T04:57:44.876000Z,316.3,30.0,892.0,25.782,0.0,0.0,0.0,9.149,36.070588,0.0,0.0,0.0
2020-08-25T04:57:46.846000Z,2020-08-25T04:57:46.878000Z,261.198,32.0,892.0,16.238,0.0,0.0,0.0,9.149,36.070588,0.0,0.0,0.0
2020-08-25T04:57:48.846000Z,2020-08-25T04:57:48.875000Z,332.242,29.0,892.0,17.783,0.0,0.0,0.0,9.149,36.070588,0.0,0.0,0.0
2020-08-25T04:57:50.846000Z,2020-08-25T04:57:50.885000Z,346.589,39.0,892.0,18.577,0.0,0.0,0.0,9.149,36.070588,0.0,0.0,0.0
2020-08-25T04:57:52.849000Z,2020-08-25T04:57:53.022000Z,587.837,173.0,52.0,17.998,0.0,0.0,0.0,9.149,2.995738,0.0,0.0,0.0
2020-08-25T04:57:54.847000Z,2020-08-25T04:57:55.004000Z,755.596,157.0,76.0,14.318,0.0,0.0,0.0,9.149,4.38617,0.0,0.0,0.0
2020-08-25T04:57:56.846000Z,2020-08-25T04:57:56.966000Z,622.116,120.0,76.0,13.949,0.0,0.0,0.0,7.007,4.424625,0.0,0.0,0.0
2020-08-25T04:57:58.856000Z,2020-08-25T04:57:58.939000Z,397.651,83.0,76.0,16.146,0.0,0.0,0.0,7.007,4.74444,0.0,0.0,0.0
2020-08-25T04:58:00.847000Z,2020-08-25T04:58:00.937999Z,370.666,91.0,78.0,15.822,0.0,0.0,0.0,7.007,4.635465,0.0,0.0,0.0
2020-08-25T04:58:02.846000Z,2020-08-25T04:58:02.940000Z,484.151,94.0,78.0,14.376,0.0,0.0,0.0,7.007,5.830802,0.0,0.0,0.0
2020-08-25T04:58:04.846000Z,2020-08-25T04:58:04.952000Z,566.154,106.0,82.0,13.996,0.0,0.0,0.0,7.007,5.449794,0.0,0.0,0.0
2020-08-25T04:58:06.848000Z,2020-08-25T04:58:06.955000Z,599.289,107.0,82.0,15.516,0.0,0.0,0.0,6.98,5.143352,0.0,0.0,0.0
2020-08-25T04:58:08.848000Z,2020-08-25T04:58:08.939000Z,508.94,91.0,92.0,14.372,0.0,0.0,0.0,6.98,6.616813,0.0,0.0,0.0
2020-08-25T04:58:10.846000Z,2020-08-25T04:58:10.969000Z,721.114,123.0,92.0,13.629,0.0,0.0,0.0,6.98,5.544902,0.0,0.0,0.0
2020-08-25T04:58:12.847000Z,2020-08-25T04:58:12.905999Z,296.978,59.0,92.0,15.076,0.0,0.0,0.0,6.98,4.178857,0.0,0.0,0.0
2020-08-25T04:58:14.850000Z,2020-08-25T04:58:14.927000Z,447.991,77.0,94.0,15.697,0.0,0.0,0.0,6.98,5.768957,0.0,0.0,0.0
2020-08-25T04:58:16.849000Z,2020-08-25T04:58:16.982000Z,926.516,133.0,94.0,14.924,0.0,0.0,0.0,6.98,7.32672,0.0,0.0,0.0
2020-08-25T04:58:18.849000Z,2020-08-25T04:58:18.992000Z,1395.124,143.0,178.0,15.956,0.0,0.0,0.0,6.98,9.510645,0.0,0.0,0.0
2020-08-25T04:58:20.848000Z,2020-08-25T04:58:20.983000Z,1408.746,135.0,154.0,12.182,0.0,0.0,0.0,6.864,12.596355,0.0,0.0,0.0
2020-08-25T04:58:22.847000Z,2020-08-25T04:58:22.937000Z,901.99,90.0,158.0,15.963,0.0,0.0,0.0,6.864,10.39987,0.0,0.0,0.0
2020-08-25T04:58:24.847000Z,2020-08-25T04:58:24.923000Z,656.331,76.0,158.0,15.127,0.0,0.0,0.0,6.864,10.325581,0.0,0.0,0.0
2020-08-25T04:58:26.847000Z,2020-08-25T04:58:26.907000Z,519.583,60.0,158.0,14.545,0.0,0.0,0.0,6.864,11.696555,0.0,0.0,0.0
2020-08-25T04:58:28.849000Z,2020-08-25T04:58:28.932000Z,744.903,83.0,150.0,14.425,0.0,0.0,0.0,6.864,11.672325,0.0,0.0,0.0
2020-08-25T04:58:30.849000Z,2020-08-25T04:58:30.905000Z,503.223,56.0,150.0,16.713,0.0,0.0,0.0,6.864,7.619974,0.0,0.0,0.0
2020-08-25T04:58:32.847000Z,2020-08-25T04:58:32.936000Z,1174.124,89.0,256.0,14.619,0.0,0.0,0.0,6.864,10.414326,0.0,0.0,0.0
2020-08-25T04:58:34.848000Z,2020-08-25T04:58:34.929999Z,1317.879,82.0,328.0,13.453,0.0,0.0,0.0,6.864,17.590361,0.0,0.0,0.0
2020-08-25T04:58:36.854000Z,2020-08-25T04:58:36.901000Z,726.206,47.0,390.0,16.06,0.0,0.0,0.0,6.864,17.315618,0.0,0.0,0.0
2020-08-25T04:58:38.848000Z,2020-08-25T04:58:38.925000Z,1606.25,77.0,414.0,16.434,0.0,0.0,0.0,6.864,19.762024,0.0,0.0,0.0
2020-08-25T04:58:40.847000Z,2020-08-25T04:58:40.905000Z,1194.352,58.0,453.0,14.582,0.0,0.0,0.0,6.864,5.373619,0.0,0.0,0.0
2020-08-25T04:58:42.847000Z,2020-08-25T04:58:42.910000Z,1458.223,63.0,494.0,14.89,0.0,0.0,0.0,6.864,25.089226,0.0,0.0,0.0
2020-08-25T04:58:44.855000Z,2020-08-25T04:58:44.916000Z,1344.474,61.0,480.0,13.359,0.0,0.0,0.0,6.864,0.381499,0.0,0.0,0.0
2020-08-25T04:58:46.855000Z,2020-08-25T04:58:46.893000Z,743.387,38.0,462.0,15.143,0.0,0.0,0.0,6.864,28.843487,0.0,0.0,0.0
2020-08-25T04:58:48.847000Z,2020-08-25T04:58:48.897999Z,1064.762,51.0,462.0,15.151,0.0,0.0,0.0,6.864,29.422482,0.0,0.0,0.0
2020-08-25T04:58:50.848000Z,2020-08-25T04:58:50.905999Z,950.619,58.0,522.0,14.648,0.0,0.0,0.0,6.864,26.937636,0.0,0.0,0.0
2020-08-25T04:58:52.856000Z,2020-08-25T04:58:52.888000Z,590.663,32.0,522.0,15.813,0.0,0.0,0.0,6.864,6.608203,0.0,0.0,0.0
2020-08-25T04:58:54.847000Z,2020-08-25T04:58:54.887000Z,512.443,40.0,512.0,13.314,0.0,0.0,0.0,6.864,0.290008,0.0,0.0,0.0
2020-08-25T04:58:56.849000Z,2020-08-25T04:58:56.881999Z,564.028,33.0,512.0,17.796,0.0,0.0,0.0,6.864,22.801041,0.0,0.0,0.0
2020-08-25T04:58:58.848000Z,2020-08-25T04:58:58.886000Z,836.978,38.0,494.0,15.63,0.0,0.0,0.0,6.864,32.755296,0.0,0.0,0.0
2020-08-25T04:59:00.847000Z,2020-08-25T04:59:00.888000Z,974.671,41.0,532.0,15.851,0.0,0.0,0.0,6.864,34.712066,0.0,0.0,0.0
2020-08-25T04:59:02.848000Z,2020-08-25T04:59:02.887000Z,944.962,39.0,534.0,14.766,0.0,0.0,0.0,6.864,33.110663,0.0,0.0,0.0
2020-08-25T04:59:04.847000Z,2020-08-25T04:59:04.884000Z,684.698,37.0,589.0,16.171,0.0,0.0,0.0,6.864,38.817561,0.0,0.0,0.0
2020-08-25T04:59:06.847000Z,2020-08-25T04:59:06.881000Z,516.764,34.0,634.0,17.037,0.0,0.0,0.0,6.864,33.677979,0.0,0.0,0.0
2020-08-25T04:59:08.849000Z,2020-08-25T04:59:08.886000Z,307.205,37.0,642.0,15.706,0.0,0.0,0.0,6.864,4.107032,0.0,0.0,0.0
2020-08-25T04:59:10.845000Z,2020-08-25T04:59:10.884000Z,211.928,39.0,642.0,17.806,0.0,0.0,0.0,6.864,15.374085,0.0,0.0,0.0
2020-08-25T04:59:12.846000Z,2020-08-25T04:59:12.878000Z,99.104,32.0,642.0,17.838,0.0,0.0,0.0,6.864,15.374085,0.0,0.0,0.0
2020-08-25T04:59:14.847000Z,2020-08-25T04:59:14.880000Z,28.665,33.0,602.0,14.406,0.0,0.0,0.0,6.864,9.152829,0.0,0.0,0.0
2020-08-25T04:59:17.096000Z,2020-08-25T04:59:17.123000Z,132.909,27.0,602.0,19.349,0.0,0.0,0.0,6.864,0.649113,0.0,0.0,0.0
2020-08-25T04:59:19.102000Z,2020-08-25T04:59:19.269000Z,1473.921,167.0,152.0,19.055,0.0,0.0,0.0,6.864,8.487762,0.0,0.0,0.0
2020-08-25T04:59:21.104000Z,2020-08-25T04:59:21.247000Z,2176.717,143.0,186.0,13.954,0.0,0.0,0.0,6.613,10.912313,0.0,0.0,0.0
2020-08-25T04:59:23.099000Z,2020-08-25T04:59:23.197000Z,1574.257,98.0,206.0,14.309,0.0,0.0,0.0,5.972,0.151972,0.0,0.0,0.0
2020-08-25T04:59:25.102000Z,2020-08-25T04:59:25.216000Z,1926.637,114.0,228.0,14.859,0.0,0.0,0.0,5.972,16.675896,0.0,0.0,0.0
2020-08-25T04:59:27.097000Z,2020-08-25T04:59:27.166000Z,1033.828,69.0,234.0,14.788,0.0,0.0,0.0,5.972,14.426062,0.0,0.0,0.0
2020-08-25T04:59:29.100000Z,2020-08-25T04:59:29.131000Z,333.276,31.0,234.0,14.245,0.0,0.0,0.0,5.972,16.574578,0.0,0.0,0.0
2020-08-25T04:59:31.097999Z,2020-08-25T04:59:31.129999Z,99.529,32.0,246.0,12.853,0.0,0.0,0.0,5.972,21.287847,0.0,0.0,0.0
2020-08-25T04:59:33.099000Z,2020-08-25T04:59:33.133000Z,425.632,34.0,301.0,16.328,0.0,0.0,0.0,5.972,21.287847,0.0,0.0,0.0
2020-08-25T04:59:35.099000Z,2020-08-25T04:59:35.137999Z,547.593,39.0,420.0,14.166,0.0,0.0,0.0,5.972,19.028999,0.0,0.0,0.0
2020-08-25T04:59:36.888000Z,2020-08-25T04:59:36.923000Z,449.781,35.0,424.0,15.679,0.0,0.0,0.0,5.972,20.234019,0.0,0.0,0.0
2020-08-25T04:59:39.097999Z,2020-08-25T04:59:39.133000Z,476.848,35.0,410.0,16.148,0.0,0.0,0.0,5.972,20.087156,0.0,0.0,0.0
2020-08-25T04:59:41.097999Z,2020-08-25T04:59:41.132000Z,505.26,34.0,430.0,13.685,0.0,0.0,0.0,5.972,24.252491,0.0,0.0,0.0
2020-08-25T04:59:43.097999Z,2020-08-25T04:59:43.133000Z,324.808,35.0,362.0,13.493,0.0,0.0,0.0,5.972,0.338276,0.0,0.0,0.0
2020-08-25T04:59:45.100000Z,2020-08-25T04:59:45.132000Z,195.593,32.0,362.0,15.871,0.0,0.0,0.0,5.972,21.856901,0.0,0.0,0.0
2020-08-25T04:59:47.097000Z,2020-08-25T04:59:47.136000Z,93.059,39.0,374.0,16.677,0.0,0.0,0.0,5.972,3.746494,0.0,0.0,0.0
2020-08-25T04:59:49.107000Z,2020-08-25T04:59:49.137000Z,144.893,30.0,374.0,15.019,0.0,0.0,0.0,5.972,3.185454,0.0,0.0,0.0
2020-08-25T04:59:51.106000Z,2020-08-25T04:59:51.142000Z,146.827,36.0,112.0,14.688,0.0,0.0,0.0,5.972,7.311632,0.0,0.0,0.0
2020-08-25T04:59:53.097999Z,2020-08-25T04:59:53.197000Z,592.609,99.0,108.0,14.958,0.0,0.0,0.0,5.972,5.944253,0.0,0.0,0.0
2020-08-25T04:59:55.097000Z,2020-08-25T04:59:55.143000Z,226.869,46.0,142.0,14.994,0.0,0.0,0.0,5.972,5.919157,0.0,0.0,0.0
2020-08-25T04:59:57.100999Z,2020-08-25T04:59:57.238000Z,962.15,137.0,94.0,14.154,0.0,0.0,0.0,5.972,7.808791,0.0,0.0,0.0
2020-08-25T04:59:59.099000Z,2020-08-25T04:59:59.201999Z,1134.135,103.0,134.0,13.601,0.0,0.0,0.0,5.972,4.546197,0.0,0.0,0.0
2020-08-25T05:00:01.099000Z,2020-08-25T05:00:01.196000Z,1157.155,97.0,189.0,21.088,0.0,0.0,0.0,5.846,16.875903,0.0,0.0,0.0
2020-08-25T05:00:03.097999Z,2020-08-25T05:00:03.188000Z,1038.132,90.0,188.0,16.226,0.0,0.0,0.0,5.846,9.378873,0.0,0.0,0.0
2020-08-25T05:00:05.100000Z,2020-08-25T05:00:05.246000Z,1600.614,146.0,160.0,14.983,0.0,0.0,0.0,5.846,10.029719,0.0,0.0,0.0
2020-08-25T05:00:07.097999Z,2020-08-25T05:00:07.195000Z,1373.264,97.0,170.0,13.722,0.0,0.0,0.0,5.846,11.469362,0.0,0.0,0.0
2020-08-25T05:00:09.097999Z,2020-08-25T05:00:09.422000Z,1685.78,324.0,208.0,12.709,0.0,0.0,0.0,5.846,14.74397,0.0,0.0,0.0
2020-08-25T05:00:11.097999Z,2020-08-25T05:00:11.160000Z,874.403,62.0,218.0,12.259,0.0,0.0,0.0,5.846,0.374711,0.0,0.0,0.0
2020-08-25T05:00:13.100000Z,2020-08-25T05:00:13.152000Z,614.785,52.0,218.0,13.401,0.0,0.0,0.0,5.846,15.938864,0.0,0.0,0.0
2020-08-25T05:00:15.097000Z,2020-08-25T05:00:15.150000Z,685.447,53.0,222.0,17.668,0.0,0.0,0.0,5.846,14.862652,0.0,0.0,0.0
2020-08-25T05:00:17.099000Z,2020-08-25T05:00:17.185999Z,1257.93,87.0,210.0,15.77,0.0,0.0,0.0,5.846,15.875285,0.0,0.0,0.0
2020-08-25T05:00:19.097999Z,2020-08-25T05:00:19.193999Z,1319.913,96.0,222.0,15.492,0.0,0.0,0.0,5.846,14.353126,0.0,0.0,0.0
2020-08-25T05:00:21.100000Z,2020-08-25T05:00:21.180000Z,1396.494,80.0,269.0,15.006,0.0,0.0,0.0,5.846,0.359664,0.0,0.0,0.0
2020-08-25T05:00:23.102000Z,2020-08-25T05:00:23.166000Z,1285.258,64.0,367.0,13.621,0.0,0.0,0.0,5.846,25.022354,0.0,0.0,0.0
2020-08-25T05:00:25.100000Z,2020-08-25T05:00:25.135000Z,485.581,35.0,442.0,16.65,0.0,0.0,0.0,5.846,28.187441,0.0,0.0,0.0
2020-08-25T05:00:27.104000Z,2020-08-25T05:00:27.137000Z,311.88,33.0,426.0,15.59,0.0,0.0,0.0,5.846,25.701983,0.0,0.0,0.0
2020-08-25T05:00:29.099000Z,2020-08-25T05:00:29.150000Z,1020.227,51.0,426.0,13.813,0.0,0.0,0.0,5.846,17.136939,0.0,0.0,0.0
2020-08-25T05:00:31.100999Z,2020-08-25T05:00:31.188000Z,2255.769,87.0,450.0,15.177,0.0,0.0,0.0,5.846,0.345589,0.0,0.0,0.0
2020-08-25T05:00:33.100999Z,2020-08-25T05:00:33.176000Z,1891.884,75.0,588.0,14.091,0.0,0.0,0.0,5.846,29.142114,0.0,0.0,0.0
2020-08-25T05:00:35.109000Z,2020-08-25T05:00:35.184000Z,1890.243,75.0,702.0,16.346,0.0,0.0,0.0,5.846,21.132237,0.0,0.0,0.0
2020-08-25T05:00:37.102000Z,2020-08-25T05:00:37.169999Z,2066.552,68.0,788.0,29.963,0.0,0.0,0.0,5.846,21.509519,0.0,0.0,0.0
2020-08-25T05:00:39.100000Z,2020-08-25T05:00:39.181000Z,2365.348,81.0,848.0,19.83,0.0,0.0,0.0,5.846,43.646566,0.0,0.0,0.0
2020-08-25T05:00:41.102000Z,2020-08-25T05:00:41.353999Z,2068.056,252.0,882.0,29.456,0.0,0.0,0.0,5.846,30.359244,0.0,0.0,0.0
2020-08-25T05:00:43.100000Z,2020-08-25T05:00:43.173000Z,2088.173,73.0,4.0,16.445,0.0,0.0,0.0,5.846,26.114128,0.0,0.0,0.0
2020-08-25T05:00:45.103000Z,2020-08-25T05:00:45.176000Z,2196.374,73.0,896.0,26.457,0.0,0.0,0.0,5.846,3.983914,0.0,0.0,0.0
