start_time,end_time,size,trans_time,cwnd,rtt,rto,ssthresh,last_snd,min_rtt,delivery_rate,bytes_sent,bytes_retrans,client_trans_time
2020-08-24T20:09:05.258000Z,2020-08-24T20:09:05.403000Z,57.257,145.0,34.0,20.048,0.0,0.0,0.0,6.938,1.195191,0.0,0.0,0.0
2020-08-24T20:09:05.403000Z,2020-08-24T20:09:05.448000Z,58.333,45.0,30.0,21.288,0.0,0.0,0.0,6.938,0.998251,0.0,0.0,0.0
2020-08-24T20:09:05.449000Z,2020-08-24T20:09:05.503000Z,71.697,54.0,30.0,21.238,0.0,0.0,0.0,6.938,1.824596,0.0,0.0,0.0
2020-08-24T20:09:05.503000Z,2020-08-24T20:09:05.577999Z,69.075,75.0,30.0,17.855,0.0,0.0,0.0,6.938,1.106061,0.0,0.0,0.0
2020-08-24T20:09:05.579000Z,2020-08-24T20:09:05.739000Z,192.561,160.0,32.0,17.155,0.0,0.0,0.0,6.938,2.039551,0.0,0.0,0.0
2020-08-24T20:09:05.740000Z,2020-08-24T20:09:05.974000Z,410.984,234.0,32.0,19.558,0.0,0.0,0.0,6.938,1.555539,0.0,0.0,0.0
2020-08-24T20:09:05.976000Z,2020-08-24T20:09:06.777000Z,671.557,801.0,42.0,21.846,0.0,0.0,0.0,6.938,1.009,0.0,0.0,0.0
2020-08-24T20:09:06.778000Z,2020-08-24T20:09:07.363000Z,1016.791,585.0,34.0,41.554,0.0,0.0,0.0,6.938,1.861512,0.0,0.0,0.0
2020-08-24T20:09:07.366000Z,2020-08-24T20:09:08.377999Z,1235.45,1012.0,34.0,26.444,0.0,0.0,0.0,6.938,1.787135,0.0,0.0,0.0
