start_time,end_time,size,trans_time,cwnd,rtt,rto,ssthresh,last_snd,min_rtt,delivery_rate,bytes_sent,bytes_retrans,client_trans_time
2020-08-25T00:53:11.376999Z,2020-08-25T00:53:11.534000Z,64.63,157.0,2006.0,101.04,0.0,0.0,0.0,89.968,0.869184,0.0,0.0,0.0
2020-08-25T00:53:11.534000Z,2020-08-25T00:53:11.744000Z,208.258,210.0,2006.0,103.641,0.0,0.0,0.0,89.968,1.691721,0.0,0.0,0.0
2020-08-25T00:53:11.744000Z,2020-08-25T00:53:11.928000Z,154.705,184.0,230.0,105.976,0.0,0.0,0.0,89.968,0.957603,0.0,0.0,0.0
2020-08-25T00:53:11.929000Z,2020-08-25T00:53:12.176000Z,286.332,247.0,230.0,98.421,0.0,0.0,0.0,89.968,0.957603,0.0,0.0,0.0
2020-08-25T00:53:12.177000Z,2020-08-25T00:53:12.311000Z,31.387,134.0,284.0,97.819,0.0,0.0,0.0,89.968,1.72794,0.0,0.0,0.0
2020-08-25T00:53:12.311000Z,2020-08-25T00:53:12.529999Z,104.273,219.0,284.0,102.154,0.0,0.0,0.0,89.968,1.72794,0.0,0.0,0.0
2020-08-25T00:53:12.530000Z,2020-08-25T00:53:12.731000Z,140.462,201.0,284.0,107.325,0.0,0.0,0.0,89.968,0.898307,0.0,0.0,0.0
2020-08-25T00:53:12.732000Z,2020-08-25T00:53:13.228000Z,946.151,496.0,284.0,122.681,0.0,0.0,0.0,89.968,0.898307,0.0,0.0,0.0
2020-08-25T00:53:13.230000Z,2020-08-25T00:53:13.704000Z,1041.383,474.0,328.0,97.623,0.0,0.0,0.0,89.862,2.090723,0.0,0.0,0.0
2020-08-25T00:53:14.828000Z,2020-08-25T00:53:15.209000Z,955.608,381.0,414.0,96.811,0.0,0.0,0.0,89.862,3.126218,0.0,0.0,0.0
2020-08-25T00:53:16.820000Z,2020-08-25T00:53:17.144000Z,852.068,324.0,478.0,99.189,0.0,0.0,0.0,89.862,3.093855,0.0,0.0,0.0
2020-08-25T00:53:18.824000Z,2020-08-25T00:53:19.267000Z,1478.102,443.0,488.0,99.376,0.0,0.0,0.0,89.862,3.881323,0.0,0.0,0.0
2020-08-25T00:53:20.832000Z,2020-08-25T00:53:21.358000Z,2055.843,526.0,608.0,101.583,0.0,0.0,0.0,89.862,4.550825,0.0,0.0,0.0
2020-08-25T00:53:22.831000Z,2020-08-25T00:53:23.631000Z,1765.994,800.0,687.0,101.336,0.0,0.0,0.0,89.862,5.29069,0.0,0.0,0.0
2020-08-25T00:53:24.819000Z,2020-08-25T00:53:25.156000Z,1466.595,337.0,820.0,100.299,0.0,0.0,0.0,89.862,5.814706,0.0,0.0,0.0
2020-08-25T00:53:26.826000Z,2020-08-25T00:53:27.217000Z,2028.722,391.0,844.0,99.032,0.0,0.0,0.0,89.862,6.335657,0.0,0.0,0.0
2020-08-25T00:53:28.827000Z,2020-08-25T00:53:29.198000Z,2164.453,371.0,1064.0,101.748,0.0,0.0,0.0,89.862,7.674731,0.0,0.0,0.0
2020-08-25T00:53:30.820000Z,2020-08-25T00:53:31.041999Z,983.879,222.0,1048.0,99.578,0.0,0.0,0.0,89.862,8.130307,0.0,0.0,0.0
2020-08-25T00:53:32.830000Z,2020-08-25T00:53:33.067000Z,1239.727,237.0,1074.0,104.961,0.0,0.0,0.0,89.862,8.376458,0.0,0.0,0.0
2020-08-25T00:53:34.824000Z,2020-08-25T00:53:35.198000Z,2550.735,374.0,1196.0,102.151,0.0,0.0,0.0,89.862,8.979595,0.0,0.0,0.0
2020-08-25T00:53:36.822000Z,2020-08-25T00:53:37.124000Z,2175.542,302.0,1374.0,99.822,0.0,0.0,0.0,89.862,8.674985,0.0,0.0,0.0
2020-08-25T00:53:38.824000Z,2020-08-25T00:53:39.097999Z,1951.757,274.0,1412.0,99.835,0.0,0.0,0.0,89.862,11.063979,0.0,0.0,0.0
2020-08-25T00:53:40.829000Z,2020-08-25T00:53:41.015000Z,976.868,186.0,4.0,100.231,0.0,0.0,0.0,89.862,11.393224,0.0,0.0,0.0
2020-08-25T00:53:42.827000Z,2020-08-25T00:53:42.984000Z,673.189,157.0,1534.0,99.147,0.0,0.0,0.0,89.862,11.393224,0.0,0.0,0.0
2020-08-25T00:53:44.820999Z,2020-08-25T00:53:44.985000Z,606.72,164.0,1528.0,99.467,0.0,0.0,0.0,89.862,11.393224,0.0,0.0,0.0
2020-08-25T00:53:46.829000Z,2020-08-25T00:53:47.054000Z,1461.114,225.0,1534.0,101.66,0.0,0.0,0.0,89.862,11.393224,0.0,0.0,0.0
2020-08-25T00:53:48.827000Z,2020-08-25T00:53:49.000000Z,842.21,173.0,1626.0,100.319,0.0,0.0,0.0,89.862,12.021454,0.0,0.0,0.0
2020-08-25T00:53:50.820999Z,2020-08-25T00:53:50.988000Z,806.386,167.0,1626.0,111.155,0.0,0.0,0.0,89.862,12.021454,0.0,0.0,0.0
2020-08-25T00:53:52.828000Z,2020-08-25T00:53:53.007000Z,953.699,179.0,1620.0,103.797,0.0,0.0,0.0,89.862,12.021454,0.0,0.0,0.0
2020-08-25T00:53:54.817000Z,2020-08-25T00:53:54.992000Z,847.506,175.0,1582.0,98.994,0.0,0.0,0.0,89.862,12.021454,0.0,0.0,0.0
2020-08-25T00:53:56.820999Z,2020-08-25T00:53:57.001000Z,804.616,180.0,1582.0,106.551,0.0,0.0,0.0,89.862,12.021454,0.0,0.0,0.0
2020-08-25T00:53:58.845000Z,2020-08-25T00:53:59.020000Z,817.734,175.0,1582.0,115.945,0.0,0.0,0.0,89.862,12.021454,0.0,0.0,0.0
2020-08-25T00:54:00.823000Z,2020-08-25T00:54:00.991000Z,796.954,168.0,1582.0,102.943,0.0,0.0,0.0,89.862,12.021454,0.0,0.0,0.0
2020-08-25T00:54:02.819000Z,2020-08-25T00:54:02.983000Z,729.21,164.0,1582.0,100.035,0.0,0.0,0.0,89.862,12.021454,0.0,0.0,0.0
2020-08-25T00:54:04.823000Z,2020-08-25T00:54:04.992000Z,814.208,169.0,1544.0,99.708,0.0,0.0,0.0,89.862,12.021454,0.0,0.0,0.0
2020-08-25T00:54:06.827000Z,2020-08-25T00:54:06.989000Z,663.75,162.0,1544.0,103.401,0.0,0.0,0.0,89.862,12.021454,0.0,0.0,0.0
2020-08-25T00:54:08.829000Z,2020-08-25T00:54:09.008000Z,824.614,179.0,1544.0,105.507,0.0,0.0,0.0,89.862,12.021454,0.0,0.0,0.0
2020-08-25T00:54:10.830000Z,2020-08-25T00:54:11.032000Z,1284.924,202.0,1544.0,107.618,0.0,0.0,0.0,89.862,12.021454,0.0,0.0,0.0
2020-08-25T00:54:12.827000Z,2020-08-25T00:54:13.025999Z,1234.573,199.0,1586.0,100.513,0.0,0.0,0.0,89.862,12.154824,0.0,0.0,0.0
2020-08-25T00:54:14.828000Z,2020-08-25T00:54:14.977000Z,607.755,149.0,1586.0,107.691,0.0,0.0,0.0,89.862,12.043382,0.0,0.0,0.0
2020-08-25T00:54:16.825000Z,2020-08-25T00:54:16.981000Z,600.015,156.0,1666.0,99.273,0.0,0.0,0.0,89.862,12.043382,0.0,0.0,0.0
2020-08-25T00:54:18.830000Z,2020-08-25T00:54:18.981000Z,639.392,151.0,1666.0,100.641,0.0,0.0,0.0,89.862,12.043382,0.0,0.0,0.0
2020-08-25T00:54:20.817000Z,2020-08-25T00:54:20.977999Z,717.036,161.0,1666.0,100.136,0.0,0.0,0.0,89.862,12.043382,0.0,0.0,0.0
2020-08-25T00:54:22.829000Z,2020-08-25T00:54:22.984000Z,638.887,155.0,1666.0,98.875,0.0,0.0,0.0,89.862,12.043382,0.0,0.0,0.0
2020-08-25T00:54:24.817999Z,2020-08-25T00:54:24.981000Z,698.469,163.0,1666.0,99.609,0.0,0.0,0.0,89.862,12.043382,0.0,0.0,0.0
2020-08-25T00:54:26.822000Z,2020-08-25T00:54:27.006000Z,1019.705,184.0,4.0,104.957,0.0,0.0,0.0,89.862,12.043382,0.0,0.0,0.0
2020-08-25T00:54:28.824000Z,2020-08-25T00:54:29.022000Z,1183.092,198.0,1578.0,98.258,0.0,0.0,0.0,89.862,12.043382,0.0,0.0,0.0
2020-08-25T00:54:30.831000Z,2020-08-25T00:54:31.007000Z,906.624,176.0,1578.0,99.906,0.0,0.0,0.0,89.862,12.043382,0.0,0.0,0.0
2020-08-25T00:54:32.844000Z,2020-08-25T00:54:33.030000Z,878.867,186.0,1578.0,104.908,0.0,0.0,0.0,89.862,12.043382,0.0,0.0,0.0
2020-08-25T00:54:34.825000Z,2020-08-25T00:54:35.043000Z,1518.772,218.0,1584.0,108.594,0.0,0.0,0.0,89.862,12.043382,0.0,0.0,0.0
2020-08-25T00:54:36.836000Z,2020-08-25T00:54:37.075000Z,1795.012,239.0,1683.0,102.348,0.0,0.0,0.0,89.862,13.16761,0.0,0.0,0.0
2020-08-25T00:54:38.830000Z,2020-08-25T00:54:39.076000Z,1760.053,246.0,1734.0,100.998,0.0,0.0,0.0,89.862,13.489953,0.0,0.0,0.0
2020-08-25T00:54:40.820000Z,2020-08-25T00:54:41.025999Z,1429.465,206.0,1780.0,115.883,0.0,0.0,0.0,89.862,12.400708,0.0,0.0,0.0
2020-08-25T00:54:42.815000Z,2020-08-25T00:54:43.001000Z,1124.383,186.0,1802.0,101.482,0.0,0.0,0.0,89.862,13.791888,0.0,0.0,0.0
2020-08-25T00:54:44.835000Z,2020-08-25T00:54:45.097999Z,1908.135,263.0,1802.0,102.233,0.0,0.0,0.0,89.862,13.791888,0.0,0.0,0.0
2020-08-25T00:54:46.822000Z,2020-08-25T00:54:47.055000Z,1683.937,233.0,1795.0,115.022,0.0,0.0,0.0,89.862,13.960118,0.0,0.0,0.0
2020-08-25T00:54:48.828000Z,2020-08-25T00:54:49.000000Z,955.532,172.0,1880.0,113.685,0.0,0.0,0.0,89.862,13.903691,0.0,0.0,0.0
2020-08-25T00:54:50.825000Z,2020-08-25T00:54:51.009999Z,1022.779,185.0,1980.0,103.316,0.0,0.0,0.0,89.862,13.903691,0.0,0.0,0.0
2020-08-25T00:54:52.836000Z,2020-08-25T00:54:53.040000Z,1017.421,204.0,1914.0,109.461,0.0,0.0,0.0,89.862,13.903691,0.0,0.0,0.0
2020-08-25T00:54:54.825000Z,2020-08-25T00:54:55.054000Z,1675.294,229.0,1914.0,99.005,0.0,0.0,0.0,89.862,9.616498,0.0,0.0,0.0
2020-08-25T00:54:56.820999Z,2020-08-25T00:54:57.094000Z,2303.436,273.0,1914.0,114.56,0.0,0.0,0.0,89.862,14.292062,0.0,0.0,0.0
2020-08-25T00:54:58.817000Z,2020-08-25T00:54:58.971000Z,684.192,154.0,1954.0,116.675,0.0,0.0,0.0,89.862,13.718706,0.0,0.0,0.0
2020-08-25T00:55:00.826000Z,2020-08-25T00:55:01.051000Z,1575.892,225.0,1954.0,109.246,0.0,0.0,0.0,89.862,13.718706,0.0,0.0,0.0
2020-08-25T00:55:02.827000Z,2020-08-25T00:55:03.021000Z,1160.317,194.0,1954.0,101.372,0.0,0.0,0.0,89.862,13.718706,0.0,0.0,0.0
2020-08-25T00:55:04.815000Z,2020-08-25T00:55:05.027000Z,845.044,212.0,2114.0,114.397,0.0,0.0,0.0,89.862,13.718706,0.0,0.0,0.0
2020-08-25T00:55:06.819000Z,2020-08-25T00:55:07.038000Z,1154.521,219.0,1966.0,116.722,0.0,0.0,0.0,89.862,0.051445,0.0,0.0,0.0
2020-08-25T00:55:08.825000Z,2020-08-25T00:55:09.083000Z,1935.755,258.0,1960.0,106.285,0.0,0.0,0.0,89.862,9.728904,0.0,0.0,0.0
2020-08-25T00:55:10.829000Z,2020-08-25T00:55:11.076000Z,1755.57,247.0,1852.0,129.78,0.0,0.0,0.0,89.862,13.803636,0.0,0.0,0.0
2020-08-25T00:55:12.817000Z,2020-08-25T00:55:13.041000Z,1702.119,224.0,1890.0,115.89,0.0,0.0,0.0,89.862,14.358099,0.0,0.0,0.0
2020-08-25T00:55:14.825000Z,2020-08-25T00:55:15.029000Z,1143.398,204.0,1906.0,102.416,0.0,0.0,0.0,89.862,14.178945,0.0,0.0,0.0
2020-08-25T00:55:16.824000Z,2020-08-25T00:55:16.993000Z,971.479,169.0,1886.0,107.878,0.0,0.0,0.0,89.862,10.740389,0.0,0.0,0.0
2020-08-25T00:55:18.833999Z,2020-08-25T00:55:19.012000Z,874.592,178.0,1886.0,100.882,0.0,0.0,0.0,89.862,10.740389,0.0,0.0,0.0
2020-08-25T00:55:20.830000Z,2020-08-25T00:55:21.005000Z,922.878,175.0,1886.0,115.219,0.0,0.0,0.0,89.862,10.740389,0.0,0.0,0.0
2020-08-25T00:55:22.823000Z,2020-08-25T00:55:23.028000Z,1172.657,205.0,1896.0,105.246,0.0,0.0,0.0,89.862,10.740389,0.0,0.0,0.0
2020-08-25T00:55:24.820999Z,2020-08-25T00:55:25.065000Z,1818.38,244.0,1896.0,111.291,0.0,0.0,0.0,89.862,10.862383,0.0,0.0,0.0
2020-08-25T00:55:26.825000Z,2020-08-25T00:55:27.069000Z,1786.076,244.0,1850.0,117.446,0.0,0.0,0.0,89.862,14.080813,0.0,0.0,0.0
2020-08-25T00:55:28.836000Z,2020-08-25T00:55:28.997000Z,839.339,161.0,1872.0,116.62,0.0,0.0,0.0,89.862,13.545534,0.0,0.0,0.0
2020-08-25T00:55:30.828000Z,2020-08-25T00:55:31.040000Z,1241.514,212.0,1844.0,109.847,0.0,0.0,0.0,89.862,13.545534,0.0,0.0,0.0
2020-08-25T00:55:32.826000Z,2020-08-25T00:55:33.080000Z,1940.505,254.0,1810.0,100.439,0.0,0.0,0.0,89.862,10.018163,0.0,0.0,0.0
2020-08-25T00:55:34.815000Z,2020-08-25T00:55:34.985999Z,729.642,171.0,1845.0,121.799,0.0,0.0,0.0,89.862,14.461593,0.0,0.0,0.0
2020-08-25T00:55:36.820999Z,2020-08-25T00:55:36.982000Z,616.822,161.0,1848.0,111.043,0.0,0.0,0.0,89.862,14.461593,0.0,0.0,0.0
2020-08-25T00:55:38.824000Z,2020-08-25T00:55:38.993000Z,635.032,169.0,1848.0,112.285,0.0,0.0,0.0,89.862,14.461593,0.0,0.0,0.0
2020-08-25T00:55:40.827000Z,2020-08-25T00:55:40.998000Z,690.574,171.0,1848.0,114.822,0.0,0.0,0.0,89.862,14.461593,0.0,0.0,0.0
2020-08-25T00:55:42.820000Z,2020-08-25T00:55:42.989000Z,810.239,169.0,1848.0,123.992,0.0,0.0,0.0,89.862,14.461593,0.0,0.0,0.0
2020-08-25T00:55:44.823000Z,2020-08-25T00:55:45.030000Z,681.101,207.0,1944.0,111.906,0.0,0.0,0.0,89.862,14.461593,0.0,0.0,0.0
2020-08-25T00:55:46.830000Z,2020-08-25T00:55:47.025000Z,851.377,195.0,1914.0,107.394,0.0,0.0,0.0,89.862,7.095786,0.0,0.0,0.0
2020-08-25T00:55:48.820999Z,2020-08-25T00:55:49.028000Z,610.443,207.0,1914.0,120.643,0.0,0.0,0.0,89.862,8.579676,0.0,0.0,0.0
2020-08-25T00:55:50.827000Z,2020-08-25T00:55:51.017999Z,790.371,191.0,1136.0,107.153,0.0,0.0,0.0,89.862,5.730348,0.0,0.0,0.0
2020-08-25T00:55:52.841999Z,2020-08-25T00:55:53.045000Z,853.097,203.0,1086.0,97.265,0.0,0.0,0.0,89.862,5.730348,0.0,0.0,0.0
2020-08-25T00:55:54.822000Z,2020-08-25T00:55:55.119000Z,1779.971,297.0,1086.0,101.473,0.0,0.0,0.0,89.862,5.730348,0.0,0.0,0.0
2020-08-25T00:55:56.828000Z,2020-08-25T00:55:57.142000Z,2210.114,314.0,1296.0,97.62,0.0,0.0,0.0,89.862,8.887464,0.0,0.0,0.0
2020-08-25T00:55:58.826000Z,2020-08-25T00:55:59.048000Z,1187.669,222.0,1352.0,98.056,0.0,0.0,0.0,89.862,10.031806,0.0,0.0,0.0
2020-08-25T00:56:00.815000Z,2020-08-25T00:56:00.987000Z,787.944,172.0,1373.0,101.481,0.0,0.0,0.0,89.862,11.001701,0.0,0.0,0.0
2020-08-25T00:56:02.838000Z,2020-08-25T00:56:03.000000Z,698.468,162.0,1386.0,97.401,0.0,0.0,0.0,89.862,11.001701,0.0,0.0,0.0
2020-08-25T00:56:04.815000Z,2020-08-25T00:56:05.017000Z,781.769,202.0,1386.0,101.027,0.0,0.0,0.0,89.862,11.001701,0.0,0.0,0.0
2020-08-25T00:56:06.822000Z,2020-08-25T00:56:07.000000Z,852.734,178.0,4.0,130.427,0.0,0.0,0.0,89.862,11.001701,0.0,0.0,0.0
2020-08-25T00:56:08.835000Z,2020-08-25T00:56:09.060000Z,1405.414,225.0,1394.0,100.204,0.0,0.0,0.0,89.862,11.001701,0.0,0.0,0.0
2020-08-25T00:56:10.816000Z,2020-08-25T00:56:11.123000Z,2192.717,307.0,1500.0,100.349,0.0,0.0,0.0,89.862,11.982994,0.0,0.0,0.0
2020-08-25T00:56:12.815000Z,2020-08-25T00:56:13.044000Z,1662.471,229.0,1648.0,121.327,0.0,0.0,0.0,89.862,10.446027,0.0,0.0,0.0
2020-08-25T00:56:14.824000Z,2020-08-25T00:56:15.092000Z,1739.063,268.0,1692.0,101.467,0.0,0.0,0.0,89.862,13.346388,0.0,0.0,0.0
2020-08-25T00:56:16.820999Z,2020-08-25T00:56:17.004000Z,730.975,183.0,1693.0,100.428,0.0,0.0,0.0,89.862,9.430028,0.0,0.0,0.0
2020-08-25T00:56:18.820000Z,2020-08-25T00:56:18.967000Z,610.657,147.0,1710.0,109.022,0.0,0.0,0.0,89.862,9.430028,0.0,0.0,0.0
2020-08-25T00:56:20.827000Z,2020-08-25T00:56:20.968000Z,537.855,141.0,4.0,100.742,0.0,0.0,0.0,89.862,9.430028,0.0,0.0,0.0
2020-08-25T00:56:22.829000Z,2020-08-25T00:56:23.075000Z,1879.319,246.0,1700.0,97.943,0.0,0.0,0.0,89.862,9.430028,0.0,0.0,0.0
2020-08-25T00:56:24.820999Z,2020-08-25T00:56:25.071000Z,1808.003,250.0,1702.0,99.115,0.0,0.0,0.0,89.862,12.870417,0.0,0.0,0.0
2020-08-25T00:56:26.831000Z,2020-08-25T00:56:27.025999Z,563.565,195.0,1768.0,118.0,0.0,0.0,0.0,89.862,14.109592,0.0,0.0,0.0
2020-08-25T00:56:28.828000Z,2020-08-25T00:56:29.025999Z,1144.356,198.0,1784.0,106.018,0.0,0.0,0.0,89.862,0.510698,0.0,0.0,0.0
2020-08-25T00:56:30.825000Z,2020-08-25T00:56:31.041999Z,1664.125,217.0,1784.0,99.89,0.0,0.0,0.0,89.862,11.357881,0.0,0.0,0.0
2020-08-25T00:56:32.823000Z,2020-08-25T00:56:33.060000Z,1666.325,237.0,1924.0,99.751,0.0,0.0,0.0,89.862,14.566573,0.0,0.0,0.0
2020-08-25T00:56:34.820000Z,2020-08-25T00:56:34.960000Z,503.825,140.0,4.0,119.737,0.0,0.0,0.0,89.862,13.580465,0.0,0.0,0.0
2020-08-25T00:56:36.835000Z,2020-08-25T00:56:37.004000Z,616.992,169.0,1982.0,105.317,0.0,0.0,0.0,89.862,13.580465,0.0,0.0,0.0
2020-08-25T00:56:38.824000Z,2020-08-25T00:56:38.971000Z,650.617,147.0,1982.0,124.728,0.0,0.0,0.0,89.862,13.580465,0.0,0.0,0.0
2020-08-25T00:56:41.824000Z,2020-08-25T00:56:42.065999Z,605.791,242.0,1992.0,106.036,0.0,0.0,0.0,89.862,13.580465,0.0,0.0,0.0
2020-08-25T00:56:43.828000Z,2020-08-25T00:56:44.036000Z,576.573,208.0,1992.0,129.564,0.0,0.0,0.0,89.862,13.580465,0.0,0.0,0.0
2020-08-25T00:56:45.816000Z,2020-08-25T00:56:45.969999Z,637.326,154.0,1982.0,104.366,0.0,0.0,0.0,89.862,5.160799,0.0,0.0,0.0
2020-08-25T00:56:46.942000Z,2020-08-25T00:56:47.104000Z,835.425,162.0,1992.0,108.676,0.0,0.0,0.0,89.862,5.160799,0.0,0.0,0.0
2020-08-25T00:56:49.835000Z,2020-08-25T00:56:49.984000Z,689.737,149.0,1992.0,106.33,0.0,0.0,0.0,89.862,5.272558,0.0,0.0,0.0
2020-08-25T00:56:51.840000Z,2020-08-25T00:56:52.025000Z,833.524,185.0,1992.0,101.834,0.0,0.0,0.0,89.862,5.272558,0.0,0.0,0.0
2020-08-25T00:56:53.824000Z,2020-08-25T00:56:54.039000Z,1062.727,215.0,2000.0,112.625,0.0,0.0,0.0,89.862,5.591001,0.0,0.0,0.0
2020-08-25T00:56:55.828000Z,2020-08-25T00:56:56.030000Z,579.363,202.0,2000.0,118.185,0.0,0.0,0.0,89.862,9.248961,0.0,0.0,0.0
2020-08-25T00:56:57.829000Z,2020-08-25T00:56:58.831000Z,938.396,1002.0,74.0,115.16,0.0,0.0,0.0,89.862,0.50379,0.0,0.0,0.0
2020-08-25T00:56:59.830000Z,2020-08-25T00:57:00.359000Z,769.207,529.0,236.0,99.155,0.0,0.0,0.0,89.862,1.676431,0.0,0.0,0.0
2020-08-25T00:57:00.967000Z,2020-08-25T00:57:01.351000Z,603.561,384.0,248.0,99.325,0.0,0.0,0.0,89.862,1.822315,0.0,0.0,0.0
2020-08-25T00:57:03.825000Z,2020-08-25T00:57:04.157000Z,567.888,332.0,310.0,96.431,0.0,0.0,0.0,89.813,2.33767,0.0,0.0,0.0
2020-08-25T00:57:05.820999Z,2020-08-25T00:57:06.285000Z,751.94,464.0,318.0,97.331,0.0,0.0,0.0,89.813,2.381315,0.0,0.0,0.0
2020-08-25T00:57:07.817000Z,2020-08-25T00:57:08.161000Z,678.498,344.0,338.0,145.489,0.0,0.0,0.0,89.813,1.317051,0.0,0.0,0.0
2020-08-25T00:57:09.817000Z,2020-08-25T00:57:10.165000Z,809.346,348.0,404.0,97.694,0.0,0.0,0.0,89.813,2.366468,0.0,0.0,0.0
2020-08-25T00:57:10.949000Z,2020-08-25T00:57:11.239000Z,701.557,290.0,416.0,97.296,0.0,0.0,0.0,89.813,2.980359,0.0,0.0,0.0
2020-08-25T00:57:13.832000Z,2020-08-25T00:57:14.086000Z,687.405,254.0,514.0,96.926,0.0,0.0,0.0,89.813,3.714419,0.0,0.0,0.0
2020-08-25T00:57:15.820999Z,2020-08-25T00:57:16.052000Z,647.051,231.0,632.0,98.959,0.0,0.0,0.0,89.813,4.517757,0.0,0.0,0.0
2020-08-25T00:57:17.824000Z,2020-08-25T00:57:18.045000Z,682.374,221.0,702.0,100.931,0.0,0.0,0.0,89.813,5.058055,0.0,0.0,0.0
2020-08-25T00:57:19.828000Z,2020-08-25T00:57:20.073000Z,863.131,245.0,738.0,100.799,0.0,0.0,0.0,89.813,5.541929,0.0,0.0,0.0
2020-08-25T00:57:21.836000Z,2020-08-25T00:57:22.053000Z,736.522,217.0,774.0,99.11,0.0,0.0,0.0,89.813,5.976101,0.0,0.0,0.0
2020-08-25T00:57:23.823000Z,2020-08-25T00:57:24.017999Z,607.834,195.0,808.0,102.699,0.0,0.0,0.0,89.813,6.263075,0.0,0.0,0.0
2020-08-25T00:57:24.934000Z,2020-08-25T00:57:25.199000Z,1154.496,265.0,804.0,98.366,0.0,0.0,0.0,89.813,6.263075,0.0,0.0,0.0
2020-08-25T00:57:27.825000Z,2020-08-25T00:57:28.048000Z,929.768,223.0,949.0,97.994,0.0,0.0,0.0,89.813,7.442156,0.0,0.0,0.0
2020-08-25T00:57:29.822000Z,2020-08-25T00:57:30.033999Z,870.444,212.0,972.0,100.565,0.0,0.0,0.0,89.813,7.438681,0.0,0.0,0.0
2020-08-25T00:57:31.825000Z,2020-08-25T00:57:32.081000Z,1342.885,256.0,974.0,99.625,0.0,0.0,0.0,89.813,7.635618,0.0,0.0,0.0
2020-08-25T00:57:33.827000Z,2020-08-25T00:57:34.062000Z,1288.097,235.0,1130.0,100.845,0.0,0.0,0.0,89.813,8.82566,0.0,0.0,0.0
2020-08-25T00:57:34.948000Z,2020-08-25T00:57:35.110000Z,643.988,162.0,1242.0,99.969,0.0,0.0,0.0,89.813,9.472273,0.0,0.0,0.0
2020-08-25T00:57:37.817999Z,2020-08-25T00:57:38.005000Z,875.725,187.0,1242.0,98.01,0.0,0.0,0.0,89.813,9.472273,0.0,0.0,0.0
2020-08-25T00:57:39.820000Z,2020-08-25T00:57:39.998000Z,761.854,178.0,1242.0,100.956,0.0,0.0,0.0,89.813,9.472273,0.0,0.0,0.0
2020-08-25T00:57:41.820000Z,2020-08-25T00:57:42.008000Z,847.853,188.0,1242.0,101.773,0.0,0.0,0.0,89.813,9.472273,0.0,0.0,0.0
2020-08-25T00:57:43.843000Z,2020-08-25T00:57:44.021000Z,744.854,178.0,1242.0,102.811,0.0,0.0,0.0,89.813,9.472273,0.0,0.0,0.0
2020-08-25T00:57:45.817000Z,2020-08-25T00:57:46.024000Z,1035.106,207.0,1246.0,100.065,0.0,0.0,0.0,89.813,9.472273,0.0,0.0,0.0
2020-08-25T00:57:47.826000Z,2020-08-25T00:57:48.089000Z,1730.647,263.0,1246.0,99.85,0.0,0.0,0.0,89.813,9.472273,0.0,0.0,0.0
2020-08-25T00:57:48.934000Z,2020-08-25T00:57:49.185999Z,1788.435,252.0,1456.0,100.275,0.0,0.0,0.0,89.813,11.455646,0.0,0.0,0.0
2020-08-25T00:57:51.836000Z,2020-08-25T00:57:52.125000Z,1360.857,289.0,1558.0,98.899,0.0,0.0,0.0,89.813,11.930254,0.0,0.0,0.0
2020-08-25T00:57:53.828000Z,2020-08-25T00:57:54.040000Z,1282.122,212.0,1559.0,103.659,0.0,0.0,0.0,89.813,3.185207,0.0,0.0,0.0
2020-08-25T00:57:55.825000Z,2020-08-25T00:57:56.087000Z,2023.721,262.0,1570.0,107.643,0.0,0.0,0.0,89.813,11.730457,0.0,0.0,0.0
2020-08-25T00:57:57.817999Z,2020-08-25T00:57:58.015000Z,1288.343,197.0,1622.0,101.079,0.0,0.0,0.0,89.813,12.097033,0.0,0.0,0.0
2020-08-25T00:57:58.945000Z,2020-08-25T00:57:59.121000Z,997.201,176.0,1628.0,97.837,0.0,0.0,0.0,89.813,12.867806,0.0,0.0,0.0
2020-08-25T00:58:01.820000Z,2020-08-25T00:58:01.987000Z,769.806,167.0,1632.0,98.647,0.0,0.0,0.0,89.813,12.867806,0.0,0.0,0.0
2020-08-25T00:58:03.817000Z,2020-08-25T00:58:03.975000Z,766.673,158.0,1632.0,109.386,0.0,0.0,0.0,89.813,12.867806,0.0,0.0,0.0
2020-08-25T00:58:05.817999Z,2020-08-25T00:58:05.976000Z,760.94,158.0,1632.0,110.445,0.0,0.0,0.0,89.813,12.867806,0.0,0.0,0.0
2020-08-25T00:58:07.826000Z,2020-08-25T00:58:07.988000Z,798.753,162.0,1632.0,100.912,0.0,0.0,0.0,89.813,12.867806,0.0,0.0,0.0
2020-08-25T00:58:08.925000Z,2020-08-25T00:58:09.097000Z,902.289,172.0,1632.0,97.462,0.0,0.0,0.0,89.813,12.867806,0.0,0.0,0.0
2020-08-25T00:58:11.819000Z,2020-08-25T00:58:11.992000Z,958.03,173.0,4.0,103.602,0.0,0.0,0.0,89.813,12.867806,0.0,0.0,0.0
2020-08-25T00:58:12.947000Z,2020-08-25T00:58:13.229000Z,1434.632,282.0,1714.0,105.721,0.0,0.0,0.0,89.813,12.867806,0.0,0.0,0.0
2020-08-25T00:58:15.830000Z,2020-08-25T00:58:16.126000Z,1687.298,296.0,1570.0,100.24,0.0,0.0,0.0,89.813,4.745596,0.0,0.0,0.0
2020-08-25T00:58:17.829000Z,2020-08-25T00:58:18.124000Z,1838.558,295.0,1571.0,107.474,0.0,0.0,0.0,89.813,5.528938,0.0,0.0,0.0
2020-08-25T00:58:19.828000Z,2020-08-25T00:58:20.021000Z,1042.055,193.0,1620.0,112.541,0.0,0.0,0.0,89.813,8.562228,0.0,0.0,0.0
2020-08-25T00:58:21.824000Z,2020-08-25T00:58:21.998000Z,823.079,174.0,1652.0,112.997,0.0,0.0,0.0,89.813,8.562228,0.0,0.0,0.0
2020-08-25T00:58:22.935000Z,2020-08-25T00:58:23.123000Z,1154.934,188.0,1652.0,106.787,0.0,0.0,0.0,89.813,8.562228,0.0,0.0,0.0
2020-08-25T00:58:25.827000Z,2020-08-25T00:58:26.023000Z,1181.272,196.0,1650.0,98.41,0.0,0.0,0.0,89.813,8.562228,0.0,0.0,0.0
2020-08-25T00:58:27.817000Z,2020-08-25T00:58:28.009000Z,1202.994,192.0,1650.0,104.64,0.0,0.0,0.0,89.813,8.562228,0.0,0.0,0.0
2020-08-25T00:58:29.822000Z,2020-08-25T00:58:30.094000Z,1137.16,272.0,1650.0,108.998,0.0,0.0,0.0,89.813,10.279833,0.0,0.0,0.0
2020-08-25T00:58:31.817999Z,2020-08-25T00:58:32.001999Z,1137.049,184.0,1640.0,115.185,0.0,0.0,0.0,89.813,4.014318,0.0,0.0,0.0
2020-08-25T00:58:33.820999Z,2020-08-25T00:58:34.047000Z,1614.176,226.0,1640.0,100.142,0.0,0.0,0.0,89.813,6.263656,0.0,0.0,0.0
2020-08-25T00:58:35.825000Z,2020-08-25T00:58:36.039000Z,1603.771,214.0,1778.0,104.352,0.0,0.0,0.0,89.813,12.571459,0.0,0.0,0.0
2020-08-25T00:58:37.024999Z,2020-08-25T00:58:37.265000Z,1927.48,240.0,1870.0,100.489,0.0,0.0,0.0,89.813,0.454931,0.0,0.0,0.0
2020-08-25T00:58:39.828000Z,2020-08-25T00:58:40.094000Z,2207.576,266.0,1900.0,97.821,0.0,0.0,0.0,89.813,13.699887,0.0,0.0,0.0
2020-08-25T00:58:41.830000Z,2020-08-25T00:58:42.096000Z,2159.8,266.0,1946.0,110.179,0.0,0.0,0.0,89.813,12.957033,0.0,0.0,0.0
2020-08-25T00:58:43.826000Z,2020-08-25T00:58:44.089999Z,1302.129,264.0,1962.0,117.559,0.0,0.0,0.0,89.813,14.116072,0.0,0.0,0.0
2020-08-25T00:58:45.829000Z,2020-08-25T00:58:46.097999Z,2031.023,269.0,1968.0,113.179,0.0,0.0,0.0,89.813,4.91094,0.0,0.0,0.0
2020-08-25T00:58:47.822000Z,2020-08-25T00:58:48.052000Z,1867.409,230.0,1922.0,124.732,0.0,0.0,0.0,89.813,14.379304,0.0,0.0,0.0
2020-08-25T00:58:49.830000Z,2020-08-25T00:58:50.055000Z,1622.531,225.0,1976.0,105.498,0.0,0.0,0.0,89.813,14.365392,0.0,0.0,0.0
2020-08-25T00:58:51.820000Z,2020-08-25T00:58:52.037000Z,1596.667,217.0,1984.0,121.409,0.0,0.0,0.0,89.813,13.202254,0.0,0.0,0.0
2020-08-25T00:58:53.820000Z,2020-08-25T00:58:54.040000Z,1420.28,220.0,1984.0,104.338,0.0,0.0,0.0,89.813,14.415754,0.0,0.0,0.0
2020-08-25T00:58:55.826000Z,2020-08-25T00:58:56.025000Z,511.595,199.0,1984.0,127.042,0.0,0.0,0.0,89.813,14.415754,0.0,0.0,0.0
2020-08-25T00:58:57.819000Z,2020-08-25T00:58:58.016000Z,441.268,197.0,1984.0,109.109,0.0,0.0,0.0,89.813,14.415754,0.0,0.0,0.0
2020-08-25T00:58:59.827000Z,2020-08-25T00:59:00.057000Z,572.736,230.0,576.0,104.743,0.0,0.0,0.0,89.813,4.253799,0.0,0.0,0.0
2020-08-25T00:59:01.828000Z,2020-08-25T00:59:02.103000Z,318.804,275.0,580.0,99.426,0.0,0.0,0.0,89.813,4.27326,0.0,0.0,0.0
2020-08-25T00:59:03.817999Z,2020-08-25T00:59:03.991000Z,326.768,173.0,580.0,100.7,0.0,0.0,0.0,89.813,0.197288,0.0,0.0,0.0
2020-08-25T00:59:05.817999Z,2020-08-25T00:59:05.990000Z,322.54,172.0,580.0,99.562,0.0,0.0,0.0,89.813,1.957245,0.0,0.0,0.0
2020-08-25T00:59:07.826000Z,2020-08-25T00:59:08.000000Z,334.074,174.0,580.0,103.14,0.0,0.0,0.0,89.813,2.104893,0.0,0.0,0.0
2020-08-25T00:59:09.820999Z,2020-08-25T00:59:10.108000Z,949.737,287.0,580.0,99.137,0.0,0.0,0.0,89.813,2.104893,0.0,0.0,0.0
2020-08-25T00:59:11.832000Z,2020-08-25T00:59:12.113999Z,1083.044,282.0,712.0,101.91,0.0,0.0,0.0,89.813,5.373436,0.0,0.0,0.0
2020-08-25T00:59:13.824000Z,2020-08-25T00:59:14.217999Z,1885.267,394.0,834.0,100.99,0.0,0.0,0.0,89.813,6.057218,0.0,0.0,0.0
2020-08-25T00:59:15.827000Z,2020-08-25T00:59:16.145999Z,1454.0,319.0,856.0,99.296,0.0,0.0,0.0,89.813,6.106589,0.0,0.0,0.0
2020-08-25T00:59:17.831000Z,2020-08-25T00:59:18.092000Z,1083.146,261.0,892.0,99.477,0.0,0.0,0.0,89.813,6.463744,0.0,0.0,0.0
2020-08-25T00:59:19.828000Z,2020-08-25T00:59:20.083000Z,1209.162,255.0,984.0,105.522,0.0,0.0,0.0,89.813,6.616522,0.0,0.0,0.0
2020-08-25T00:59:21.830000Z,2020-08-25T00:59:22.030000Z,817.068,200.0,1008.0,100.971,0.0,0.0,0.0,89.813,7.622765,0.0,0.0,0.0
2020-08-25T00:59:23.825000Z,2020-08-25T00:59:24.049000Z,1015.707,224.0,1013.0,100.503,0.0,0.0,0.0,89.813,8.006786,0.0,0.0,0.0
2020-08-25T00:59:25.827000Z,2020-08-25T00:59:26.081000Z,1324.698,254.0,1054.0,100.251,0.0,0.0,0.0,89.813,8.150625,0.0,0.0,0.0
2020-08-25T00:59:27.828000Z,2020-08-25T00:59:28.100000Z,1578.997,272.0,4.0,99.953,0.0,0.0,0.0,89.813,8.965451,0.0,0.0,0.0
2020-08-25T00:59:29.831000Z,2020-08-25T00:59:30.108000Z,1565.153,277.0,1268.0,101.429,0.0,0.0,0.0,89.813,9.297745,0.0,0.0,0.0
2020-08-25T00:59:31.824000Z,2020-08-25T00:59:32.068000Z,1482.011,244.0,1278.0,99.913,0.0,0.0,0.0,89.813,9.540167,0.0,0.0,0.0
2020-08-25T00:59:33.814000Z,2020-08-25T00:59:33.953999Z,414.132,140.0,1454.0,99.216,0.0,0.0,0.0,89.813,10.821109,0.0,0.0,0.0
2020-08-25T00:59:35.817000Z,2020-08-25T00:59:35.966000Z,263.266,149.0,1454.0,102.291,0.0,0.0,0.0,89.813,10.821109,0.0,0.0,0.0
2020-08-25T00:59:37.825000Z,2020-08-25T00:59:37.943000Z,45.526,118.0,1454.0,125.24,0.0,0.0,0.0,89.813,10.821109,0.0,0.0,0.0
2020-08-25T00:59:39.833999Z,2020-08-25T00:59:40.000000Z,686.923,166.0,1486.0,111.781,0.0,0.0,0.0,89.813,10.821109,0.0,0.0,0.0
2020-08-25T00:59:41.833000Z,2020-08-25T00:59:42.057999Z,585.495,225.0,1480.0,103.394,0.0,0.0,0.0,89.813,10.821109,0.0,0.0,0.0
2020-08-25T00:59:43.813000Z,2020-08-25T00:59:43.956000Z,471.156,143.0,1458.0,117.897,0.0,0.0,0.0,89.813,3.782383,0.0,0.0,0.0
2020-08-25T00:59:45.817000Z,2020-08-25T00:59:45.933000Z,187.654,116.0,1450.0,102.487,0.0,0.0,0.0,89.813,3.782383,0.0,0.0,0.0
2020-08-25T00:59:47.815000Z,2020-08-25T00:59:47.969999Z,580.238,155.0,1450.0,100.707,0.0,0.0,0.0,89.813,3.782383,0.0,0.0,0.0
2020-08-25T00:59:49.825000Z,2020-08-25T00:59:50.012000Z,671.145,187.0,1456.0,115.636,0.0,0.0,0.0,89.813,3.79339,0.0,0.0,0.0
2020-08-25T00:59:51.813000Z,2020-08-25T00:59:51.943000Z,336.406,130.0,1456.0,125.071,0.0,0.0,0.0,89.813,3.870929,0.0,0.0,0.0
2020-08-25T00:59:53.824000Z,2020-08-25T00:59:53.977000Z,552.468,153.0,1456.0,100.566,0.0,0.0,0.0,89.813,3.870929,0.0,0.0,0.0
2020-08-25T00:59:55.814000Z,2020-08-25T00:59:55.961999Z,515.257,148.0,1444.0,101.183,0.0,0.0,0.0,89.813,4.574488,0.0,0.0,0.0
2020-08-25T00:59:57.823000Z,2020-08-25T00:59:57.969999Z,501.095,147.0,1444.0,98.052,0.0,0.0,0.0,89.813,4.574488,0.0,0.0,0.0
2020-08-25T00:59:59.823000Z,2020-08-25T00:59:59.980000Z,591.311,157.0,1444.0,100.776,0.0,0.0,0.0,89.813,4.574488,0.0,0.0,0.0
2020-08-25T01:00:01.813000Z,2020-08-25T01:00:01.951000Z,419.706,138.0,1444.0,103.579,0.0,0.0,0.0,89.813,4.574488,0.0,0.0,0.0
2020-08-25T01:00:03.819000Z,2020-08-25T01:00:03.969999Z,562.578,151.0,1444.0,100.618,0.0,0.0,0.0,89.813,4.574488,0.0,0.0,0.0
2020-08-25T01:00:05.823000Z,2020-08-25T01:00:05.943000Z,208.813,120.0,4.0,101.496,0.0,0.0,0.0,89.813,4.690663,0.0,0.0,0.0
2020-08-25T01:00:07.825000Z,2020-08-25T01:00:07.966000Z,342.188,141.0,1528.0,102.005,0.0,0.0,0.0,89.813,4.690663,0.0,0.0,0.0
2020-08-25T01:00:09.816000Z,2020-08-25T01:00:10.103000Z,1450.53,287.0,1442.0,107.278,0.0,0.0,0.0,89.813,4.690663,0.0,0.0,0.0
2020-08-25T01:00:11.829000Z,2020-08-25T01:00:12.012000Z,831.257,183.0,1443.0,100.519,0.0,0.0,0.0,89.813,5.682298,0.0,0.0,0.0
2020-08-25T01:00:13.823000Z,2020-08-25T01:00:13.985000Z,723.756,162.0,1536.0,108.725,0.0,0.0,0.0,89.813,5.682298,0.0,0.0,0.0
2020-08-25T01:00:15.825000Z,2020-08-25T01:00:15.981000Z,684.927,156.0,1536.0,99.417,0.0,0.0,0.0,89.813,5.682298,0.0,0.0,0.0
2020-08-25T01:00:17.826000Z,2020-08-25T01:00:17.993999Z,719.925,168.0,1536.0,99.095,0.0,0.0,0.0,89.813,5.682298,0.0,0.0,0.0
2020-08-25T01:00:19.824000Z,2020-08-25T01:00:19.975000Z,597.736,151.0,1542.0,109.278,0.0,0.0,0.0,89.813,5.682298,0.0,0.0,0.0
2020-08-25T01:00:21.835000Z,2020-08-25T01:00:21.957000Z,120.009,122.0,1574.0,100.116,0.0,0.0,0.0,89.813,5.682298,0.0,0.0,0.0
2020-08-25T01:00:23.820999Z,2020-08-25T01:00:24.007000Z,1022.14,186.0,1544.0,108.356,0.0,0.0,0.0,89.813,5.682298,0.0,0.0,0.0
2020-08-25T01:00:25.836000Z,2020-08-25T01:00:26.056000Z,1335.317,220.0,1544.0,100.647,0.0,0.0,0.0,89.813,5.682298,0.0,0.0,0.0
2020-08-25T01:00:27.838000Z,2020-08-25T01:00:28.008000Z,814.326,170.0,1564.0,108.558,0.0,0.0,0.0,89.813,11.865793,0.0,0.0,0.0
2020-08-25T01:00:29.825000Z,2020-08-25T01:00:30.233000Z,3687.567,408.0,1588.0,118.496,0.0,0.0,0.0,89.813,11.865793,0.0,0.0,0.0
2020-08-25T01:00:31.823000Z,2020-08-25T01:00:32.212000Z,3736.543,389.0,1718.0,96.955,0.0,0.0,0.0,89.813,12.937701,0.0,0.0,0.0
2020-08-25T01:00:33.833999Z,2020-08-25T01:00:34.199000Z,3600.41,365.0,1776.0,98.429,0.0,0.0,0.0,89.813,13.248213,0.0,0.0,0.0
2020-08-25T01:00:35.820999Z,2020-08-25T01:00:36.156000Z,2858.675,335.0,1948.0,106.198,0.0,0.0,0.0,89.813,13.71697,0.0,0.0,0.0
2020-08-25T01:00:37.828000Z,2020-08-25T01:00:38.268000Z,4815.951,440.0,1990.0,112.118,0.0,0.0,0.0,89.813,10.677297,0.0,0.0,0.0
2020-08-25T01:00:39.833000Z,2020-08-25T01:00:40.308000Z,5083.799,475.0,1990.0,114.848,0.0,0.0,0.0,89.813,12.765338,0.0,0.0,0.0
2020-08-25T01:00:41.825000Z,2020-08-25T01:00:42.272000Z,4572.907,447.0,1990.0,131.567,0.0,0.0,0.0,89.813,13.605303,0.0,0.0,0.0
2020-08-25T01:00:43.820999Z,2020-08-25T01:00:44.105999Z,2534.395,285.0,1978.0,132.083,0.0,0.0,0.0,89.813,13.255115,0.0,0.0,0.0
2020-08-25T01:00:45.827000Z,2020-08-25T01:00:46.063000Z,1774.699,236.0,1988.0,112.568,0.0,0.0,0.0,89.813,13.955428,0.0,0.0,0.0
2020-08-25T01:00:47.830000Z,2020-08-25T01:00:48.133000Z,2741.301,303.0,1994.0,117.656,0.0,0.0,0.0,89.813,13.812004,0.0,0.0,0.0
2020-08-25T01:00:49.827000Z,2020-08-25T01:00:50.063000Z,1800.322,236.0,2018.0,118.656,0.0,0.0,0.0,89.813,13.854372,0.0,0.0,0.0
2020-08-25T01:00:51.817999Z,2020-08-25T01:00:52.079000Z,2024.522,261.0,2018.0,117.046,0.0,0.0,0.0,89.813,14.588625,0.0,0.0,0.0
2020-08-25T01:00:53.823000Z,2020-08-25T01:00:54.065000Z,1667.001,242.0,2018.0,120.88,0.0,0.0,0.0,89.813,14.192934,0.0,0.0,0.0
2020-08-25T01:00:55.823000Z,2020-08-25T01:00:56.143000Z,2964.776,320.0,2102.0,131.85,0.0,0.0,0.0,89.813,12.189319,0.0,0.0,0.0
2020-08-25T01:00:57.843000Z,2020-08-25T01:00:58.118000Z,2400.501,275.0,2068.0,123.858,0.0,0.0,0.0,89.813,12.743487,0.0,0.0,0.0
2020-08-25T01:00:59.826000Z,2020-08-25T01:01:00.052000Z,1548.628,226.0,2034.0,119.989,0.0,0.0,0.0,89.813,13.566134,0.0,0.0,0.0
2020-08-25T01:01:01.814000Z,2020-08-25T01:01:02.046000Z,1609.234,232.0,2038.0,120.021,0.0,0.0,0.0,89.813,12.029826,0.0,0.0,0.0
2020-08-25T01:01:03.813000Z,2020-08-25T01:01:04.023000Z,1476.783,210.0,2030.0,124.654,0.0,0.0,0.0,89.813,13.916416,0.0,0.0,0.0
2020-08-25T01:01:05.817999Z,2020-08-25T01:01:06.024000Z,1400.414,206.0,2030.0,113.368,0.0,0.0,0.0,89.813,13.916416,0.0,0.0,0.0
2020-08-25T01:01:07.824000Z,2020-08-25T01:01:08.052000Z,1796.253,228.0,2025.0,109.549,0.0,0.0,0.0,89.813,13.916416,0.0,0.0,0.0
2020-08-25T01:01:09.833999Z,2020-08-25T01:01:10.128000Z,2537.635,294.0,1986.0,111.94,0.0,0.0,0.0,89.813,13.823369,0.0,0.0,0.0
2020-08-25T01:01:11.825000Z,2020-08-25T01:01:12.089999Z,2287.286,265.0,1974.0,109.396,0.0,0.0,0.0,89.813,13.777241,0.0,0.0,0.0
2020-08-25T01:01:13.817999Z,2020-08-25T01:01:14.035000Z,1584.366,217.0,2008.0,110.537,0.0,0.0,0.0,89.813,14.032802,0.0,0.0,0.0
2020-08-25T01:01:15.815000Z,2020-08-25T01:01:16.019000Z,1097.908,204.0,2018.0,115.481,0.0,0.0,0.0,89.813,13.170103,0.0,0.0,0.0
2020-08-25T01:01:17.819000Z,2020-08-25T01:01:18.113000Z,2589.277,294.0,2018.0,110.905,0.0,0.0,0.0,89.813,10.23866,0.0,0.0,0.0
2020-08-25T01:01:19.819000Z,2020-08-25T01:01:20.087000Z,2310.488,268.0,2008.0,119.817,0.0,0.0,0.0,89.813,13.990482,0.0,0.0,0.0
2020-08-25T01:01:21.816000Z,2020-08-25T01:01:22.100000Z,2558.975,284.0,2008.0,109.184,0.0,0.0,0.0,89.813,14.172819,0.0,0.0,0.0
2020-08-25T01:01:23.817999Z,2020-08-25T01:01:24.019000Z,1063.433,201.0,2060.0,115.07,0.0,0.0,0.0,89.813,14.061296,0.0,0.0,0.0
2020-08-25T01:01:25.817000Z,2020-08-25T01:01:26.016000Z,1012.953,199.0,2014.0,120.968,0.0,0.0,0.0,89.813,0.286501,0.0,0.0,0.0
2020-08-25T01:01:27.817000Z,2020-08-25T01:01:28.051000Z,1877.176,234.0,2006.0,105.254,0.0,0.0,0.0,89.813,9.919265,0.0,0.0,0.0
2020-08-25T01:01:29.824000Z,2020-08-25T01:01:30.204000Z,3740.709,380.0,1994.0,114.83,0.0,0.0,0.0,89.813,14.304999,0.0,0.0,0.0
2020-08-25T01:01:31.824000Z,2020-08-25T01:01:32.147000Z,3132.002,323.0,1964.0,109.77,0.0,0.0,0.0,89.813,12.707827,0.0,0.0,0.0
2020-08-25T01:01:33.830000Z,2020-08-25T01:01:34.101000Z,2248.589,271.0,2012.0,115.895,0.0,0.0,0.0,89.813,14.182072,0.0,0.0,0.0
2020-08-25T01:01:35.819000Z,2020-08-25T01:01:36.021000Z,1514.898,202.0,1966.0,116.46,0.0,0.0,0.0,89.813,0.037871,0.0,0.0,0.0
2020-08-25T01:01:37.826000Z,2020-08-25T01:01:38.048000Z,1189.208,222.0,1966.0,104.606,0.0,0.0,0.0,89.813,14.789426,0.0,0.0,0.0
2020-08-25T01:01:39.813000Z,2020-08-25T01:01:40.014000Z,1109.11,201.0,1966.0,104.623,0.0,0.0,0.0,89.813,14.789426,0.0,0.0,0.0
2020-08-25T01:01:41.820999Z,2020-08-25T01:01:42.101000Z,1171.163,280.0,1966.0,107.286,0.0,0.0,0.0,89.813,14.789426,0.0,0.0,0.0
2020-08-25T01:01:43.825000Z,2020-08-25T01:01:44.655000Z,1263.133,830.0,210.0,111.064,0.0,0.0,0.0,89.813,1.367302,0.0,0.0,0.0
2020-08-25T01:01:45.829000Z,2020-08-25T01:01:46.477000Z,1203.409,648.0,270.0,96.572,0.0,0.0,0.0,89.796,1.974506,0.0,0.0,0.0
2020-08-25T01:01:47.824000Z,2020-08-25T01:01:48.358000Z,1188.897,534.0,340.0,97.341,0.0,0.0,0.0,89.796,1.975755,0.0,0.0,0.0
2020-08-25T01:01:49.846000Z,2020-08-25T01:01:50.312000Z,1153.786,466.0,364.0,97.207,0.0,0.0,0.0,89.796,2.514763,0.0,0.0,0.0
2020-08-25T01:01:51.835000Z,2020-08-25T01:01:52.208000Z,1010.856,373.0,460.0,98.204,0.0,0.0,0.0,89.796,3.089904,0.0,0.0,0.0
2020-08-25T01:01:53.820999Z,2020-08-25T01:01:54.204000Z,1190.282,383.0,486.0,97.2,0.0,0.0,0.0,89.796,3.610069,0.0,0.0,0.0
2020-08-25T01:01:55.820000Z,2020-08-25T01:01:56.201000Z,1380.92,381.0,606.0,99.183,0.0,0.0,0.0,89.796,4.115522,0.0,0.0,0.0
2020-08-25T01:01:57.819000Z,2020-08-25T01:01:58.203000Z,1558.264,384.0,668.0,100.847,0.0,0.0,0.0,89.796,4.85127,0.0,0.0,0.0
2020-08-25T01:01:59.815000Z,2020-08-25T01:02:00.137000Z,1400.611,322.0,808.0,99.081,0.0,0.0,0.0,89.796,6.0956,0.0,0.0,0.0
2020-08-25T01:02:01.850000Z,2020-08-25T01:02:02.173000Z,1600.221,323.0,922.0,98.858,0.0,0.0,0.0,89.796,5.939688,0.0,0.0,0.0
2020-08-25T01:02:03.833999Z,2020-08-25T01:02:04.159000Z,1722.661,325.0,948.0,100.368,0.0,0.0,0.0,89.796,6.901239,0.0,0.0,0.0
2020-08-25T01:02:05.816000Z,2020-08-25T01:02:06.113000Z,1492.929,297.0,1072.0,100.451,0.0,0.0,0.0,89.796,8.1561,0.0,0.0,0.0
2020-08-25T01:02:07.827000Z,2020-08-25T01:02:08.171000Z,1557.006,344.0,1146.0,105.461,0.0,0.0,0.0,89.796,6.724796,0.0,0.0,0.0
2020-08-25T01:02:09.825000Z,2020-08-25T01:02:10.099000Z,1749.265,274.0,1172.0,102.077,0.0,0.0,0.0,89.796,0.015054,0.0,0.0,0.0
2020-08-25T01:02:11.816000Z,2020-08-25T01:02:12.057000Z,1545.604,241.0,1451.0,100.287,0.0,0.0,0.0,89.796,10.849877,0.0,0.0,0.0
2020-08-25T01:02:13.830000Z,2020-08-25T01:02:14.057000Z,1510.138,227.0,1542.0,105.134,0.0,0.0,0.0,89.796,11.751016,0.0,0.0,0.0
2020-08-25T01:02:15.819000Z,2020-08-25T01:02:16.078000Z,1939.752,259.0,1586.0,99.247,0.0,0.0,0.0,89.796,11.728979,0.0,0.0,0.0
2020-08-25T01:02:17.825000Z,2020-08-25T01:02:18.077000Z,1934.641,252.0,1630.0,102.05,0.0,0.0,0.0,89.796,11.959366,0.0,0.0,0.0
2020-08-25T01:02:19.816000Z,2020-08-25T01:02:20.053000Z,1816.053,237.0,1852.0,105.841,0.0,0.0,0.0,89.796,13.866192,0.0,0.0,0.0
2020-08-25T01:02:21.831000Z,2020-08-25T01:02:22.009000Z,1117.067,178.0,1893.0,114.377,0.0,0.0,0.0,89.796,14.718353,0.0,0.0,0.0
2020-08-25T01:02:23.817000Z,2020-08-25T01:02:23.999000Z,1087.901,182.0,1920.0,102.156,0.0,0.0,0.0,89.796,14.718353,0.0,0.0,0.0
2020-08-25T01:02:25.826000Z,2020-08-25T01:02:26.017999Z,1181.29,192.0,1920.0,109.688,0.0,0.0,0.0,89.796,14.718353,0.0,0.0,0.0
2020-08-25T01:02:27.827000Z,2020-08-25T01:02:28.014000Z,1082.105,187.0,1920.0,104.188,0.0,0.0,0.0,89.796,14.718353,0.0,0.0,0.0
2020-08-25T01:02:29.816000Z,2020-08-25T01:02:30.165000Z,2140.712,349.0,1926.0,109.541,0.0,0.0,0.0,89.796,14.718353,0.0,0.0,0.0
2020-08-25T01:02:31.827000Z,2020-08-25T01:02:32.004000Z,1090.988,177.0,1920.0,114.375,0.0,0.0,0.0,89.796,2.062575,0.0,0.0,0.0
2020-08-25T01:02:33.822000Z,2020-08-25T01:02:33.985999Z,951.419,164.0,1920.0,101.298,0.0,0.0,0.0,89.796,6.278273,0.0,0.0,0.0
2020-08-25T01:02:35.832000Z,2020-08-25T01:02:36.016000Z,1001.943,184.0,1974.0,99.7,0.0,0.0,0.0,89.796,6.278273,0.0,0.0,0.0
2020-08-25T01:02:37.819000Z,2020-08-25T01:02:38.027000Z,1031.948,208.0,1980.0,108.114,0.0,0.0,0.0,89.796,6.278273,0.0,0.0,0.0
2020-08-25T01:02:39.822000Z,2020-08-25T01:02:40.030000Z,755.172,208.0,1966.0,103.617,0.0,0.0,0.0,89.796,9.617228,0.0,0.0,0.0
2020-08-25T01:02:41.824000Z,2020-08-25T01:02:42.024000Z,822.504,200.0,1950.0,102.476,0.0,0.0,0.0,89.796,6.998723,0.0,0.0,0.0
2020-08-25T01:02:43.832000Z,2020-08-25T01:02:44.016000Z,790.659,184.0,1284.0,105.563,0.0,0.0,0.0,89.796,7.939447,0.0,0.0,0.0
2020-08-25T01:02:45.817000Z,2020-08-25T01:02:45.985000Z,677.71,168.0,1284.0,99.483,0.0,0.0,0.0,89.796,7.939447,0.0,0.0,0.0
2020-08-25T01:02:47.817000Z,2020-08-25T01:02:47.993000Z,746.105,176.0,1284.0,101.698,0.0,0.0,0.0,89.796,7.939447,0.0,0.0,0.0
2020-08-25T01:02:49.819000Z,2020-08-25T01:02:50.033999Z,1126.048,215.0,1284.0,101.093,0.0,0.0,0.0,89.796,7.939447,0.0,0.0,0.0
2020-08-25T01:02:51.831000Z,2020-08-25T01:02:52.056000Z,1326.517,225.0,1334.0,98.733,0.0,0.0,0.0,89.796,10.204466,0.0,0.0,0.0
2020-08-25T01:02:53.817999Z,2020-08-25T01:02:54.025999Z,1249.083,208.0,1470.0,98.778,0.0,0.0,0.0,89.796,11.131998,0.0,0.0,0.0
2020-08-25T01:02:55.822000Z,2020-08-25T01:02:56.007000Z,979.492,185.0,1541.0,100.909,0.0,0.0,0.0,89.796,11.611847,0.0,0.0,0.0
2020-08-25T01:02:57.815000Z,2020-08-25T01:02:58.007000Z,1055.815,192.0,1546.0,100.619,0.0,0.0,0.0,89.796,11.611847,0.0,0.0,0.0
2020-08-25T01:02:59.825000Z,2020-08-25T01:03:00.027000Z,1202.596,202.0,1546.0,98.637,0.0,0.0,0.0,89.796,11.611847,0.0,0.0,0.0
2020-08-25T01:03:01.820000Z,2020-08-25T01:03:02.081000Z,1122.272,261.0,1540.0,100.445,0.0,0.0,0.0,89.796,11.546203,0.0,0.0,0.0
2020-08-25T01:03:03.836000Z,2020-08-25T01:03:04.038000Z,1122.188,202.0,1534.0,98.267,0.0,0.0,0.0,89.796,4.249838,0.0,0.0,0.0
2020-08-25T01:03:05.833000Z,2020-08-25T01:03:06.173000Z,2754.206,340.0,1470.0,98.578,0.0,0.0,0.0,89.796,11.252915,0.0,0.0,0.0
2020-08-25T01:03:07.822000Z,2020-08-25T01:03:08.113999Z,2155.7,292.0,1526.0,102.881,0.0,0.0,0.0,89.796,11.954991,0.0,0.0,0.0
2020-08-25T01:03:09.826000Z,2020-08-25T01:03:10.152000Z,2909.595,326.0,1622.0,101.847,0.0,0.0,0.0,89.796,10.655778,0.0,0.0,0.0
2020-08-25T01:03:11.824000Z,2020-08-25T01:03:12.316000Z,5269.133,492.0,1670.0,105.257,0.0,0.0,0.0,89.796,13.198867,0.0,0.0,0.0
2020-08-25T01:03:13.817000Z,2020-08-25T01:03:14.443000Z,2634.704,626.0,1882.0,112.665,0.0,0.0,0.0,89.796,14.366794,0.0,0.0,0.0
2020-08-25T01:03:15.815000Z,2020-08-25T01:03:16.009000Z,1010.987,194.0,2028.0,117.486,0.0,0.0,0.0,89.796,13.70297,0.0,0.0,0.0
2020-08-25T01:03:17.830000Z,2020-08-25T01:03:18.040000Z,672.709,210.0,1974.0,110.101,0.0,0.0,0.0,89.796,10.89065,0.0,0.0,0.0
2020-08-25T01:03:19.829000Z,2020-08-25T01:03:20.046000Z,704.984,217.0,1974.0,115.374,0.0,0.0,0.0,89.796,10.89065,0.0,0.0,0.0
2020-08-25T01:03:21.816000Z,2020-08-25T01:03:22.001000Z,923.605,185.0,1442.0,101.627,0.0,0.0,0.0,89.796,0.590181,0.0,0.0,0.0
2020-08-25T01:03:23.826000Z,2020-08-25T01:03:24.035000Z,1119.725,209.0,1442.0,102.719,0.0,0.0,0.0,89.796,5.026675,0.0,0.0,0.0
2020-08-25T01:03:25.823000Z,2020-08-25T01:03:25.983000Z,691.615,160.0,1414.0,105.897,0.0,0.0,0.0,89.796,5.40933,0.0,0.0,0.0
2020-08-25T01:03:27.811000Z,2020-08-25T01:03:27.965000Z,583.426,154.0,1414.0,99.816,0.0,0.0,0.0,89.796,5.40933,0.0,0.0,0.0
2020-08-25T01:03:29.828000Z,2020-08-25T01:03:30.012000Z,917.577,184.0,1414.0,100.447,0.0,0.0,0.0,89.796,5.40933,0.0,0.0,0.0
2020-08-25T01:03:31.819000Z,2020-08-25T01:03:31.998000Z,873.326,179.0,1414.0,111.672,0.0,0.0,0.0,89.796,7.186483,0.0,0.0,0.0
2020-08-25T01:03:33.824000Z,2020-08-25T01:03:33.991000Z,760.749,167.0,1414.0,100.869,0.0,0.0,0.0,89.796,7.186483,0.0,0.0,0.0
2020-08-25T01:03:35.817000Z,2020-08-25T01:03:35.981000Z,692.465,164.0,1400.0,98.658,0.0,0.0,0.0,89.796,7.186483,0.0,0.0,0.0
2020-08-25T01:03:37.813000Z,2020-08-25T01:03:37.975000Z,688.198,162.0,1400.0,99.235,0.0,0.0,0.0,89.796,7.186483,0.0,0.0,0.0
2020-08-25T01:03:39.820000Z,2020-08-25T01:03:40.023000Z,1022.251,203.0,1400.0,97.78,0.0,0.0,0.0,89.796,7.186483,0.0,0.0,0.0
2020-08-25T01:03:41.827000Z,2020-08-25T01:03:41.973000Z,503.483,146.0,1366.0,100.876,0.0,0.0,0.0,89.796,10.31247,0.0,0.0,0.0
2020-08-25T01:03:43.819000Z,2020-08-25T01:03:44.047000Z,1467.913,228.0,1386.0,98.296,0.0,0.0,0.0,89.796,10.31247,0.0,0.0,0.0
2020-08-25T01:03:45.827000Z,2020-08-25T01:03:46.145000Z,2722.204,318.0,1488.0,99.359,0.0,0.0,0.0,89.796,11.485007,0.0,0.0,0.0
2020-08-25T01:03:47.817000Z,2020-08-25T01:03:48.080000Z,2361.683,263.0,1882.0,97.565,0.0,0.0,0.0,89.796,13.418852,0.0,0.0,0.0
2020-08-25T01:03:49.819000Z,2020-08-25T01:03:50.169000Z,2504.322,350.0,1842.0,99.209,0.0,0.0,0.0,89.796,13.960356,0.0,0.0,0.0
2020-08-25T01:03:51.819000Z,2020-08-25T01:03:52.030000Z,1573.514,211.0,1890.0,107.191,0.0,0.0,0.0,89.796,4.461506,0.0,0.0,0.0
2020-08-25T01:03:53.824000Z,2020-08-25T01:03:54.033999Z,1126.358,210.0,1894.0,109.258,0.0,0.0,0.0,89.796,14.077797,0.0,0.0,0.0
2020-08-25T01:03:55.827000Z,2020-08-25T01:03:56.046000Z,1219.738,219.0,1894.0,112.662,0.0,0.0,0.0,89.796,10.067327,0.0,0.0,0.0
2020-08-25T01:03:57.819000Z,2020-08-25T01:03:58.048000Z,1847.836,229.0,1894.0,105.733,0.0,0.0,0.0,89.796,10.714641,0.0,0.0,0.0
2020-08-25T01:03:59.815000Z,2020-08-25T01:04:00.015000Z,1384.505,200.0,1962.0,118.368,0.0,0.0,0.0,89.796,15.096427,0.0,0.0,0.0
2020-08-25T01:04:01.824000Z,2020-08-25T01:04:01.965000Z,391.002,141.0,2006.0,107.785,0.0,0.0,0.0,89.796,15.096427,0.0,0.0,0.0
2020-08-25T01:04:03.825000Z,2020-08-25T01:04:04.072000Z,1848.087,247.0,2006.0,116.486,0.0,0.0,0.0,89.796,15.096427,0.0,0.0,0.0
2020-08-25T01:04:05.823000Z,2020-08-25T01:04:06.065999Z,1826.213,243.0,2012.0,121.405,0.0,0.0,0.0,89.796,14.000355,0.0,0.0,0.0
2020-08-25T01:04:07.815000Z,2020-08-25T01:04:08.037000Z,967.057,222.0,2012.0,124.527,0.0,0.0,0.0,89.796,13.998657,0.0,0.0,0.0
2020-08-25T01:04:09.816000Z,2020-08-25T01:04:10.020000Z,963.817,204.0,1938.0,112.256,0.0,0.0,0.0,89.796,0.617799,0.0,0.0,0.0
2020-08-25T01:04:11.826000Z,2020-08-25T01:04:12.029000Z,826.555,203.0,1946.0,99.642,0.0,0.0,0.0,89.796,9.336542,0.0,0.0,0.0
2020-08-25T01:04:13.476000Z,2020-08-25T01:04:13.683000Z,745.087,207.0,1870.0,104.291,0.0,0.0,0.0,89.796,0.527778,0.0,0.0,0.0
