start_time,end_time,size,trans_time,cwnd,rtt,rto,ssthresh,last_snd,min_rtt,delivery_rate,bytes_sent,bytes_retrans,client_trans_time
2020-08-24T23:53:32.330000Z,2020-08-24T23:53:33.392000Z,33.575,1062.0,588.0,88.581,0.0,0.0,0.0,81.834,5.117542,0.0,0.0,0.0
2020-08-24T23:53:33.392000Z,2020-08-24T23:53:33.734000Z,84.071,342.0,586.0,263.004,0.0,0.0,0.0,81.834,0.00718,0.0,0.0,0.0
2020-08-24T23:53:33.735000Z,2020-08-24T23:53:33.862000Z,182.423,127.0,586.0,298.72,0.0,0.0,0.0,81.834,0.264296,0.0,0.0,0.0
2020-08-24T23:53:33.862000Z,2020-08-24T23:53:33.974000Z,100.336,112.0,586.0,99.111,0.0,0.0,0.0,81.834,1.623872,0.0,0.0,0.0
2020-08-24T23:53:33.975000Z,2020-08-24T23:53:34.144000Z,408.082,169.0,586.0,92.727,0.0,0.0,0.0,81.834,1.623872,0.0,0.0,0.0
2020-08-24T23:53:34.145000Z,2020-08-24T23:53:34.359000Z,686.432,214.0,588.0,86.689,0.0,0.0,0.0,81.834,2.535247,0.0,0.0,0.0
2020-08-24T23:53:34.362000Z,2020-08-24T23:53:34.732000Z,1629.933,370.0,693.0,86.97,0.0,0.0,0.0,81.834,5.161908,0.0,0.0,0.0
2020-08-24T23:53:34.734000Z,2020-08-24T23:53:35.079000Z,1567.306,345.0,708.0,88.434,0.0,0.0,0.0,81.834,5.850162,0.0,0.0,0.0
2020-08-24T23:53:35.080000Z,2020-08-24T23:53:35.214000Z,296.063,134.0,818.0,88.107,0.0,0.0,0.0,81.834,6.904231,0.0,0.0,0.0
2020-08-24T23:53:36.503000Z,2020-08-24T23:53:36.659000Z,447.973,156.0,818.0,89.042,0.0,0.0,0.0,81.834,6.904231,0.0,0.0,0.0
2020-08-24T23:53:39.007000Z,2020-08-24T23:53:39.144000Z,302.264,137.0,873.0,91.225,0.0,0.0,0.0,81.834,6.904231,0.0,0.0,0.0
2020-08-24T23:53:41.008000Z,2020-08-24T23:53:41.187000Z,413.981,179.0,884.0,94.338,0.0,0.0,0.0,81.834,6.904231,0.0,0.0,0.0
2020-08-24T23:53:43.018000Z,2020-08-24T23:53:43.187000Z,441.049,169.0,884.0,99.655,0.0,0.0,0.0,81.834,6.904231,0.0,0.0,0.0
2020-08-24T23:53:45.020000Z,2020-08-24T23:53:45.262000Z,630.87,242.0,832.0,93.64,0.0,0.0,0.0,81.834,6.904231,0.0,0.0,0.0
2020-08-24T23:53:47.013000Z,2020-08-24T23:53:47.189000Z,456.052,176.0,832.0,103.031,0.0,0.0,0.0,81.834,6.904231,0.0,0.0,0.0
2020-08-24T23:53:49.097999Z,2020-08-24T23:53:49.264000Z,453.341,166.0,832.0,95.1,0.0,0.0,0.0,81.834,6.904231,0.0,0.0,0.0
2020-08-24T23:53:51.008000Z,2020-08-24T23:53:51.177000Z,502.079,169.0,832.0,93.067,0.0,0.0,0.0,81.834,6.904231,0.0,0.0,0.0
2020-08-24T23:53:53.013000Z,2020-08-24T23:53:53.241999Z,642.69,229.0,832.0,101.563,0.0,0.0,0.0,81.834,6.904231,0.0,0.0,0.0
2020-08-24T23:53:55.003000Z,2020-08-24T23:53:55.264000Z,787.407,261.0,4.0,132.162,0.0,0.0,0.0,81.834,5.036607,0.0,0.0,0.0
2020-08-24T23:53:57.008000Z,2020-08-24T23:53:57.241999Z,679.328,234.0,594.0,88.906,0.0,0.0,0.0,81.834,4.585924,0.0,0.0,0.0
2020-08-24T23:53:59.008000Z,2020-08-24T23:53:59.217000Z,541.502,209.0,594.0,91.278,0.0,0.0,0.0,81.834,4.747472,0.0,0.0,0.0
2020-08-24T23:54:01.018000Z,2020-08-24T23:54:01.227000Z,591.69,209.0,598.0,90.675,0.0,0.0,0.0,81.834,4.628281,0.0,0.0,0.0
2020-08-24T23:54:03.005000Z,2020-08-24T23:54:03.607000Z,558.63,602.0,614.0,90.538,0.0,0.0,0.0,81.834,4.979844,0.0,0.0,0.0
2020-08-24T23:54:05.078000Z,2020-08-24T23:54:05.267000Z,490.634,189.0,614.0,458.213,0.0,0.0,0.0,81.834,4.979844,0.0,0.0,0.0
2020-08-24T23:54:06.888000Z,2020-08-24T23:54:07.273999Z,824.05,386.0,626.0,92.458,0.0,0.0,0.0,81.834,4.979844,0.0,0.0,0.0
2020-08-24T23:54:09.012000Z,2020-08-24T23:54:09.367000Z,1499.762,355.0,676.0,94.554,0.0,0.0,0.0,81.834,5.595518,0.0,0.0,0.0
2020-08-24T23:54:11.008000Z,2020-08-24T23:54:11.259000Z,991.658,251.0,774.0,92.459,0.0,0.0,0.0,81.834,5.469644,0.0,0.0,0.0
2020-08-24T23:54:13.011000Z,2020-08-24T23:54:13.307000Z,974.012,296.0,802.0,92.094,0.0,0.0,0.0,81.834,6.306695,0.0,0.0,0.0
2020-08-24T23:54:15.008000Z,2020-08-24T23:54:15.267000Z,469.684,259.0,804.0,147.276,0.0,0.0,0.0,81.834,5.622493,0.0,0.0,0.0
2020-08-24T23:54:17.006000Z,2020-08-24T23:54:17.271000Z,782.776,265.0,802.0,103.272,0.0,0.0,0.0,81.834,0.800773,0.0,0.0,0.0
2020-08-24T23:54:19.012000Z,2020-08-24T23:54:19.174000Z,458.225,162.0,787.0,89.121,0.0,0.0,0.0,81.834,3.927157,0.0,0.0,0.0
2020-08-24T23:54:21.005000Z,2020-08-24T23:54:21.174000Z,487.352,169.0,794.0,88.083,0.0,0.0,0.0,81.834,3.927157,0.0,0.0,0.0
2020-08-24T23:54:23.090000Z,2020-08-24T23:54:23.269000Z,582.103,179.0,798.0,88.735,0.0,0.0,0.0,81.834,4.011374,0.0,0.0,0.0
2020-08-24T23:54:25.008000Z,2020-08-24T23:54:25.249000Z,612.515,241.0,794.0,90.636,0.0,0.0,0.0,81.834,4.011374,0.0,0.0,0.0
2020-08-24T23:54:27.001999Z,2020-08-24T23:54:27.164000Z,461.853,162.0,794.0,116.172,0.0,0.0,0.0,81.834,4.011374,0.0,0.0,0.0
2020-08-24T23:54:29.007000Z,2020-08-24T23:54:29.357000Z,1691.086,350.0,794.0,89.584,0.0,0.0,0.0,81.834,4.011374,0.0,0.0,0.0
2020-08-24T23:54:31.011000Z,2020-08-24T23:54:31.361999Z,728.272,351.0,868.0,102.637,0.0,0.0,0.0,81.834,6.470313,0.0,0.0,0.0
2020-08-24T23:54:33.019000Z,2020-08-24T23:54:33.836000Z,239.932,817.0,868.0,144.537,0.0,0.0,0.0,81.834,6.470313,0.0,0.0,0.0
2020-08-24T23:54:35.008000Z,2020-08-24T23:54:35.201999Z,702.433,194.0,1034.0,458.44,0.0,0.0,0.0,81.834,6.470313,0.0,0.0,0.0
2020-08-24T23:54:37.006000Z,2020-08-24T23:54:37.221000Z,799.441,215.0,928.0,97.243,0.0,0.0,0.0,81.834,7.10776,0.0,0.0,0.0
2020-08-24T23:54:39.008000Z,2020-08-24T23:54:39.201000Z,685.325,193.0,928.0,109.95,0.0,0.0,0.0,81.834,6.95611,0.0,0.0,0.0
2020-08-24T23:54:41.008999Z,2020-08-24T23:54:41.239000Z,1014.927,230.0,928.0,105.612,0.0,0.0,0.0,81.834,6.95611,0.0,0.0,0.0
2020-08-24T23:54:43.012000Z,2020-08-24T23:54:43.357000Z,1878.853,345.0,996.0,91.921,0.0,0.0,0.0,81.834,8.354374,0.0,0.0,0.0
2020-08-24T23:54:45.015000Z,2020-08-24T23:54:45.356000Z,1827.635,341.0,990.0,102.394,0.0,0.0,0.0,81.834,7.327281,0.0,0.0,0.0
2020-08-24T23:54:47.011000Z,2020-08-24T23:54:47.291000Z,1138.33,280.0,1022.0,118.844,0.0,0.0,0.0,81.834,7.336271,0.0,0.0,0.0
2020-08-24T23:54:49.011000Z,2020-08-24T23:54:49.299000Z,1488.801,288.0,1028.0,145.84,0.0,0.0,0.0,81.834,5.769379,0.0,0.0,0.0
2020-08-24T23:54:51.027000Z,2020-08-24T23:54:51.321000Z,1557.92,294.0,1110.0,105.434,0.0,0.0,0.0,81.834,8.802436,0.0,0.0,0.0
2020-08-24T23:54:53.004000Z,2020-08-24T23:54:53.289000Z,1384.623,285.0,1532.0,130.966,0.0,0.0,0.0,81.834,9.47103,0.0,0.0,0.0
2020-08-24T23:54:55.001000Z,2020-08-24T23:54:55.273999Z,1136.956,273.0,1274.0,138.313,0.0,0.0,0.0,81.834,8.247406,0.0,0.0,0.0
2020-08-24T23:54:57.011000Z,2020-08-24T23:54:57.279000Z,1221.203,268.0,1170.0,152.29,0.0,0.0,0.0,81.834,6.989927,0.0,0.0,0.0
2020-08-24T23:54:59.011000Z,2020-08-24T23:54:59.276000Z,1390.496,265.0,1170.0,131.669,0.0,0.0,0.0,81.834,7.862915,0.0,0.0,0.0
2020-08-24T23:55:01.010000Z,2020-08-24T23:55:01.201000Z,742.707,191.0,1176.0,104.123,0.0,0.0,0.0,81.834,8.716089,0.0,0.0,0.0
2020-08-24T23:55:03.036000Z,2020-08-24T23:55:03.821000Z,1095.457,785.0,1176.0,111.134,0.0,0.0,0.0,81.834,8.716089,0.0,0.0,0.0
2020-08-24T23:55:05.008000Z,2020-08-24T23:55:05.374000Z,1008.646,366.0,1170.0,492.442,0.0,0.0,0.0,81.834,8.716089,0.0,0.0,0.0
2020-08-24T23:55:07.000000Z,2020-08-24T23:55:07.199000Z,683.555,199.0,1200.0,185.279,0.0,0.0,0.0,81.834,5.528186,0.0,0.0,0.0
2020-08-24T23:55:09.029000Z,2020-08-24T23:55:09.281000Z,318.384,252.0,1206.0,125.219,0.0,0.0,0.0,81.834,5.528186,0.0,0.0,0.0
2020-08-24T23:55:11.118000Z,2020-08-24T23:55:11.451000Z,670.227,333.0,1190.0,155.018,0.0,0.0,0.0,81.834,0.388024,0.0,0.0,0.0
2020-08-24T23:55:13.007000Z,2020-08-24T23:55:13.265999Z,430.35,259.0,1190.0,248.895,0.0,0.0,0.0,81.834,2.268597,0.0,0.0,0.0
2020-08-24T23:55:15.111000Z,2020-08-24T23:55:15.529000Z,1409.485,418.0,1190.0,138.355,0.0,0.0,0.0,81.834,3.188655,0.0,0.0,0.0
2020-08-24T23:55:17.013000Z,2020-08-24T23:55:17.211000Z,735.285,198.0,868.0,241.944,0.0,0.0,0.0,81.834,4.302533,0.0,0.0,0.0
2020-08-24T23:55:19.010000Z,2020-08-24T23:55:19.316000Z,687.808,306.0,868.0,90.774,0.0,0.0,0.0,81.834,6.985497,0.0,0.0,0.0
2020-08-24T23:55:21.007000Z,2020-08-24T23:55:21.206000Z,628.734,199.0,4.0,112.583,0.0,0.0,0.0,81.834,5.842549,0.0,0.0,0.0
2020-08-24T23:55:23.010000Z,2020-08-24T23:55:23.224000Z,824.958,214.0,858.0,107.0,0.0,0.0,0.0,81.834,5.653068,0.0,0.0,0.0
2020-08-24T23:55:25.008000Z,2020-08-24T23:55:25.286000Z,1023.144,278.0,850.0,97.33,0.0,0.0,0.0,81.834,7.069625,0.0,0.0,0.0
2020-08-24T23:55:27.008000Z,2020-08-24T23:55:27.276000Z,1131.843,268.0,856.0,100.848,0.0,0.0,0.0,81.834,6.91831,0.0,0.0,0.0
2020-08-24T23:55:29.008000Z,2020-08-24T23:55:29.181000Z,565.541,173.0,924.0,102.743,0.0,0.0,0.0,81.834,6.785251,0.0,0.0,0.0
2020-08-24T23:55:31.030000Z,2020-08-24T23:55:31.251000Z,575.785,221.0,924.0,91.608,0.0,0.0,0.0,81.834,6.785251,0.0,0.0,0.0
2020-08-24T23:55:33.013000Z,2020-08-24T23:55:33.665999Z,795.411,653.0,924.0,137.417,0.0,0.0,0.0,81.834,6.785251,0.0,0.0,0.0
2020-08-24T23:55:35.005000Z,2020-08-24T23:55:35.246000Z,758.861,241.0,1006.0,333.769,0.0,0.0,0.0,81.834,0.015807,0.0,0.0,0.0
2020-08-24T23:55:37.007000Z,2020-08-24T23:55:37.149000Z,288.612,142.0,942.0,134.203,0.0,0.0,0.0,81.834,4.99425,0.0,0.0,0.0
2020-08-24T23:55:39.008000Z,2020-08-24T23:55:39.214000Z,676.6,206.0,942.0,95.15,0.0,0.0,0.0,81.834,4.99425,0.0,0.0,0.0
2020-08-24T23:55:41.008000Z,2020-08-24T23:55:41.221000Z,635.197,213.0,704.0,111.35,0.0,0.0,0.0,81.834,5.94192,0.0,0.0,0.0
2020-08-24T23:55:43.008000Z,2020-08-24T23:55:43.214000Z,628.302,206.0,708.0,108.587,0.0,0.0,0.0,81.834,5.288314,0.0,0.0,0.0
2020-08-24T23:55:45.005000Z,2020-08-24T23:55:45.206000Z,651.586,201.0,722.0,88.733,0.0,0.0,0.0,81.834,5.997254,0.0,0.0,0.0
2020-08-24T23:55:47.010000Z,2020-08-24T23:55:47.249000Z,633.734,239.0,722.0,94.03,0.0,0.0,0.0,81.834,5.956978,0.0,0.0,0.0
2020-08-24T23:55:50.010000Z,2020-08-24T23:55:50.296000Z,665.253,286.0,722.0,116.052,0.0,0.0,0.0,81.834,4.265004,0.0,0.0,0.0
2020-08-24T23:55:52.008000Z,2020-08-24T23:55:52.436000Z,964.776,428.0,722.0,161.194,0.0,0.0,0.0,81.834,3.549504,0.0,0.0,0.0
2020-08-24T23:55:54.006000Z,2020-08-24T23:55:54.276000Z,1025.08,270.0,720.0,121.136,0.0,0.0,0.0,81.834,4.515723,0.0,0.0,0.0
2020-08-24T23:55:56.007000Z,2020-08-24T23:55:56.206000Z,619.325,199.0,734.0,107.44,0.0,0.0,0.0,81.834,5.687498,0.0,0.0,0.0
2020-08-24T23:55:58.007000Z,2020-08-24T23:55:58.239000Z,655.423,232.0,724.0,97.565,0.0,0.0,0.0,81.834,6.133642,0.0,0.0,0.0
2020-08-24T23:56:00.000000Z,2020-08-24T23:56:00.189000Z,542.431,189.0,726.0,110.526,0.0,0.0,0.0,81.834,0.533816,0.0,0.0,0.0
2020-08-24T23:56:02.007000Z,2020-08-24T23:56:02.185999Z,463.995,179.0,726.0,104.031,0.0,0.0,0.0,81.834,2.924971,0.0,0.0,0.0
2020-08-24T23:56:04.000000Z,2020-08-24T23:56:04.164000Z,448.425,164.0,726.0,96.752,0.0,0.0,0.0,81.834,3.849934,0.0,0.0,0.0
2020-08-24T23:56:06.007000Z,2020-08-24T23:56:06.176000Z,473.283,169.0,726.0,92.113,0.0,0.0,0.0,81.834,3.849934,0.0,0.0,0.0
2020-08-24T23:56:07.110000Z,2020-08-24T23:56:07.281000Z,487.385,171.0,728.0,90.591,0.0,0.0,0.0,81.834,3.849934,0.0,0.0,0.0
2020-08-24T23:56:10.010000Z,2020-08-24T23:56:10.181000Z,500.615,171.0,728.0,89.169,0.0,0.0,0.0,81.834,3.849934,0.0,0.0,0.0
2020-08-24T23:56:12.001999Z,2020-08-24T23:56:12.144000Z,300.947,142.0,726.0,89.995,0.0,0.0,0.0,81.834,3.849934,0.0,0.0,0.0
2020-08-24T23:56:14.004000Z,2020-08-24T23:56:14.129000Z,184.994,125.0,726.0,89.082,0.0,0.0,0.0,81.834,3.849934,0.0,0.0,0.0
2020-08-24T23:56:16.019000Z,2020-08-24T23:56:16.224000Z,174.847,205.0,730.0,95.479,0.0,0.0,0.0,81.834,3.849934,0.0,0.0,0.0
2020-08-24T23:56:17.107000Z,2020-08-24T23:56:17.229000Z,164.436,122.0,730.0,107.227,0.0,0.0,0.0,81.834,3.849934,0.0,0.0,0.0
2020-08-24T23:56:20.011000Z,2020-08-24T23:56:20.136000Z,164.205,125.0,730.0,102.246,0.0,0.0,0.0,81.834,3.849934,0.0,0.0,0.0
2020-08-24T23:56:22.007000Z,2020-08-24T23:56:22.149000Z,163.37,142.0,774.0,99.417,0.0,0.0,0.0,81.834,3.849934,0.0,0.0,0.0
2020-08-24T23:56:24.008999Z,2020-08-24T23:56:24.149000Z,251.971,140.0,738.0,100.236,0.0,0.0,0.0,81.834,3.849934,0.0,0.0,0.0
2020-08-24T23:56:26.012000Z,2020-08-24T23:56:26.136000Z,199.984,124.0,738.0,98.872,0.0,0.0,0.0,81.834,3.849934,0.0,0.0,0.0
2020-08-24T23:56:28.007000Z,2020-08-24T23:56:28.169000Z,331.547,162.0,726.0,89.679,0.0,0.0,0.0,81.834,3.849934,0.0,0.0,0.0
2020-08-24T23:56:30.003000Z,2020-08-24T23:56:30.251000Z,898.407,248.0,726.0,110.202,0.0,0.0,0.0,81.834,3.849934,0.0,0.0,0.0
2020-08-24T23:56:31.110000Z,2020-08-24T23:56:31.345999Z,841.882,236.0,734.0,108.218,0.0,0.0,0.0,81.834,5.755584,0.0,0.0,0.0
2020-08-24T23:56:34.010000Z,2020-08-24T23:56:34.216000Z,739.627,206.0,748.0,88.502,0.0,0.0,0.0,81.834,5.501555,0.0,0.0,0.0
2020-08-24T23:56:36.005000Z,2020-08-24T23:56:36.196000Z,636.644,191.0,744.0,88.978,0.0,0.0,0.0,81.834,6.332911,0.0,0.0,0.0
2020-08-24T23:56:38.008999Z,2020-08-24T23:56:38.164000Z,413.11,155.0,732.0,86.14,0.0,0.0,0.0,81.834,0.916661,0.0,0.0,0.0
2020-08-24T23:56:40.008999Z,2020-08-24T23:56:40.119000Z,146.564,110.0,736.0,89.084,0.0,0.0,0.0,81.834,2.741856,0.0,0.0,0.0
2020-08-24T23:56:41.111000Z,2020-08-24T23:56:41.221000Z,125.818,110.0,736.0,90.554,0.0,0.0,0.0,81.834,2.741856,0.0,0.0,0.0
2020-08-24T23:56:44.007000Z,2020-08-24T23:56:44.129000Z,157.838,122.0,736.0,93.419,0.0,0.0,0.0,81.834,2.741856,0.0,0.0,0.0
2020-08-24T23:56:46.008999Z,2020-08-24T23:56:46.161000Z,305.233,152.0,736.0,93.939,0.0,0.0,0.0,81.834,2.741856,0.0,0.0,0.0
2020-08-24T23:56:48.007000Z,2020-08-24T23:56:48.139000Z,248.274,132.0,736.0,89.319,0.0,0.0,0.0,81.834,2.741856,0.0,0.0,0.0
2020-08-24T23:56:50.004000Z,2020-08-24T23:56:50.126000Z,178.365,122.0,758.0,90.755,0.0,0.0,0.0,81.834,2.741856,0.0,0.0,0.0
2020-08-24T23:56:52.004000Z,2020-08-24T23:56:52.119000Z,159.313,115.0,758.0,91.828,0.0,0.0,0.0,81.834,2.741856,0.0,0.0,0.0
2020-08-24T23:56:53.999000Z,2020-08-24T23:56:54.123000Z,210.994,124.0,758.0,94.529,0.0,0.0,0.0,81.834,2.741856,0.0,0.0,0.0
2020-08-24T23:56:56.024000Z,2020-08-24T23:56:56.141000Z,162.649,117.0,758.0,92.984,0.0,0.0,0.0,81.834,2.741856,0.0,0.0,0.0
2020-08-24T23:56:58.007000Z,2020-08-24T23:56:58.126000Z,194.169,119.0,758.0,93.771,0.0,0.0,0.0,81.834,2.741856,0.0,0.0,0.0
2020-08-24T23:57:00.024000Z,2020-08-24T23:57:00.159000Z,296.945,135.0,746.0,91.844,0.0,0.0,0.0,81.834,2.741856,0.0,0.0,0.0
2020-08-24T23:57:02.006000Z,2020-08-24T23:57:02.476000Z,191.042,470.0,92.0,89.881,0.0,0.0,0.0,81.834,0.716125,0.0,0.0,0.0
2020-08-24T23:57:04.001000Z,2020-08-24T23:57:04.326000Z,180.696,325.0,92.0,102.016,0.0,0.0,0.0,81.834,0.302274,0.0,0.0,0.0
2020-08-24T23:57:06.008999Z,2020-08-24T23:57:06.286000Z,151.391,277.0,98.0,85.731,0.0,0.0,0.0,81.834,0.741268,0.0,0.0,0.0
2020-08-24T23:57:08.004000Z,2020-08-24T23:57:08.556000Z,494.44,552.0,100.0,86.767,0.0,0.0,0.0,81.834,0.738914,0.0,0.0,0.0
2020-08-24T23:57:10.000000Z,2020-08-24T23:57:10.503000Z,468.502,503.0,148.0,85.64,0.0,0.0,0.0,81.834,1.16836,0.0,0.0,0.0
2020-08-24T23:57:12.008999Z,2020-08-24T23:57:12.368000Z,453.995,359.0,181.0,85.899,0.0,0.0,0.0,81.077,1.492427,0.0,0.0,0.0
2020-08-24T23:57:14.004000Z,2020-08-24T23:57:14.321000Z,420.363,317.0,212.0,85.429,0.0,0.0,0.0,81.077,1.776505,0.0,0.0,0.0
2020-08-24T23:57:16.012000Z,2020-08-24T23:57:16.316000Z,403.053,304.0,220.0,93.629,0.0,0.0,0.0,81.077,1.567089,0.0,0.0,0.0
2020-08-24T23:57:18.007000Z,2020-08-24T23:57:18.316000Z,472.327,309.0,248.0,96.565,0.0,0.0,0.0,81.077,1.633998,0.0,0.0,0.0
2020-08-24T23:57:20.008999Z,2020-08-24T23:57:20.263000Z,404.159,254.0,258.0,89.055,0.0,0.0,0.0,81.077,2.2061,0.0,0.0,0.0
2020-08-24T23:57:22.007000Z,2020-08-24T23:57:22.268000Z,482.333,261.0,302.0,89.573,0.0,0.0,0.0,81.077,2.57414,0.0,0.0,0.0
2020-08-24T23:57:24.005000Z,2020-08-24T23:57:24.221000Z,406.215,216.0,366.0,87.868,0.0,0.0,0.0,81.077,3.016179,0.0,0.0,0.0
2020-08-24T23:57:26.010000Z,2020-08-24T23:57:26.243000Z,533.268,233.0,406.0,89.624,0.0,0.0,0.0,81.077,0.852333,0.0,0.0,0.0
2020-08-24T23:57:28.001999Z,2020-08-24T23:57:28.236000Z,522.536,234.0,462.0,90.645,0.0,0.0,0.0,81.077,3.897577,0.0,0.0,0.0
2020-08-24T23:57:29.999000Z,2020-08-24T23:57:30.211000Z,530.262,212.0,486.0,92.946,0.0,0.0,0.0,81.077,4.090741,0.0,0.0,0.0
2020-08-24T23:57:32.007000Z,2020-08-24T23:57:32.238000Z,631.806,231.0,536.0,90.015,0.0,0.0,0.0,81.077,4.53289,0.0,0.0,0.0
2020-08-24T23:57:34.007000Z,2020-08-24T23:57:34.223000Z,527.391,216.0,582.0,88.172,0.0,0.0,0.0,81.077,4.527156,0.0,0.0,0.0
2020-08-24T23:57:36.034000Z,2020-08-24T23:57:36.246000Z,614.411,212.0,582.0,97.2,0.0,0.0,0.0,81.077,4.675487,0.0,0.0,0.0
2020-08-24T23:57:38.008999Z,2020-08-24T23:57:38.208000Z,517.343,199.0,4.0,89.301,0.0,0.0,0.0,81.077,4.843007,0.0,0.0,0.0
2020-08-24T23:57:40.004000Z,2020-08-24T23:57:40.193000Z,478.693,189.0,594.0,90.269,0.0,0.0,0.0,81.077,4.962818,0.0,0.0,0.0
2020-08-24T23:57:42.008999Z,2020-08-24T23:57:42.193000Z,468.949,184.0,596.0,89.796,0.0,0.0,0.0,81.077,4.962818,0.0,0.0,0.0
2020-08-24T23:57:44.008999Z,2020-08-24T23:57:44.206000Z,562.492,197.0,598.0,90.608,0.0,0.0,0.0,81.077,5.05807,0.0,0.0,0.0
2020-08-24T23:57:46.005000Z,2020-08-24T23:57:46.256000Z,717.649,251.0,628.0,91.31,0.0,0.0,0.0,81.077,5.310744,0.0,0.0,0.0
2020-08-24T23:57:48.027000Z,2020-08-24T23:57:48.211000Z,539.855,184.0,629.0,90.456,0.0,0.0,0.0,81.077,3.830381,0.0,0.0,0.0
2020-08-24T23:57:50.011000Z,2020-08-24T23:57:50.177999Z,405.472,167.0,690.0,90.797,0.0,0.0,0.0,81.077,5.818496,0.0,0.0,0.0
2020-08-24T23:57:52.004000Z,2020-08-24T23:57:52.168000Z,348.167,164.0,690.0,88.5,0.0,0.0,0.0,81.077,5.818496,0.0,0.0,0.0
2020-08-24T23:57:54.011000Z,2020-08-24T23:57:54.158000Z,338.376,147.0,710.0,101.526,0.0,0.0,0.0,81.077,5.818496,0.0,0.0,0.0
2020-08-24T23:57:56.004000Z,2020-08-24T23:57:56.158000Z,371.365,154.0,710.0,90.795,0.0,0.0,0.0,81.077,5.818496,0.0,0.0,0.0
2020-08-24T23:57:58.007000Z,2020-08-24T23:57:58.176000Z,385.881,169.0,710.0,97.053,0.0,0.0,0.0,81.077,5.818496,0.0,0.0,0.0
2020-08-24T23:58:00.008999Z,2020-08-24T23:58:00.166000Z,386.614,157.0,710.0,90.981,0.0,0.0,0.0,81.077,5.818496,0.0,0.0,0.0
2020-08-24T23:58:02.011000Z,2020-08-24T23:58:02.176000Z,424.936,165.0,700.0,91.47,0.0,0.0,0.0,81.077,5.818496,0.0,0.0,0.0
2020-08-24T23:58:04.004000Z,2020-08-24T23:58:04.143000Z,306.311,139.0,700.0,92.482,0.0,0.0,0.0,81.077,5.818496,0.0,0.0,0.0
2020-08-24T23:58:06.006000Z,2020-08-24T23:58:06.148000Z,298.993,142.0,700.0,91.146,0.0,0.0,0.0,81.077,5.818496,0.0,0.0,0.0
2020-08-24T23:58:08.008999Z,2020-08-24T23:58:08.183000Z,426.947,174.0,700.0,93.327,0.0,0.0,0.0,81.077,5.818496,0.0,0.0,0.0
2020-08-24T23:58:10.007000Z,2020-08-24T23:58:10.217999Z,675.381,211.0,700.0,106.48,0.0,0.0,0.0,81.077,5.818496,0.0,0.0,0.0
2020-08-24T23:58:12.004000Z,2020-08-24T23:58:12.211000Z,679.543,207.0,696.0,100.334,0.0,0.0,0.0,81.077,6.01784,0.0,0.0,0.0
2020-08-24T23:58:14.012000Z,2020-08-24T23:58:14.211000Z,636.609,199.0,4.0,91.483,0.0,0.0,0.0,81.077,6.384991,0.0,0.0,0.0
2020-08-24T23:58:16.029000Z,2020-08-24T23:58:16.221000Z,644.938,192.0,772.0,92.771,0.0,0.0,0.0,81.077,6.086535,0.0,0.0,0.0
2020-08-24T23:58:18.004000Z,2020-08-24T23:58:18.196000Z,642.835,192.0,780.0,93.072,0.0,0.0,0.0,81.077,6.480459,0.0,0.0,0.0
2020-08-24T23:58:20.004000Z,2020-08-24T23:58:20.198000Z,661.954,194.0,780.0,91.391,0.0,0.0,0.0,81.077,6.551176,0.0,0.0,0.0
2020-08-24T23:58:22.000000Z,2020-08-24T23:58:22.225999Z,659.22,226.0,780.0,89.542,0.0,0.0,0.0,81.077,6.551176,0.0,0.0,0.0
2020-08-24T23:58:24.008000Z,2020-08-24T23:58:24.268000Z,1094.761,260.0,780.0,105.138,0.0,0.0,0.0,81.077,5.484471,0.0,0.0,0.0
2020-08-24T23:58:26.041999Z,2020-08-24T23:58:26.268000Z,924.56,226.0,832.0,92.864,0.0,0.0,0.0,81.077,6.618026,0.0,0.0,0.0
2020-08-24T23:58:28.008000Z,2020-08-24T23:58:28.311000Z,1455.627,303.0,856.0,91.401,0.0,0.0,0.0,81.077,7.207997,0.0,0.0,0.0
2020-08-24T23:58:30.011000Z,2020-08-24T23:58:30.303000Z,1490.029,292.0,856.0,95.52,0.0,0.0,0.0,81.077,7.275747,0.0,0.0,0.0
2020-08-24T23:58:32.007000Z,2020-08-24T23:58:32.177999Z,551.621,171.0,894.0,104.105,0.0,0.0,0.0,81.077,7.708626,0.0,0.0,0.0
2020-08-24T23:58:34.008999Z,2020-08-24T23:58:34.185999Z,524.619,177.0,894.0,98.026,0.0,0.0,0.0,81.077,7.708626,0.0,0.0,0.0
2020-08-24T23:58:35.999000Z,2020-08-24T23:58:36.166000Z,510.795,167.0,4.0,112.563,0.0,0.0,0.0,81.077,7.708626,0.0,0.0,0.0
2020-08-24T23:58:37.999000Z,2020-08-24T23:58:38.128000Z,287.455,129.0,938.0,95.053,0.0,0.0,0.0,81.077,7.708626,0.0,0.0,0.0
2020-08-24T23:58:40.004000Z,2020-08-24T23:58:40.188000Z,523.043,184.0,940.0,94.887,0.0,0.0,0.0,81.077,7.708626,0.0,0.0,0.0
2020-08-24T23:58:42.004000Z,2020-08-24T23:58:42.161000Z,457.036,157.0,940.0,103.488,0.0,0.0,0.0,81.077,7.708626,0.0,0.0,0.0
2020-08-24T23:58:44.001999Z,2020-08-24T23:58:44.248000Z,524.208,246.0,940.0,97.62,0.0,0.0,0.0,81.077,7.708626,0.0,0.0,0.0
2020-08-24T23:58:46.005000Z,2020-08-24T23:58:47.398000Z,660.719,1393.0,62.0,94.302,0.0,0.0,0.0,81.077,0.124635,0.0,0.0,0.0
2020-08-24T23:58:47.399000Z,2020-08-24T23:58:48.263000Z,682.921,864.0,92.0,86.606,0.0,0.0,0.0,81.077,0.74656,0.0,0.0,0.0
2020-08-24T23:58:50.004000Z,2020-08-24T23:58:50.571000Z,568.817,567.0,126.0,87.265,0.0,0.0,0.0,81.077,0.989538,0.0,0.0,0.0
2020-08-24T23:58:52.003000Z,2020-08-24T23:58:52.145999Z,79.048,143.0,162.0,86.865,0.0,0.0,0.0,81.077,1.313562,0.0,0.0,0.0
2020-08-24T23:58:54.001999Z,2020-08-24T23:58:54.635000Z,842.026,633.0,162.0,89.074,0.0,0.0,0.0,81.077,1.313562,0.0,0.0,0.0
2020-08-24T23:58:56.007000Z,2020-08-24T23:58:56.455000Z,678.7,448.0,208.0,89.811,0.0,0.0,0.0,81.077,1.603078,0.0,0.0,0.0
2020-08-24T23:58:58.004000Z,2020-08-24T23:58:58.350000Z,565.222,346.0,258.0,87.232,0.0,0.0,0.0,81.077,1.871516,0.0,0.0,0.0
2020-08-24T23:59:00.004000Z,2020-08-24T23:59:00.321000Z,524.507,317.0,266.0,88.201,0.0,0.0,0.0,81.077,2.220028,0.0,0.0,0.0
2020-08-24T23:59:02.004000Z,2020-08-24T23:59:03.937999Z,1839.868,1934.0,308.0,88.658,0.0,0.0,0.0,81.077,2.623494,0.0,0.0,0.0
2020-08-24T23:59:03.942000Z,2020-08-24T23:59:04.870000Z,2535.626,928.0,308.0,252.21,0.0,0.0,0.0,81.077,0.017212,0.0,0.0,0.0
2020-08-24T23:59:06.011000Z,2020-08-24T23:59:06.563000Z,1718.459,552.0,468.0,90.981,0.0,0.0,0.0,81.077,2.947651,0.0,0.0,0.0
2020-08-24T23:59:08.004000Z,2020-08-24T23:59:08.208000Z,475.333,204.0,490.0,125.154,0.0,0.0,0.0,81.077,2.710473,0.0,0.0,0.0
2020-08-24T23:59:10.004000Z,2020-08-24T23:59:10.233000Z,472.792,229.0,502.0,89.861,0.0,0.0,0.0,81.077,4.359585,0.0,0.0,0.0
2020-08-24T23:59:12.011000Z,2020-08-24T23:59:12.440000Z,1504.814,429.0,516.0,107.384,0.0,0.0,0.0,81.077,3.857425,0.0,0.0,0.0
2020-08-24T23:59:14.001000Z,2020-08-24T23:59:14.445000Z,1725.527,444.0,554.0,89.369,0.0,0.0,0.0,81.077,4.434579,0.0,0.0,0.0
2020-08-24T23:59:16.008999Z,2020-08-24T23:59:16.225000Z,613.259,216.0,638.0,89.626,0.0,0.0,0.0,81.077,5.279816,0.0,0.0,0.0
2020-08-24T23:59:18.005000Z,2020-08-24T23:59:18.263000Z,922.522,258.0,648.0,91.326,0.0,0.0,0.0,81.077,5.374747,0.0,0.0,0.0
2020-08-24T23:59:20.001999Z,2020-08-24T23:59:20.275000Z,1045.74,273.0,670.0,88.779,0.0,0.0,0.0,81.077,5.447075,0.0,0.0,0.0
2020-08-24T23:59:22.001000Z,2020-08-24T23:59:22.163000Z,419.318,162.0,746.0,88.71,0.0,0.0,0.0,81.077,5.441775,0.0,0.0,0.0
2020-08-24T23:59:24.007000Z,2020-08-24T23:59:24.193000Z,491.751,186.0,746.0,106.571,0.0,0.0,0.0,81.077,5.441775,0.0,0.0,0.0
2020-08-24T23:59:26.001999Z,2020-08-24T23:59:26.225000Z,702.586,223.0,746.0,94.825,0.0,0.0,0.0,81.077,5.441775,0.0,0.0,0.0
2020-08-24T23:59:28.001999Z,2020-08-24T23:59:28.255000Z,954.092,253.0,772.0,106.59,0.0,0.0,0.0,81.077,5.165299,0.0,0.0,0.0
2020-08-24T23:59:30.001999Z,2020-08-24T23:59:30.280000Z,1217.426,278.0,796.0,94.536,0.0,0.0,0.0,81.077,6.247208,0.0,0.0,0.0
2020-08-24T23:59:32.003000Z,2020-08-24T23:59:32.343000Z,1699.453,340.0,824.0,91.694,0.0,0.0,0.0,81.077,6.397244,0.0,0.0,0.0
2020-08-24T23:59:34.004000Z,2020-08-24T23:59:34.165000Z,391.081,161.0,864.0,103.917,0.0,0.0,0.0,81.077,7.114055,0.0,0.0,0.0
2020-08-24T23:59:36.001000Z,2020-08-24T23:59:36.135000Z,209.885,134.0,864.0,95.125,0.0,0.0,0.0,81.077,7.114055,0.0,0.0,0.0
2020-08-24T23:59:38.004000Z,2020-08-24T23:59:38.223000Z,827.678,219.0,864.0,105.385,0.0,0.0,0.0,81.077,7.114055,0.0,0.0,0.0
2020-08-24T23:59:39.997000Z,2020-08-24T23:59:40.230000Z,1044.61,233.0,892.0,95.407,0.0,0.0,0.0,81.077,0.599614,0.0,0.0,0.0
2020-08-24T23:59:42.000000Z,2020-08-24T23:59:42.313000Z,1293.773,313.0,946.0,100.865,0.0,0.0,0.0,81.077,7.770266,0.0,0.0,0.0
2020-08-24T23:59:44.005000Z,2020-08-24T23:59:44.253000Z,1073.86,248.0,946.0,114.347,0.0,0.0,0.0,81.077,7.706711,0.0,0.0,0.0
2020-08-24T23:59:46.004000Z,2020-08-24T23:59:46.209999Z,815.943,206.0,948.0,124.543,0.0,0.0,0.0,81.077,7.621874,0.0,0.0,0.0
2020-08-24T23:59:48.001000Z,2020-08-24T23:59:48.168000Z,539.937,167.0,948.0,107.767,0.0,0.0,0.0,81.077,7.080295,0.0,0.0,0.0
2020-08-24T23:59:50.008999Z,2020-08-24T23:59:50.289999Z,723.385,281.0,948.0,92.96,0.0,0.0,0.0,81.077,7.080295,0.0,0.0,0.0
2020-08-24T23:59:52.004000Z,2020-08-24T23:59:52.215000Z,875.867,211.0,1446.0,184.226,0.0,0.0,0.0,81.077,7.080295,0.0,0.0,0.0
2020-08-24T23:59:54.001999Z,2020-08-24T23:59:54.235000Z,1048.952,233.0,940.0,102.428,0.0,0.0,0.0,81.077,7.296392,0.0,0.0,0.0
2020-08-24T23:59:56.007000Z,2020-08-24T23:59:56.255000Z,1159.416,248.0,924.0,106.206,0.0,0.0,0.0,81.077,7.683623,0.0,0.0,0.0
2020-08-24T23:59:58.003000Z,2020-08-24T23:59:58.293000Z,1159.787,290.0,922.0,109.506,0.0,0.0,0.0,81.077,7.652331,0.0,0.0,0.0
2020-08-25T00:00:00.017000Z,2020-08-25T00:00:00.288000Z,1305.809,271.0,920.0,128.026,0.0,0.0,0.0,81.077,6.079653,0.0,0.0,0.0
2020-08-25T00:00:02.001999Z,2020-08-25T00:00:03.563000Z,1034.002,1561.0,954.0,103.046,0.0,0.0,0.0,81.077,7.895278,0.0,0.0,0.0
2020-08-25T00:00:03.564000Z,2020-08-25T00:00:03.843000Z,630.399,279.0,954.0,1303.701,0.0,0.0,0.0,81.077,0.727718,0.0,0.0,0.0
2020-08-25T00:00:06.003000Z,2020-08-25T00:00:06.200000Z,231.175,197.0,956.0,193.254,0.0,0.0,0.0,81.077,2.357782,0.0,0.0,0.0
2020-08-25T00:00:08.004000Z,2020-08-25T00:00:08.293000Z,970.874,289.0,956.0,121.044,0.0,0.0,0.0,81.077,2.357782,0.0,0.0,0.0
2020-08-25T00:00:10.012000Z,2020-08-25T00:00:10.263000Z,763.516,251.0,1066.0,166.025,0.0,0.0,0.0,81.077,5.056886,0.0,0.0,0.0
2020-08-25T00:00:12.003000Z,2020-08-25T00:00:12.270000Z,1308.815,267.0,1066.0,136.959,0.0,0.0,0.0,81.077,5.056886,0.0,0.0,0.0
2020-08-25T00:00:13.998000Z,2020-08-25T00:00:14.305000Z,1503.808,307.0,982.0,96.563,0.0,0.0,0.0,81.077,7.655321,0.0,0.0,0.0
2020-08-25T00:00:16.003000Z,2020-08-25T00:00:16.230000Z,775.343,227.0,1004.0,126.209,0.0,0.0,0.0,81.077,8.456472,0.0,0.0,0.0
2020-08-25T00:00:18.006000Z,2020-08-25T00:00:18.175000Z,495.011,169.0,1010.0,108.749,0.0,0.0,0.0,81.077,5.947206,0.0,0.0,0.0
2020-08-25T00:00:20.004000Z,2020-08-25T00:00:20.153000Z,489.021,149.0,1010.0,100.072,0.0,0.0,0.0,81.077,5.947206,0.0,0.0,0.0
2020-08-25T00:00:21.336000Z,2020-08-25T00:00:21.533000Z,368.89,197.0,1010.0,91.731,0.0,0.0,0.0,81.077,5.947206,0.0,0.0,0.0
