start_time,end_time,size,trans_time,cwnd,rtt,rto,ssthresh,last_snd,min_rtt,delivery_rate,bytes_sent,bytes_retrans,client_trans_time
2020-08-24T21:42:15.822000Z,2020-08-24T21:42:15.985999Z,82.151,164.0,224.0,81.181,0.0,0.0,0.0,75.288,2.008057,0.0,0.0,0.0
2020-08-24T21:42:15.985999Z,2020-08-24T21:42:16.118000Z,115.5,132.0,262.0,86.099,0.0,0.0,0.0,75.288,1.133215,0.0,0.0,0.0
2020-08-24T21:42:16.118000Z,2020-08-24T21:42:16.237000Z,88.154,119.0,262.0,82.798,0.0,0.0,0.0,75.288,1.133215,0.0,0.0,0.0
2020-08-24T21:42:16.238000Z,2020-08-24T21:42:16.390000Z,182.893,152.0,262.0,82.203,0.0,0.0,0.0,75.413,1.133215,0.0,0.0,0.0
2020-08-24T21:42:16.390000Z,2020-08-24T21:42:16.542000Z,163.335,152.0,262.0,80.634,0.0,0.0,0.0,75.413,1.386242,0.0,0.0,0.0
2020-08-24T21:42:16.543000Z,2020-08-24T21:42:16.705999Z,202.31,163.0,262.0,82.192,0.0,0.0,0.0,75.413,1.386242,0.0,0.0,0.0
2020-08-24T21:42:16.707000Z,2020-08-24T21:42:16.996000Z,519.65,289.0,262.0,81.74,0.0,0.0,0.0,75.413,2.350813,0.0,0.0,0.0
2020-08-24T21:42:16.998000Z,2020-08-24T21:42:17.560000Z,1341.084,562.0,298.0,80.292,0.0,0.0,0.0,75.413,2.405151,0.0,0.0,0.0
2020-08-24T21:42:17.560999Z,2020-08-24T21:42:17.939000Z,928.084,378.0,346.0,84.232,0.0,0.0,0.0,75.413,3.262213,0.0,0.0,0.0
2020-08-24T21:42:19.241999Z,2020-08-24T21:42:19.452000Z,390.558,210.0,346.0,82.759,0.0,0.0,0.0,75.413,2.923263,0.0,0.0,0.0
2020-08-24T21:42:21.241999Z,2020-08-24T21:42:21.404000Z,254.588,162.0,346.0,80.242,0.0,0.0,0.0,75.413,2.829619,0.0,0.0,0.0
2020-08-24T21:42:23.241999Z,2020-08-24T21:42:23.406000Z,250.531,164.0,346.0,79.971,0.0,0.0,0.0,75.413,3.145763,0.0,0.0,0.0
2020-08-24T21:42:25.241999Z,2020-08-24T21:42:25.438000Z,377.855,196.0,344.0,80.838,0.0,0.0,0.0,75.413,2.837418,0.0,0.0,0.0
2020-08-24T21:42:27.241999Z,2020-08-24T21:42:27.425000Z,346.1,183.0,362.0,81.79,0.0,0.0,0.0,75.413,3.320866,0.0,0.0,0.0
2020-08-24T21:42:29.241000Z,2020-08-24T21:42:29.401999Z,259.075,161.0,368.0,80.388,0.0,0.0,0.0,75.413,3.444087,0.0,0.0,0.0
2020-08-24T21:42:31.241999Z,2020-08-24T21:42:31.404000Z,266.084,162.0,368.0,81.777,0.0,0.0,0.0,75.413,0.01258,0.0,0.0,0.0
2020-08-24T21:42:33.241999Z,2020-08-24T21:42:33.409999Z,288.093,168.0,368.0,82.561,0.0,0.0,0.0,75.413,3.136203,0.0,0.0,0.0
2020-08-24T21:42:35.244000Z,2020-08-24T21:42:35.404000Z,261.319,160.0,368.0,82.429,0.0,0.0,0.0,75.413,3.339401,0.0,0.0,0.0
2020-08-24T21:42:37.241999Z,2020-08-24T21:42:37.408000Z,281.239,166.0,368.0,81.921,0.0,0.0,0.0,75.413,3.339401,0.0,0.0,0.0
2020-08-24T21:42:39.244000Z,2020-08-24T21:42:39.438000Z,292.545,194.0,354.0,81.861,0.0,0.0,0.0,75.413,3.148704,0.0,0.0,0.0
2020-08-24T21:42:41.243000Z,2020-08-24T21:42:41.441999Z,419.557,199.0,354.0,85.951,0.0,0.0,0.0,75.398,3.293756,0.0,0.0,0.0
2020-08-24T21:42:43.241999Z,2020-08-24T21:42:43.423000Z,368.551,181.0,398.0,81.611,0.0,0.0,0.0,75.398,3.587879,0.0,0.0,0.0
2020-08-24T21:42:45.241999Z,2020-08-24T21:42:45.417000Z,357.341,175.0,398.0,81.697,0.0,0.0,0.0,75.398,3.480764,0.0,0.0,0.0
2020-08-24T21:42:47.241999Z,2020-08-24T21:42:47.401999Z,282.794,160.0,414.0,82.878,0.0,0.0,0.0,75.398,3.772261,0.0,0.0,0.0
2020-08-24T21:42:49.241999Z,2020-08-24T21:42:49.409000Z,312.526,167.0,414.0,82.509,0.0,0.0,0.0,75.319,3.772261,0.0,0.0,0.0
2020-08-24T21:42:51.241999Z,2020-08-24T21:42:51.424000Z,356.474,182.0,414.0,82.919,0.0,0.0,0.0,75.319,3.474432,0.0,0.0,0.0
2020-08-24T21:42:53.244000Z,2020-08-24T21:42:53.413000Z,317.08,169.0,414.0,83.673,0.0,0.0,0.0,75.319,3.51728,0.0,0.0,0.0
2020-08-24T21:42:55.243000Z,2020-08-24T21:42:55.403000Z,279.828,160.0,414.0,81.124,0.0,0.0,0.0,75.319,3.477323,0.0,0.0,0.0
2020-08-24T21:42:57.245000Z,2020-08-24T21:42:57.409000Z,307.96,164.0,414.0,81.942,0.0,0.0,0.0,75.319,3.477323,0.0,0.0,0.0
2020-08-24T21:42:59.243000Z,2020-08-24T21:42:59.423000Z,350.182,180.0,410.0,83.483,0.0,0.0,0.0,75.319,3.694999,0.0,0.0,0.0
2020-08-24T21:43:01.243000Z,2020-08-24T21:43:01.414000Z,313.772,171.0,406.0,89.05,0.0,0.0,0.0,75.319,3.651645,0.0,0.0,0.0
2020-08-24T21:43:03.244000Z,2020-08-24T21:43:03.497999Z,293.087,254.0,406.0,90.124,0.0,0.0,0.0,75.319,3.334426,0.0,0.0,0.0
2020-08-24T21:43:05.247000Z,2020-08-24T21:43:05.420000Z,292.607,173.0,406.0,82.149,0.0,0.0,0.0,75.319,0.466873,0.0,0.0,0.0
2020-08-24T21:43:07.248000Z,2020-08-24T21:43:07.401999Z,244.59,154.0,406.0,93.581,0.0,0.0,0.0,75.319,1.708829,0.0,0.0,0.0
2020-08-24T21:43:09.241999Z,2020-08-24T21:43:09.388000Z,229.877,146.0,406.0,82.862,0.0,0.0,0.0,75.319,1.708829,0.0,0.0,0.0
2020-08-24T21:43:11.241999Z,2020-08-24T21:43:11.415000Z,334.046,173.0,408.0,82.258,0.0,0.0,0.0,75.319,1.708829,0.0,0.0,0.0
2020-08-24T21:43:13.243000Z,2020-08-24T21:43:13.423000Z,346.081,180.0,404.0,83.531,0.0,0.0,0.0,75.319,0.348789,0.0,0.0,0.0
2020-08-24T21:43:15.243000Z,2020-08-24T21:43:15.472000Z,512.691,229.0,392.0,81.118,0.0,0.0,0.0,75.319,3.659896,0.0,0.0,0.0
2020-08-24T21:43:17.241999Z,2020-08-24T21:43:17.460000Z,411.901,218.0,392.0,81.268,0.0,0.0,0.0,75.319,3.651558,0.0,0.0,0.0
2020-08-24T21:43:19.246000Z,2020-08-24T21:43:19.430000Z,370.485,184.0,398.0,82.428,0.0,0.0,0.0,75.319,2.861062,0.0,0.0,0.0
2020-08-24T21:43:21.241999Z,2020-08-24T21:43:21.508000Z,436.799,266.0,4.0,84.858,0.0,0.0,0.0,75.319,3.413084,0.0,0.0,0.0
2020-08-24T21:43:23.245000Z,2020-08-24T21:43:23.438000Z,431.074,193.0,398.0,81.118,0.0,0.0,0.0,75.319,0.89273,0.0,0.0,0.0
2020-08-24T21:43:25.249999Z,2020-08-24T21:43:25.438000Z,415.251,188.0,414.0,82.48,0.0,0.0,0.0,75.319,3.722115,0.0,0.0,0.0
2020-08-24T21:43:27.245000Z,2020-08-24T21:43:27.461000Z,450.374,216.0,414.0,84.124,0.0,0.0,0.0,75.319,3.751084,0.0,0.0,0.0
2020-08-24T21:43:29.246000Z,2020-08-24T21:43:29.505999Z,406.04,260.0,458.0,83.418,0.0,0.0,0.0,75.319,3.760524,0.0,0.0,0.0
2020-08-24T21:43:31.249999Z,2020-08-24T21:43:31.441000Z,430.559,191.0,468.0,86.285,0.0,0.0,0.0,75.319,0.034341,0.0,0.0,0.0
2020-08-24T21:43:33.243000Z,2020-08-24T21:43:33.424000Z,429.883,181.0,490.0,86.645,0.0,0.0,0.0,75.319,4.173431,0.0,0.0,0.0
2020-08-24T21:43:35.243000Z,2020-08-24T21:43:35.422000Z,436.357,179.0,470.0,83.478,0.0,0.0,0.0,75.319,4.314831,0.0,0.0,0.0
2020-08-24T21:43:37.244000Z,2020-08-24T21:43:37.428000Z,442.731,184.0,468.0,82.87,0.0,0.0,0.0,75.319,4.192365,0.0,0.0,0.0
2020-08-24T21:43:39.241999Z,2020-08-24T21:43:39.396000Z,308.397,154.0,468.0,82.761,0.0,0.0,0.0,75.319,4.234472,0.0,0.0,0.0
2020-08-24T21:43:41.243000Z,2020-08-24T21:43:41.537999Z,637.139,295.0,468.0,81.754,0.0,0.0,0.0,75.319,4.234472,0.0,0.0,0.0
2020-08-24T21:43:43.245000Z,2020-08-24T21:43:43.652000Z,1526.123,407.0,510.0,82.694,0.0,0.0,0.0,75.319,0.912572,0.0,0.0,0.0
2020-08-24T21:43:45.244000Z,2020-08-24T21:43:45.609999Z,1402.903,366.0,520.0,80.756,0.0,0.0,0.0,75.302,4.605623,0.0,0.0,0.0
2020-08-24T21:43:47.246000Z,2020-08-24T21:43:47.747000Z,2359.529,501.0,596.0,81.235,0.0,0.0,0.0,75.302,5.286769,0.0,0.0,0.0
2020-08-24T21:43:49.247000Z,2020-08-24T21:43:49.809999Z,3479.06,563.0,752.0,87.357,0.0,0.0,0.0,75.302,4.918559,0.0,0.0,0.0
2020-08-24T21:43:51.246000Z,2020-08-24T21:43:51.660000Z,2615.544,414.0,914.0,86.125,0.0,0.0,0.0,75.302,7.9489,0.0,0.0,0.0
2020-08-24T21:43:53.245000Z,2020-08-24T21:43:53.633999Z,1825.226,389.0,928.0,91.752,0.0,0.0,0.0,75.302,8.404822,0.0,0.0,0.0
2020-08-24T21:43:55.246000Z,2020-08-24T21:43:55.577000Z,2032.175,331.0,4.0,103.947,0.0,0.0,0.0,75.302,8.27421,0.0,0.0,0.0
2020-08-24T21:43:57.248000Z,2020-08-24T21:43:57.609999Z,2387.062,362.0,980.0,84.317,0.0,0.0,0.0,75.302,8.086306,0.0,0.0,0.0
2020-08-24T21:43:59.245000Z,2020-08-24T21:43:59.563000Z,2168.583,318.0,1038.0,89.825,0.0,0.0,0.0,75.302,7.637964,0.0,0.0,0.0
2020-08-24T21:44:01.246000Z,2020-08-24T21:44:01.475000Z,1402.764,229.0,1044.0,84.932,0.0,0.0,0.0,75.302,9.084023,0.0,0.0,0.0
2020-08-24T21:44:03.244000Z,2020-08-24T21:44:03.470000Z,1369.575,226.0,1080.0,87.836,0.0,0.0,0.0,75.302,9.01851,0.0,0.0,0.0
2020-08-24T21:44:05.244000Z,2020-08-24T21:44:05.453000Z,1176.914,209.0,1086.0,91.161,0.0,0.0,0.0,75.302,9.593142,0.0,0.0,0.0
2020-08-24T21:44:07.244000Z,2020-08-24T21:44:07.446000Z,1151.542,202.0,1086.0,86.101,0.0,0.0,0.0,75.302,9.315039,0.0,0.0,0.0
2020-08-24T21:44:09.244000Z,2020-08-24T21:44:09.456000Z,1281.213,212.0,1088.0,93.903,0.0,0.0,0.0,75.302,9.3645,0.0,0.0,0.0
2020-08-24T21:44:11.245000Z,2020-08-24T21:44:11.438000Z,1056.11,193.0,1186.0,92.038,0.0,0.0,0.0,75.302,9.923843,0.0,0.0,0.0
2020-08-24T21:44:13.246000Z,2020-08-24T21:44:13.528000Z,1986.705,282.0,1182.0,95.495,0.0,0.0,0.0,75.302,9.486435,0.0,0.0,0.0
2020-08-24T21:44:15.247000Z,2020-08-24T21:44:15.566000Z,2433.491,319.0,1226.0,86.236,0.0,0.0,0.0,75.302,9.21721,0.0,0.0,0.0
2020-08-24T21:44:17.246000Z,2020-08-24T21:44:17.561999Z,2473.288,316.0,1262.0,95.386,0.0,0.0,0.0,75.302,10.250946,0.0,0.0,0.0
2020-08-24T21:44:19.246000Z,2020-08-24T21:44:19.520000Z,2006.261,274.0,1294.0,102.684,0.0,0.0,0.0,75.302,11.01118,0.0,0.0,0.0
2020-08-24T21:44:21.246000Z,2020-08-24T21:44:21.536000Z,2201.243,290.0,1288.0,89.987,0.0,0.0,0.0,75.302,10.439058,0.0,0.0,0.0
2020-08-24T21:44:23.245000Z,2020-08-24T21:44:23.525000Z,2106.549,280.0,1272.0,101.218,0.0,0.0,0.0,75.302,10.984453,0.0,0.0,0.0
2020-08-24T21:44:25.244000Z,2020-08-24T21:44:25.462000Z,1391.21,218.0,1264.0,101.988,0.0,0.0,0.0,75.302,11.420911,0.0,0.0,0.0
2020-08-24T21:44:27.246000Z,2020-08-24T21:44:27.452000Z,1242.941,206.0,1238.0,97.978,0.0,0.0,0.0,75.302,11.053207,0.0,0.0,0.0
2020-08-24T21:44:29.244000Z,2020-08-24T21:44:29.412000Z,849.989,168.0,1238.0,95.966,0.0,0.0,0.0,75.302,10.988766,0.0,0.0,0.0
2020-08-24T21:44:31.243000Z,2020-08-24T21:44:31.393999Z,635.246,151.0,1244.0,90.428,0.0,0.0,0.0,75.302,10.988766,0.0,0.0,0.0
2020-08-24T21:44:33.244000Z,2020-08-24T21:44:33.388000Z,537.844,144.0,1244.0,94.186,0.0,0.0,0.0,75.302,10.988766,0.0,0.0,0.0
2020-08-24T21:44:35.243000Z,2020-08-24T21:44:35.376000Z,437.056,133.0,1244.0,89.123,0.0,0.0,0.0,75.302,10.988766,0.0,0.0,0.0
2020-08-24T21:44:37.243000Z,2020-08-24T21:44:37.388000Z,582.602,145.0,1264.0,91.849,0.0,0.0,0.0,75.302,10.988766,0.0,0.0,0.0
2020-08-24T21:44:39.243000Z,2020-08-24T21:44:39.396000Z,566.071,153.0,1264.0,90.916,0.0,0.0,0.0,75.302,10.988766,0.0,0.0,0.0
2020-08-24T21:44:41.243000Z,2020-08-24T21:44:41.388000Z,576.091,145.0,1264.0,95.196,0.0,0.0,0.0,75.302,10.988766,0.0,0.0,0.0
2020-08-24T21:44:43.243000Z,2020-08-24T21:44:43.382000Z,536.274,139.0,1264.0,93.898,0.0,0.0,0.0,75.302,10.988766,0.0,0.0,0.0
2020-08-24T21:44:45.243000Z,2020-08-24T21:44:45.401999Z,767.256,159.0,1240.0,85.718,0.0,0.0,0.0,75.302,10.988766,0.0,0.0,0.0
2020-08-24T21:44:47.243000Z,2020-08-24T21:44:47.405000Z,740.943,162.0,1240.0,91.266,0.0,0.0,0.0,75.302,10.988766,0.0,0.0,0.0
2020-08-24T21:44:49.245000Z,2020-08-24T21:44:49.413000Z,799.97,168.0,1240.0,90.872,0.0,0.0,0.0,75.302,10.988766,0.0,0.0,0.0
2020-08-24T21:44:51.243000Z,2020-08-24T21:44:51.401999Z,688.639,159.0,1240.0,95.753,0.0,0.0,0.0,75.302,10.988766,0.0,0.0,0.0
2020-08-24T21:44:53.245000Z,2020-08-24T21:44:53.408000Z,774.552,163.0,1240.0,95.405,0.0,0.0,0.0,75.302,10.988766,0.0,0.0,0.0
2020-08-24T21:44:55.248999Z,2020-08-24T21:44:55.422000Z,878.606,173.0,1240.0,87.917,0.0,0.0,0.0,75.302,10.988766,0.0,0.0,0.0
2020-08-24T21:44:57.243000Z,2020-08-24T21:44:57.390000Z,603.568,147.0,1260.0,94.268,0.0,0.0,0.0,75.302,10.988766,0.0,0.0,0.0
2020-08-24T21:44:59.243000Z,2020-08-24T21:44:59.380000Z,478.047,137.0,1260.0,91.619,0.0,0.0,0.0,75.302,10.988766,0.0,0.0,0.0
2020-08-24T21:45:01.244000Z,2020-08-24T21:45:01.465999Z,593.535,222.0,1260.0,88.144,0.0,0.0,0.0,75.302,10.988766,0.0,0.0,0.0
2020-08-24T21:45:03.243000Z,2020-08-24T21:45:04.093000Z,625.043,850.0,84.0,92.926,0.0,0.0,0.0,75.302,0.702073,0.0,0.0,0.0
2020-08-24T21:45:05.244000Z,2020-08-24T21:45:05.963000Z,944.669,719.0,148.0,81.38,0.0,0.0,0.0,75.302,1.077683,0.0,0.0,0.0
2020-08-24T21:45:07.246000Z,2020-08-24T21:45:08.239000Z,1967.625,993.0,198.0,81.977,0.0,0.0,0.0,75.302,1.727238,0.0,0.0,0.0
2020-08-24T21:45:09.245000Z,2020-08-24T21:45:09.923000Z,1807.124,678.0,295.0,81.159,0.0,0.0,0.0,75.302,2.804664,0.0,0.0,0.0
2020-08-24T21:45:11.245000Z,2020-08-24T21:45:11.689000Z,1397.798,444.0,377.0,83.958,0.0,0.0,0.0,75.302,2.192315,0.0,0.0,0.0
2020-08-24T21:45:13.246000Z,2020-08-24T21:45:13.631000Z,1387.681,385.0,454.0,82.952,0.0,0.0,0.0,75.302,4.211679,0.0,0.0,0.0
2020-08-24T21:45:15.245000Z,2020-08-24T21:45:15.598000Z,1375.107,353.0,572.0,81.246,0.0,0.0,0.0,75.302,4.578156,0.0,0.0,0.0
2020-08-24T21:45:17.493000Z,2020-08-24T21:45:17.761999Z,1064.623,269.0,576.0,85.578,0.0,0.0,0.0,75.302,5.078791,0.0,0.0,0.0
2020-08-24T21:45:19.495000Z,2020-08-24T21:45:19.708000Z,860.035,213.0,716.0,81.14,0.0,0.0,0.0,75.302,5.532565,0.0,0.0,0.0
2020-08-24T21:45:21.494000Z,2020-08-24T21:45:21.671000Z,642.137,177.0,4.0,86.332,0.0,0.0,0.0,75.302,6.403934,0.0,0.0,0.0
2020-08-24T21:45:23.494000Z,2020-08-24T21:45:23.641999Z,392.974,148.0,738.0,84.35,0.0,0.0,0.0,75.302,6.912265,0.0,0.0,0.0
2020-08-24T21:45:25.494000Z,2020-08-24T21:45:25.641999Z,431.126,148.0,738.0,86.661,0.0,0.0,0.0,75.302,6.912265,0.0,0.0,0.0
2020-08-24T21:45:27.337000Z,2020-08-24T21:45:27.481999Z,413.636,145.0,736.0,82.954,0.0,0.0,0.0,75.302,6.912265,0.0,0.0,0.0
2020-08-24T21:45:29.494000Z,2020-08-24T21:45:29.641000Z,419.328,147.0,736.0,88.258,0.0,0.0,0.0,75.302,6.912265,0.0,0.0,0.0
2020-08-24T21:45:31.498000Z,2020-08-24T21:45:31.662000Z,532.102,164.0,736.0,85.681,0.0,0.0,0.0,75.302,6.912265,0.0,0.0,0.0
2020-08-24T21:45:33.495000Z,2020-08-24T21:45:33.657000Z,481.458,162.0,736.0,85.882,0.0,0.0,0.0,75.302,6.912265,0.0,0.0,0.0
2020-08-24T21:45:35.494000Z,2020-08-24T21:45:35.636000Z,370.524,142.0,736.0,89.305,0.0,0.0,0.0,75.302,6.912265,0.0,0.0,0.0
2020-08-24T21:45:37.494000Z,2020-08-24T21:45:37.641999Z,442.12,148.0,738.0,83.912,0.0,0.0,0.0,75.302,6.912265,0.0,0.0,0.0
2020-08-24T21:45:39.494000Z,2020-08-24T21:45:39.636000Z,404.638,142.0,738.0,82.524,0.0,0.0,0.0,75.302,6.912265,0.0,0.0,0.0
2020-08-24T21:45:41.494000Z,2020-08-24T21:45:41.622000Z,349.754,128.0,734.0,80.892,0.0,0.0,0.0,75.302,6.912265,0.0,0.0,0.0
2020-08-24T21:45:43.495000Z,2020-08-24T21:45:43.649999Z,484.241,155.0,736.0,82.23,0.0,0.0,0.0,75.302,6.912265,0.0,0.0,0.0
2020-08-24T21:45:45.495000Z,2020-08-24T21:45:45.648000Z,447.924,153.0,736.0,84.262,0.0,0.0,0.0,75.302,6.912265,0.0,0.0,0.0
2020-08-24T21:45:47.496000Z,2020-08-24T21:45:47.640000Z,424.009,144.0,736.0,81.693,0.0,0.0,0.0,75.302,6.912265,0.0,0.0,0.0
2020-08-24T21:45:49.495000Z,2020-08-24T21:45:49.643000Z,470.193,148.0,736.0,83.921,0.0,0.0,0.0,75.302,6.912265,0.0,0.0,0.0
2020-08-24T21:45:51.345000Z,2020-08-24T21:45:51.503000Z,481.499,158.0,758.0,85.454,0.0,0.0,0.0,75.302,6.912265,0.0,0.0,0.0
2020-08-24T21:45:53.495000Z,2020-08-24T21:45:53.647000Z,434.774,152.0,736.0,87.521,0.0,0.0,0.0,75.302,6.912265,0.0,0.0,0.0
2020-08-24T21:45:55.496000Z,2020-08-24T21:45:55.759000Z,1285.016,263.0,736.0,86.688,0.0,0.0,0.0,75.302,6.912265,0.0,0.0,0.0
2020-08-24T21:45:57.497000Z,2020-08-24T21:45:57.854000Z,2175.775,357.0,842.0,83.579,0.0,0.0,0.0,75.302,6.812497,0.0,0.0,0.0
2020-08-24T21:45:59.498000Z,2020-08-24T21:45:59.887000Z,2572.615,389.0,880.0,87.414,0.0,0.0,0.0,75.302,7.562664,0.0,0.0,0.0
2020-08-24T21:46:01.497000Z,2020-08-24T21:46:01.814000Z,2285.649,317.0,1054.0,85.552,0.0,0.0,0.0,75.302,7.993694,0.0,0.0,0.0
2020-08-24T21:46:03.498000Z,2020-08-24T21:46:03.892000Z,2566.251,394.0,1136.0,92.037,0.0,0.0,0.0,75.302,10.081684,0.0,0.0,0.0
2020-08-24T21:46:05.502000Z,2020-08-24T21:46:05.844000Z,2358.313,342.0,1132.0,102.493,0.0,0.0,0.0,75.302,5.228735,0.0,0.0,0.0
2020-08-24T21:46:07.500000Z,2020-08-24T21:46:07.819000Z,2189.949,319.0,1138.0,116.787,0.0,0.0,0.0,75.302,9.862318,0.0,0.0,0.0
2020-08-24T21:46:09.499000Z,2020-08-24T21:46:09.800000Z,2031.768,301.0,1142.0,94.316,0.0,0.0,0.0,75.302,8.634475,0.0,0.0,0.0
2020-08-24T21:46:11.499000Z,2020-08-24T21:46:11.836000Z,2090.824,337.0,1197.0,100.143,0.0,0.0,0.0,75.302,9.786616,0.0,0.0,0.0
2020-08-24T21:46:13.498000Z,2020-08-24T21:46:13.849999Z,2215.731,352.0,1226.0,116.087,0.0,0.0,0.0,75.302,8.397709,0.0,0.0,0.0
2020-08-24T21:46:15.353999Z,2020-08-24T21:46:15.756000Z,2654.049,402.0,1232.0,101.955,0.0,0.0,0.0,75.302,7.036114,0.0,0.0,0.0
2020-08-24T21:46:17.505000Z,2020-08-24T21:46:17.769999Z,1662.873,265.0,1058.0,122.248,0.0,0.0,0.0,75.302,8.795036,0.0,0.0,0.0
2020-08-24T21:46:19.499000Z,2020-08-24T21:46:19.737000Z,1458.606,238.0,1082.0,94.022,0.0,0.0,0.0,75.302,8.810096,0.0,0.0,0.0
2020-08-24T21:46:21.498000Z,2020-08-24T21:46:21.824000Z,2346.783,326.0,1170.0,92.082,0.0,0.0,0.0,75.302,10.822875,0.0,0.0,0.0
2020-08-24T21:46:23.499000Z,2020-08-24T21:46:23.849999Z,2817.013,351.0,1206.0,92.868,0.0,0.0,0.0,75.302,9.232504,0.0,0.0,0.0
2020-08-24T21:46:25.497000Z,2020-08-24T21:46:25.782000Z,2087.776,285.0,1244.0,89.996,0.0,0.0,0.0,75.302,10.350666,0.0,0.0,0.0
2020-08-24T21:46:27.496000Z,2020-08-24T21:46:27.739000Z,1640.733,243.0,1238.0,95.176,0.0,0.0,0.0,75.302,10.259172,0.0,0.0,0.0
2020-08-24T21:46:29.493000Z,2020-08-24T21:46:29.643000Z,642.996,150.0,1238.0,99.754,0.0,0.0,0.0,75.302,10.433343,0.0,0.0,0.0
2020-08-24T21:46:31.495000Z,2020-08-24T21:46:31.643000Z,596.648,148.0,4.0,89.386,0.0,0.0,0.0,75.302,10.433343,0.0,0.0,0.0
2020-08-24T21:46:33.497000Z,2020-08-24T21:46:33.713999Z,1372.633,217.0,1260.0,94.587,0.0,0.0,0.0,75.302,10.433343,0.0,0.0,0.0
2020-08-24T21:46:35.497000Z,2020-08-24T21:46:35.732000Z,1566.353,235.0,1244.0,91.607,0.0,0.0,0.0,75.302,9.671173,0.0,0.0,0.0
2020-08-24T21:46:37.497000Z,2020-08-24T21:46:37.740000Z,1694.753,243.0,1292.0,100.784,0.0,0.0,0.0,75.302,11.393055,0.0,0.0,0.0
2020-08-24T21:46:39.337000Z,2020-08-24T21:46:39.590000Z,1773.951,253.0,1286.0,92.956,0.0,0.0,0.0,75.302,10.670484,0.0,0.0,0.0
2020-08-24T21:46:41.496000Z,2020-08-24T21:46:41.671000Z,919.232,175.0,1272.0,99.348,0.0,0.0,0.0,75.302,10.323699,0.0,0.0,0.0
2020-08-24T21:46:43.496000Z,2020-08-24T21:46:43.673999Z,958.706,178.0,1278.0,96.912,0.0,0.0,0.0,75.302,10.323699,0.0,0.0,0.0
2020-08-24T21:46:45.495000Z,2020-08-24T21:46:45.649000Z,657.616,154.0,1278.0,91.077,0.0,0.0,0.0,75.302,10.323699,0.0,0.0,0.0
2020-08-24T21:46:47.495000Z,2020-08-24T21:46:47.644000Z,635.599,149.0,1278.0,96.948,0.0,0.0,0.0,75.302,10.323699,0.0,0.0,0.0
2020-08-24T21:46:49.495000Z,2020-08-24T21:46:49.647000Z,679.011,152.0,1278.0,87.17,0.0,0.0,0.0,75.302,10.323699,0.0,0.0,0.0
2020-08-24T21:46:51.495000Z,2020-08-24T21:46:51.652000Z,732.875,157.0,1294.0,89.074,0.0,0.0,0.0,75.302,10.323699,0.0,0.0,0.0
2020-08-24T21:46:53.497000Z,2020-08-24T21:46:53.681000Z,1044.674,184.0,1292.0,95.238,0.0,0.0,0.0,75.302,10.323699,0.0,0.0,0.0
2020-08-24T21:46:55.496000Z,2020-08-24T21:46:55.710000Z,1250.18,214.0,1086.0,98.847,0.0,0.0,0.0,75.302,0.670593,0.0,0.0,0.0
2020-08-24T21:46:57.496000Z,2020-08-24T21:46:57.705999Z,1271.76,210.0,1150.0,94.953,0.0,0.0,0.0,75.302,10.252026,0.0,0.0,0.0
2020-08-24T21:46:59.497000Z,2020-08-24T21:46:59.729999Z,1535.355,233.0,1146.0,88.982,0.0,0.0,0.0,75.302,10.647015,0.0,0.0,0.0
2020-08-24T21:47:01.504000Z,2020-08-24T21:47:01.777000Z,1958.17,273.0,1154.0,91.077,0.0,0.0,0.0,75.302,10.096097,0.0,0.0,0.0
2020-08-24T21:47:03.495000Z,2020-08-24T21:47:03.629000Z,498.974,134.0,1268.0,92.644,0.0,0.0,0.0,75.302,11.633051,0.0,0.0,0.0
2020-08-24T21:47:05.495000Z,2020-08-24T21:47:05.673999Z,457.701,179.0,1268.0,90.169,0.0,0.0,0.0,75.302,11.633051,0.0,0.0,0.0
2020-08-24T21:47:07.500000Z,2020-08-24T21:47:08.029000Z,1134.259,529.0,1268.0,94.554,0.0,0.0,0.0,75.302,4.151054,0.0,0.0,0.0
2020-08-24T21:47:09.496000Z,2020-08-24T21:47:09.684000Z,1071.433,188.0,1258.0,88.069,0.0,0.0,0.0,75.302,10.589441,0.0,0.0,0.0
2020-08-24T21:47:11.495000Z,2020-08-24T21:47:11.652000Z,677.869,157.0,1128.0,97.136,0.0,0.0,0.0,75.302,10.10804,0.0,0.0,0.0
2020-08-24T21:47:13.501000Z,2020-08-24T21:47:13.697999Z,225.449,197.0,1134.0,86.807,0.0,0.0,0.0,75.302,10.10804,0.0,0.0,0.0
2020-08-24T21:47:15.499000Z,2020-08-24T21:47:15.633999Z,444.256,135.0,1076.0,89.591,0.0,0.0,0.0,75.302,0.061661,0.0,0.0,0.0
2020-08-24T21:47:17.495000Z,2020-08-24T21:47:17.660000Z,700.454,165.0,1076.0,86.255,0.0,0.0,0.0,75.302,3.312056,0.0,0.0,0.0
2020-08-24T21:47:19.495000Z,2020-08-24T21:47:19.643000Z,554.178,148.0,1076.0,90.547,0.0,0.0,0.0,75.302,7.15382,0.0,0.0,0.0
2020-08-24T21:47:21.495000Z,2020-08-24T21:47:21.635000Z,507.094,140.0,1106.0,86.788,0.0,0.0,0.0,75.302,7.15382,0.0,0.0,0.0
2020-08-24T21:47:23.495000Z,2020-08-24T21:47:23.655000Z,684.029,160.0,1084.0,84.578,0.0,0.0,0.0,75.302,7.15382,0.0,0.0,0.0
2020-08-24T21:47:25.495000Z,2020-08-24T21:47:25.628000Z,498.375,133.0,1084.0,92.68,0.0,0.0,0.0,75.302,7.15382,0.0,0.0,0.0
2020-08-24T21:47:27.497000Z,2020-08-24T21:47:27.773000Z,1810.938,276.0,1084.0,83.64,0.0,0.0,0.0,75.302,7.15382,0.0,0.0,0.0
2020-08-24T21:47:29.496000Z,2020-08-24T21:47:29.686000Z,1059.091,190.0,1176.0,90.266,0.0,0.0,0.0,75.302,9.096235,0.0,0.0,0.0
2020-08-24T21:47:31.496000Z,2020-08-24T21:47:32.033999Z,1359.036,538.0,1176.0,94.761,0.0,0.0,0.0,75.302,9.758657,0.0,0.0,0.0
2020-08-24T21:47:33.498000Z,2020-08-24T21:47:33.839000Z,2589.302,341.0,1222.0,84.963,0.0,0.0,0.0,75.302,10.624843,0.0,0.0,0.0
2020-08-24T21:47:35.498000Z,2020-08-24T21:47:35.814000Z,2501.323,316.0,1230.0,93.979,0.0,0.0,0.0,75.302,9.506711,0.0,0.0,0.0
2020-08-24T21:47:37.497000Z,2020-08-24T21:47:37.734000Z,1610.468,237.0,1280.0,90.359,0.0,0.0,0.0,75.302,10.679983,0.0,0.0,0.0
2020-08-24T21:47:39.495000Z,2020-08-24T21:47:39.616000Z,367.132,121.0,1274.0,110.176,0.0,0.0,0.0,75.302,11.353296,0.0,0.0,0.0
2020-08-24T21:47:41.498000Z,2020-08-24T21:47:41.767000Z,1963.099,269.0,1274.0,90.589,0.0,0.0,0.0,75.302,11.353296,0.0,0.0,0.0
2020-08-24T21:47:43.499000Z,2020-08-24T21:47:43.807000Z,2412.925,308.0,1286.0,101.2,0.0,0.0,0.0,75.302,10.781324,0.0,0.0,0.0
2020-08-24T21:47:45.497000Z,2020-08-24T21:47:46.080000Z,1793.035,583.0,1286.0,125.019,0.0,0.0,0.0,75.302,11.535796,0.0,0.0,0.0
2020-08-24T21:47:47.497000Z,2020-08-24T21:47:47.759000Z,1925.063,262.0,1292.0,90.438,0.0,0.0,0.0,75.302,9.696354,0.0,0.0,0.0
2020-08-24T21:47:49.495000Z,2020-08-24T21:47:49.628000Z,438.078,133.0,1248.0,113.14,0.0,0.0,0.0,75.302,10.784442,0.0,0.0,0.0
2020-08-24T21:47:51.495000Z,2020-08-24T21:47:51.649000Z,705.178,154.0,1248.0,89.265,0.0,0.0,0.0,75.302,10.784442,0.0,0.0,0.0
2020-08-24T21:47:53.500000Z,2020-08-24T21:47:53.760000Z,1892.179,260.0,1242.0,90.481,0.0,0.0,0.0,75.302,10.784442,0.0,0.0,0.0
2020-08-24T21:47:55.501000Z,2020-08-24T21:47:55.753000Z,1639.511,252.0,1246.0,99.675,0.0,0.0,0.0,75.302,10.732398,0.0,0.0,0.0
2020-08-24T21:47:57.499000Z,2020-08-24T21:47:57.793999Z,2252.737,295.0,1240.0,89.116,0.0,0.0,0.0,75.302,9.764691,0.0,0.0,0.0
2020-08-24T21:47:59.496000Z,2020-08-24T21:47:59.709000Z,1301.261,213.0,1240.0,98.3,0.0,0.0,0.0,75.302,11.392725,0.0,0.0,0.0
2020-08-24T21:48:01.497000Z,2020-08-24T21:48:01.777000Z,1997.686,280.0,1240.0,93.022,0.0,0.0,0.0,75.302,9.741561,0.0,0.0,0.0
2020-08-24T21:48:03.495000Z,2020-08-24T21:48:03.633000Z,471.932,138.0,1240.0,88.297,0.0,0.0,0.0,75.302,9.447819,0.0,0.0,0.0
2020-08-24T21:48:05.496000Z,2020-08-24T21:48:05.640000Z,587.152,144.0,1240.0,93.828,0.0,0.0,0.0,75.302,9.447819,0.0,0.0,0.0
2020-08-24T21:48:07.495000Z,2020-08-24T21:48:07.613000Z,327.442,118.0,1240.0,87.142,0.0,0.0,0.0,75.302,9.447819,0.0,0.0,0.0
2020-08-24T21:48:09.495000Z,2020-08-24T21:48:09.622000Z,366.476,127.0,1240.0,86.535,0.0,0.0,0.0,75.302,9.447819,0.0,0.0,0.0
2020-08-24T21:48:11.495000Z,2020-08-24T21:48:11.615000Z,376.558,120.0,1246.0,87.63,0.0,0.0,0.0,75.302,9.447819,0.0,0.0,0.0
2020-08-24T21:48:13.503000Z,2020-08-24T21:48:13.624000Z,376.85,121.0,1246.0,85.626,0.0,0.0,0.0,75.302,9.447819,0.0,0.0,0.0
2020-08-24T21:48:15.495000Z,2020-08-24T21:48:15.617999Z,384.361,123.0,1258.0,84.679,0.0,0.0,0.0,75.302,9.447819,0.0,0.0,0.0
2020-08-24T21:48:17.495000Z,2020-08-24T21:48:17.631000Z,443.391,136.0,1250.0,88.023,0.0,0.0,0.0,75.302,9.447819,0.0,0.0,0.0
2020-08-24T21:48:19.495000Z,2020-08-24T21:48:19.620000Z,422.958,125.0,1250.0,90.183,0.0,0.0,0.0,75.302,9.447819,0.0,0.0,0.0
2020-08-24T21:48:21.495000Z,2020-08-24T21:48:21.624000Z,390.295,129.0,1250.0,86.472,0.0,0.0,0.0,75.302,9.447819,0.0,0.0,0.0
2020-08-24T21:48:23.496000Z,2020-08-24T21:48:23.635000Z,537.473,139.0,1250.0,90.996,0.0,0.0,0.0,75.302,9.447819,0.0,0.0,0.0
2020-08-24T21:48:25.495000Z,2020-08-24T21:48:25.625999Z,462.03,131.0,1240.0,91.515,0.0,0.0,0.0,75.302,9.447819,0.0,0.0,0.0
2020-08-24T21:48:27.496000Z,2020-08-24T21:48:27.628000Z,474.787,132.0,1240.0,91.656,0.0,0.0,0.0,75.302,9.447819,0.0,0.0,0.0
2020-08-24T21:48:29.495000Z,2020-08-24T21:48:29.628000Z,472.147,133.0,1240.0,86.556,0.0,0.0,0.0,75.302,9.447819,0.0,0.0,0.0
2020-08-24T21:48:31.495000Z,2020-08-24T21:48:31.621000Z,428.216,126.0,1240.0,89.9,0.0,0.0,0.0,75.302,9.447819,0.0,0.0,0.0
2020-08-24T21:48:33.496000Z,2020-08-24T21:48:33.654000Z,739.775,158.0,1240.0,89.226,0.0,0.0,0.0,75.302,9.447819,0.0,0.0,0.0
2020-08-24T21:48:35.497000Z,2020-08-24T21:48:35.624000Z,447.523,127.0,1240.0,88.485,0.0,0.0,0.0,75.302,9.447819,0.0,0.0,0.0
2020-08-24T21:48:37.495000Z,2020-08-24T21:48:37.640000Z,622.911,145.0,1256.0,86.704,0.0,0.0,0.0,75.302,9.447819,0.0,0.0,0.0
2020-08-24T21:48:39.497000Z,2020-08-24T21:48:39.710000Z,1279.36,213.0,1256.0,87.442,0.0,0.0,0.0,75.302,9.447819,0.0,0.0,0.0
2020-08-24T21:48:41.496000Z,2020-08-24T21:48:41.692000Z,1122.367,196.0,1154.0,98.202,0.0,0.0,0.0,75.302,10.031387,0.0,0.0,0.0
2020-08-24T21:48:43.496000Z,2020-08-24T21:48:43.652000Z,658.621,156.0,1142.0,93.683,0.0,0.0,0.0,75.302,9.692568,0.0,0.0,0.0
2020-08-24T21:48:45.500000Z,2020-08-24T21:48:45.662000Z,755.67,162.0,1142.0,87.609,0.0,0.0,0.0,75.318,9.692568,0.0,0.0,0.0
2020-08-24T21:48:47.496000Z,2020-08-24T21:48:47.653000Z,685.731,157.0,1142.0,90.293,0.0,0.0,0.0,75.318,9.692568,0.0,0.0,0.0
2020-08-24T21:48:49.495000Z,2020-08-24T21:48:49.654000Z,731.356,159.0,1142.0,92.066,0.0,0.0,0.0,75.318,9.692568,0.0,0.0,0.0
2020-08-24T21:48:51.496000Z,2020-08-24T21:48:51.680000Z,969.655,184.0,1142.0,89.995,0.0,0.0,0.0,75.318,9.692568,0.0,0.0,0.0
2020-08-24T21:48:53.496000Z,2020-08-24T21:48:53.702000Z,1184.528,206.0,4.0,94.787,0.0,0.0,0.0,75.318,9.216799,0.0,0.0,0.0
2020-08-24T21:48:55.496000Z,2020-08-24T21:48:55.775000Z,1167.705,279.0,1178.0,92.663,0.0,0.0,0.0,75.318,10.333302,0.0,0.0,0.0
2020-08-24T21:48:57.497000Z,2020-08-24T21:48:57.724000Z,1433.451,227.0,1184.0,92.435,0.0,0.0,0.0,75.318,0.433434,0.0,0.0,0.0
2020-08-24T21:48:59.497000Z,2020-08-24T21:48:59.726000Z,1500.252,229.0,1170.0,91.254,0.0,0.0,0.0,75.318,9.981556,0.0,0.0,0.0
2020-08-24T21:49:01.496000Z,2020-08-24T21:49:01.713999Z,1342.125,218.0,1202.0,97.94,0.0,0.0,0.0,75.318,10.515312,0.0,0.0,0.0
2020-08-24T21:49:03.496000Z,2020-08-24T21:49:03.700000Z,1217.298,204.0,1202.0,90.437,0.0,0.0,0.0,75.318,9.847702,0.0,0.0,0.0
2020-08-24T21:49:05.497000Z,2020-08-24T21:49:05.692000Z,1099.289,195.0,1204.0,95.468,0.0,0.0,0.0,75.318,10.573024,0.0,0.0,0.0
2020-08-24T21:49:07.499000Z,2020-08-24T21:49:07.685000Z,1065.55,186.0,1204.0,95.755,0.0,0.0,0.0,75.318,9.367789,0.0,0.0,0.0
2020-08-24T21:49:09.500000Z,2020-08-24T21:49:09.888000Z,3135.761,388.0,1198.0,90.547,0.0,0.0,0.0,75.318,10.148094,0.0,0.0,0.0
2020-08-24T21:49:11.498000Z,2020-08-24T21:49:11.710000Z,1331.762,212.0,1228.0,98.359,0.0,0.0,0.0,75.318,9.958651,0.0,0.0,0.0
2020-08-24T21:49:13.498000Z,2020-08-24T21:49:13.729999Z,1594.284,232.0,1236.0,92.474,0.0,0.0,0.0,75.318,11.0744,0.0,0.0,0.0
2020-08-24T21:49:15.496000Z,2020-08-24T21:49:15.646000Z,648.48,150.0,1242.0,103.315,0.0,0.0,0.0,75.318,10.842689,0.0,0.0,0.0
2020-08-24T21:49:17.497000Z,2020-08-24T21:49:17.662000Z,718.482,165.0,1242.0,93.86,0.0,0.0,0.0,75.318,10.842689,0.0,0.0,0.0
2020-08-24T21:49:19.495000Z,2020-08-24T21:49:19.623000Z,372.302,128.0,1242.0,96.823,0.0,0.0,0.0,75.318,10.842689,0.0,0.0,0.0
2020-08-24T21:49:21.496000Z,2020-08-24T21:49:21.617999Z,358.982,122.0,1292.0,95.715,0.0,0.0,0.0,75.318,10.842689,0.0,0.0,0.0
2020-08-24T21:49:23.497000Z,2020-08-24T21:49:23.629000Z,425.765,132.0,1260.0,87.867,0.0,0.0,0.0,75.318,10.842689,0.0,0.0,0.0
2020-08-24T21:49:25.747000Z,2020-08-24T21:49:25.875000Z,423.145,128.0,1252.0,94.086,0.0,0.0,0.0,75.318,10.842689,0.0,0.0,0.0
2020-08-24T21:49:27.747000Z,2020-08-24T21:49:27.868000Z,392.344,121.0,1252.0,90.143,0.0,0.0,0.0,75.318,10.842689,0.0,0.0,0.0
2020-08-24T21:49:29.745999Z,2020-08-24T21:49:29.873999Z,444.217,128.0,1252.0,87.1,0.0,0.0,0.0,75.318,10.842689,0.0,0.0,0.0
2020-08-24T21:49:31.745000Z,2020-08-24T21:49:31.871000Z,408.147,126.0,1246.0,86.755,0.0,0.0,0.0,75.318,10.842689,0.0,0.0,0.0
2020-08-24T21:49:33.745000Z,2020-08-24T21:49:33.875000Z,377.932,130.0,1246.0,88.797,0.0,0.0,0.0,75.318,10.842689,0.0,0.0,0.0
2020-08-24T21:49:35.747000Z,2020-08-24T21:49:35.929000Z,406.084,182.0,1246.0,92.142,0.0,0.0,0.0,75.318,10.842689,0.0,0.0,0.0
2020-08-24T21:49:37.745000Z,2020-08-24T21:49:37.959000Z,505.353,214.0,406.0,85.392,0.0,0.0,0.0,75.318,3.725423,0.0,0.0,0.0
2020-08-24T21:49:39.747000Z,2020-08-24T21:49:39.987000Z,615.401,240.0,412.0,82.263,0.0,0.0,0.0,75.318,3.8362,0.0,0.0,0.0
2020-08-24T21:49:41.595000Z,2020-08-24T21:49:41.824000Z,643.755,229.0,430.0,82.393,0.0,0.0,0.0,75.318,3.753526,0.0,0.0,0.0
2020-08-24T21:49:43.747000Z,2020-08-24T21:49:43.982000Z,714.929,235.0,486.0,85.515,0.0,0.0,0.0,75.318,4.570732,0.0,0.0,0.0
2020-08-24T21:49:45.745000Z,2020-08-24T21:49:45.943000Z,579.704,198.0,544.0,82.405,0.0,0.0,0.0,75.318,4.848051,0.0,0.0,0.0
2020-08-24T21:49:47.747000Z,2020-08-24T21:49:47.941000Z,547.194,194.0,552.0,82.866,0.0,0.0,0.0,75.318,4.92388,0.0,0.0,0.0
2020-08-24T21:49:49.747000Z,2020-08-24T21:49:49.897999Z,366.804,151.0,568.0,82.643,0.0,0.0,0.0,75.318,4.815925,0.0,0.0,0.0
2020-08-24T21:49:51.748000Z,2020-08-24T21:49:51.985999Z,225.543,238.0,570.0,81.18,0.0,0.0,0.0,75.31,4.815925,0.0,0.0,0.0
2020-08-24T21:49:53.747000Z,2020-08-24T21:49:53.949000Z,680.632,202.0,570.0,82.356,0.0,0.0,0.0,75.31,0.012917,0.0,0.0,0.0
2020-08-24T21:49:55.747000Z,2020-08-24T21:49:55.897000Z,391.508,150.0,608.0,84.037,0.0,0.0,0.0,75.31,5.736557,0.0,0.0,0.0
2020-08-24T21:49:57.744000Z,2020-08-24T21:49:57.919000Z,522.917,175.0,608.0,82.903,0.0,0.0,0.0,75.31,5.736557,0.0,0.0,0.0
2020-08-24T21:49:59.748000Z,2020-08-24T21:49:59.936000Z,622.726,188.0,624.0,81.111,0.0,0.0,0.0,75.206,5.452973,0.0,0.0,0.0
2020-08-24T21:50:01.745999Z,2020-08-24T21:50:01.924000Z,595.983,178.0,628.0,86.41,0.0,0.0,0.0,75.206,5.770812,0.0,0.0,0.0
2020-08-24T21:50:03.748000Z,2020-08-24T21:50:03.948000Z,714.896,200.0,644.0,82.502,0.0,0.0,0.0,75.206,5.904989,0.0,0.0,0.0
2020-08-24T21:50:05.600999Z,2020-08-24T21:50:05.897999Z,1341.824,297.0,662.0,87.645,0.0,0.0,0.0,75.206,6.036713,0.0,0.0,0.0
2020-08-24T21:50:07.747000Z,2020-08-24T21:50:08.005000Z,625.166,258.0,726.0,82.847,0.0,0.0,0.0,75.206,5.397762,0.0,0.0,0.0
2020-08-24T21:50:09.745999Z,2020-08-24T21:50:09.932000Z,649.444,186.0,4.0,80.204,0.0,0.0,0.0,75.206,6.4287,0.0,0.0,0.0
2020-08-24T21:50:11.747000Z,2020-08-24T21:50:11.860000Z,219.582,113.0,734.0,85.057,0.0,0.0,0.0,75.206,5.733643,0.0,0.0,0.0
2020-08-24T21:50:13.745000Z,2020-08-24T21:50:13.861000Z,232.38,116.0,734.0,83.789,0.0,0.0,0.0,75.206,5.733643,0.0,0.0,0.0
2020-08-24T21:50:15.751000Z,2020-08-24T21:50:15.918000Z,588.362,167.0,734.0,88.389,0.0,0.0,0.0,75.206,5.733643,0.0,0.0,0.0
2020-08-24T21:50:17.748000Z,2020-08-24T21:50:17.889999Z,408.716,142.0,726.0,81.905,0.0,0.0,0.0,75.206,6.548915,0.0,0.0,0.0
2020-08-24T21:50:19.747000Z,2020-08-24T21:50:19.889999Z,413.847,143.0,726.0,82.345,0.0,0.0,0.0,75.206,6.548915,0.0,0.0,0.0
2020-08-24T21:50:21.747000Z,2020-08-24T21:50:21.889999Z,418.162,143.0,726.0,81.753,0.0,0.0,0.0,75.206,6.548915,0.0,0.0,0.0
2020-08-24T21:50:23.747000Z,2020-08-24T21:50:23.897000Z,423.858,150.0,724.0,80.646,0.0,0.0,0.0,75.206,6.548915,0.0,0.0,0.0
2020-08-24T21:50:25.745000Z,2020-08-24T21:50:25.884000Z,364.752,139.0,724.0,82.341,0.0,0.0,0.0,75.206,6.548915,0.0,0.0,0.0
