start_time,end_time,size,trans_time,cwnd,rtt,rto,ssthresh,last_snd,min_rtt,delivery_rate,bytes_sent,bytes_retrans,client_trans_time
2020-08-25T07:14:53.292000Z,2020-08-25T07:14:53.344000Z,20.74,52.0,14.0,23.114,0.0,0.0,0.0,14.552,0.12813,0.0,0.0,0.0
2020-08-25T07:14:53.345000Z,2020-08-25T07:14:53.380000Z,46.337,35.0,36.0,20.13,0.0,0.0,0.0,10.495,1.26155,0.0,0.0,0.0
2020-08-25T07:14:53.380000Z,2020-08-25T07:14:53.419000Z,47.14,39.0,66.0,19.107,0.0,0.0,0.0,10.495,2.91001,0.0,0.0,0.0
2020-08-25T07:14:53.420000Z,2020-08-25T07:14:53.456000Z,36.019,36.0,93.0,24.673,0.0,0.0,0.0,10.495,2.91001,0.0,0.0,0.0
2020-08-25T07:14:53.457000Z,2020-08-25T07:14:53.516000Z,135.457,59.0,93.0,23.574,0.0,0.0,0.0,10.495,2.91001,0.0,0.0,0.0
2020-08-25T07:14:53.517000Z,2020-08-25T07:14:53.652000Z,444.05,135.0,126.0,28.106,0.0,0.0,0.0,10.495,1.061958,0.0,0.0,0.0
2020-08-25T07:14:53.653000Z,2020-08-25T07:14:53.809999Z,510.492,157.0,165.0,56.934,0.0,0.0,0.0,10.495,3.801401,0.0,0.0,0.0
2020-08-25T07:14:53.811000Z,2020-08-25T07:14:54.020000Z,677.402,209.0,98.0,23.455,0.0,0.0,0.0,10.495,4.769992,0.0,0.0,0.0
2020-08-25T07:14:55.180000Z,2020-08-25T07:14:55.374000Z,630.298,194.0,102.0,31.637,0.0,0.0,0.0,10.495,2.102654,0.0,0.0,0.0
2020-08-25T07:14:57.185999Z,2020-08-25T07:14:57.383000Z,623.164,197.0,92.0,25.227,0.0,0.0,0.0,10.495,2.191997,0.0,0.0,0.0
2020-08-25T07:14:58.940000Z,2020-08-25T07:14:59.193999Z,705.486,254.0,94.0,25.947,0.0,0.0,0.0,10.495,4.017473,0.0,0.0,0.0
2020-08-25T07:15:00.956000Z,2020-08-25T07:15:01.261000Z,785.636,305.0,84.0,26.353,0.0,0.0,0.0,10.495,3.864981,0.0,0.0,0.0
2020-08-25T07:15:03.208000Z,2020-08-25T07:15:03.617000Z,594.165,409.0,76.0,24.344,0.0,0.0,0.0,10.495,3.474077,0.0,0.0,0.0
2020-08-25T07:15:04.967000Z,2020-08-25T07:15:05.179000Z,679.055,212.0,114.0,33.563,0.0,0.0,0.0,10.495,4.329868,0.0,0.0,0.0
2020-08-25T07:15:06.977000Z,2020-08-25T07:15:07.174000Z,640.582,197.0,102.0,29.301,0.0,0.0,0.0,10.495,3.248642,0.0,0.0,0.0
2020-08-25T07:15:08.988999Z,2020-08-25T07:15:09.207000Z,737.435,218.0,108.0,32.044,0.0,0.0,0.0,10.495,1.995328,0.0,0.0,0.0
2020-08-25T07:15:10.984000Z,2020-08-25T07:15:11.169999Z,631.498,186.0,104.0,34.086,0.0,0.0,0.0,10.495,3.178174,0.0,0.0,0.0
2020-08-25T07:15:12.990000Z,2020-08-25T07:15:13.181000Z,611.368,191.0,104.0,34.253,0.0,0.0,0.0,10.495,3.661762,0.0,0.0,0.0
2020-08-25T07:15:14.996000Z,2020-08-25T07:15:15.404000Z,690.294,408.0,100.0,108.614,0.0,0.0,0.0,10.495,3.484079,0.0,0.0,0.0
2020-08-25T07:15:17.001999Z,2020-08-25T07:15:17.182000Z,598.176,180.0,122.0,32.955,0.0,0.0,0.0,10.495,3.216557,0.0,0.0,0.0
2020-08-25T07:15:19.031000Z,2020-08-25T07:15:19.275000Z,820.352,244.0,128.0,24.683,0.0,0.0,0.0,10.495,3.454441,0.0,0.0,0.0
2020-08-25T07:15:21.023000Z,2020-08-25T07:15:21.249999Z,768.709,227.0,124.0,41.983,0.0,0.0,0.0,10.495,3.407759,0.0,0.0,0.0
2020-08-25T07:15:23.033000Z,2020-08-25T07:15:23.294000Z,774.316,261.0,122.0,39.529,0.0,0.0,0.0,10.495,3.61603,0.0,0.0,0.0
2020-08-25T07:15:25.030000Z,2020-08-25T07:15:25.248000Z,672.793,218.0,120.0,34.806,0.0,0.0,0.0,10.495,3.604089,0.0,0.0,0.0
2020-08-25T07:15:27.035000Z,2020-08-25T07:15:27.231000Z,649.934,196.0,116.0,39.28,0.0,0.0,0.0,10.495,3.193308,0.0,0.0,0.0
2020-08-25T07:15:29.044000Z,2020-08-25T07:15:29.217999Z,502.213,174.0,122.0,35.569,0.0,0.0,0.0,10.495,3.257204,0.0,0.0,0.0
2020-08-25T07:15:31.053000Z,2020-08-25T07:15:31.289000Z,655.043,236.0,120.0,25.007,0.0,0.0,0.0,10.495,2.483244,0.0,0.0,0.0
2020-08-25T07:15:33.056000Z,2020-08-25T07:15:33.287000Z,638.151,231.0,110.0,33.555,0.0,0.0,0.0,10.495,2.255702,0.0,0.0,0.0
2020-08-25T07:15:35.066000Z,2020-08-25T07:15:35.339000Z,622.641,273.0,114.0,37.573,0.0,0.0,0.0,10.495,3.454359,0.0,0.0,0.0
2020-08-25T07:15:37.068000Z,2020-08-25T07:15:37.264000Z,595.167,196.0,98.0,44.208,0.0,0.0,0.0,10.495,2.31191,0.0,0.0,0.0
2020-08-25T07:15:39.081999Z,2020-08-25T07:15:39.299000Z,733.012,217.0,112.0,27.329,0.0,0.0,0.0,10.495,3.530282,0.0,0.0,0.0
2020-08-25T07:15:41.088000Z,2020-08-25T07:15:41.329999Z,718.565,242.0,120.0,35.667,0.0,0.0,0.0,10.495,3.812921,0.0,0.0,0.0
2020-08-25T07:15:43.091000Z,2020-08-25T07:15:43.255000Z,546.68,164.0,122.0,32.11,0.0,0.0,0.0,10.495,3.107071,0.0,0.0,0.0
2020-08-25T07:15:45.095000Z,2020-08-25T07:15:45.241999Z,489.2,147.0,166.0,42.936,0.0,0.0,0.0,10.495,4.517447,0.0,0.0,0.0
2020-08-25T07:15:47.099000Z,2020-08-25T07:15:47.283000Z,575.914,184.0,144.0,34.663,0.0,0.0,0.0,10.495,3.836125,0.0,0.0,0.0
2020-08-25T07:15:49.106000Z,2020-08-25T07:15:49.261000Z,522.4,155.0,144.0,52.021,0.0,0.0,0.0,10.495,3.333779,0.0,0.0,0.0
2020-08-25T07:15:51.125000Z,2020-08-25T07:15:51.302000Z,526.017,177.0,120.0,37.6,0.0,0.0,0.0,10.495,3.586739,0.0,0.0,0.0
2020-08-25T07:15:53.116000Z,2020-08-25T07:15:53.284000Z,557.76,168.0,116.0,25.713,0.0,0.0,0.0,10.495,2.307616,0.0,0.0,0.0
2020-08-25T07:15:55.122000Z,2020-08-25T07:15:55.295000Z,568.207,173.0,116.0,29.236,0.0,0.0,0.0,10.495,3.081684,0.0,0.0,0.0
2020-08-25T07:15:57.123000Z,2020-08-25T07:15:57.305999Z,525.004,183.0,124.0,25.72,0.0,0.0,0.0,10.495,2.938616,0.0,0.0,0.0
2020-08-25T07:15:59.133000Z,2020-08-25T07:15:59.340000Z,621.06,207.0,124.0,24.861,0.0,0.0,0.0,10.495,3.189169,0.0,0.0,0.0
2020-08-25T07:16:01.142000Z,2020-08-25T07:16:01.316000Z,583.704,174.0,118.0,29.39,0.0,0.0,0.0,10.495,3.636352,0.0,0.0,0.0
2020-08-25T07:16:03.144000Z,2020-08-25T07:16:03.340000Z,671.47,196.0,118.0,26.577,0.0,0.0,0.0,10.495,4.030862,0.0,0.0,0.0
2020-08-25T07:16:05.150000Z,2020-08-25T07:16:05.326000Z,596.223,176.0,120.0,36.039,0.0,0.0,0.0,10.495,3.636917,0.0,0.0,0.0
2020-08-25T07:16:07.166000Z,2020-08-25T07:16:07.428000Z,758.778,262.0,128.0,33.112,0.0,0.0,0.0,10.495,3.398612,0.0,0.0,0.0
2020-08-25T07:16:09.166000Z,2020-08-25T07:16:09.361999Z,672.164,196.0,330.0,89.185,0.0,0.0,0.0,10.495,3.443,0.0,0.0,0.0
2020-08-25T07:16:11.172999Z,2020-08-25T07:16:11.357000Z,585.505,184.0,202.0,61.412,0.0,0.0,0.0,10.495,3.728729,0.0,0.0,0.0
2020-08-25T07:16:13.179000Z,2020-08-25T07:16:13.399000Z,744.902,220.0,186.0,62.26,0.0,0.0,0.0,10.495,3.717629,0.0,0.0,0.0
2020-08-25T07:16:15.183000Z,2020-08-25T07:16:15.367000Z,604.098,184.0,186.0,53.668,0.0,0.0,0.0,10.495,3.406687,0.0,0.0,0.0
2020-08-25T07:16:17.191000Z,2020-08-25T07:16:17.401999Z,710.809,211.0,130.0,38.518,0.0,0.0,0.0,10.495,3.472695,0.0,0.0,0.0
2020-08-25T07:16:19.199000Z,2020-08-25T07:16:19.393000Z,627.855,194.0,134.0,45.0,0.0,0.0,0.0,10.495,3.232282,0.0,0.0,0.0
2020-08-25T07:16:21.202000Z,2020-08-25T07:16:21.361999Z,541.64,160.0,130.0,25.312,0.0,0.0,0.0,10.495,2.81762,0.0,0.0,0.0
2020-08-25T07:16:23.206000Z,2020-08-25T07:16:23.389000Z,606.785,183.0,128.0,42.279,0.0,0.0,0.0,10.495,3.527769,0.0,0.0,0.0
2020-08-25T07:16:25.215000Z,2020-08-25T07:16:25.416000Z,671.276,201.0,128.0,37.299,0.0,0.0,0.0,10.495,3.088785,0.0,0.0,0.0
2020-08-25T07:16:27.219000Z,2020-08-25T07:16:27.399000Z,597.06,180.0,124.0,27.401,0.0,0.0,0.0,10.495,3.398658,0.0,0.0,0.0
2020-08-25T07:16:29.222000Z,2020-08-25T07:16:29.409000Z,631.127,187.0,128.0,44.476,0.0,0.0,0.0,10.495,3.795331,0.0,0.0,0.0
2020-08-25T07:16:31.233000Z,2020-08-25T07:16:31.439000Z,698.043,206.0,130.0,28.113,0.0,0.0,0.0,10.495,3.33807,0.0,0.0,0.0
2020-08-25T07:16:33.244000Z,2020-08-25T07:16:33.421000Z,585.894,177.0,128.0,37.912,0.0,0.0,0.0,10.495,3.070037,0.0,0.0,0.0
2020-08-25T07:16:35.249999Z,2020-08-25T07:16:35.421000Z,532.603,171.0,196.0,53.496,0.0,0.0,0.0,10.495,3.193783,0.0,0.0,0.0
2020-08-25T07:16:37.255000Z,2020-08-25T07:16:37.436000Z,607.415,181.0,210.0,46.498,0.0,0.0,0.0,10.495,3.420433,0.0,0.0,0.0
2020-08-25T07:16:39.261000Z,2020-08-25T07:16:39.433000Z,576.137,172.0,140.0,42.699,0.0,0.0,0.0,10.495,3.076815,0.0,0.0,0.0
2020-08-25T07:16:41.293000Z,2020-08-25T07:16:41.446000Z,479.992,153.0,152.0,35.62,0.0,0.0,0.0,10.495,3.633423,0.0,0.0,0.0
2020-08-25T07:16:43.271000Z,2020-08-25T07:16:43.467000Z,666.888,196.0,150.0,35.571,0.0,0.0,0.0,10.495,4.214067,0.0,0.0,0.0
2020-08-25T07:16:45.277000Z,2020-08-25T07:16:45.508000Z,779.813,231.0,130.0,27.866,0.0,0.0,0.0,10.495,4.146737,0.0,0.0,0.0
2020-08-25T07:16:47.288000Z,2020-08-25T07:16:47.476000Z,630.883,188.0,126.0,41.142,0.0,0.0,0.0,10.495,3.711435,0.0,0.0,0.0
2020-08-25T07:16:49.297000Z,2020-08-25T07:16:49.453000Z,515.62,156.0,130.0,42.882,0.0,0.0,0.0,10.495,3.310919,0.0,0.0,0.0
2020-08-25T07:16:51.327000Z,2020-08-25T07:16:51.614000Z,738.042,287.0,124.0,28.436,0.0,0.0,0.0,10.495,3.220689,0.0,0.0,0.0
2020-08-25T07:16:53.313000Z,2020-08-25T07:16:53.567000Z,854.794,254.0,124.0,42.526,0.0,0.0,0.0,10.495,3.442333,0.0,0.0,0.0
2020-08-25T07:16:55.077000Z,2020-08-25T07:16:55.288000Z,709.508,211.0,116.0,26.957,0.0,0.0,0.0,10.495,3.3841,0.0,0.0,0.0
2020-08-25T07:16:57.079000Z,2020-08-25T07:16:57.260000Z,610.618,181.0,124.0,43.055,0.0,0.0,0.0,10.495,3.606522,0.0,0.0,0.0
2020-08-25T07:16:59.081999Z,2020-08-25T07:16:59.326000Z,641.494,244.0,124.0,34.629,0.0,0.0,0.0,10.495,3.658073,0.0,0.0,0.0
2020-08-25T07:17:01.090000Z,2020-08-25T07:17:01.297000Z,623.159,207.0,114.0,26.643,0.0,0.0,0.0,10.495,3.200652,0.0,0.0,0.0
2020-08-25T07:17:03.097999Z,2020-08-25T07:17:03.305999Z,684.209,208.0,104.0,24.695,0.0,0.0,0.0,10.495,3.5665,0.0,0.0,0.0
2020-08-25T07:17:05.107000Z,2020-08-25T07:17:05.449000Z,648.286,342.0,110.0,37.322,0.0,0.0,0.0,10.495,4.311507,0.0,0.0,0.0
2020-08-25T07:17:07.119000Z,2020-08-25T07:17:07.273000Z,521.03,154.0,132.0,152.05,0.0,0.0,0.0,10.495,0.799775,0.0,0.0,0.0
2020-08-25T07:17:09.120000Z,2020-08-25T07:17:09.297999Z,596.688,178.0,140.0,33.81,0.0,0.0,0.0,10.495,3.740463,0.0,0.0,0.0
2020-08-25T07:17:11.125000Z,2020-08-25T07:17:11.305000Z,593.437,180.0,136.0,28.87,0.0,0.0,0.0,10.495,3.948288,0.0,0.0,0.0
2020-08-25T07:17:13.129000Z,2020-08-25T07:17:13.329999Z,652.577,201.0,136.0,41.752,0.0,0.0,0.0,10.495,3.425519,0.0,0.0,0.0
2020-08-25T07:17:15.137999Z,2020-08-25T07:17:15.371000Z,731.529,233.0,120.0,25.765,0.0,0.0,0.0,10.495,2.131939,0.0,0.0,0.0
2020-08-25T07:17:17.143000Z,2020-08-25T07:17:17.377000Z,745.6,234.0,116.0,40.984,0.0,0.0,0.0,10.495,3.527075,0.0,0.0,0.0
2020-08-25T07:17:19.146000Z,2020-08-25T07:17:19.390000Z,833.999,244.0,120.0,31.674,0.0,0.0,0.0,10.495,3.104574,0.0,0.0,0.0
2020-08-25T07:17:21.153999Z,2020-08-25T07:17:21.361999Z,697.539,208.0,120.0,39.876,0.0,0.0,0.0,10.495,3.423572,0.0,0.0,0.0
2020-08-25T07:17:23.160000Z,2020-08-25T07:17:23.393000Z,684.425,233.0,111.0,33.183,0.0,0.0,0.0,10.495,3.669659,0.0,0.0,0.0
2020-08-25T07:17:25.168000Z,2020-08-25T07:17:25.355000Z,599.639,187.0,114.0,27.254,0.0,0.0,0.0,10.495,2.631588,0.0,0.0,0.0
2020-08-25T07:17:27.180000Z,2020-08-25T07:17:27.408000Z,728.269,228.0,170.0,51.635,0.0,0.0,0.0,10.495,3.942688,0.0,0.0,0.0
2020-08-25T07:17:29.185999Z,2020-08-25T07:17:29.449999Z,896.865,264.0,128.0,39.596,0.0,0.0,0.0,10.495,3.403673,0.0,0.0,0.0
2020-08-25T07:17:31.197000Z,2020-08-25T07:17:31.481999Z,892.707,285.0,128.0,46.529,0.0,0.0,0.0,10.495,3.509488,0.0,0.0,0.0
2020-08-25T07:17:33.202000Z,2020-08-25T07:17:33.406000Z,694.603,204.0,130.0,28.371,0.0,0.0,0.0,10.495,3.305014,0.0,0.0,0.0
2020-08-25T07:17:35.208999Z,2020-08-25T07:17:35.425000Z,533.239,216.0,126.0,46.957,0.0,0.0,0.0,10.495,3.607386,0.0,0.0,0.0
2020-08-25T07:17:37.220000Z,2020-08-25T07:17:37.696000Z,701.485,476.0,124.0,36.151,0.0,0.0,0.0,10.495,5.032178,0.0,0.0,0.0
2020-08-25T07:17:39.222000Z,2020-08-25T07:17:39.433000Z,630.239,211.0,86.0,24.598,0.0,0.0,0.0,10.495,2.558995,0.0,0.0,0.0
2020-08-25T07:17:41.230000Z,2020-08-25T07:17:41.469000Z,678.223,239.0,102.0,27.365,0.0,0.0,0.0,10.495,2.234862,0.0,0.0,0.0
2020-08-25T07:17:43.241999Z,2020-08-25T07:17:43.457000Z,719.427,215.0,186.0,30.242,0.0,0.0,0.0,10.495,4.132909,0.0,0.0,0.0
2020-08-25T07:17:45.247000Z,2020-08-25T07:17:45.489999Z,823.617,243.0,186.0,50.681,0.0,0.0,0.0,10.495,3.78041,0.0,0.0,0.0
2020-08-25T07:17:47.256000Z,2020-08-25T07:17:47.509000Z,752.371,253.0,132.0,66.586,0.0,0.0,0.0,10.495,3.565095,0.0,0.0,0.0
2020-08-25T07:17:49.258000Z,2020-08-25T07:17:49.457000Z,667.337,199.0,132.0,39.197,0.0,0.0,0.0,10.495,4.539878,0.0,0.0,0.0
2020-08-25T07:17:51.269000Z,2020-08-25T07:17:51.463000Z,650.161,194.0,138.0,34.564,0.0,0.0,0.0,10.495,4.337679,0.0,0.0,0.0
2020-08-25T07:17:53.277000Z,2020-08-25T07:17:53.497999Z,625.414,221.0,134.0,98.885,0.0,0.0,0.0,10.495,0.036759,0.0,0.0,0.0
2020-08-25T07:17:55.283000Z,2020-08-25T07:17:55.524000Z,704.975,241.0,116.0,39.875,0.0,0.0,0.0,10.495,4.205256,0.0,0.0,0.0
2020-08-25T07:17:57.288000Z,2020-08-25T07:17:57.654000Z,711.317,366.0,118.0,27.18,0.0,0.0,0.0,10.495,2.821326,0.0,0.0,0.0
2020-08-25T07:17:59.301000Z,2020-08-25T07:17:59.625000Z,647.874,324.0,92.0,58.665,0.0,0.0,0.0,10.495,2.235446,0.0,0.0,0.0
2020-08-25T07:18:01.300000Z,2020-08-25T07:18:01.539000Z,678.736,239.0,88.0,23.536,0.0,0.0,0.0,10.495,3.061631,0.0,0.0,0.0
2020-08-25T07:18:03.311000Z,2020-08-25T07:18:03.533000Z,723.442,222.0,100.0,26.19,0.0,0.0,0.0,10.495,3.76217,0.0,0.0,0.0
2020-08-25T07:18:05.327000Z,2020-08-25T07:18:05.577999Z,838.543,251.0,120.0,22.32,0.0,0.0,0.0,10.495,2.629777,0.0,0.0,0.0
2020-08-25T07:18:07.326000Z,2020-08-25T07:18:07.564000Z,760.849,238.0,126.0,31.074,0.0,0.0,0.0,10.495,4.069741,0.0,0.0,0.0
2020-08-25T07:18:09.334000Z,2020-08-25T07:18:09.589000Z,863.398,255.0,120.0,36.295,0.0,0.0,0.0,10.495,4.181091,0.0,0.0,0.0
2020-08-25T07:18:11.348000Z,2020-08-25T07:18:11.598000Z,716.516,250.0,122.0,25.023,0.0,0.0,0.0,10.495,3.590107,0.0,0.0,0.0
2020-08-25T07:18:13.350000Z,2020-08-25T07:18:13.561000Z,719.398,211.0,112.0,35.925,0.0,0.0,0.0,10.495,0.050149,0.0,0.0,0.0
2020-08-25T07:18:15.358000Z,2020-08-25T07:18:15.575000Z,730.502,217.0,112.0,32.385,0.0,0.0,0.0,10.495,3.638078,0.0,0.0,0.0
2020-08-25T07:18:17.373000Z,2020-08-25T07:18:17.587000Z,707.955,214.0,124.0,27.777,0.0,0.0,0.0,10.495,2.863732,0.0,0.0,0.0
2020-08-25T07:18:19.373000Z,2020-08-25T07:18:19.614000Z,806.975,241.0,136.0,43.242,0.0,0.0,0.0,10.495,3.512509,0.0,0.0,0.0
2020-08-25T07:18:21.371000Z,2020-08-25T07:18:21.577000Z,671.693,206.0,132.0,38.683,0.0,0.0,0.0,10.495,3.358186,0.0,0.0,0.0
2020-08-25T07:18:23.381000Z,2020-08-25T07:18:23.579000Z,639.492,198.0,116.0,28.782,0.0,0.0,0.0,10.495,4.596689,0.0,0.0,0.0
2020-08-25T07:18:25.380000Z,2020-08-25T07:18:25.585000Z,614.466,205.0,118.0,31.863,0.0,0.0,0.0,10.495,3.568882,0.0,0.0,0.0
2020-08-25T07:18:27.387000Z,2020-08-25T07:18:27.593000Z,650.554,206.0,116.0,36.953,0.0,0.0,0.0,10.495,4.38089,0.0,0.0,0.0
2020-08-25T07:18:29.399000Z,2020-08-25T07:18:29.620000Z,742.059,221.0,122.0,48.002,0.0,0.0,0.0,10.495,3.202851,0.0,0.0,0.0
2020-08-25T07:18:31.399000Z,2020-08-25T07:18:31.588000Z,626.63,189.0,132.0,32.25,0.0,0.0,0.0,10.495,3.415967,0.0,0.0,0.0
2020-08-25T07:18:33.401000Z,2020-08-25T07:18:33.668000Z,702.28,267.0,146.0,45.55,0.0,0.0,0.0,10.495,2.831694,0.0,0.0,0.0
2020-08-25T07:18:35.225000Z,2020-08-25T07:18:35.407000Z,605.277,182.0,144.0,53.969,0.0,0.0,0.0,10.495,3.379759,0.0,0.0,0.0
2020-08-25T07:18:37.416999Z,2020-08-25T07:18:37.572000Z,508.479,155.0,152.0,43.477,0.0,0.0,0.0,10.495,2.543123,0.0,0.0,0.0
2020-08-25T07:18:39.174000Z,2020-08-25T07:18:39.349000Z,585.937,175.0,202.0,55.25,0.0,0.0,0.0,10.495,3.45164,0.0,0.0,0.0
2020-08-25T07:18:41.436000Z,2020-08-25T07:18:41.619000Z,603.18,183.0,154.0,33.523,0.0,0.0,0.0,10.495,3.732049,0.0,0.0,0.0
2020-08-25T07:18:43.443000Z,2020-08-25T07:18:43.668000Z,705.55,225.0,154.0,50.344,0.0,0.0,0.0,10.495,3.536299,0.0,0.0,0.0
2020-08-25T07:18:45.197000Z,2020-08-25T07:18:45.376000Z,601.502,179.0,150.0,28.91,0.0,0.0,0.0,10.495,3.32146,0.0,0.0,0.0
2020-08-25T07:18:47.212999Z,2020-08-25T07:18:47.360000Z,478.535,147.0,150.0,53.295,0.0,0.0,0.0,10.495,3.373348,0.0,0.0,0.0
2020-08-25T07:18:49.215000Z,2020-08-25T07:18:49.382000Z,554.572,167.0,138.0,55.638,0.0,0.0,0.0,10.495,3.414983,0.0,0.0,0.0
2020-08-25T07:18:51.223000Z,2020-08-25T07:18:51.422000Z,675.916,199.0,140.0,45.962,0.0,0.0,0.0,10.495,1.391562,0.0,0.0,0.0
2020-08-25T07:18:53.233000Z,2020-08-25T07:18:53.400000Z,514.244,167.0,130.0,43.674,0.0,0.0,0.0,10.495,3.546192,0.0,0.0,0.0
2020-08-25T07:18:55.243000Z,2020-08-25T07:18:55.433999Z,621.282,191.0,130.0,27.155,0.0,0.0,0.0,10.495,3.925407,0.0,0.0,0.0
2020-08-25T07:18:57.253000Z,2020-08-25T07:18:57.447000Z,545.81,194.0,140.0,41.419,0.0,0.0,0.0,10.495,2.984268,0.0,0.0,0.0
2020-08-25T07:18:59.257000Z,2020-08-25T07:18:59.512000Z,749.534,255.0,140.0,37.102,0.0,0.0,0.0,10.495,3.281238,0.0,0.0,0.0
2020-08-25T07:19:01.264999Z,2020-08-25T07:19:01.487000Z,756.632,222.0,140.0,54.676,0.0,0.0,0.0,10.495,3.411554,0.0,0.0,0.0
2020-08-25T07:19:03.269000Z,2020-08-25T07:19:03.473999Z,685.741,205.0,140.0,52.69,0.0,0.0,0.0,10.495,3.398104,0.0,0.0,0.0
2020-08-25T07:19:05.286000Z,2020-08-25T07:19:05.487000Z,673.883,201.0,130.0,38.492,0.0,0.0,0.0,10.495,3.43595,0.0,0.0,0.0
2020-08-25T07:19:07.284999Z,2020-08-25T07:19:07.486000Z,662.486,201.0,126.0,41.52,0.0,0.0,0.0,10.495,3.29071,0.0,0.0,0.0
2020-08-25T07:19:09.287000Z,2020-08-25T07:19:09.428000Z,455.52,141.0,116.0,28.943,0.0,0.0,0.0,10.495,2.369365,0.0,0.0,0.0
2020-08-25T07:19:11.295000Z,2020-08-25T07:19:11.425999Z,433.136,131.0,120.0,29.732,0.0,0.0,0.0,10.495,2.996333,0.0,0.0,0.0
2020-08-25T07:19:13.308000Z,2020-08-25T07:19:13.489999Z,615.655,182.0,120.0,36.801,0.0,0.0,0.0,10.495,3.575596,0.0,0.0,0.0
2020-08-25T07:19:15.314000Z,2020-08-25T07:19:15.485000Z,534.21,171.0,128.0,30.507,0.0,0.0,0.0,10.495,3.597981,0.0,0.0,0.0
2020-08-25T07:19:17.320999Z,2020-08-25T07:19:17.512000Z,609.393,191.0,122.0,27.353,0.0,0.0,0.0,10.495,5.135752,0.0,0.0,0.0
2020-08-25T07:19:19.329000Z,2020-08-25T07:19:19.489000Z,520.428,160.0,134.0,39.547,0.0,0.0,0.0,10.495,3.472673,0.0,0.0,0.0
2020-08-25T07:19:21.331000Z,2020-08-25T07:19:21.486000Z,523.645,155.0,136.0,26.087,0.0,0.0,0.0,10.495,3.634472,0.0,0.0,0.0
2020-08-25T07:19:23.346000Z,2020-08-25T07:19:23.516000Z,531.625,170.0,136.0,30.267,0.0,0.0,0.0,10.495,3.963886,0.0,0.0,0.0
2020-08-25T07:19:25.349000Z,2020-08-25T07:19:25.524000Z,578.24,175.0,136.0,25.826,0.0,0.0,0.0,10.495,2.461379,0.0,0.0,0.0
2020-08-25T07:19:27.355000Z,2020-08-25T07:19:27.542000Z,584.791,187.0,166.0,34.152,0.0,0.0,0.0,10.495,3.310322,0.0,0.0,0.0
2020-08-25T07:19:29.363000Z,2020-08-25T07:19:29.440000Z,236.389,77.0,154.0,42.941,0.0,0.0,0.0,10.495,3.071542,0.0,0.0,0.0
2020-08-25T07:19:31.370000Z,2020-08-25T07:19:31.456000Z,284.615,86.0,160.0,31.687,0.0,0.0,0.0,10.495,5.013106,0.0,0.0,0.0
2020-08-25T07:19:33.377999Z,2020-08-25T07:19:33.783000Z,1362.469,405.0,150.0,32.028,0.0,0.0,0.0,10.495,3.681862,0.0,0.0,0.0
2020-08-25T07:19:35.389000Z,2020-08-25T07:19:35.814000Z,1126.843,425.0,126.0,46.59,0.0,0.0,0.0,10.495,3.126825,0.0,0.0,0.0
2020-08-25T07:19:37.389000Z,2020-08-25T07:19:37.811000Z,1309.665,422.0,104.0,43.365,0.0,0.0,0.0,10.495,1.701656,0.0,0.0,0.0
2020-08-25T07:19:39.401000Z,2020-08-25T07:19:39.887000Z,1658.881,486.0,116.0,41.143,0.0,0.0,0.0,10.495,2.892779,0.0,0.0,0.0
2020-08-25T07:19:41.403000Z,2020-08-25T07:19:41.836000Z,1481.39,433.0,118.0,41.413,0.0,0.0,0.0,10.495,3.088987,0.0,0.0,0.0
2020-08-25T07:19:43.408000Z,2020-08-25T07:19:43.822000Z,1413.97,414.0,110.0,29.531,0.0,0.0,0.0,10.495,3.439402,0.0,0.0,0.0
2020-08-25T07:19:45.412999Z,2020-08-25T07:19:45.829000Z,1412.713,416.0,116.0,37.648,0.0,0.0,0.0,10.495,3.250208,0.0,0.0,0.0
2020-08-25T07:19:47.418000Z,2020-08-25T07:19:47.745999Z,1122.19,328.0,114.0,30.751,0.0,0.0,0.0,10.495,3.679746,0.0,0.0,0.0
2020-08-25T07:19:49.426000Z,2020-08-25T07:19:49.509000Z,254.849,83.0,106.0,37.154,0.0,0.0,0.0,10.495,3.04036,0.0,0.0,0.0
2020-08-25T07:19:51.432000Z,2020-08-25T07:19:51.512000Z,199.903,80.0,108.0,27.335,0.0,0.0,0.0,10.495,3.773729,0.0,0.0,0.0
2020-08-25T07:19:53.444000Z,2020-08-25T07:19:53.799000Z,439.578,355.0,108.0,26.368,0.0,0.0,0.0,10.495,2.716505,0.0,0.0,0.0
2020-08-25T07:19:55.447000Z,2020-08-25T07:19:55.614000Z,568.8,167.0,105.0,30.561,0.0,0.0,0.0,13.179,3.833096,0.0,0.0,0.0
2020-08-25T07:19:57.451000Z,2020-08-25T07:19:57.646000Z,564.74,195.0,118.0,27.515,0.0,0.0,0.0,13.179,3.469056,0.0,0.0,0.0
2020-08-25T07:19:59.458000Z,2020-08-25T07:19:59.614000Z,516.566,156.0,112.0,24.625,0.0,0.0,0.0,13.179,3.574454,0.0,0.0,0.0
2020-08-25T07:20:01.467000Z,2020-08-25T07:20:01.657999Z,563.382,191.0,124.0,37.282,0.0,0.0,0.0,13.179,4.108547,0.0,0.0,0.0
2020-08-25T07:20:03.474000Z,2020-08-25T07:20:03.739000Z,897.346,265.0,124.0,40.465,0.0,0.0,0.0,13.179,2.784685,0.0,0.0,0.0
2020-08-25T07:20:05.478000Z,2020-08-25T07:20:05.712000Z,758.328,234.0,122.0,42.086,0.0,0.0,0.0,13.179,3.825862,0.0,0.0,0.0
2020-08-25T07:20:07.485000Z,2020-08-25T07:20:07.631000Z,483.374,146.0,126.0,35.917,0.0,0.0,0.0,13.179,3.932428,0.0,0.0,0.0
2020-08-25T07:20:09.495000Z,2020-08-25T07:20:09.665000Z,536.784,170.0,4.0,45.594,0.0,0.0,0.0,13.179,3.318359,0.0,0.0,0.0
2020-08-25T07:20:11.294000Z,2020-08-25T07:20:11.584000Z,923.397,290.0,222.0,43.658,0.0,0.0,0.0,13.179,2.581352,0.0,0.0,0.0
2020-08-25T07:20:13.508000Z,2020-08-25T07:20:13.836000Z,1119.399,328.0,172.0,63.819,0.0,0.0,0.0,13.179,3.486029,0.0,0.0,0.0
2020-08-25T07:20:15.519000Z,2020-08-25T07:20:15.737999Z,744.131,219.0,168.0,64.153,0.0,0.0,0.0,13.179,3.387979,0.0,0.0,0.0
2020-08-25T07:20:17.527000Z,2020-08-25T07:20:17.734000Z,651.373,207.0,148.0,34.677,0.0,0.0,0.0,13.179,3.105448,0.0,0.0,0.0
2020-08-25T07:20:19.534000Z,2020-08-25T07:20:19.675000Z,466.833,141.0,148.0,41.262,0.0,0.0,0.0,13.179,3.405161,0.0,0.0,0.0
2020-08-25T07:20:21.539000Z,2020-08-25T07:20:21.663000Z,369.886,124.0,154.0,27.078,0.0,0.0,0.0,13.179,3.452815,0.0,0.0,0.0
2020-08-25T07:20:23.547000Z,2020-08-25T07:20:23.697000Z,441.839,150.0,152.0,48.015,0.0,0.0,0.0,13.179,2.769188,0.0,0.0,0.0
2020-08-25T07:20:25.300000Z,2020-08-25T07:20:25.500000Z,581.969,200.0,152.0,35.735,0.0,0.0,0.0,13.179,4.482744,0.0,0.0,0.0
2020-08-25T07:20:27.304000Z,2020-08-25T07:20:27.547000Z,823.284,243.0,154.0,36.042,0.0,0.0,0.0,13.179,2.725605,0.0,0.0,0.0
2020-08-25T07:20:29.323000Z,2020-08-25T07:20:29.593000Z,876.55,270.0,158.0,52.254,0.0,0.0,0.0,13.179,3.430773,0.0,0.0,0.0
2020-08-25T07:20:31.320000Z,2020-08-25T07:20:31.581000Z,876.76,261.0,217.0,42.043,0.0,0.0,0.0,13.179,3.509755,0.0,0.0,0.0
2020-08-25T07:20:33.330000Z,2020-08-25T07:20:33.501000Z,577.141,171.0,234.0,74.186,0.0,0.0,0.0,13.179,3.404125,0.0,0.0,0.0
2020-08-25T07:20:35.336000Z,2020-08-25T07:20:35.414000Z,216.774,78.0,154.0,43.164,0.0,0.0,0.0,13.179,4.179844,0.0,0.0,0.0
2020-08-25T07:20:37.346000Z,2020-08-25T07:20:37.492000Z,467.864,146.0,156.0,43.619,0.0,0.0,0.0,13.179,4.182186,0.0,0.0,0.0
2020-08-25T07:20:39.355000Z,2020-08-25T07:20:39.512000Z,514.771,157.0,150.0,30.43,0.0,0.0,0.0,13.179,4.322102,0.0,0.0,0.0
2020-08-25T07:20:41.360999Z,2020-08-25T07:20:41.523000Z,538.864,162.0,150.0,33.619,0.0,0.0,0.0,13.179,3.315736,0.0,0.0,0.0
2020-08-25T07:20:43.374000Z,2020-08-25T07:20:43.744000Z,558.439,370.0,144.0,45.215,0.0,0.0,0.0,13.179,4.008353,0.0,0.0,0.0
2020-08-25T07:20:45.371000Z,2020-08-25T07:20:45.579000Z,561.589,208.0,130.0,32.008,0.0,0.0,0.0,13.179,4.662294,0.0,0.0,0.0
2020-08-25T07:20:47.379000Z,2020-08-25T07:20:47.569999Z,552.043,191.0,130.0,29.48,0.0,0.0,0.0,13.179,4.199926,0.0,0.0,0.0
2020-08-25T07:20:49.385000Z,2020-08-25T07:20:49.520000Z,385.785,135.0,126.0,33.238,0.0,0.0,0.0,13.179,4.792584,0.0,0.0,0.0
2020-08-25T07:20:51.400000Z,2020-08-25T07:20:51.576000Z,578.584,176.0,120.0,28.377,0.0,0.0,0.0,13.179,2.097873,0.0,0.0,0.0
2020-08-25T07:20:53.398000Z,2020-08-25T07:20:53.601000Z,540.195,203.0,136.0,36.654,0.0,0.0,0.0,13.179,3.271905,0.0,0.0,0.0
2020-08-25T07:20:55.406000Z,2020-08-25T07:20:55.568000Z,529.18,162.0,188.0,58.405,0.0,0.0,0.0,13.179,2.77393,0.0,0.0,0.0
2020-08-25T07:20:57.416000Z,2020-08-25T07:20:57.565000Z,490.878,149.0,168.0,48.685,0.0,0.0,0.0,13.179,3.872572,0.0,0.0,0.0
2020-08-25T07:20:59.416999Z,2020-08-25T07:20:59.550000Z,442.176,133.0,134.0,33.224,0.0,0.0,0.0,13.179,4.094639,0.0,0.0,0.0
2020-08-25T07:21:01.428000Z,2020-08-25T07:21:01.617999Z,496.322,190.0,130.0,28.621,0.0,0.0,0.0,13.179,3.12098,0.0,0.0,0.0
2020-08-25T07:21:03.431000Z,2020-08-25T07:21:03.543000Z,333.258,112.0,126.0,36.173,0.0,0.0,0.0,13.179,2.301626,0.0,0.0,0.0
2020-08-25T07:21:05.442000Z,2020-08-25T07:21:05.489999Z,69.097,48.0,128.0,26.172,0.0,0.0,0.0,13.179,4.006065,0.0,0.0,0.0
2020-08-25T07:21:07.451000Z,2020-08-25T07:21:07.532000Z,225.52,81.0,128.0,27.818,0.0,0.0,0.0,13.179,4.006065,0.0,0.0,0.0
2020-08-25T07:21:09.455000Z,2020-08-25T07:21:09.712000Z,775.512,257.0,104.0,65.943,0.0,0.0,0.0,13.179,3.480955,0.0,0.0,0.0
2020-08-25T07:21:11.464000Z,2020-08-25T07:21:11.668000Z,695.976,204.0,202.0,68.527,0.0,0.0,0.0,13.179,3.429846,0.0,0.0,0.0
2020-08-25T07:21:13.470000Z,2020-08-25T07:21:13.761999Z,875.14,292.0,206.0,73.0,0.0,0.0,0.0,13.179,3.489515,0.0,0.0,0.0
2020-08-25T07:21:15.476000Z,2020-08-25T07:21:15.630000Z,517.418,154.0,138.0,49.984,0.0,0.0,0.0,13.179,3.063051,0.0,0.0,0.0
2020-08-25T07:21:17.485000Z,2020-08-25T07:21:17.683000Z,660.92,198.0,138.0,45.424,0.0,0.0,0.0,13.179,3.891122,0.0,0.0,0.0
2020-08-25T07:21:19.492000Z,2020-08-25T07:21:19.789000Z,998.372,297.0,134.0,31.439,0.0,0.0,0.0,13.179,2.653043,0.0,0.0,0.0
2020-08-25T07:21:21.497000Z,2020-08-25T07:21:21.702000Z,691.425,205.0,140.0,51.308,0.0,0.0,0.0,13.179,3.582415,0.0,0.0,0.0
2020-08-25T07:21:23.505000Z,2020-08-25T07:21:23.785999Z,956.403,281.0,142.0,36.61,0.0,0.0,0.0,13.179,3.224095,0.0,0.0,0.0
2020-08-25T07:21:25.511000Z,2020-08-25T07:21:25.821000Z,1042.502,310.0,138.0,46.322,0.0,0.0,0.0,13.179,3.456479,0.0,0.0,0.0
2020-08-25T07:21:27.520000Z,2020-08-25T07:21:27.785999Z,905.653,266.0,158.0,66.218,0.0,0.0,0.0,13.179,3.408488,0.0,0.0,0.0
2020-08-25T07:21:29.527000Z,2020-08-25T07:21:29.721000Z,651.648,194.0,164.0,36.209,0.0,0.0,0.0,13.179,3.136732,0.0,0.0,0.0
2020-08-25T07:21:31.533000Z,2020-08-25T07:21:31.655000Z,271.671,122.0,148.0,54.729,0.0,0.0,0.0,13.179,3.188436,0.0,0.0,0.0
2020-08-25T07:21:33.540000Z,2020-08-25T07:21:33.755000Z,699.822,215.0,138.0,37.945,0.0,0.0,0.0,13.179,1.585155,0.0,0.0,0.0
2020-08-25T07:21:35.547000Z,2020-08-25T07:21:35.981000Z,606.876,434.0,138.0,50.587,0.0,0.0,0.0,13.179,3.395813,0.0,0.0,0.0
2020-08-25T07:21:37.553000Z,2020-08-25T07:21:37.748000Z,534.162,195.0,96.0,33.425,0.0,0.0,0.0,13.179,2.343102,0.0,0.0,0.0
2020-08-25T07:21:39.557000Z,2020-08-25T07:21:39.703000Z,481.446,146.0,104.0,27.134,0.0,0.0,0.0,13.179,2.834753,0.0,0.0,0.0
2020-08-25T07:21:41.563000Z,2020-08-25T07:21:41.726000Z,470.445,163.0,108.0,27.035,0.0,0.0,0.0,13.179,4.18215,0.0,0.0,0.0
2020-08-25T07:21:43.567000Z,2020-08-25T07:21:43.721000Z,500.784,154.0,112.0,114.563,0.0,0.0,0.0,13.179,4.15866,0.0,0.0,0.0
2020-08-25T07:21:45.568000Z,2020-08-25T07:21:45.736000Z,558.156,168.0,112.0,28.797,0.0,0.0,0.0,13.179,3.605539,0.0,0.0,0.0
2020-08-25T07:21:47.573000Z,2020-08-25T07:21:47.977000Z,584.14,404.0,114.0,25.173,0.0,0.0,0.0,13.179,4.160969,0.0,0.0,0.0
2020-08-25T07:21:49.577000Z,2020-08-25T07:21:49.769000Z,449.925,192.0,80.0,38.56,0.0,0.0,0.0,13.179,3.157269,0.0,0.0,0.0
2020-08-25T07:21:51.587000Z,2020-08-25T07:21:51.765000Z,471.042,178.0,94.0,25.561,0.0,0.0,0.0,13.179,1.629003,0.0,0.0,0.0
2020-08-25T07:21:53.591000Z,2020-08-25T07:21:53.749000Z,467.985,158.0,96.0,67.593,0.0,0.0,0.0,13.179,3.325453,0.0,0.0,0.0
2020-08-25T07:21:55.600000Z,2020-08-25T07:21:55.759000Z,472.513,159.0,104.0,20.949,0.0,0.0,0.0,13.179,2.424351,0.0,0.0,0.0
2020-08-25T07:21:57.607000Z,2020-08-25T07:21:57.750000Z,476.503,143.0,114.0,30.925,0.0,0.0,0.0,13.179,3.797453,0.0,0.0,0.0
2020-08-25T07:21:59.613000Z,2020-08-25T07:21:59.790000Z,577.243,177.0,126.0,35.504,0.0,0.0,0.0,13.179,3.496938,0.0,0.0,0.0
2020-08-25T07:22:01.623000Z,2020-08-25T07:22:01.798000Z,565.831,175.0,132.0,50.035,0.0,0.0,0.0,13.179,3.106687,0.0,0.0,0.0
2020-08-25T07:22:03.640000Z,2020-08-25T07:22:03.857000Z,590.048,217.0,122.0,27.819,0.0,0.0,0.0,13.179,1.917431,0.0,0.0,0.0
2020-08-25T07:22:05.395000Z,2020-08-25T07:22:05.537999Z,438.385,143.0,104.0,23.662,0.0,0.0,0.0,13.179,4.025162,0.0,0.0,0.0
2020-08-25T07:22:07.401000Z,2020-08-25T07:22:07.558000Z,507.216,157.0,114.0,25.845,0.0,0.0,0.0,13.179,3.79694,0.0,0.0,0.0
2020-08-25T07:22:09.407000Z,2020-08-25T07:22:09.600000Z,571.128,193.0,110.0,27.281,0.0,0.0,0.0,13.179,3.788703,0.0,0.0,0.0
2020-08-25T07:22:11.411000Z,2020-08-25T07:22:11.565000Z,425.545,154.0,116.0,24.773,0.0,0.0,0.0,13.179,3.760111,0.0,0.0,0.0
2020-08-25T07:22:13.422000Z,2020-08-25T07:22:13.600000Z,515.047,178.0,114.0,26.352,0.0,0.0,0.0,13.179,4.315954,0.0,0.0,0.0
2020-08-25T07:22:15.427000Z,2020-08-25T07:22:15.585000Z,511.75,158.0,120.0,28.681,0.0,0.0,0.0,13.179,0.986892,0.0,0.0,0.0
2020-08-25T07:22:17.440000Z,2020-08-25T07:22:17.593000Z,506.288,153.0,126.0,35.094,0.0,0.0,0.0,13.179,3.659452,0.0,0.0,0.0
2020-08-25T07:22:19.452000Z,2020-08-25T07:22:19.612000Z,439.411,160.0,124.0,36.403,0.0,0.0,0.0,13.179,3.322091,0.0,0.0,0.0
2020-08-25T07:22:21.455000Z,2020-08-25T07:22:21.592000Z,381.237,137.0,134.0,29.34,0.0,0.0,0.0,13.179,4.835007,0.0,0.0,0.0
2020-08-25T07:22:23.465999Z,2020-08-25T07:22:23.625000Z,432.517,159.0,130.0,26.526,0.0,0.0,0.0,13.179,2.629293,0.0,0.0,0.0
2020-08-25T07:22:25.474000Z,2020-08-25T07:22:25.627000Z,456.923,153.0,128.0,28.939,0.0,0.0,0.0,13.179,4.948159,0.0,0.0,0.0
2020-08-25T07:22:27.481000Z,2020-08-25T07:22:27.612000Z,416.405,131.0,128.0,38.058,0.0,0.0,0.0,13.179,3.17013,0.0,0.0,0.0
2020-08-25T07:22:29.488000Z,2020-08-25T07:22:29.624000Z,430.111,136.0,142.0,35.268,0.0,0.0,0.0,13.179,3.24421,0.0,0.0,0.0
2020-08-25T07:22:31.494000Z,2020-08-25T07:22:31.654000Z,498.628,160.0,142.0,33.714,0.0,0.0,0.0,13.179,4.253123,0.0,0.0,0.0
2020-08-25T07:22:33.497000Z,2020-08-25T07:22:33.844000Z,475.01,347.0,136.0,26.624,0.0,0.0,0.0,13.179,4.077311,0.0,0.0,0.0
2020-08-25T07:22:35.505000Z,2020-08-25T07:22:35.673999Z,436.265,169.0,88.0,27.224,0.0,0.0,0.0,12.88,3.99431,0.0,0.0,0.0
2020-08-25T07:22:37.512000Z,2020-08-25T07:22:37.691000Z,431.375,179.0,88.0,24.399,0.0,0.0,0.0,12.88,1.757324,0.0,0.0,0.0
2020-08-25T07:22:39.520000Z,2020-08-25T07:22:39.696000Z,456.263,176.0,90.0,23.571,0.0,0.0,0.0,12.88,3.519976,0.0,0.0,0.0
2020-08-25T07:22:41.526000Z,2020-08-25T07:22:41.697000Z,473.528,171.0,90.0,54.014,0.0,0.0,0.0,12.88,4.021451,0.0,0.0,0.0
2020-08-25T07:22:43.536000Z,2020-08-25T07:22:43.686000Z,453.679,150.0,90.0,26.047,0.0,0.0,0.0,12.88,3.7588,0.0,0.0,0.0
2020-08-25T07:22:45.542000Z,2020-08-25T07:22:45.716000Z,537.925,174.0,104.0,23.975,0.0,0.0,0.0,12.88,2.799641,0.0,0.0,0.0
2020-08-25T07:22:47.544999Z,2020-08-25T07:22:47.788000Z,514.521,243.0,114.0,25.655,0.0,0.0,0.0,12.88,4.133074,0.0,0.0,0.0
2020-08-25T07:22:49.556000Z,2020-08-25T07:22:49.712000Z,473.392,156.0,112.0,24.189,0.0,0.0,0.0,12.88,3.866652,0.0,0.0,0.0
2020-08-25T07:22:51.564000Z,2020-08-25T07:22:51.689999Z,406.112,126.0,118.0,25.778,0.0,0.0,0.0,12.88,3.842121,0.0,0.0,0.0
2020-08-25T07:22:53.571000Z,2020-08-25T07:22:53.721000Z,482.16,150.0,116.0,28.739,0.0,0.0,0.0,12.88,4.327592,0.0,0.0,0.0
2020-08-25T07:22:55.583000Z,2020-08-25T07:22:55.725000Z,474.404,142.0,124.0,25.151,0.0,0.0,0.0,12.88,2.908471,0.0,0.0,0.0
2020-08-25T07:22:57.586000Z,2020-08-25T07:22:57.831000Z,586.8,245.0,122.0,28.035,0.0,0.0,0.0,12.88,3.873435,0.0,0.0,0.0
2020-08-25T07:22:59.598000Z,2020-08-25T07:22:59.957000Z,476.484,359.0,124.0,29.604,0.0,0.0,0.0,12.88,3.274342,0.0,0.0,0.0
2020-08-25T07:23:01.604000Z,2020-08-25T07:23:01.792000Z,624.38,188.0,104.0,22.401,0.0,0.0,0.0,12.88,3.304797,0.0,0.0,0.0
2020-08-25T07:23:03.614000Z,2020-08-25T07:23:03.849999Z,806.006,236.0,118.0,30.677,0.0,0.0,0.0,12.88,3.666834,0.0,0.0,0.0
2020-08-25T07:23:05.622000Z,2020-08-25T07:23:05.844000Z,748.289,222.0,116.0,102.903,0.0,0.0,0.0,12.88,3.295604,0.0,0.0,0.0
2020-08-25T07:23:07.627000Z,2020-08-25T07:23:07.841999Z,702.848,215.0,118.0,31.108,0.0,0.0,0.0,12.88,3.941156,0.0,0.0,0.0
2020-08-25T07:23:09.633999Z,2020-08-25T07:23:09.832000Z,663.676,198.0,120.0,30.367,0.0,0.0,0.0,12.88,3.478557,0.0,0.0,0.0
2020-08-25T07:23:11.643000Z,2020-08-25T07:23:11.849999Z,697.336,207.0,134.0,46.526,0.0,0.0,0.0,12.88,3.526784,0.0,0.0,0.0
2020-08-25T07:23:13.646000Z,2020-08-25T07:23:13.854000Z,685.274,208.0,196.0,66.741,0.0,0.0,0.0,12.88,3.41452,0.0,0.0,0.0
2020-08-25T07:23:15.655000Z,2020-08-25T07:23:15.815000Z,531.647,160.0,158.0,54.765,0.0,0.0,0.0,12.88,3.780478,0.0,0.0,0.0
2020-08-25T07:23:17.662000Z,2020-08-25T07:23:17.817999Z,503.449,156.0,154.0,27.7,0.0,0.0,0.0,12.88,2.678034,0.0,0.0,0.0
2020-08-25T07:23:19.668000Z,2020-08-25T07:23:19.833000Z,561.667,165.0,136.0,46.29,0.0,0.0,0.0,12.88,4.870857,0.0,0.0,0.0
2020-08-25T07:23:21.675000Z,2020-08-25T07:23:21.964000Z,695.274,289.0,138.0,37.441,0.0,0.0,0.0,12.88,3.945332,0.0,0.0,0.0
2020-08-25T07:23:23.686000Z,2020-08-25T07:23:23.864000Z,593.915,178.0,138.0,25.426,0.0,0.0,0.0,12.88,3.57349,0.0,0.0,0.0
2020-08-25T07:23:25.688000Z,2020-08-25T07:23:25.868000Z,605.122,180.0,134.0,42.842,0.0,0.0,0.0,12.88,3.410778,0.0,0.0,0.0
2020-08-25T07:23:27.701000Z,2020-08-25T07:23:27.900000Z,669.268,199.0,132.0,42.285,0.0,0.0,0.0,12.88,3.671023,0.0,0.0,0.0
2020-08-25T07:23:29.700000Z,2020-08-25T07:23:29.931000Z,752.644,231.0,132.0,27.421,0.0,0.0,0.0,12.88,3.540712,0.0,0.0,0.0
2020-08-25T07:23:31.708000Z,2020-08-25T07:23:31.918000Z,703.925,210.0,134.0,68.754,0.0,0.0,0.0,12.88,2.637924,0.0,0.0,0.0
2020-08-25T07:23:33.718000Z,2020-08-25T07:23:33.916000Z,661.385,198.0,130.0,39.243,0.0,0.0,0.0,12.88,3.568259,0.0,0.0,0.0
2020-08-25T07:23:35.727000Z,2020-08-25T07:23:35.951000Z,662.444,224.0,130.0,41.183,0.0,0.0,0.0,12.88,3.47138,0.0,0.0,0.0
2020-08-25T07:23:37.731000Z,2020-08-25T07:23:37.999000Z,806.538,268.0,124.0,29.392,0.0,0.0,0.0,12.88,4.716694,0.0,0.0,0.0
2020-08-25T07:23:39.488000Z,2020-08-25T07:23:39.709000Z,749.917,221.0,130.0,51.693,0.0,0.0,0.0,12.88,3.152863,0.0,0.0,0.0
2020-08-25T07:23:41.493000Z,2020-08-25T07:23:41.710000Z,706.508,217.0,126.0,44.701,0.0,0.0,0.0,12.88,3.329268,0.0,0.0,0.0
2020-08-25T07:23:43.502000Z,2020-08-25T07:23:43.696000Z,656.982,194.0,124.0,27.324,0.0,0.0,0.0,12.88,2.827859,0.0,0.0,0.0
2020-08-25T07:23:45.507000Z,2020-08-25T07:23:45.731000Z,713.031,224.0,138.0,46.913,0.0,0.0,0.0,12.88,3.303014,0.0,0.0,0.0
2020-08-25T07:23:47.511000Z,2020-08-25T07:23:47.729000Z,690.858,218.0,102.0,32.862,0.0,0.0,0.0,11.147,3.341723,0.0,0.0,0.0
2020-08-25T07:23:49.520000Z,2020-08-25T07:23:49.750000Z,641.627,230.0,96.0,33.483,0.0,0.0,0.0,11.147,3.163559,0.0,0.0,0.0
2020-08-25T07:23:51.529000Z,2020-08-25T07:23:51.785000Z,711.148,256.0,94.0,51.983,0.0,0.0,0.0,11.147,2.200675,0.0,0.0,0.0
2020-08-25T07:23:53.536000Z,2020-08-25T07:23:53.777000Z,664.053,241.0,92.0,25.927,0.0,0.0,0.0,11.147,3.171869,0.0,0.0,0.0
2020-08-25T07:23:55.544000Z,2020-08-25T07:23:55.968000Z,662.991,424.0,86.0,34.201,0.0,0.0,0.0,11.147,2.664031,0.0,0.0,0.0
2020-08-25T07:23:57.551000Z,2020-08-25T07:23:57.775000Z,733.279,224.0,108.0,28.805,0.0,0.0,0.0,11.147,2.104945,0.0,0.0,0.0
2020-08-25T07:23:59.558000Z,2020-08-25T07:23:59.857999Z,867.056,300.0,120.0,46.077,0.0,0.0,0.0,11.147,2.681436,0.0,0.0,0.0
2020-08-25T07:24:01.563000Z,2020-08-25T07:24:01.851000Z,679.827,288.0,120.0,38.555,0.0,0.0,0.0,11.147,3.535941,0.0,0.0,0.0
2020-08-25T07:24:03.568000Z,2020-08-25T07:24:03.782000Z,689.716,214.0,128.0,37.47,0.0,0.0,0.0,11.147,0.018615,0.0,0.0,0.0
2020-08-25T07:24:05.573000Z,2020-08-25T07:24:05.741000Z,476.578,168.0,122.0,25.807,0.0,0.0,0.0,11.147,3.96335,0.0,0.0,0.0
2020-08-25T07:24:07.582000Z,2020-08-25T07:24:07.769999Z,632.705,188.0,162.0,32.672,0.0,0.0,0.0,11.147,1.652475,0.0,0.0,0.0
2020-08-25T07:24:09.590000Z,2020-08-25T07:24:09.787000Z,668.906,197.0,144.0,41.992,0.0,0.0,0.0,11.147,4.386522,0.0,0.0,0.0
2020-08-25T07:24:11.597000Z,2020-08-25T07:24:11.806000Z,624.051,209.0,146.0,32.05,0.0,0.0,0.0,11.147,3.471945,0.0,0.0,0.0
2020-08-25T07:24:13.609000Z,2020-08-25T07:24:13.797000Z,639.711,188.0,118.0,30.145,0.0,0.0,0.0,11.147,3.946993,0.0,0.0,0.0
2020-08-25T07:24:15.610000Z,2020-08-25T07:24:15.913000Z,906.176,303.0,124.0,34.258,0.0,0.0,0.0,11.147,3.833902,0.0,0.0,0.0
2020-08-25T07:24:17.617999Z,2020-08-25T07:24:17.889000Z,832.083,271.0,122.0,26.442,0.0,0.0,0.0,11.147,3.469447,0.0,0.0,0.0
2020-08-25T07:24:19.626000Z,2020-08-25T07:24:19.841000Z,727.536,215.0,136.0,26.463,0.0,0.0,0.0,11.147,4.552406,0.0,0.0,0.0
2020-08-25T07:24:21.639000Z,2020-08-25T07:24:21.820000Z,588.38,181.0,130.0,43.225,0.0,0.0,0.0,11.147,3.62643,0.0,0.0,0.0
2020-08-25T07:24:23.640000Z,2020-08-25T07:24:23.828000Z,610.528,188.0,144.0,47.898,0.0,0.0,0.0,11.147,3.828028,0.0,0.0,0.0
2020-08-25T07:24:25.649000Z,2020-08-25T07:24:25.864000Z,627.21,215.0,144.0,50.908,0.0,0.0,0.0,11.147,2.976567,0.0,0.0,0.0
2020-08-25T07:24:27.654000Z,2020-08-25T07:24:27.844000Z,643.26,190.0,140.0,51.745,0.0,0.0,0.0,11.147,3.0717,0.0,0.0,0.0
2020-08-25T07:24:29.660000Z,2020-08-25T07:24:29.854000Z,656.51,194.0,140.0,44.027,0.0,0.0,0.0,11.147,3.651753,0.0,0.0,0.0
2020-08-25T07:24:31.668000Z,2020-08-25T07:24:31.863000Z,660.984,195.0,132.0,29.179,0.0,0.0,0.0,11.147,3.678807,0.0,0.0,0.0
2020-08-25T07:24:33.675000Z,2020-08-25T07:24:33.868000Z,652.258,193.0,138.0,39.163,0.0,0.0,0.0,11.147,3.997277,0.0,0.0,0.0
2020-08-25T07:24:35.683000Z,2020-08-25T07:24:35.871000Z,637.601,188.0,140.0,50.98,0.0,0.0,0.0,11.147,3.560625,0.0,0.0,0.0
2020-08-25T07:24:37.688000Z,2020-08-25T07:24:37.861000Z,568.293,173.0,142.0,49.416,0.0,0.0,0.0,11.147,3.398274,0.0,0.0,0.0
2020-08-25T07:24:39.699000Z,2020-08-25T07:24:39.900000Z,605.932,201.0,140.0,37.926,0.0,0.0,0.0,11.147,3.509391,0.0,0.0,0.0
2020-08-25T07:24:41.704000Z,2020-08-25T07:24:41.894000Z,611.431,190.0,146.0,28.952,0.0,0.0,0.0,11.147,3.202599,0.0,0.0,0.0
2020-08-25T07:24:43.711000Z,2020-08-25T07:24:43.885000Z,572.125,174.0,146.0,46.066,0.0,0.0,0.0,11.147,3.159577,0.0,0.0,0.0
2020-08-25T07:24:45.712999Z,2020-08-25T07:24:45.901000Z,630.142,188.0,146.0,37.258,0.0,0.0,0.0,11.147,3.449572,0.0,0.0,0.0
2020-08-25T07:24:47.726000Z,2020-08-25T07:24:47.895000Z,571.591,169.0,140.0,37.053,0.0,0.0,0.0,11.147,3.513915,0.0,0.0,0.0
2020-08-25T07:24:49.737000Z,2020-08-25T07:24:50.121999Z,509.659,385.0,140.0,31.754,0.0,0.0,0.0,11.147,3.421131,0.0,0.0,0.0
2020-08-25T07:24:51.745000Z,2020-08-25T07:24:51.931000Z,639.643,186.0,114.0,26.152,0.0,0.0,0.0,11.147,3.382854,0.0,0.0,0.0
2020-08-25T07:24:53.744000Z,2020-08-25T07:24:53.928000Z,589.321,184.0,116.0,38.45,0.0,0.0,0.0,11.147,3.750354,0.0,0.0,0.0
2020-08-25T07:24:55.753000Z,2020-08-25T07:24:55.921999Z,530.977,169.0,116.0,32.528,0.0,0.0,0.0,11.147,3.390311,0.0,0.0,0.0
2020-08-25T07:24:57.761999Z,2020-08-25T07:24:57.959000Z,637.96,197.0,116.0,27.838,0.0,0.0,0.0,11.147,3.958265,0.0,0.0,0.0
2020-08-25T07:24:59.776000Z,2020-08-25T07:24:59.943000Z,562.975,167.0,116.0,30.339,0.0,0.0,0.0,11.147,3.431851,0.0,0.0,0.0
2020-08-25T07:25:01.781000Z,2020-08-25T07:25:01.958000Z,585.845,177.0,122.0,38.068,0.0,0.0,0.0,11.147,3.71995,0.0,0.0,0.0
2020-08-25T07:25:03.787000Z,2020-08-25T07:25:03.952000Z,512.022,165.0,168.0,49.745,0.0,0.0,0.0,11.147,3.378268,0.0,0.0,0.0
2020-08-25T07:25:05.792000Z,2020-08-25T07:25:06.008000Z,692.297,216.0,176.0,58.442,0.0,0.0,0.0,11.147,3.413242,0.0,0.0,0.0
2020-08-25T07:25:07.799000Z,2020-08-25T07:25:07.977999Z,605.914,179.0,180.0,65.097,0.0,0.0,0.0,11.147,3.307898,0.0,0.0,0.0
2020-08-25T07:25:09.816000Z,2020-08-25T07:25:09.988000Z,579.635,172.0,132.0,33.344,0.0,0.0,0.0,11.147,2.814299,0.0,0.0,0.0
2020-08-25T07:25:11.812000Z,2020-08-25T07:25:12.007000Z,644.53,195.0,134.0,46.585,0.0,0.0,0.0,11.147,3.522794,0.0,0.0,0.0
2020-08-25T07:25:13.571000Z,2020-08-25T07:25:13.791000Z,614.541,220.0,134.0,44.617,0.0,0.0,0.0,11.147,3.628495,0.0,0.0,0.0
2020-08-25T07:25:15.841999Z,2020-08-25T07:25:15.993000Z,493.32,151.0,128.0,32.805,0.0,0.0,0.0,11.147,2.960147,0.0,0.0,0.0
2020-08-25T07:25:17.843000Z,2020-08-25T07:25:17.997000Z,522.509,154.0,126.0,31.057,0.0,0.0,0.0,11.147,3.964831,0.0,0.0,0.0
2020-08-25T07:25:19.850000Z,2020-08-25T07:25:20.035000Z,621.259,185.0,118.0,25.083,0.0,0.0,0.0,11.147,3.081204,0.0,0.0,0.0
2020-08-25T07:25:21.862000Z,2020-08-25T07:25:22.040000Z,575.975,178.0,114.0,35.67,0.0,0.0,0.0,11.147,3.696289,0.0,0.0,0.0
2020-08-25T07:25:23.614000Z,2020-08-25T07:25:23.775000Z,536.437,161.0,118.0,30.361,0.0,0.0,0.0,11.147,4.082401,0.0,0.0,0.0
2020-08-25T07:25:25.622000Z,2020-08-25T07:25:25.796000Z,520.985,174.0,118.0,35.415,0.0,0.0,0.0,11.147,3.336713,0.0,0.0,0.0
2020-08-25T07:25:27.880000Z,2020-08-25T07:25:28.078000Z,634.636,198.0,118.0,23.182,0.0,0.0,0.0,11.147,4.428096,0.0,0.0,0.0
2020-08-25T07:25:29.638000Z,2020-08-25T07:25:29.903000Z,886.329,265.0,116.0,41.689,0.0,0.0,0.0,11.147,3.610122,0.0,0.0,0.0
2020-08-25T07:25:31.643000Z,2020-08-25T07:25:31.849000Z,682.429,206.0,158.0,55.585,0.0,0.0,0.0,11.147,3.385857,0.0,0.0,0.0
2020-08-25T07:25:33.651000Z,2020-08-25T07:25:33.809999Z,534.232,159.0,134.0,31.874,0.0,0.0,0.0,11.147,4.011718,0.0,0.0,0.0
2020-08-25T07:25:35.657999Z,2020-08-25T07:25:35.811000Z,497.721,153.0,134.0,46.659,0.0,0.0,0.0,11.147,3.400046,0.0,0.0,0.0
2020-08-25T07:25:37.664000Z,2020-08-25T07:25:37.817000Z,410.879,153.0,131.0,40.542,0.0,0.0,0.0,11.147,3.498737,0.0,0.0,0.0
2020-08-25T07:25:39.670000Z,2020-08-25T07:25:39.821000Z,500.28,151.0,128.0,30.002,0.0,0.0,0.0,11.147,3.936421,0.0,0.0,0.0
2020-08-25T07:25:41.677000Z,2020-08-25T07:25:41.871000Z,657.356,194.0,140.0,39.32,0.0,0.0,0.0,11.147,3.640505,0.0,0.0,0.0
2020-08-25T07:25:43.685000Z,2020-08-25T07:25:43.878000Z,652.494,193.0,158.0,32.134,0.0,0.0,0.0,11.147,3.612381,0.0,0.0,0.0
2020-08-25T07:25:45.696000Z,2020-08-25T07:25:45.873000Z,575.776,177.0,152.0,53.399,0.0,0.0,0.0,11.147,3.682649,0.0,0.0,0.0
2020-08-25T07:25:47.699000Z,2020-08-25T07:25:47.863000Z,541.123,164.0,138.0,29.51,0.0,0.0,0.0,11.147,3.116794,0.0,0.0,0.0
2020-08-25T07:25:49.708999Z,2020-08-25T07:25:49.895000Z,621.601,186.0,132.0,25.778,0.0,0.0,0.0,11.147,4.857495,0.0,0.0,0.0
2020-08-25T07:25:51.712999Z,2020-08-25T07:25:51.875000Z,519.093,162.0,146.0,51.753,0.0,0.0,0.0,11.147,3.588668,0.0,0.0,0.0
2020-08-25T07:25:53.721000Z,2020-08-25T07:25:53.907000Z,574.637,186.0,146.0,28.433,0.0,0.0,0.0,11.147,3.576801,0.0,0.0,0.0
2020-08-25T07:25:55.728000Z,2020-08-25T07:25:55.916000Z,639.59,188.0,140.0,48.606,0.0,0.0,0.0,11.147,3.536878,0.0,0.0,0.0
2020-08-25T07:25:57.736000Z,2020-08-25T07:25:57.957000Z,745.446,221.0,150.0,30.091,0.0,0.0,0.0,11.147,2.502418,0.0,0.0,0.0
2020-08-25T07:25:59.742000Z,2020-08-25T07:25:59.975000Z,782.95,233.0,150.0,46.571,0.0,0.0,0.0,11.147,2.912939,0.0,0.0,0.0
2020-08-25T07:26:01.748999Z,2020-08-25T07:26:01.923000Z,583.682,174.0,130.0,36.138,0.0,0.0,0.0,11.147,3.170573,0.0,0.0,0.0
2020-08-25T07:26:03.755000Z,2020-08-25T07:26:03.892000Z,464.617,137.0,130.0,40.32,0.0,0.0,0.0,11.147,3.813086,0.0,0.0,0.0
2020-08-25T07:26:05.772000Z,2020-08-25T07:26:05.918000Z,487.713,146.0,134.0,33.62,0.0,0.0,0.0,11.147,3.592729,0.0,0.0,0.0
2020-08-25T07:26:07.772000Z,2020-08-25T07:26:07.982000Z,660.963,210.0,134.0,41.142,0.0,0.0,0.0,11.147,3.615538,0.0,0.0,0.0
2020-08-25T07:26:09.773000Z,2020-08-25T07:26:09.951000Z,563.55,178.0,130.0,40.508,0.0,0.0,0.0,11.147,3.325899,0.0,0.0,0.0
2020-08-25T07:26:11.779000Z,2020-08-25T07:26:11.950000Z,513.865,171.0,128.0,25.938,0.0,0.0,0.0,11.147,2.811155,0.0,0.0,0.0
2020-08-25T07:26:13.782000Z,2020-08-25T07:26:13.920000Z,399.111,138.0,128.0,25.782,0.0,0.0,0.0,11.147,2.91671,0.0,0.0,0.0
2020-08-25T07:26:15.787000Z,2020-08-25T07:26:15.925000Z,415.076,138.0,120.0,33.425,0.0,0.0,0.0,11.147,5.460905,0.0,0.0,0.0
2020-08-25T07:26:17.806000Z,2020-08-25T07:26:17.933000Z,413.956,127.0,132.0,31.955,0.0,0.0,0.0,11.147,2.90939,0.0,0.0,0.0
2020-08-25T07:26:19.806000Z,2020-08-25T07:26:19.971000Z,480.282,165.0,132.0,35.138,0.0,0.0,0.0,11.147,4.618488,0.0,0.0,0.0
2020-08-25T07:26:21.811000Z,2020-08-25T07:26:22.021000Z,662.446,210.0,112.0,27.438,0.0,0.0,0.0,11.147,2.205997,0.0,0.0,0.0
2020-08-25T07:26:23.817000Z,2020-08-25T07:26:23.953999Z,439.329,137.0,118.0,52.585,0.0,0.0,0.0,11.147,3.048034,0.0,0.0,0.0
2020-08-25T07:26:25.822000Z,2020-08-25T07:26:25.960000Z,445.363,138.0,118.0,33.488,0.0,0.0,0.0,11.147,3.338728,0.0,0.0,0.0
2020-08-25T07:26:27.831000Z,2020-08-25T07:26:27.976000Z,406.142,145.0,118.0,27.313,0.0,0.0,0.0,11.147,4.733892,0.0,0.0,0.0
2020-08-25T07:26:29.840000Z,2020-08-25T07:26:30.000000Z,405.849,160.0,126.0,37.2,0.0,0.0,0.0,11.147,2.6285,0.0,0.0,0.0
2020-08-25T07:26:31.854000Z,2020-08-25T07:26:32.003000Z,416.704,149.0,126.0,141.851,0.0,0.0,0.0,11.147,3.150121,0.0,0.0,0.0
2020-08-25T07:26:33.853000Z,2020-08-25T07:26:34.003000Z,469.27,150.0,102.0,32.637,0.0,0.0,0.0,11.147,2.617917,0.0,0.0,0.0
2020-08-25T07:26:35.860000Z,2020-08-25T07:26:35.981000Z,398.831,121.0,112.0,22.714,0.0,0.0,0.0,11.147,2.919274,0.0,0.0,0.0
2020-08-25T07:26:37.871000Z,2020-08-25T07:26:38.025000Z,394.711,154.0,118.0,25.185,0.0,0.0,0.0,11.147,4.374806,0.0,0.0,0.0
2020-08-25T07:26:39.871000Z,2020-08-25T07:26:40.007000Z,415.2,136.0,118.0,61.326,0.0,0.0,0.0,11.147,2.287888,0.0,0.0,0.0
2020-08-25T07:26:41.883000Z,2020-08-25T07:26:42.309000Z,619.164,426.0,118.0,32.694,0.0,0.0,0.0,11.147,3.177436,0.0,0.0,0.0
2020-08-25T07:26:43.886000Z,2020-08-25T07:26:44.089999Z,633.82,204.0,116.0,25.886,0.0,0.0,0.0,11.147,3.255844,0.0,0.0,0.0
2020-08-25T07:26:45.895000Z,2020-08-25T07:26:46.049999Z,448.829,155.0,124.0,34.687,0.0,0.0,0.0,11.147,4.232115,0.0,0.0,0.0
2020-08-25T07:26:47.908000Z,2020-08-25T07:26:48.036000Z,433.469,128.0,122.0,23.797,0.0,0.0,0.0,11.147,4.418263,0.0,0.0,0.0
2020-08-25T07:26:49.910000Z,2020-08-25T07:26:50.046000Z,448.368,136.0,124.0,26.11,0.0,0.0,0.0,11.147,4.203783,0.0,0.0,0.0
2020-08-25T07:26:51.913999Z,2020-08-25T07:26:52.068000Z,452.515,154.0,124.0,38.182,0.0,0.0,0.0,11.147,3.295922,0.0,0.0,0.0
2020-08-25T07:26:53.932000Z,2020-08-25T07:26:54.073999Z,468.685,142.0,124.0,27.582,0.0,0.0,0.0,11.147,4.782796,0.0,0.0,0.0
2020-08-25T07:26:55.939000Z,2020-08-25T07:26:56.046000Z,346.073,107.0,154.0,28.176,0.0,0.0,0.0,11.147,4.841125,0.0,0.0,0.0
2020-08-25T07:26:57.938000Z,2020-08-25T07:26:58.085000Z,415.714,147.0,124.0,33.138,0.0,0.0,0.0,11.147,3.774007,0.0,0.0,0.0
2020-08-25T07:26:59.696000Z,2020-08-25T07:26:59.873999Z,595.086,178.0,126.0,30.051,0.0,0.0,0.0,11.147,2.202953,0.0,0.0,0.0
2020-08-25T07:27:01.708000Z,2020-08-25T07:27:02.047000Z,1007.227,339.0,124.0,38.491,0.0,0.0,0.0,11.147,3.534313,0.0,0.0,0.0
2020-08-25T07:27:03.714000Z,2020-08-25T07:27:04.076000Z,1207.139,362.0,112.0,37.041,0.0,0.0,0.0,11.147,3.607869,0.0,0.0,0.0
2020-08-25T07:27:05.722000Z,2020-08-25T07:27:06.288000Z,1234.329,566.0,112.0,34.975,0.0,0.0,0.0,11.147,3.328818,0.0,0.0,0.0
2020-08-25T07:27:07.736000Z,2020-08-25T07:27:08.073999Z,1143.701,338.0,114.0,38.331,0.0,0.0,0.0,11.147,3.488243,0.0,0.0,0.0
2020-08-25T07:27:09.739000Z,2020-08-25T07:27:10.005000Z,908.686,266.0,114.0,26.845,0.0,0.0,0.0,11.147,4.025567,0.0,0.0,0.0
2020-08-25T07:27:11.744000Z,2020-08-25T07:27:12.009000Z,890.629,265.0,124.0,39.637,0.0,0.0,0.0,11.147,3.431584,0.0,0.0,0.0
2020-08-25T07:27:13.753000Z,2020-08-25T07:27:14.017999Z,897.401,265.0,134.0,27.218,0.0,0.0,0.0,11.147,3.614856,0.0,0.0,0.0
2020-08-25T07:27:15.756000Z,2020-08-25T07:27:15.889999Z,437.791,134.0,120.0,38.661,0.0,0.0,0.0,11.147,2.909417,0.0,0.0,0.0
2020-08-25T07:27:17.764000Z,2020-08-25T07:27:18.005000Z,775.206,241.0,122.0,37.389,0.0,0.0,0.0,11.147,3.576905,0.0,0.0,0.0
2020-08-25T07:27:19.769000Z,2020-08-25T07:27:20.014000Z,811.731,245.0,132.0,27.153,0.0,0.0,0.0,11.147,3.709258,0.0,0.0,0.0
2020-08-25T07:27:21.784000Z,2020-08-25T07:27:21.961000Z,560.019,177.0,128.0,44.087,0.0,0.0,0.0,11.147,3.66329,0.0,0.0,0.0
2020-08-25T07:27:23.784999Z,2020-08-25T07:27:23.971000Z,620.792,186.0,134.0,29.321,0.0,0.0,0.0,11.147,3.462939,0.0,0.0,0.0
2020-08-25T07:27:25.794000Z,2020-08-25T07:27:25.985000Z,640.416,191.0,134.0,41.295,0.0,0.0,0.0,11.147,3.485867,0.0,0.0,0.0
2020-08-25T07:27:27.799000Z,2020-08-25T07:27:27.992000Z,601.418,193.0,142.0,48.26,0.0,0.0,0.0,11.147,3.332187,0.0,0.0,0.0
2020-08-25T07:27:29.806000Z,2020-08-25T07:27:29.881999Z,241.483,76.0,142.0,43.346,0.0,0.0,0.0,11.147,3.400819,0.0,0.0,0.0
2020-08-25T07:27:31.811000Z,2020-08-25T07:27:31.879000Z,212.283,68.0,176.0,23.43,0.0,0.0,0.0,11.147,4.414656,0.0,0.0,0.0
2020-08-25T07:27:33.820999Z,2020-08-25T07:27:33.920000Z,310.935,99.0,166.0,26.749,0.0,0.0,0.0,11.147,5.393909,0.0,0.0,0.0
2020-08-25T07:27:35.828000Z,2020-08-25T07:27:35.925000Z,308.427,97.0,146.0,25.169,0.0,0.0,0.0,11.147,3.382482,0.0,0.0,0.0
2020-08-25T07:27:37.832000Z,2020-08-25T07:27:37.958000Z,394.241,126.0,150.0,28.511,0.0,0.0,0.0,11.147,3.977936,0.0,0.0,0.0
2020-08-25T07:27:39.839000Z,2020-08-25T07:27:39.953000Z,373.231,114.0,146.0,42.746,0.0,0.0,0.0,11.147,3.409149,0.0,0.0,0.0
2020-08-25T07:27:41.847000Z,2020-08-25T07:27:41.985000Z,381.089,138.0,150.0,32.83,0.0,0.0,0.0,11.147,3.468017,0.0,0.0,0.0
2020-08-25T07:27:43.855000Z,2020-08-25T07:27:43.920000Z,156.624,65.0,146.0,112.713,0.0,0.0,0.0,11.147,2.448705,0.0,0.0,0.0
2020-08-25T07:27:45.860999Z,2020-08-25T07:27:45.943000Z,257.208,82.0,150.0,32.652,0.0,0.0,0.0,11.147,4.49125,0.0,0.0,0.0
2020-08-25T07:27:47.869000Z,2020-08-25T07:27:48.100000Z,780.442,231.0,124.0,25.377,0.0,0.0,0.0,11.147,4.397694,0.0,0.0,0.0
2020-08-25T07:27:49.875000Z,2020-08-25T07:27:50.127000Z,829.495,252.0,128.0,45.188,0.0,0.0,0.0,11.147,3.382579,0.0,0.0,0.0
2020-08-25T07:27:51.881000Z,2020-08-25T07:27:52.136000Z,832.85,255.0,124.0,42.689,0.0,0.0,0.0,11.147,3.279357,0.0,0.0,0.0
2020-08-25T07:27:53.887000Z,2020-08-25T07:27:54.159000Z,897.443,272.0,116.0,39.262,0.0,0.0,0.0,11.147,3.501626,0.0,0.0,0.0
2020-08-25T07:27:55.895000Z,2020-08-25T07:27:56.111000Z,733.332,216.0,116.0,39.598,0.0,0.0,0.0,11.147,3.494221,0.0,0.0,0.0
2020-08-25T07:27:57.910000Z,2020-08-25T07:27:58.127000Z,737.518,217.0,118.0,26.787,0.0,0.0,0.0,11.147,3.517956,0.0,0.0,0.0
2020-08-25T07:27:59.908000Z,2020-08-25T07:28:00.165000Z,802.957,257.0,124.0,41.771,0.0,0.0,0.0,11.147,2.946478,0.0,0.0,0.0
2020-08-25T07:28:01.916000Z,2020-08-25T07:28:02.145999Z,771.453,230.0,114.0,25.218,0.0,0.0,0.0,11.147,3.143412,0.0,0.0,0.0
2020-08-25T07:28:03.923000Z,2020-08-25T07:28:04.153000Z,782.836,230.0,118.0,32.385,0.0,0.0,0.0,11.147,3.533754,0.0,0.0,0.0
2020-08-25T07:28:05.927000Z,2020-08-25T07:28:06.148000Z,676.211,221.0,124.0,39.536,0.0,0.0,0.0,11.147,3.589184,0.0,0.0,0.0
2020-08-25T07:28:07.932000Z,2020-08-25T07:28:08.193000Z,638.381,261.0,118.0,105.103,0.0,0.0,0.0,11.147,2.981406,0.0,0.0,0.0
2020-08-25T07:28:09.938000Z,2020-08-25T07:28:10.118000Z,573.282,180.0,128.0,33.367,0.0,0.0,0.0,11.147,1.470708,0.0,0.0,0.0
2020-08-25T07:28:11.942000Z,2020-08-25T07:28:12.141000Z,676.15,199.0,124.0,29.173,0.0,0.0,0.0,11.147,4.486431,0.0,0.0,0.0
2020-08-25T07:28:13.952999Z,2020-08-25T07:28:14.300000Z,1100.597,347.0,124.0,43.125,0.0,0.0,0.0,11.147,3.779086,0.0,0.0,0.0
2020-08-25T07:28:15.960000Z,2020-08-25T07:28:16.351000Z,1296.176,391.0,140.0,49.333,0.0,0.0,0.0,11.147,3.22237,0.0,0.0,0.0
2020-08-25T07:28:17.971000Z,2020-08-25T07:28:18.171000Z,667.842,200.0,138.0,46.247,0.0,0.0,0.0,11.147,3.292179,0.0,0.0,0.0
2020-08-25T07:28:19.966000Z,2020-08-25T07:28:20.209000Z,800.938,243.0,130.0,37.967,0.0,0.0,0.0,11.147,2.861901,0.0,0.0,0.0
2020-08-25T07:28:21.972000Z,2020-08-25T07:28:22.187000Z,723.987,215.0,128.0,29.257,0.0,0.0,0.0,11.147,3.184941,0.0,0.0,0.0
2020-08-25T07:28:23.976000Z,2020-08-25T07:28:24.391000Z,1089.61,415.0,124.0,50.02,0.0,0.0,0.0,11.147,3.069909,0.0,0.0,0.0
2020-08-25T07:28:25.984000Z,2020-08-25T07:28:26.304000Z,869.913,320.0,102.0,25.273,0.0,0.0,0.0,11.147,3.079907,0.0,0.0,0.0
2020-08-25T07:28:27.991000Z,2020-08-25T07:28:28.465000Z,1161.732,474.0,98.0,32.921,0.0,0.0,0.0,11.147,3.622624,0.0,0.0,0.0
2020-08-25T07:28:30.004000Z,2020-08-25T07:28:30.571000Z,1018.733,567.0,86.0,40.015,0.0,0.0,0.0,11.147,2.389934,0.0,0.0,0.0
2020-08-25T07:28:32.008999Z,2020-08-25T07:28:32.486000Z,1603.565,477.0,84.0,68.777,0.0,0.0,0.0,11.147,1.623333,0.0,0.0,0.0
2020-08-25T07:28:34.015000Z,2020-08-25T07:28:34.159000Z,476.968,144.0,130.0,42.058,0.0,0.0,0.0,11.147,3.658325,0.0,0.0,0.0
2020-08-25T07:28:36.022000Z,2020-08-25T07:28:36.182000Z,512.804,160.0,108.0,24.312,0.0,0.0,0.0,11.147,2.73268,0.0,0.0,0.0
2020-08-25T07:28:38.028000Z,2020-08-25T07:28:38.396000Z,1210.032,368.0,108.0,25.879,0.0,0.0,0.0,11.147,3.892374,0.0,0.0,0.0
2020-08-25T07:28:40.036000Z,2020-08-25T07:28:40.420000Z,1274.562,384.0,126.0,42.606,0.0,0.0,0.0,11.147,3.573048,0.0,0.0,0.0
2020-08-25T07:28:42.041999Z,2020-08-25T07:28:42.400000Z,1189.35,358.0,122.0,39.415,0.0,0.0,0.0,11.147,3.344826,0.0,0.0,0.0
2020-08-25T07:28:43.801000Z,2020-08-25T07:28:44.197000Z,1341.353,396.0,122.0,48.947,0.0,0.0,0.0,11.147,2.75475,0.0,0.0,0.0
2020-08-25T07:28:46.056000Z,2020-08-25T07:28:46.391000Z,1113.446,335.0,140.0,34.757,0.0,0.0,0.0,11.147,3.824877,0.0,0.0,0.0
2020-08-25T07:28:47.812000Z,2020-08-25T07:28:48.148000Z,1125.251,336.0,132.0,50.19,0.0,0.0,0.0,13.436,3.289677,0.0,0.0,0.0
2020-08-25T07:28:49.820000Z,2020-08-25T07:28:50.201000Z,1222.62,381.0,122.0,27.234,0.0,0.0,0.0,13.436,3.588492,0.0,0.0,0.0
2020-08-25T07:28:51.829000Z,2020-08-25T07:28:52.173000Z,1155.889,344.0,116.0,33.465,0.0,0.0,0.0,13.436,3.853652,0.0,0.0,0.0
2020-08-25T07:28:54.084000Z,2020-08-25T07:28:54.360000Z,858.094,276.0,116.0,35.616,0.0,0.0,0.0,13.436,2.894144,0.0,0.0,0.0
2020-08-25T07:28:55.840000Z,2020-08-25T07:28:56.033000Z,645.975,193.0,126.0,34.828,0.0,0.0,0.0,13.436,3.453458,0.0,0.0,0.0
2020-08-25T07:28:57.847000Z,2020-08-25T07:28:58.039000Z,646.536,192.0,128.0,36.371,0.0,0.0,0.0,13.436,3.517268,0.0,0.0,0.0
2020-08-25T07:28:59.857999Z,2020-08-25T07:29:00.009000Z,502.877,151.0,130.0,30.043,0.0,0.0,0.0,13.436,3.357725,0.0,0.0,0.0
2020-08-25T07:29:01.860999Z,2020-08-25T07:29:02.004000Z,486.331,143.0,4.0,38.838,0.0,0.0,0.0,13.436,3.669467,0.0,0.0,0.0
2020-08-25T07:29:03.866000Z,2020-08-25T07:29:04.075000Z,672.936,209.0,138.0,31.865,0.0,0.0,0.0,13.436,4.363871,0.0,0.0,0.0
2020-08-25T07:29:05.873999Z,2020-08-25T07:29:06.103000Z,663.016,229.0,142.0,41.384,0.0,0.0,0.0,13.436,3.371733,0.0,0.0,0.0
2020-08-25T07:29:07.883000Z,2020-08-25T07:29:08.149000Z,822.793,266.0,144.0,65.523,0.0,0.0,0.0,13.436,2.739387,0.0,0.0,0.0
2020-08-25T07:29:09.899000Z,2020-08-25T07:29:10.206000Z,926.156,307.0,140.0,30.197,0.0,0.0,0.0,13.436,2.909192,0.0,0.0,0.0
2020-08-25T07:29:11.896000Z,2020-08-25T07:29:12.327000Z,749.299,431.0,118.0,34.926,0.0,0.0,0.0,13.436,2.633629,0.0,0.0,0.0
2020-08-25T07:29:13.902000Z,2020-08-25T07:29:14.133000Z,789.359,231.0,118.0,25.381,0.0,0.0,0.0,13.436,2.951371,0.0,0.0,0.0
2020-08-25T07:29:15.909000Z,2020-08-25T07:29:16.137999Z,702.05,229.0,118.0,41.189,0.0,0.0,0.0,13.436,3.622673,0.0,0.0,0.0
2020-08-25T07:29:17.916000Z,2020-08-25T07:29:18.032000Z,343.965,116.0,118.0,35.02,0.0,0.0,0.0,13.436,3.588421,0.0,0.0,0.0
2020-08-25T07:29:19.923000Z,2020-08-25T07:29:20.092000Z,524.884,169.0,116.0,22.125,0.0,0.0,0.0,13.436,3.625744,0.0,0.0,0.0
2020-08-25T07:29:21.929999Z,2020-08-25T07:29:22.132000Z,637.856,202.0,116.0,36.418,0.0,0.0,0.0,13.436,3.956038,0.0,0.0,0.0
2020-08-25T07:29:23.939000Z,2020-08-25T07:29:24.095000Z,503.774,156.0,118.0,25.616,0.0,0.0,0.0,13.436,3.157904,0.0,0.0,0.0
2020-08-25T07:29:25.947000Z,2020-08-25T07:29:26.147000Z,503.584,200.0,120.0,32.494,0.0,0.0,0.0,13.436,4.207472,0.0,0.0,0.0
2020-08-25T07:29:27.951000Z,2020-08-25T07:29:28.187000Z,703.31,236.0,116.0,31.131,0.0,0.0,0.0,13.436,3.814038,0.0,0.0,0.0
2020-08-25T07:29:29.958000Z,2020-08-25T07:29:30.233999Z,773.73,276.0,111.0,30.026,0.0,0.0,0.0,13.436,4.437785,0.0,0.0,0.0
2020-08-25T07:29:31.963000Z,2020-08-25T07:29:32.169999Z,549.714,207.0,112.0,29.806,0.0,0.0,0.0,13.436,3.012088,0.0,0.0,0.0
2020-08-25T07:29:33.972000Z,2020-08-25T07:29:34.201999Z,518.035,230.0,106.0,30.889,0.0,0.0,0.0,13.436,2.966187,0.0,0.0,0.0
2020-08-25T07:29:35.981000Z,2020-08-25T07:29:36.372000Z,471.128,391.0,102.0,27.782,0.0,0.0,0.0,13.436,0.832196,0.0,0.0,0.0
2020-08-25T07:29:37.996000Z,2020-08-25T07:29:38.168000Z,488.569,172.0,98.0,31.454,0.0,0.0,0.0,13.436,2.387174,0.0,0.0,0.0
2020-08-25T07:29:40.007000Z,2020-08-25T07:29:40.281999Z,708.465,275.0,98.0,32.672,0.0,0.0,0.0,13.436,3.946897,0.0,0.0,0.0
2020-08-25T07:29:42.007000Z,2020-08-25T07:29:42.237000Z,644.116,230.0,94.0,28.562,0.0,0.0,0.0,13.436,3.479117,0.0,0.0,0.0
2020-08-25T07:29:44.015000Z,2020-08-25T07:29:44.270000Z,619.673,255.0,100.0,75.759,0.0,0.0,0.0,13.436,2.582768,0.0,0.0,0.0
2020-08-25T07:29:46.018000Z,2020-08-25T07:29:46.321000Z,591.035,303.0,94.0,51.481,0.0,0.0,0.0,13.436,2.056981,0.0,0.0,0.0
2020-08-25T07:29:48.024000Z,2020-08-25T07:29:48.281999Z,533.262,258.0,82.0,43.811,0.0,0.0,0.0,13.436,2.817267,0.0,0.0,0.0
2020-08-25T07:29:50.031000Z,2020-08-25T07:29:50.339000Z,626.692,308.0,78.0,33.902,0.0,0.0,0.0,13.436,0.960541,0.0,0.0,0.0
2020-08-25T07:29:52.041000Z,2020-08-25T07:29:52.380000Z,651.479,339.0,72.0,25.975,0.0,0.0,0.0,13.436,1.920111,0.0,0.0,0.0
2020-08-25T07:29:54.046000Z,2020-08-25T07:29:54.301000Z,594.541,255.0,68.0,25.85,0.0,0.0,0.0,13.436,1.505024,0.0,0.0,0.0
2020-08-25T07:29:56.054000Z,2020-08-25T07:29:56.245000Z,328.389,191.0,80.0,34.422,0.0,0.0,0.0,13.436,1.974471,0.0,0.0,0.0
2020-08-25T07:29:58.060000Z,2020-08-25T07:29:58.289999Z,538.117,230.0,78.0,24.758,0.0,0.0,0.0,13.436,2.451404,0.0,0.0,0.0
2020-08-25T07:30:00.069000Z,2020-08-25T07:30:00.245000Z,354.655,176.0,80.0,24.043,0.0,0.0,0.0,13.436,2.79089,0.0,0.0,0.0
2020-08-25T07:30:02.075000Z,2020-08-25T07:30:02.376000Z,744.889,301.0,80.0,34.765,0.0,0.0,0.0,13.436,1.99723,0.0,0.0,0.0
2020-08-25T07:30:04.080999Z,2020-08-25T07:30:04.393000Z,677.868,312.0,80.0,29.224,0.0,0.0,0.0,13.436,2.763448,0.0,0.0,0.0
2020-08-25T07:30:06.085000Z,2020-08-25T07:30:06.277000Z,414.539,192.0,82.0,30.745,0.0,0.0,0.0,13.436,3.14284,0.0,0.0,0.0
2020-08-25T07:30:08.092000Z,2020-08-25T07:30:08.503000Z,813.824,411.0,86.0,27.056,0.0,0.0,0.0,13.436,2.014893,0.0,0.0,0.0
2020-08-25T07:30:10.097000Z,2020-08-25T07:30:10.481999Z,803.083,385.0,80.0,50.271,0.0,0.0,0.0,13.436,1.972473,0.0,0.0,0.0
2020-08-25T07:30:12.103000Z,2020-08-25T07:30:12.414000Z,736.171,311.0,76.0,24.401,0.0,0.0,0.0,13.436,2.800407,0.0,0.0,0.0
2020-08-25T07:30:14.119000Z,2020-08-25T07:30:14.512000Z,1067.223,393.0,92.0,28.173,0.0,0.0,0.0,13.436,2.550413,0.0,0.0,0.0
2020-08-25T07:30:16.125000Z,2020-08-25T07:30:16.806000Z,1730.796,681.0,98.0,26.489,0.0,0.0,0.0,13.436,3.026969,0.0,0.0,0.0
2020-08-25T07:30:18.135000Z,2020-08-25T07:30:18.425000Z,788.453,290.0,112.0,28.159,0.0,0.0,0.0,13.436,3.283564,0.0,0.0,0.0
2020-08-25T07:30:20.133000Z,2020-08-25T07:30:20.641999Z,1060.886,509.0,106.0,39.253,0.0,0.0,0.0,13.436,2.409081,0.0,0.0,0.0
2020-08-25T07:30:22.141000Z,2020-08-25T07:30:22.799000Z,1639.709,658.0,88.0,30.689,0.0,0.0,0.0,13.436,2.298301,0.0,0.0,0.0
2020-08-25T07:30:24.147000Z,2020-08-25T07:30:24.524000Z,897.848,377.0,76.0,34.298,0.0,0.0,0.0,13.436,2.581338,0.0,0.0,0.0
2020-08-25T07:30:26.149000Z,2020-08-25T07:30:26.615000Z,1193.434,466.0,72.0,34.24,0.0,0.0,0.0,11.942,3.181974,0.0,0.0,0.0
2020-08-25T07:30:28.156000Z,2020-08-25T07:30:28.479000Z,761.972,323.0,72.0,24.21,0.0,0.0,0.0,11.942,2.157775,0.0,0.0,0.0
2020-08-25T07:30:30.162000Z,2020-08-25T07:30:30.519000Z,782.168,357.0,70.0,30.257,0.0,0.0,0.0,11.942,2.383769,0.0,0.0,0.0
2020-08-25T07:30:32.168000Z,2020-08-25T07:30:32.271000Z,136.262,103.0,64.0,24.585,0.0,0.0,0.0,11.942,2.639045,0.0,0.0,0.0
2020-08-25T07:30:34.175000Z,2020-08-25T07:30:34.463000Z,570.569,288.0,64.0,25.781,0.0,0.0,0.0,11.942,1.460806,0.0,0.0,0.0
2020-08-25T07:30:36.187000Z,2020-08-25T07:30:36.998000Z,2012.958,811.0,94.0,29.326,0.0,0.0,0.0,11.942,2.461745,0.0,0.0,0.0
2020-08-25T07:30:37.941000Z,2020-08-25T07:30:38.398000Z,1248.481,457.0,82.0,27.838,0.0,0.0,0.0,11.942,2.622832,0.0,0.0,0.0
2020-08-25T07:30:39.950000Z,2020-08-25T07:30:40.238000Z,624.396,288.0,94.0,32.559,0.0,0.0,0.0,11.942,3.15196,0.0,0.0,0.0
2020-08-25T07:30:41.952999Z,2020-08-25T07:30:42.329999Z,892.277,377.0,94.0,32.514,0.0,0.0,0.0,11.942,2.185408,0.0,0.0,0.0
2020-08-25T07:30:43.962000Z,2020-08-25T07:30:44.332000Z,851.828,370.0,82.0,27.531,0.0,0.0,0.0,11.942,1.620874,0.0,0.0,0.0
2020-08-25T07:30:45.968000Z,2020-08-25T07:30:46.185000Z,531.634,217.0,78.0,55.991,0.0,0.0,0.0,11.942,2.988225,0.0,0.0,0.0
2020-08-25T07:30:47.982000Z,2020-08-25T07:30:48.321000Z,653.122,339.0,76.0,29.212,0.0,0.0,0.0,11.942,2.435224,0.0,0.0,0.0
2020-08-25T07:30:49.980000Z,2020-08-25T07:30:50.329999Z,744.176,350.0,102.0,32.238,0.0,0.0,0.0,11.942,2.366514,0.0,0.0,0.0
2020-08-25T07:30:51.988000Z,2020-08-25T07:30:52.269000Z,816.315,281.0,110.0,65.881,0.0,0.0,0.0,11.942,1.719677,0.0,0.0,0.0
2020-08-25T07:30:53.995000Z,2020-08-25T07:30:54.339000Z,935.505,344.0,122.0,33.314,0.0,0.0,0.0,11.942,3.258224,0.0,0.0,0.0
2020-08-25T07:30:56.000000Z,2020-08-25T07:30:56.425999Z,1198.205,426.0,112.0,28.048,0.0,0.0,0.0,11.942,2.467675,0.0,0.0,0.0
2020-08-25T07:30:58.003000Z,2020-08-25T07:30:58.212000Z,533.642,209.0,102.0,32.119,0.0,0.0,0.0,11.942,1.382531,0.0,0.0,0.0
2020-08-25T07:31:00.010000Z,2020-08-25T07:31:00.225000Z,554.431,215.0,80.0,27.116,0.0,0.0,0.0,11.942,2.090415,0.0,0.0,0.0
2020-08-25T07:31:02.017000Z,2020-08-25T07:31:02.303000Z,749.171,286.0,84.0,34.017,0.0,0.0,0.0,11.942,2.787456,0.0,0.0,0.0
2020-08-25T07:31:04.024000Z,2020-08-25T07:31:04.392000Z,781.158,368.0,82.0,29.144,0.0,0.0,0.0,11.942,2.950236,0.0,0.0,0.0
2020-08-25T07:31:06.030000Z,2020-08-25T07:31:06.369000Z,679.423,339.0,78.0,26.862,0.0,0.0,0.0,11.942,2.115007,0.0,0.0,0.0
2020-08-25T07:31:08.035000Z,2020-08-25T07:31:08.340000Z,696.338,305.0,70.0,45.391,0.0,0.0,0.0,11.942,2.225552,0.0,0.0,0.0
2020-08-25T07:31:10.041000Z,2020-08-25T07:31:10.299000Z,772.369,258.0,80.0,24.648,0.0,0.0,0.0,11.942,2.533082,0.0,0.0,0.0
2020-08-25T07:31:12.049000Z,2020-08-25T07:31:12.294000Z,818.342,245.0,106.0,23.283,0.0,0.0,0.0,11.942,3.857171,0.0,0.0,0.0
2020-08-25T07:31:14.063000Z,2020-08-25T07:31:14.365000Z,826.878,302.0,112.0,27.184,0.0,0.0,0.0,11.942,3.130838,0.0,0.0,0.0
2020-08-25T07:31:16.068000Z,2020-08-25T07:31:16.272000Z,674.436,204.0,110.0,24.456,0.0,0.0,0.0,11.942,3.730892,0.0,0.0,0.0
2020-08-25T07:31:18.079000Z,2020-08-25T07:31:18.425000Z,736.494,346.0,120.0,32.989,0.0,0.0,0.0,11.942,3.605412,0.0,0.0,0.0
2020-08-25T07:31:20.080000Z,2020-08-25T07:31:20.301000Z,728.64,221.0,122.0,42.214,0.0,0.0,0.0,11.942,3.362661,0.0,0.0,0.0
2020-08-25T07:31:22.087000Z,2020-08-25T07:31:22.344000Z,824.334,257.0,110.0,23.321,0.0,0.0,0.0,11.942,3.948167,0.0,0.0,0.0
2020-08-25T07:31:24.097000Z,2020-08-25T07:31:24.318000Z,735.442,221.0,116.0,25.661,0.0,0.0,0.0,11.942,4.402435,0.0,0.0,0.0
2020-08-25T07:31:26.108000Z,2020-08-25T07:31:26.369000Z,870.99,261.0,128.0,28.741,0.0,0.0,0.0,11.942,4.052028,0.0,0.0,0.0
2020-08-25T07:31:28.116000Z,2020-08-25T07:31:28.391000Z,856.96,275.0,126.0,34.934,0.0,0.0,0.0,11.942,3.343171,0.0,0.0,0.0
2020-08-25T07:31:30.113000Z,2020-08-25T07:31:30.383000Z,691.472,270.0,128.0,39.142,0.0,0.0,0.0,11.942,3.390205,0.0,0.0,0.0
2020-08-25T07:31:32.123000Z,2020-08-25T07:31:32.415000Z,664.849,292.0,114.0,34.098,0.0,0.0,0.0,11.942,4.549357,0.0,0.0,0.0
2020-08-25T07:31:34.132000Z,2020-08-25T07:31:34.425999Z,705.611,294.0,114.0,36.021,0.0,0.0,0.0,11.942,2.119684,0.0,0.0,0.0
2020-08-25T07:31:36.135000Z,2020-08-25T07:31:36.319000Z,583.534,184.0,92.0,27.874,0.0,0.0,0.0,11.942,3.3556,0.0,0.0,0.0
2020-08-25T07:31:38.143000Z,2020-08-25T07:31:38.409000Z,713.131,266.0,114.0,36.189,0.0,0.0,0.0,11.942,2.290262,0.0,0.0,0.0
2020-08-25T07:31:40.161000Z,2020-08-25T07:31:40.745999Z,1038.012,585.0,110.0,43.552,0.0,0.0,0.0,11.942,3.088937,0.0,0.0,0.0
2020-08-25T07:31:42.159000Z,2020-08-25T07:31:42.556000Z,1320.736,397.0,120.0,67.219,0.0,0.0,0.0,11.942,2.098011,0.0,0.0,0.0
2020-08-25T07:31:44.168000Z,2020-08-25T07:31:44.529000Z,1194.935,361.0,112.0,30.162,0.0,0.0,0.0,11.942,3.906525,0.0,0.0,0.0
2020-08-25T07:31:46.174000Z,2020-08-25T07:31:46.629000Z,1547.581,455.0,118.0,38.735,0.0,0.0,0.0,11.942,3.438954,0.0,0.0,0.0
2020-08-25T07:31:48.180000Z,2020-08-25T07:31:48.531000Z,1108.444,351.0,118.0,79.479,0.0,0.0,0.0,11.942,3.072029,0.0,0.0,0.0
2020-08-25T07:31:50.185999Z,2020-08-25T07:31:50.575000Z,1252.414,389.0,136.0,30.442,0.0,0.0,0.0,11.942,4.371282,0.0,0.0,0.0
2020-08-25T07:31:52.188000Z,2020-08-25T07:31:52.400000Z,683.815,212.0,193.0,30.739,0.0,0.0,0.0,11.942,3.251698,0.0,0.0,0.0
2020-08-25T07:31:54.196000Z,2020-08-25T07:31:54.324000Z,350.579,128.0,118.0,28.385,0.0,0.0,0.0,11.942,4.446084,0.0,0.0,0.0
