start_time,end_time,size,trans_time,cwnd,rtt,rto,ssthresh,last_snd,min_rtt,delivery_rate,bytes_sent,bytes_retrans,client_trans_time
2020-08-25T02:35:46.119000Z,2020-08-25T02:35:47.035000Z,51.343,916.0,14.0,254.995,0.0,0.0,0.0,218.508,0.009599,0.0,0.0,0.0
2020-08-25T02:35:47.036000Z,2020-08-25T02:35:47.349000Z,44.362,313.0,53.0,229.609,0.0,0.0,0.0,218.508,0.170415,0.0,0.0,0.0
2020-08-25T02:35:47.349000Z,2020-08-25T02:35:47.745999Z,89.63,397.0,82.0,228.649,0.0,0.0,0.0,218.508,0.170415,0.0,0.0,0.0
2020-08-25T02:35:47.745999Z,2020-08-25T02:35:48.127000Z,102.196,381.0,114.0,222.114,0.0,0.0,0.0,218.508,0.25499,0.0,0.0,0.0
2020-08-25T02:35:48.127000Z,2020-08-25T02:35:48.427000Z,72.728,300.0,131.0,229.465,0.0,0.0,0.0,218.508,0.282492,0.0,0.0,0.0
2020-08-25T02:35:48.428000Z,2020-08-25T02:35:49.208000Z,142.894,780.0,208.0,223.292,0.0,0.0,0.0,218.508,0.446462,0.0,0.0,0.0
2020-08-25T02:35:49.208000Z,2020-08-25T02:35:49.782000Z,137.96,574.0,269.0,236.024,0.0,0.0,0.0,218.508,0.058524,0.0,0.0,0.0
2020-08-25T02:35:49.783000Z,2020-08-25T02:35:50.763000Z,468.294,980.0,50.0,238.978,0.0,0.0,0.0,218.508,0.146196,0.0,0.0,0.0
2020-08-25T02:35:50.764000Z,2020-08-25T02:35:52.128000Z,896.186,1364.0,240.0,222.178,0.0,0.0,0.0,218.508,0.663101,0.0,0.0,0.0
2020-08-25T02:35:52.129000Z,2020-08-25T02:35:53.500000Z,982.769,1371.0,254.0,233.406,0.0,0.0,0.0,218.508,0.802798,0.0,0.0,0.0
2020-08-25T02:35:53.501000Z,2020-08-25T02:35:54.742000Z,969.45,1241.0,304.0,222.64,0.0,0.0,0.0,218.508,0.936717,0.0,0.0,0.0
2020-08-25T02:35:54.743000Z,2020-08-25T02:35:56.877000Z,924.638,2134.0,310.0,223.726,0.0,0.0,0.0,218.508,0.827518,0.0,0.0,0.0
2020-08-25T02:35:56.879000Z,2020-08-25T02:35:58.004000Z,863.156,1125.0,310.0,237.211,0.0,0.0,0.0,218.508,0.750976,0.0,0.0,0.0
2020-08-25T02:35:58.279000Z,2020-08-25T02:35:59.734000Z,1003.591,1455.0,310.0,223.321,0.0,0.0,0.0,218.508,0.969049,0.0,0.0,0.0
2020-08-25T02:36:00.185999Z,2020-08-25T02:36:01.687000Z,1033.215,1501.0,310.0,231.479,0.0,0.0,0.0,218.508,0.600223,0.0,0.0,0.0
2020-08-25T02:36:02.185999Z,2020-08-25T02:36:03.673000Z,961.765,1487.0,322.0,234.565,0.0,0.0,0.0,218.508,0.0994,0.0,0.0,0.0
2020-08-25T02:36:04.185000Z,2020-08-25T02:36:05.959000Z,876.346,1774.0,322.0,226.205,0.0,0.0,0.0,218.508,0.357444,0.0,0.0,0.0
2020-08-25T02:36:06.281000Z,2020-08-25T02:36:08.860000Z,912.127,2579.0,268.0,247.579,0.0,0.0,0.0,218.508,0.827329,0.0,0.0,0.0
2020-08-25T02:36:08.862000Z,2020-08-25T02:36:10.219000Z,857.454,1357.0,270.0,262.905,0.0,0.0,0.0,218.508,0.086733,0.0,0.0,0.0
2020-08-25T02:36:10.220000Z,2020-08-25T02:36:11.529999Z,802.552,1310.0,296.0,222.727,0.0,0.0,0.0,218.508,0.865258,0.0,0.0,0.0
2020-08-25T02:36:12.277000Z,2020-08-25T02:36:13.881000Z,941.94,1604.0,302.0,223.148,0.0,0.0,0.0,218.508,0.197632,0.0,0.0,0.0
2020-08-25T02:36:14.177000Z,2020-08-25T02:36:15.745000Z,978.863,1568.0,302.0,225.633,0.0,0.0,0.0,218.508,0.05635,0.0,0.0,0.0
2020-08-25T02:36:16.280000Z,2020-08-25T02:36:17.489000Z,899.38,1209.0,304.0,237.543,0.0,0.0,0.0,218.508,0.120332,0.0,0.0,0.0
2020-08-25T02:36:18.199000Z,2020-08-25T02:36:19.664000Z,889.675,1465.0,308.0,232.085,0.0,0.0,0.0,218.508,0.83385,0.0,0.0,0.0
2020-08-25T02:36:20.185999Z,2020-08-25T02:36:21.427000Z,984.558,1241.0,316.0,226.129,0.0,0.0,0.0,218.0,0.286903,0.0,0.0,0.0
2020-08-25T02:36:22.189000Z,2020-08-25T02:36:23.455000Z,945.809,1266.0,322.0,245.149,0.0,0.0,0.0,218.0,0.971521,0.0,0.0,0.0
2020-08-25T02:36:24.191000Z,2020-08-25T02:36:25.374000Z,890.344,1183.0,322.0,270.05,0.0,0.0,0.0,218.0,0.94324,0.0,0.0,0.0
2020-08-25T02:36:26.187000Z,2020-08-25T02:36:28.243000Z,983.47,2056.0,322.0,254.583,0.0,0.0,0.0,218.0,0.996316,0.0,0.0,0.0
2020-08-25T02:36:28.244000Z,2020-08-25T02:36:29.595000Z,895.966,1351.0,312.0,251.81,0.0,0.0,0.0,218.0,0.340154,0.0,0.0,0.0
2020-08-25T02:36:30.275000Z,2020-08-25T02:36:32.089999Z,887.674,1815.0,317.0,305.038,0.0,0.0,0.0,218.0,0.352712,0.0,0.0,0.0
2020-08-25T02:36:33.216000Z,2020-08-25T02:36:35.387000Z,981.999,2171.0,37.0,252.255,0.0,0.0,0.0,218.0,0.093978,0.0,0.0,0.0
2020-08-25T02:36:35.389000Z,2020-08-25T02:36:37.464000Z,950.122,2075.0,280.0,252.12,0.0,0.0,0.0,218.0,0.116885,0.0,0.0,0.0
2020-08-25T02:36:37.465999Z,2020-08-25T02:36:38.707000Z,947.321,1241.0,280.0,364.061,0.0,0.0,0.0,218.0,0.099884,0.0,0.0,0.0
2020-08-25T02:36:38.708000Z,2020-08-25T02:36:40.777999Z,1085.274,2070.0,314.0,229.31,0.0,0.0,0.0,218.0,0.90056,0.0,0.0,0.0
2020-08-25T02:36:40.780000Z,2020-08-25T02:36:42.435000Z,948.624,1655.0,314.0,237.04,0.0,0.0,0.0,218.0,0.006538,0.0,0.0,0.0
2020-08-25T02:36:42.436000Z,2020-08-25T02:36:43.820000Z,827.072,1384.0,308.0,230.233,0.0,0.0,0.0,218.0,0.177561,0.0,0.0,0.0
2020-08-25T02:36:45.183000Z,2020-08-25T02:36:46.613000Z,916.834,1430.0,312.0,229.077,0.0,0.0,0.0,218.0,0.093444,0.0,0.0,0.0
2020-08-25T02:36:46.615000Z,2020-08-25T02:36:48.790000Z,991.935,2175.0,314.0,241.508,0.0,0.0,0.0,218.0,0.307498,0.0,0.0,0.0
2020-08-25T02:36:48.791000Z,2020-08-25T02:36:50.125000Z,869.966,1334.0,316.0,247.221,0.0,0.0,0.0,218.0,0.703355,0.0,0.0,0.0
2020-08-25T02:36:51.190000Z,2020-08-25T02:36:52.044000Z,609.044,854.0,308.0,250.247,0.0,0.0,0.0,218.0,0.92394,0.0,0.0,0.0
2020-08-25T02:36:53.192000Z,2020-08-25T02:36:54.339000Z,568.66,1147.0,318.0,255.58,0.0,0.0,0.0,218.0,0.956577,0.0,0.0,0.0
2020-08-25T02:36:54.340000Z,2020-08-25T02:36:55.275000Z,566.293,935.0,316.0,241.728,0.0,0.0,0.0,218.0,0.315316,0.0,0.0,0.0
2020-08-25T02:36:56.505000Z,2020-08-25T02:36:57.468000Z,594.626,963.0,316.0,236.451,0.0,0.0,0.0,218.0,0.671875,0.0,0.0,0.0
2020-08-25T02:36:59.187000Z,2020-08-25T02:37:00.299000Z,863.795,1112.0,308.0,222.708,0.0,0.0,0.0,218.0,0.45513,0.0,0.0,0.0
2020-08-25T02:37:00.301000Z,2020-08-25T02:37:01.601000Z,1035.181,1300.0,322.0,259.806,0.0,0.0,0.0,218.0,0.983134,0.0,0.0,0.0
2020-08-25T02:37:02.299000Z,2020-08-25T02:37:03.972000Z,1011.67,1673.0,328.0,241.653,0.0,0.0,0.0,218.0,1.044792,0.0,0.0,0.0
2020-08-25T02:37:05.190000Z,2020-08-25T02:37:07.345000Z,896.461,2155.0,328.0,255.964,0.0,0.0,0.0,218.0,0.006565,0.0,0.0,0.0
2020-08-25T02:37:07.345000Z,2020-08-25T02:37:08.686000Z,852.979,1341.0,328.0,245.168,0.0,0.0,0.0,218.0,0.465565,0.0,0.0,0.0
2020-08-25T02:37:08.688000Z,2020-08-25T02:37:09.887000Z,950.355,1199.0,304.0,231.513,0.0,0.0,0.0,218.0,0.15141,0.0,0.0,0.0
2020-08-25T02:37:11.189000Z,2020-08-25T02:37:12.793000Z,1228.795,1604.0,314.0,241.861,0.0,0.0,0.0,218.0,0.983691,0.0,0.0,0.0
2020-08-25T02:37:12.795000Z,2020-08-25T02:37:15.012000Z,1216.789,2217.0,320.0,257.774,0.0,0.0,0.0,218.0,0.752882,0.0,0.0,0.0
2020-08-25T02:37:15.013000Z,2020-08-25T02:37:15.899000Z,571.856,886.0,318.0,259.024,0.0,0.0,0.0,218.0,0.019333,0.0,0.0,0.0
2020-08-25T02:37:17.392000Z,2020-08-25T02:37:19.108000Z,544.327,1716.0,310.0,225.721,0.0,0.0,0.0,218.0,0.88321,0.0,0.0,0.0
2020-08-25T02:37:19.109000Z,2020-08-25T02:37:20.621000Z,564.204,1512.0,294.0,310.607,0.0,0.0,0.0,218.0,0.020993,0.0,0.0,0.0
2020-08-25T02:37:20.621000Z,2020-08-25T02:37:21.521999Z,628.182,901.0,294.0,398.354,0.0,0.0,0.0,218.0,0.029668,0.0,0.0,0.0
2020-08-25T02:37:23.185000Z,2020-08-25T02:37:25.323000Z,735.588,2138.0,302.0,245.784,0.0,0.0,0.0,218.0,0.919324,0.0,0.0,0.0
2020-08-25T02:37:25.324000Z,2020-08-25T02:37:26.472000Z,568.132,1148.0,302.0,246.926,0.0,0.0,0.0,218.0,0.332517,0.0,0.0,0.0
2020-08-25T02:37:26.722000Z,2020-08-25T02:37:27.831000Z,481.057,1109.0,298.0,236.157,0.0,0.0,0.0,218.0,0.088855,0.0,0.0,0.0
2020-08-25T02:37:28.769000Z,2020-08-25T02:37:29.841999Z,540.274,1073.0,298.0,304.127,0.0,0.0,0.0,218.0,0.604798,0.0,0.0,0.0
2020-08-25T02:37:30.275000Z,2020-08-25T02:37:30.972000Z,444.25,697.0,302.0,224.446,0.0,0.0,0.0,218.0,0.261358,0.0,0.0,0.0
2020-08-25T02:37:32.275000Z,2020-08-25T02:37:33.271000Z,506.29,996.0,328.0,238.889,0.0,0.0,0.0,218.0,0.933028,0.0,0.0,0.0
2020-08-25T02:37:34.279000Z,2020-08-25T02:37:35.452000Z,893.077,1173.0,328.0,226.695,0.0,0.0,0.0,218.0,0.09875,0.0,0.0,0.0
2020-08-25T02:37:36.280000Z,2020-08-25T02:37:37.633999Z,680.302,1354.0,328.0,245.608,0.0,0.0,0.0,218.0,1.00429,0.0,0.0,0.0
2020-08-25T02:37:38.278000Z,2020-08-25T02:37:39.405000Z,733.912,1127.0,330.0,258.657,0.0,0.0,0.0,218.0,0.983311,0.0,0.0,0.0
2020-08-25T02:37:40.278000Z,2020-08-25T02:37:41.541000Z,808.931,1263.0,330.0,226.214,0.0,0.0,0.0,218.0,0.27374,0.0,0.0,0.0
2020-08-25T02:37:43.185999Z,2020-08-25T02:37:44.390000Z,871.832,1204.0,334.0,230.97,0.0,0.0,0.0,218.0,0.148153,0.0,0.0,0.0
2020-08-25T02:37:44.393000Z,2020-08-25T02:37:46.345999Z,1487.065,1953.0,309.0,247.4,0.0,0.0,0.0,218.0,0.823563,0.0,0.0,0.0
2020-08-25T02:37:46.348000Z,2020-08-25T02:37:47.793000Z,944.74,1445.0,324.0,238.706,0.0,0.0,0.0,218.0,0.67273,0.0,0.0,0.0
2020-08-25T02:37:49.198000Z,2020-08-25T02:37:50.508000Z,816.781,1310.0,330.0,260.401,0.0,0.0,0.0,218.0,0.135183,0.0,0.0,0.0
2020-08-25T02:37:50.510000Z,2020-08-25T02:37:51.679000Z,727.581,1169.0,330.0,250.083,0.0,0.0,0.0,218.0,0.619041,0.0,0.0,0.0
2020-08-25T02:37:52.524000Z,2020-08-25T02:37:53.534000Z,430.182,1010.0,330.0,245.847,0.0,0.0,0.0,218.0,0.388661,0.0,0.0,0.0
2020-08-25T02:37:54.276000Z,2020-08-25T02:37:54.993999Z,483.725,718.0,314.0,223.645,0.0,0.0,0.0,218.0,0.121754,0.0,0.0,0.0
2020-08-25T02:37:56.528000Z,2020-08-25T02:37:57.433999Z,580.19,906.0,318.0,239.87,0.0,0.0,0.0,218.0,0.982562,0.0,0.0,0.0
2020-08-25T02:37:58.526000Z,2020-08-25T02:37:59.345000Z,579.29,819.0,318.0,224.798,0.0,0.0,0.0,218.0,0.551636,0.0,0.0,0.0
2020-08-25T02:38:01.188000Z,2020-08-25T02:38:01.847000Z,424.565,659.0,322.0,256.705,0.0,0.0,0.0,218.0,0.97803,0.0,0.0,0.0
2020-08-25T02:38:03.185999Z,2020-08-25T02:38:04.089999Z,488.743,904.0,350.0,254.431,0.0,0.0,0.0,218.0,0.981183,0.0,0.0,0.0
2020-08-25T02:38:05.185999Z,2020-08-25T02:38:06.355000Z,653.922,1169.0,340.0,298.522,0.0,0.0,0.0,218.0,0.714817,0.0,0.0,0.0
2020-08-25T02:38:07.332000Z,2020-08-25T02:38:09.566000Z,810.82,2234.0,334.0,298.208,0.0,0.0,0.0,218.0,0.195635,0.0,0.0,0.0
2020-08-25T02:38:09.568000Z,2020-08-25T02:38:10.637000Z,695.566,1069.0,334.0,469.079,0.0,0.0,0.0,218.0,0.392924,0.0,0.0,0.0
2020-08-25T02:38:10.638000Z,2020-08-25T02:38:11.721999Z,637.094,1084.0,341.0,220.713,0.0,0.0,0.0,218.0,0.349079,0.0,0.0,0.0
2020-08-25T02:38:13.187000Z,2020-08-25T02:38:14.693000Z,739.978,1506.0,342.0,244.751,0.0,0.0,0.0,218.0,0.992537,0.0,0.0,0.0
2020-08-25T02:38:14.694000Z,2020-08-25T02:38:15.582000Z,473.886,888.0,342.0,235.612,0.0,0.0,0.0,218.0,0.833041,0.0,0.0,0.0
2020-08-25T02:38:17.185999Z,2020-08-25T02:38:18.097999Z,456.826,912.0,310.0,231.741,0.0,0.0,0.0,218.0,0.199345,0.0,0.0,0.0
2020-08-25T02:38:18.326000Z,2020-08-25T02:38:19.979000Z,1367.851,1653.0,318.0,224.187,0.0,0.0,0.0,218.0,0.216855,0.0,0.0,0.0
2020-08-25T02:38:21.196000Z,2020-08-25T02:38:22.683000Z,1111.176,1487.0,322.0,243.384,0.0,0.0,0.0,218.0,0.844688,0.0,0.0,0.0
2020-08-25T02:38:22.685000Z,2020-08-25T02:38:24.467000Z,1313.275,1782.0,326.0,260.148,0.0,0.0,0.0,218.0,1.01136,0.0,0.0,0.0
2020-08-25T02:38:24.468999Z,2020-08-25T02:38:25.569999Z,852.398,1101.0,230.0,229.585,0.0,0.0,0.0,218.0,0.428766,0.0,0.0,0.0
2020-08-25T02:38:27.185999Z,2020-08-25T02:38:27.505000Z,78.623,319.0,336.0,252.188,0.0,0.0,0.0,218.0,1.005127,0.0,0.0,0.0
2020-08-25T02:38:29.183000Z,2020-08-25T02:38:29.459000Z,52.674,276.0,336.0,227.878,0.0,0.0,0.0,218.0,1.005127,0.0,0.0,0.0
2020-08-25T02:38:31.184000Z,2020-08-25T02:38:31.495000Z,83.991,311.0,336.0,225.648,0.0,0.0,0.0,218.0,1.005127,0.0,0.0,0.0
2020-08-25T02:38:32.787000Z,2020-08-25T02:38:33.264000Z,244.843,477.0,322.0,235.52,0.0,0.0,0.0,218.0,0.078667,0.0,0.0,0.0
2020-08-25T02:38:35.188000Z,2020-08-25T02:38:36.467000Z,551.151,1279.0,322.0,239.719,0.0,0.0,0.0,218.0,0.977188,0.0,0.0,0.0
2020-08-25T02:38:36.468000Z,2020-08-25T02:38:38.400000Z,814.752,1932.0,306.0,250.739,0.0,0.0,0.0,218.0,0.928715,0.0,0.0,0.0
2020-08-25T02:38:38.526000Z,2020-08-25T02:38:40.076000Z,746.621,1550.0,306.0,255.575,0.0,0.0,0.0,218.0,0.265473,0.0,0.0,0.0
2020-08-25T02:38:41.225999Z,2020-08-25T02:38:43.662000Z,991.65,2436.0,306.0,221.664,0.0,0.0,0.0,218.0,0.216471,0.0,0.0,0.0
2020-08-25T02:38:43.663000Z,2020-08-25T02:38:44.601999Z,504.21,939.0,306.0,230.959,0.0,0.0,0.0,218.0,0.149069,0.0,0.0,0.0
2020-08-25T02:38:44.603000Z,2020-08-25T02:38:45.245000Z,383.733,642.0,284.0,223.279,0.0,0.0,0.0,218.0,0.320898,0.0,0.0,0.0
2020-08-25T02:38:47.188000Z,2020-08-25T02:38:47.661000Z,223.938,473.0,290.0,221.89,0.0,0.0,0.0,218.0,0.915326,0.0,0.0,0.0
2020-08-25T02:38:49.206000Z,2020-08-25T02:38:50.255000Z,625.013,1049.0,290.0,243.725,0.0,0.0,0.0,218.0,0.928717,0.0,0.0,0.0
2020-08-25T02:38:51.192000Z,2020-08-25T02:38:52.295000Z,823.476,1103.0,297.0,223.892,0.0,0.0,0.0,218.0,0.947407,0.0,0.0,0.0
2020-08-25T02:38:52.603000Z,2020-08-25T02:38:54.343000Z,1041.256,1740.0,302.0,241.0,0.0,0.0,0.0,218.0,0.032588,0.0,0.0,0.0
2020-08-25T02:38:54.344000Z,2020-08-25T02:38:55.492000Z,719.979,1148.0,306.0,255.643,0.0,0.0,0.0,218.0,0.004514,0.0,0.0,0.0
2020-08-25T02:38:56.499000Z,2020-08-25T02:38:58.233000Z,946.613,1734.0,306.0,232.752,0.0,0.0,0.0,218.0,0.809947,0.0,0.0,0.0
2020-08-25T02:38:59.185000Z,2020-08-25T02:39:01.329000Z,951.635,2144.0,308.0,238.833,0.0,0.0,0.0,218.0,0.589747,0.0,0.0,0.0
2020-08-25T02:39:01.331000Z,2020-08-25T02:39:02.516000Z,798.589,1185.0,316.0,233.786,0.0,0.0,0.0,218.0,0.14907,0.0,0.0,0.0
2020-08-25T02:39:02.519000Z,2020-08-25T02:39:05.081999Z,1485.336,2563.0,317.0,223.41,0.0,0.0,0.0,218.0,0.638585,0.0,0.0,0.0
2020-08-25T02:39:05.084000Z,2020-08-25T02:39:06.252000Z,781.311,1168.0,332.0,223.169,0.0,0.0,0.0,218.0,0.235918,0.0,0.0,0.0
2020-08-25T02:39:06.471000Z,2020-08-25T02:39:08.532000Z,1093.931,2061.0,336.0,227.197,0.0,0.0,0.0,218.0,0.36286,0.0,0.0,0.0
2020-08-25T02:39:08.533000Z,2020-08-25T02:39:09.548000Z,576.482,1014.9999999999999,336.0,252.129,0.0,0.0,0.0,218.0,0.03437,0.0,0.0,0.0
2020-08-25T02:39:11.206000Z,2020-08-25T02:39:12.285000Z,408.143,1079.0,334.0,244.742,0.0,0.0,0.0,218.0,0.558074,0.0,0.0,0.0
2020-08-25T02:39:12.515000Z,2020-08-25T02:39:12.777999Z,26.492,263.0,268.0,239.678,0.0,0.0,0.0,218.0,0.317427,0.0,0.0,0.0
2020-08-25T02:39:15.184000Z,2020-08-25T02:39:15.960000Z,27.261,776.0,268.0,239.457,0.0,0.0,0.0,218.0,0.317427,0.0,0.0,0.0
2020-08-25T02:39:17.185000Z,2020-08-25T02:39:17.454000Z,30.722,269.0,270.0,223.681,0.0,0.0,0.0,218.0,0.258201,0.0,0.0,0.0
2020-08-25T02:39:19.185999Z,2020-08-25T02:39:20.249000Z,692.095,1063.0,270.0,236.061,0.0,0.0,0.0,218.0,0.258201,0.0,0.0,0.0
2020-08-25T02:39:20.510000Z,2020-08-25T02:39:23.369000Z,1224.005,2859.0,300.0,225.971,0.0,0.0,0.0,218.0,0.769959,0.0,0.0,0.0
2020-08-25T02:39:23.371000Z,2020-08-25T02:39:26.059000Z,1282.254,2688.0,239.0,225.446,0.0,0.0,0.0,218.0,0.088526,0.0,0.0,0.0
2020-08-25T02:39:26.060999Z,2020-08-25T02:39:27.148000Z,761.411,1087.0,284.0,258.455,0.0,0.0,0.0,218.0,0.046306,0.0,0.0,0.0
2020-08-25T02:39:27.149000Z,2020-08-25T02:39:29.127000Z,752.876,1978.0,302.0,224.826,0.0,0.0,0.0,218.0,0.897284,0.0,0.0,0.0
2020-08-25T02:39:29.130000Z,2020-08-25T02:39:32.655000Z,1940.598,3525.0,306.0,237.372,0.0,0.0,0.0,218.0,0.229502,0.0,0.0,0.0
2020-08-25T02:39:32.656999Z,2020-08-25T02:39:36.126000Z,1565.13,3469.0,314.0,278.286,0.0,0.0,0.0,218.0,0.470987,0.0,0.0,0.0
2020-08-25T02:39:36.128000Z,2020-08-25T02:39:38.849999Z,1297.717,2722.0,170.0,235.743,0.0,0.0,0.0,218.0,0.533302,0.0,0.0,0.0
2020-08-25T02:39:38.851000Z,2020-08-25T02:39:39.275000Z,108.853,424.0,170.0,237.853,0.0,0.0,0.0,218.0,0.555283,0.0,0.0,0.0
2020-08-25T02:39:39.276000Z,2020-08-25T02:39:40.286000Z,270.294,1010.0,170.0,238.824,0.0,0.0,0.0,218.0,0.555283,0.0,0.0,0.0
2020-08-25T02:39:40.287000Z,2020-08-25T02:39:42.275000Z,674.933,1988.0,170.0,238.906,0.0,0.0,0.0,218.0,0.127205,0.0,0.0,0.0
2020-08-25T02:39:42.276000Z,2020-08-25T02:39:43.391000Z,459.232,1115.0,154.0,256.361,0.0,0.0,0.0,218.0,0.158851,0.0,0.0,0.0
2020-08-25T02:39:43.392000Z,2020-08-25T02:39:45.558000Z,499.652,2166.0,170.0,222.802,0.0,0.0,0.0,218.0,0.543886,0.0,0.0,0.0
2020-08-25T02:39:45.560000Z,2020-08-25T02:39:47.191000Z,944.02,1631.0,170.0,305.689,0.0,0.0,0.0,218.0,0.07957,0.0,0.0,0.0
2020-08-25T02:39:47.192000Z,2020-08-25T02:39:47.901000Z,387.717,709.0,250.0,233.824,0.0,0.0,0.0,218.0,0.768312,0.0,0.0,0.0
2020-08-25T02:39:49.198000Z,2020-08-25T02:39:50.215000Z,686.714,1016.9999999999999,256.0,221.179,0.0,0.0,0.0,218.0,0.814128,0.0,0.0,0.0
2020-08-25T02:39:51.233000Z,2020-08-25T02:39:52.577000Z,1090.647,1344.0,304.0,243.389,0.0,0.0,0.0,218.0,0.96639,0.0,0.0,0.0
2020-08-25T02:39:52.579000Z,2020-08-25T02:39:54.109000Z,1172.862,1530.0,310.0,243.342,0.0,0.0,0.0,218.0,0.981979,0.0,0.0,0.0
2020-08-25T02:39:55.185999Z,2020-08-25T02:39:56.510000Z,1067.52,1324.0,326.0,243.052,0.0,0.0,0.0,218.0,0.044682,0.0,0.0,0.0
2020-08-25T02:39:56.511000Z,2020-08-25T02:39:57.462000Z,591.255,951.0,328.0,250.639,0.0,0.0,0.0,218.0,0.984387,0.0,0.0,0.0
2020-08-25T02:39:59.188000Z,2020-08-25T02:40:00.164000Z,732.794,976.0,328.0,233.393,0.0,0.0,0.0,218.0,0.415276,0.0,0.0,0.0
2020-08-25T02:40:01.185999Z,2020-08-25T02:40:02.409000Z,575.89,1223.0,328.0,235.575,0.0,0.0,0.0,218.0,0.986604,0.0,0.0,0.0
2020-08-25T02:40:02.409000Z,2020-08-25T02:40:03.625999Z,486.641,1217.0,322.0,239.325,0.0,0.0,0.0,218.0,0.044789,0.0,0.0,0.0
2020-08-25T02:40:04.423000Z,2020-08-25T02:40:06.289000Z,617.184,1866.0,322.0,267.032,0.0,0.0,0.0,218.0,0.050271,0.0,0.0,0.0
2020-08-25T02:40:07.191000Z,2020-08-25T02:40:08.489000Z,617.554,1298.0,180.0,254.007,0.0,0.0,0.0,218.0,0.088778,0.0,0.0,0.0
2020-08-25T02:40:08.853000Z,2020-08-25T02:40:10.449000Z,1128.385,1596.0,264.0,264.537,0.0,0.0,0.0,218.0,0.844583,0.0,0.0,0.0
2020-08-25T02:40:10.449999Z,2020-08-25T02:40:11.339000Z,616.16,889.0,278.0,221.361,0.0,0.0,0.0,218.0,0.876741,0.0,0.0,0.0
2020-08-25T02:40:13.189000Z,2020-08-25T02:40:13.808000Z,382.026,619.0,303.0,250.15,0.0,0.0,0.0,218.0,0.97591,0.0,0.0,0.0
2020-08-25T02:40:15.185999Z,2020-08-25T02:40:16.366000Z,456.895,1180.0,304.0,233.083,0.0,0.0,0.0,218.0,0.954511,0.0,0.0,0.0
2020-08-25T02:40:17.188000Z,2020-08-25T02:40:18.169000Z,530.71,981.0,304.0,239.714,0.0,0.0,0.0,218.0,0.061818,0.0,0.0,0.0
2020-08-25T02:40:19.188000Z,2020-08-25T02:40:20.089999Z,450.211,902.0,330.0,233.206,0.0,0.0,0.0,218.0,0.13523,0.0,0.0,0.0
2020-08-25T02:40:21.212000Z,2020-08-25T02:40:22.064000Z,423.277,852.0,336.0,248.624,0.0,0.0,0.0,218.0,0.016789,0.0,0.0,0.0
2020-08-25T02:40:22.813000Z,2020-08-25T02:40:23.696000Z,431.792,883.0,336.0,231.012,0.0,0.0,0.0,218.0,0.120113,0.0,0.0,0.0
2020-08-25T02:40:24.526000Z,2020-08-25T02:40:25.423000Z,523.819,897.0,336.0,225.689,0.0,0.0,0.0,218.0,0.084568,0.0,0.0,0.0
2020-08-25T02:40:26.529000Z,2020-08-25T02:40:27.553000Z,594.613,1024.0,336.0,237.465,0.0,0.0,0.0,218.0,0.707091,0.0,0.0,0.0
2020-08-25T02:40:28.526000Z,2020-08-25T02:40:29.449000Z,649.413,923.0,338.0,306.346,0.0,0.0,0.0,218.0,0.264518,0.0,0.0,0.0
2020-08-25T02:40:30.529000Z,2020-08-25T02:40:31.591000Z,672.266,1062.0,338.0,247.743,0.0,0.0,0.0,218.0,0.841153,0.0,0.0,0.0
2020-08-25T02:40:32.530000Z,2020-08-25T02:40:33.607000Z,613.858,1077.0,338.0,228.217,0.0,0.0,0.0,218.0,0.278412,0.0,0.0,0.0
2020-08-25T02:40:34.529000Z,2020-08-25T02:40:35.329000Z,551.737,800.0,312.0,253.131,0.0,0.0,0.0,218.0,0.964927,0.0,0.0,0.0
2020-08-25T02:40:36.529000Z,2020-08-25T02:40:37.289000Z,522.285,760.0,320.0,254.411,0.0,0.0,0.0,218.0,0.938067,0.0,0.0,0.0
2020-08-25T02:40:38.531000Z,2020-08-25T02:40:39.337999Z,564.708,807.0,316.0,243.653,0.0,0.0,0.0,218.0,0.027148,0.0,0.0,0.0
2020-08-25T02:40:40.530000Z,2020-08-25T02:40:41.763000Z,620.54,1233.0,316.0,248.475,0.0,0.0,0.0,218.0,0.954148,0.0,0.0,0.0
2020-08-25T02:40:42.532000Z,2020-08-25T02:40:43.430000Z,651.54,898.0,312.0,223.055,0.0,0.0,0.0,218.0,0.266924,0.0,0.0,0.0
2020-08-25T02:40:44.530000Z,2020-08-25T02:40:45.423000Z,597.022,893.0,318.0,250.527,0.0,0.0,0.0,218.0,1.024368,0.0,0.0,0.0
2020-08-25T02:40:46.532000Z,2020-08-25T02:40:47.422000Z,647.997,890.0,318.0,221.661,0.0,0.0,0.0,218.0,0.695462,0.0,0.0,0.0
2020-08-25T02:40:48.530000Z,2020-08-25T02:40:49.444000Z,604.477,914.0,322.0,258.469,0.0,0.0,0.0,218.0,1.03135,0.0,0.0,0.0
2020-08-25T02:40:50.528000Z,2020-08-25T02:40:51.222000Z,454.919,694.0,322.0,228.609,0.0,0.0,0.0,218.0,0.684939,0.0,0.0,0.0
2020-08-25T02:40:52.528000Z,2020-08-25T02:40:53.473000Z,660.639,945.0,326.0,225.601,0.0,0.0,0.0,218.0,0.984368,0.0,0.0,0.0
2020-08-25T02:40:54.529000Z,2020-08-25T02:40:55.673000Z,644.083,1144.0,328.0,228.75,0.0,0.0,0.0,218.0,0.716627,0.0,0.0,0.0
2020-08-25T02:40:56.529000Z,2020-08-25T02:40:57.365000Z,585.374,836.0,332.0,225.025,0.0,0.0,0.0,218.0,0.106727,0.0,0.0,0.0
2020-08-25T02:40:58.527000Z,2020-08-25T02:40:59.401000Z,419.752,874.0,338.0,247.69,0.0,0.0,0.0,218.0,0.943062,0.0,0.0,0.0
2020-08-25T02:41:00.536000Z,2020-08-25T02:41:01.526000Z,572.218,990.0,338.0,242.681,0.0,0.0,0.0,218.0,0.053433,0.0,0.0,0.0
2020-08-25T02:41:02.530000Z,2020-08-25T02:41:03.473000Z,527.571,943.0,338.0,221.751,0.0,0.0,0.0,218.0,0.236005,0.0,0.0,0.0
2020-08-25T02:41:04.527000Z,2020-08-25T02:41:05.421000Z,495.339,894.0,338.0,225.169,0.0,0.0,0.0,218.0,0.183612,0.0,0.0,0.0
2020-08-25T02:41:06.530000Z,2020-08-25T02:41:07.449000Z,480.693,919.0,332.0,227.354,0.0,0.0,0.0,218.0,0.265751,0.0,0.0,0.0
2020-08-25T02:41:08.539000Z,2020-08-25T02:41:09.446000Z,483.222,907.0,334.0,248.064,0.0,0.0,0.0,218.0,0.082834,0.0,0.0,0.0
2020-08-25T02:41:10.531000Z,2020-08-25T02:41:11.613000Z,478.879,1082.0,340.0,228.064,0.0,0.0,0.0,218.0,0.187565,0.0,0.0,0.0
2020-08-25T02:41:12.529000Z,2020-08-25T02:41:14.012000Z,602.859,1483.0,340.0,225.418,0.0,0.0,0.0,218.0,0.573937,0.0,0.0,0.0
2020-08-25T02:41:14.563000Z,2020-08-25T02:41:15.761999Z,642.392,1199.0,340.0,233.124,0.0,0.0,0.0,218.0,0.150568,0.0,0.0,0.0
2020-08-25T02:41:16.533000Z,2020-08-25T02:41:17.968000Z,722.83,1435.0,300.0,231.136,0.0,0.0,0.0,218.0,0.095431,0.0,0.0,0.0
2020-08-25T02:41:18.531000Z,2020-08-25T02:41:19.459000Z,679.076,928.0,304.0,231.646,0.0,0.0,0.0,218.0,0.176399,0.0,0.0,0.0
2020-08-25T02:41:20.530000Z,2020-08-25T02:41:21.504000Z,567.117,974.0,308.0,230.442,0.0,0.0,0.0,218.0,0.94865,0.0,0.0,0.0
2020-08-25T02:41:22.531000Z,2020-08-25T02:41:23.313000Z,544.444,782.0,308.0,226.682,0.0,0.0,0.0,218.0,0.276327,0.0,0.0,0.0
2020-08-25T02:41:24.528000Z,2020-08-25T02:41:25.793999Z,568.036,1266.0,314.0,233.472,0.0,0.0,0.0,218.0,0.977918,0.0,0.0,0.0
2020-08-25T02:41:26.529000Z,2020-08-25T02:41:28.303000Z,530.498,1774.0,314.0,256.51,0.0,0.0,0.0,218.0,0.873459,0.0,0.0,0.0
2020-08-25T02:41:28.529000Z,2020-08-25T02:41:29.656000Z,564.272,1127.0,320.0,317.677,0.0,0.0,0.0,218.0,0.362254,0.0,0.0,0.0
2020-08-25T02:41:30.535000Z,2020-08-25T02:41:32.093000Z,527.551,1558.0,19.0,272.203,0.0,0.0,0.0,218.0,0.146206,0.0,0.0,0.0
2020-08-25T02:41:32.532000Z,2020-08-25T02:41:33.836000Z,530.475,1304.0,304.0,229.862,0.0,0.0,0.0,218.0,0.845032,0.0,0.0,0.0
2020-08-25T02:41:34.528000Z,2020-08-25T02:41:35.449000Z,504.555,921.0,264.0,257.842,0.0,0.0,0.0,218.0,0.519103,0.0,0.0,0.0
2020-08-25T02:41:36.530000Z,2020-08-25T02:41:37.534000Z,671.43,1004.0,264.0,223.284,0.0,0.0,0.0,218.0,0.744366,0.0,0.0,0.0
2020-08-25T02:41:38.529000Z,2020-08-25T02:41:39.391000Z,593.857,862.0,276.0,223.165,0.0,0.0,0.0,218.0,0.874611,0.0,0.0,0.0
2020-08-25T02:41:40.528000Z,2020-08-25T02:41:41.207000Z,447.018,679.0,306.0,234.313,0.0,0.0,0.0,218.0,0.825498,0.0,0.0,0.0
2020-08-25T02:41:42.530000Z,2020-08-25T02:41:43.268000Z,487.957,738.0,306.0,234.607,0.0,0.0,0.0,218.0,0.951723,0.0,0.0,0.0
2020-08-25T02:41:44.537000Z,2020-08-25T02:41:46.749000Z,656.5,2212.0,306.0,242.078,0.0,0.0,0.0,218.0,0.97691,0.0,0.0,0.0
2020-08-25T02:41:46.750000Z,2020-08-25T02:41:47.844000Z,759.915,1094.0,306.0,323.471,0.0,0.0,0.0,218.0,0.199111,0.0,0.0,0.0
2020-08-25T02:41:48.529000Z,2020-08-25T02:41:49.436000Z,636.749,907.0,298.0,225.15,0.0,0.0,0.0,218.0,0.948591,0.0,0.0,0.0
2020-08-25T02:41:50.529000Z,2020-08-25T02:41:51.507000Z,602.877,978.0,306.0,234.879,0.0,0.0,0.0,218.0,0.964711,0.0,0.0,0.0
2020-08-25T02:41:52.531000Z,2020-08-25T02:41:53.865000Z,581.977,1334.0,308.0,223.991,0.0,0.0,0.0,218.0,0.985983,0.0,0.0,0.0
2020-08-25T02:41:54.529000Z,2020-08-25T02:41:55.710000Z,635.868,1181.0,308.0,261.451,0.0,0.0,0.0,218.0,0.030393,0.0,0.0,0.0
2020-08-25T02:41:56.531000Z,2020-08-25T02:41:57.617000Z,556.675,1086.0,310.0,227.503,0.0,0.0,0.0,218.0,0.996604,0.0,0.0,0.0
2020-08-25T02:41:58.528000Z,2020-08-25T02:41:59.677000Z,463.344,1149.0,316.0,230.698,0.0,0.0,0.0,218.0,0.16847,0.0,0.0,0.0
2020-08-25T02:42:00.534000Z,2020-08-25T02:42:01.591000Z,495.414,1057.0,318.0,250.17,0.0,0.0,0.0,218.0,0.704609,0.0,0.0,0.0
2020-08-25T02:42:02.540000Z,2020-08-25T02:42:03.247000Z,473.853,707.0,320.0,223.064,0.0,0.0,0.0,218.0,0.138192,0.0,0.0,0.0
2020-08-25T02:42:04.530000Z,2020-08-25T02:42:05.435000Z,474.773,905.0,320.0,260.113,0.0,0.0,0.0,218.0,0.979611,0.0,0.0,0.0
2020-08-25T02:42:06.813000Z,2020-08-25T02:42:08.926000Z,1547.955,2113.0,320.0,223.668,0.0,0.0,0.0,218.0,0.105022,0.0,0.0,0.0
2020-08-25T02:42:08.929000Z,2020-08-25T02:42:10.905000Z,1610.224,1976.0,322.0,250.111,0.0,0.0,0.0,218.0,0.915558,0.0,0.0,0.0
2020-08-25T02:42:10.906000Z,2020-08-25T02:42:12.613000Z,1191.912,1707.0,324.0,238.932,0.0,0.0,0.0,218.0,0.981503,0.0,0.0,0.0
2020-08-25T02:42:12.615000Z,2020-08-25T02:42:13.676000Z,585.172,1061.0,328.0,236.135,0.0,0.0,0.0,218.0,0.047927,0.0,0.0,0.0
2020-08-25T02:42:14.783000Z,2020-08-25T02:42:15.736000Z,640.204,953.0,328.0,242.675,0.0,0.0,0.0,218.0,0.040888,0.0,0.0,0.0
2020-08-25T02:42:16.779000Z,2020-08-25T02:42:17.710000Z,532.701,931.0,326.0,230.922,0.0,0.0,0.0,218.0,0.695594,0.0,0.0,0.0
2020-08-25T02:42:18.940000Z,2020-08-25T02:42:19.856000Z,541.3,916.0,326.0,225.913,0.0,0.0,0.0,218.0,0.266272,0.0,0.0,0.0
2020-08-25T02:42:20.784000Z,2020-08-25T02:42:21.497999Z,474.985,714.0,316.0,225.547,0.0,0.0,0.0,218.0,0.354658,0.0,0.0,0.0
2020-08-25T02:42:22.781000Z,2020-08-25T02:42:23.685000Z,466.439,904.0,320.0,243.287,0.0,0.0,0.0,218.0,0.970616,0.0,0.0,0.0
2020-08-25T02:42:24.779000Z,2020-08-25T02:42:25.521999Z,507.831,743.0,322.0,224.464,0.0,0.0,0.0,218.0,0.216634,0.0,0.0,0.0
2020-08-25T02:42:26.780000Z,2020-08-25T02:42:27.505999Z,490.652,726.0,322.0,252.96,0.0,0.0,0.0,218.0,0.977636,0.0,0.0,0.0
2020-08-25T02:42:28.780000Z,2020-08-25T02:42:29.663000Z,454.034,883.0,322.0,246.773,0.0,0.0,0.0,218.0,0.970864,0.0,0.0,0.0
2020-08-25T02:42:30.783000Z,2020-08-25T02:42:31.536000Z,511.943,753.0,322.0,226.277,0.0,0.0,0.0,218.0,0.121037,0.0,0.0,0.0
2020-08-25T02:42:32.614000Z,2020-08-25T02:42:33.427000Z,506.017,813.0,326.0,234.767,0.0,0.0,0.0,218.0,0.97466,0.0,0.0,0.0
2020-08-25T02:42:34.779000Z,2020-08-25T02:42:35.863000Z,677.854,1084.0,327.0,221.337,0.0,0.0,0.0,218.0,0.63051,0.0,0.0,0.0
2020-08-25T02:42:36.781000Z,2020-08-25T02:42:37.679000Z,489.936,898.0,340.0,226.574,0.0,0.0,0.0,218.0,0.302473,0.0,0.0,0.0
2020-08-25T02:42:38.778000Z,2020-08-25T02:42:39.707000Z,508.549,929.0,340.0,221.174,0.0,0.0,0.0,218.0,0.406695,0.0,0.0,0.0
2020-08-25T02:42:40.780000Z,2020-08-25T02:42:41.705000Z,531.274,925.0,340.0,224.988,0.0,0.0,0.0,218.0,0.170986,0.0,0.0,0.0
2020-08-25T02:42:42.787000Z,2020-08-25T02:42:43.816000Z,530.57,1029.0,340.0,233.776,0.0,0.0,0.0,218.0,0.263671,0.0,0.0,0.0
2020-08-25T02:42:44.827000Z,2020-08-25T02:42:45.732000Z,512.324,905.0,340.0,323.464,0.0,0.0,0.0,218.0,0.209773,0.0,0.0,0.0
2020-08-25T02:42:47.275000Z,2020-08-25T02:42:49.299000Z,471.337,2024.0,334.0,224.936,0.0,0.0,0.0,218.0,0.272346,0.0,0.0,0.0
2020-08-25T02:42:49.300000Z,2020-08-25T02:42:50.071000Z,490.499,771.0,334.0,271.67,0.0,0.0,0.0,218.0,0.131266,0.0,0.0,0.0
2020-08-25T02:42:51.190000Z,2020-08-25T02:42:52.137999Z,458.961,948.0,334.0,232.596,0.0,0.0,0.0,218.0,0.76411,0.0,0.0,0.0
2020-08-25T02:42:53.189000Z,2020-08-25T02:42:54.333000Z,501.151,1144.0,330.0,235.166,0.0,0.0,0.0,218.0,0.174353,0.0,0.0,0.0
2020-08-25T02:42:55.192999Z,2020-08-25T02:42:56.409000Z,514.644,1216.0,312.0,270.862,0.0,0.0,0.0,218.0,0.513088,0.0,0.0,0.0
2020-08-25T02:42:56.640000Z,2020-08-25T02:42:57.593000Z,524.083,953.0,312.0,225.489,0.0,0.0,0.0,218.0,0.999264,0.0,0.0,0.0
2020-08-25T02:42:58.780000Z,2020-08-25T02:42:59.545000Z,517.489,765.0,326.0,227.953,0.0,0.0,0.0,218.0,0.197977,0.0,0.0,0.0
2020-08-25T02:43:01.188000Z,2020-08-25T02:43:02.382000Z,771.273,1194.0,328.0,257.823,0.0,0.0,0.0,218.0,1.000834,0.0,0.0,0.0
2020-08-25T02:43:03.189000Z,2020-08-25T02:43:04.417999Z,824.655,1229.0,330.0,221.329,0.0,0.0,0.0,218.0,0.445775,0.0,0.0,0.0
2020-08-25T02:43:05.191000Z,2020-08-25T02:43:06.743000Z,853.803,1552.0,330.0,227.268,0.0,0.0,0.0,218.0,0.264597,0.0,0.0,0.0
2020-08-25T02:43:06.745000Z,2020-08-25T02:43:08.966000Z,912.966,2221.0,306.0,232.615,0.0,0.0,0.0,218.0,0.386237,0.0,0.0,0.0
2020-08-25T02:43:08.968000Z,2020-08-25T02:43:10.678000Z,954.213,1710.0,304.0,371.269,0.0,0.0,0.0,218.0,0.004207,0.0,0.0,0.0
2020-08-25T02:43:10.679000Z,2020-08-25T02:43:12.073000Z,933.649,1394.0,302.0,251.604,0.0,0.0,0.0,218.0,0.042068,0.0,0.0,0.0
2020-08-25T02:43:13.192000Z,2020-08-25T02:43:14.456000Z,932.152,1264.0,308.0,241.254,0.0,0.0,0.0,218.0,0.475036,0.0,0.0,0.0
2020-08-25T02:43:15.188000Z,2020-08-25T02:43:16.369999Z,930.373,1182.0,4.0,235.596,0.0,0.0,0.0,218.0,0.634533,0.0,0.0,0.0
2020-08-25T02:43:17.191000Z,2020-08-25T02:43:17.907000Z,482.286,716.0,324.0,242.707,0.0,0.0,0.0,218.0,1.0079,0.0,0.0,0.0
2020-08-25T02:43:19.192999Z,2020-08-25T02:43:20.385000Z,810.11,1192.0,330.0,253.022,0.0,0.0,0.0,218.0,0.982484,0.0,0.0,0.0
2020-08-25T02:43:20.632000Z,2020-08-25T02:43:21.613000Z,516.558,981.0,328.0,229.251,0.0,0.0,0.0,218.0,0.536551,0.0,0.0,0.0
2020-08-25T02:43:23.198000Z,2020-08-25T02:43:23.947000Z,482.637,749.0,334.0,250.93,0.0,0.0,0.0,218.0,0.03722,0.0,0.0,0.0
2020-08-25T02:43:25.192000Z,2020-08-25T02:43:26.152000Z,522.588,960.0,336.0,276.044,0.0,0.0,0.0,218.0,0.918721,0.0,0.0,0.0
2020-08-25T02:43:27.198000Z,2020-08-25T02:43:28.286000Z,495.969,1088.0,336.0,225.094,0.0,0.0,0.0,218.0,0.141054,0.0,0.0,0.0
2020-08-25T02:43:29.201000Z,2020-08-25T02:43:30.132000Z,481.215,931.0,341.0,241.47,0.0,0.0,0.0,218.0,0.286668,0.0,0.0,0.0
2020-08-25T02:43:31.189000Z,2020-08-25T02:43:32.055000Z,469.032,866.0,344.0,240.851,0.0,0.0,0.0,218.0,0.50493,0.0,0.0,0.0
2020-08-25T02:43:32.781000Z,2020-08-25T02:43:33.781000Z,552.352,1000.0,344.0,221.789,0.0,0.0,0.0,218.0,0.245577,0.0,0.0,0.0
2020-08-25T02:43:34.788000Z,2020-08-25T02:43:36.022000Z,772.096,1234.0,318.0,221.084,0.0,0.0,0.0,218.0,0.24967,0.0,0.0,0.0
2020-08-25T02:43:36.784000Z,2020-08-25T02:43:37.753999Z,500.161,970.0,328.0,256.85,0.0,0.0,0.0,218.0,1.040632,0.0,0.0,0.0
2020-08-25T02:43:39.189000Z,2020-08-25T02:43:40.191000Z,662.813,1002.0,328.0,244.288,0.0,0.0,0.0,218.0,0.020926,0.0,0.0,0.0
2020-08-25T02:43:41.195000Z,2020-08-25T02:43:42.145000Z,502.008,950.0,330.0,236.587,0.0,0.0,0.0,218.0,0.813857,0.0,0.0,0.0
2020-08-25T02:43:43.192000Z,2020-08-25T02:43:44.101000Z,460.278,909.0,330.0,234.605,0.0,0.0,0.0,218.0,0.07326,0.0,0.0,0.0
2020-08-25T02:43:45.193999Z,2020-08-25T02:43:45.948000Z,503.468,754.0,330.0,227.265,0.0,0.0,0.0,218.0,0.266203,0.0,0.0,0.0
2020-08-25T02:43:47.191000Z,2020-08-25T02:43:48.520000Z,509.302,1329.0,334.0,268.517,0.0,0.0,0.0,218.0,0.942972,0.0,0.0,0.0
2020-08-25T02:43:48.784000Z,2020-08-25T02:43:49.752000Z,554.459,968.0,344.0,302.872,0.0,0.0,0.0,218.0,1.070552,0.0,0.0,0.0
2020-08-25T02:43:50.780000Z,2020-08-25T02:43:51.700000Z,435.806,920.0,340.0,228.321,0.0,0.0,0.0,218.0,0.105295,0.0,0.0,0.0
2020-08-25T02:43:52.782000Z,2020-08-25T02:43:53.649999Z,428.386,868.0,342.0,222.802,0.0,0.0,0.0,218.0,0.116375,0.0,0.0,0.0
2020-08-25T02:43:55.195000Z,2020-08-25T02:43:56.149000Z,435.219,954.0,342.0,277.28,0.0,0.0,0.0,218.0,0.235808,0.0,0.0,0.0
2020-08-25T02:43:57.215000Z,2020-08-25T02:43:58.073000Z,411.351,858.0,342.0,222.851,0.0,0.0,0.0,218.0,0.164362,0.0,0.0,0.0
2020-08-25T02:43:59.192999Z,2020-08-25T02:44:00.198000Z,585.13,1004.9999999999999,321.0,231.39,0.0,0.0,0.0,218.0,0.087183,0.0,0.0,0.0
2020-08-25T02:44:01.207000Z,2020-08-25T02:44:02.244000Z,399.53,1037.0,342.0,223.509,0.0,0.0,0.0,218.0,0.476134,0.0,0.0,0.0
2020-08-25T02:44:02.781000Z,2020-08-25T02:44:03.771000Z,394.425,990.0,342.0,237.427,0.0,0.0,0.0,218.0,0.038608,0.0,0.0,0.0
2020-08-25T02:44:04.785999Z,2020-08-25T02:44:05.780000Z,570.574,994.0,342.0,236.561,0.0,0.0,0.0,218.0,0.344534,0.0,0.0,0.0
2020-08-25T02:44:07.192999Z,2020-08-25T02:44:08.049999Z,372.925,857.0,332.0,224.795,0.0,0.0,0.0,218.0,0.13336,0.0,0.0,0.0
2020-08-25T02:44:09.208000Z,2020-08-25T02:44:09.836000Z,393.306,628.0,332.0,252.509,0.0,0.0,0.0,218.0,0.252411,0.0,0.0,0.0
2020-08-25T02:44:11.192000Z,2020-08-25T02:44:11.806000Z,377.768,614.0,332.0,266.975,0.0,0.0,0.0,218.0,0.632929,0.0,0.0,0.0
2020-08-25T02:44:12.968000Z,2020-08-25T02:44:13.788000Z,401.424,820.0,332.0,257.46,0.0,0.0,0.0,218.0,0.970023,0.0,0.0,0.0
2020-08-25T02:44:15.208999Z,2020-08-25T02:44:16.309000Z,667.983,1100.0,332.0,234.526,0.0,0.0,0.0,218.0,0.363516,0.0,0.0,0.0
2020-08-25T02:44:17.190000Z,2020-08-25T02:44:18.339000Z,553.828,1149.0,336.0,233.554,0.0,0.0,0.0,218.0,0.112158,0.0,0.0,0.0
2020-08-25T02:44:19.195000Z,2020-08-25T02:44:20.405000Z,547.079,1210.0,336.0,245.535,0.0,0.0,0.0,218.0,0.770455,0.0,0.0,0.0
2020-08-25T02:44:21.292000Z,2020-08-25T02:44:22.207000Z,525.241,915.0,336.0,255.302,0.0,0.0,0.0,218.0,0.847501,0.0,0.0,0.0
2020-08-25T02:44:23.189000Z,2020-08-25T02:44:24.057999Z,548.516,869.0,316.0,221.243,0.0,0.0,0.0,218.0,0.286574,0.0,0.0,0.0
2020-08-25T02:44:25.192000Z,2020-08-25T02:44:25.929999Z,502.739,738.0,316.0,247.745,0.0,0.0,0.0,218.0,0.985437,0.0,0.0,0.0
2020-08-25T02:44:27.191000Z,2020-08-25T02:44:28.208000Z,578.868,1016.9999999999999,320.0,249.151,0.0,0.0,0.0,218.0,0.980958,0.0,0.0,0.0
2020-08-25T02:44:29.191000Z,2020-08-25T02:44:30.031000Z,600.354,840.0,320.0,237.32,0.0,0.0,0.0,218.0,0.996996,0.0,0.0,0.0
2020-08-25T02:44:31.192000Z,2020-08-25T02:44:32.092000Z,522.513,900.0,320.0,257.029,0.0,0.0,0.0,218.0,0.973706,0.0,0.0,0.0
2020-08-25T02:44:33.214000Z,2020-08-25T02:44:33.955000Z,460.996,741.0,316.0,224.391,0.0,0.0,0.0,218.0,0.339918,0.0,0.0,0.0
2020-08-25T02:44:35.192000Z,2020-08-25T02:44:36.278000Z,832.337,1086.0,314.0,230.531,0.0,0.0,0.0,218.0,0.810796,0.0,0.0,0.0
2020-08-25T02:44:37.192999Z,2020-08-25T02:44:38.503000Z,844.482,1310.0,322.0,251.717,0.0,0.0,0.0,218.0,0.991776,0.0,0.0,0.0
2020-08-25T02:44:38.781000Z,2020-08-25T02:44:39.961000Z,906.849,1180.0,322.0,242.338,0.0,0.0,0.0,218.0,0.282876,0.0,0.0,0.0
2020-08-25T02:44:41.196000Z,2020-08-25T02:44:42.569999Z,899.64,1374.0,322.0,236.926,0.0,0.0,0.0,218.0,0.961425,0.0,0.0,0.0
2020-08-25T02:44:43.192000Z,2020-08-25T02:44:44.511000Z,827.988,1319.0,324.0,255.871,0.0,0.0,0.0,218.0,0.365778,0.0,0.0,0.0
2020-08-25T02:44:45.188000Z,2020-08-25T02:44:46.449999Z,852.664,1262.0,332.0,252.235,0.0,0.0,0.0,218.0,0.980047,0.0,0.0,0.0
2020-08-25T02:44:47.189000Z,2020-08-25T02:44:48.352000Z,817.688,1163.0,334.0,241.997,0.0,0.0,0.0,218.0,0.814576,0.0,0.0,0.0
2020-08-25T02:44:49.192000Z,2020-08-25T02:44:50.632000Z,743.956,1440.0,336.0,252.692,0.0,0.0,0.0,218.0,0.868321,0.0,0.0,0.0
2020-08-25T02:44:51.190000Z,2020-08-25T02:44:52.391000Z,724.436,1201.0,338.0,452.534,0.0,0.0,0.0,218.0,0.436593,0.0,0.0,0.0
2020-08-25T02:44:53.191000Z,2020-08-25T02:44:54.135000Z,669.241,944.0,336.0,259.682,0.0,0.0,0.0,218.0,0.422839,0.0,0.0,0.0
2020-08-25T02:44:55.197000Z,2020-08-25T02:44:56.267000Z,638.003,1070.0,336.0,239.221,0.0,0.0,0.0,218.0,0.805943,0.0,0.0,0.0
2020-08-25T02:44:57.222000Z,2020-08-25T02:44:58.396000Z,718.205,1174.0,332.0,228.274,0.0,0.0,0.0,217.0,0.349545,0.0,0.0,0.0
2020-08-25T02:44:59.191000Z,2020-08-25T02:45:00.153999Z,574.696,963.0,334.0,228.24,0.0,0.0,0.0,217.0,0.112397,0.0,0.0,0.0
2020-08-25T02:45:01.191000Z,2020-08-25T02:45:02.212000Z,571.44,1020.9999999999999,334.0,226.929,0.0,0.0,0.0,217.0,0.295498,0.0,0.0,0.0
2020-08-25T02:45:03.225000Z,2020-08-25T02:45:04.249000Z,519.065,1024.0,336.0,229.346,0.0,0.0,0.0,217.0,0.137027,0.0,0.0,0.0
2020-08-25T02:45:05.209999Z,2020-08-25T02:45:06.207000Z,484.637,997.0,336.0,234.623,0.0,0.0,0.0,217.0,0.3053,0.0,0.0,0.0
2020-08-25T02:45:07.198000Z,2020-08-25T02:45:08.143000Z,444.898,945.0,4.0,270.772,0.0,0.0,0.0,217.0,0.241317,0.0,0.0,0.0
2020-08-25T02:45:09.196000Z,2020-08-25T02:45:10.169999Z,496.835,974.0,342.0,269.564,0.0,0.0,0.0,217.0,0.03476,0.0,0.0,0.0
2020-08-25T02:45:11.205000Z,2020-08-25T02:45:13.075000Z,503.215,1870.0,340.0,236.682,0.0,0.0,0.0,217.0,0.059345,0.0,0.0,0.0
2020-08-25T02:45:13.077000Z,2020-08-25T02:45:14.412000Z,442.287,1335.0,340.0,311.28,0.0,0.0,0.0,217.0,0.008023,0.0,0.0,0.0
2020-08-25T02:45:15.190000Z,2020-08-25T02:45:16.993999Z,488.19,1804.0,212.0,279.036,0.0,0.0,0.0,217.0,0.121844,0.0,0.0,0.0
2020-08-25T02:45:16.995000Z,2020-08-25T02:45:18.551000Z,481.881,1556.0,202.0,304.153,0.0,0.0,0.0,217.0,0.108971,0.0,0.0,0.0
2020-08-25T02:45:19.191000Z,2020-08-25T02:45:21.507000Z,511.894,2316.0,166.0,245.167,0.0,0.0,0.0,217.0,0.186026,0.0,0.0,0.0
2020-08-25T02:45:21.508000Z,2020-08-25T02:45:23.541000Z,599.462,2033.0,102.0,257.127,0.0,0.0,0.0,217.0,0.259486,0.0,0.0,0.0
2020-08-25T02:45:23.542000Z,2020-08-25T02:45:25.595000Z,576.464,2053.0,142.0,290.489,0.0,0.0,0.0,217.0,0.173738,0.0,0.0,0.0
2020-08-25T02:45:25.596000Z,2020-08-25T02:45:27.952000Z,690.635,2356.0,142.0,250.849,0.0,0.0,0.0,217.0,0.188503,0.0,0.0,0.0
2020-08-25T02:45:27.952999Z,2020-08-25T02:45:30.087000Z,625.635,2134.0,146.0,238.785,0.0,0.0,0.0,217.0,0.139429,0.0,0.0,0.0
2020-08-25T02:45:30.088000Z,2020-08-25T02:45:31.916000Z,529.785,1828.0,134.0,256.121,0.0,0.0,0.0,217.0,0.106947,0.0,0.0,0.0
2020-08-25T02:45:31.916999Z,2020-08-25T02:45:33.652000Z,464.873,1735.0,140.0,285.925,0.0,0.0,0.0,217.0,0.268714,0.0,0.0,0.0
2020-08-25T02:45:33.653000Z,2020-08-25T02:45:35.057000Z,443.832,1404.0,144.0,252.645,0.0,0.0,0.0,217.0,0.038768,0.0,0.0,0.0
2020-08-25T02:45:35.057999Z,2020-08-25T02:45:36.315000Z,449.972,1257.0,186.0,259.094,0.0,0.0,0.0,217.0,0.056074,0.0,0.0,0.0
2020-08-25T02:45:37.193999Z,2020-08-25T02:45:39.041000Z,693.4,1847.0,218.0,241.113,0.0,0.0,0.0,217.0,0.629281,0.0,0.0,0.0
2020-08-25T02:45:39.041999Z,2020-08-25T02:45:40.619000Z,552.12,1577.0,218.0,234.141,0.0,0.0,0.0,217.0,0.130585,0.0,0.0,0.0
2020-08-25T02:45:41.196000Z,2020-08-25T02:45:43.103000Z,627.912,1907.0,172.0,269.91,0.0,0.0,0.0,217.0,0.228977,0.0,0.0,0.0
2020-08-25T02:45:43.104000Z,2020-08-25T02:45:45.179000Z,625.531,2075.0,172.0,281.64,0.0,0.0,0.0,217.0,0.098738,0.0,0.0,0.0
2020-08-25T02:45:45.181000Z,2020-08-25T02:45:47.645000Z,614.218,2464.0,146.0,252.313,0.0,0.0,0.0,217.0,0.179185,0.0,0.0,0.0
2020-08-25T02:45:47.646000Z,2020-08-25T02:45:49.822000Z,680.609,2176.0,142.0,246.974,0.0,0.0,0.0,217.0,0.069535,0.0,0.0,0.0
2020-08-25T02:45:49.823000Z,2020-08-25T02:45:51.937999Z,659.742,2115.0,142.0,235.571,0.0,0.0,0.0,217.0,0.202521,0.0,0.0,0.0
2020-08-25T02:45:51.939000Z,2020-08-25T02:45:54.352000Z,743.034,2413.0,140.0,233.009,0.0,0.0,0.0,217.0,0.433686,0.0,0.0,0.0
2020-08-25T02:45:54.353000Z,2020-08-25T02:45:55.869000Z,409.608,1516.0,142.0,249.978,0.0,0.0,0.0,217.0,0.07743,0.0,0.0,0.0
2020-08-25T02:45:55.870000Z,2020-08-25T02:45:57.531000Z,455.267,1661.0,138.0,261.108,0.0,0.0,0.0,217.0,0.294464,0.0,0.0,0.0
2020-08-25T02:45:57.532000Z,2020-08-25T02:45:58.873999Z,414.075,1342.0,134.0,253.745,0.0,0.0,0.0,217.0,0.122697,0.0,0.0,0.0
2020-08-25T02:45:58.875000Z,2020-08-25T02:46:00.640000Z,387.495,1765.0,118.0,250.722,0.0,0.0,0.0,217.0,0.300482,0.0,0.0,0.0
2020-08-25T02:46:01.189000Z,2020-08-25T02:46:02.959000Z,630.559,1770.0,160.0,252.147,0.0,0.0,0.0,217.0,0.056285,0.0,0.0,0.0
2020-08-25T02:46:02.960000Z,2020-08-25T02:46:04.384000Z,528.481,1424.0,176.0,221.366,0.0,0.0,0.0,217.0,0.477831,0.0,0.0,0.0
2020-08-25T02:46:05.190000Z,2020-08-25T02:46:07.045000Z,503.735,1855.0,182.0,231.68,0.0,0.0,0.0,217.0,0.129174,0.0,0.0,0.0
2020-08-25T02:46:07.046000Z,2020-08-25T02:46:08.788000Z,511.939,1742.0,182.0,251.049,0.0,0.0,0.0,217.0,0.218854,0.0,0.0,0.0
2020-08-25T02:46:09.232000Z,2020-08-25T02:46:11.115000Z,495.239,1883.0,138.0,250.35,0.0,0.0,0.0,217.0,0.076751,0.0,0.0,0.0
2020-08-25T02:46:11.116000Z,2020-08-25T02:46:13.103000Z,502.459,1987.0,138.0,270.901,0.0,0.0,0.0,217.0,0.135368,0.0,0.0,0.0
2020-08-25T02:46:13.104000Z,2020-08-25T02:46:15.583000Z,580.989,2479.0,128.0,245.219,0.0,0.0,0.0,217.0,0.30716,0.0,0.0,0.0
2020-08-25T02:46:15.584000Z,2020-08-25T02:46:17.022000Z,579.133,1438.0,134.0,310.724,0.0,0.0,0.0,217.0,0.086479,0.0,0.0,0.0
2020-08-25T02:46:17.023000Z,2020-08-25T02:46:18.718000Z,538.864,1695.0,170.0,225.335,0.0,0.0,0.0,217.0,0.510378,0.0,0.0,0.0
