start_time,end_time,size,trans_time,cwnd,rtt,rto,ssthresh,last_snd,min_rtt,delivery_rate,bytes_sent,bytes_retrans,client_trans_time
2020-08-25T05:08:05.264999Z,2020-08-25T05:08:05.475000Z,223.239,210.0,448.0,115.761,0.0,0.0,0.0,76.447,3.748418,0.0,0.0,0.0
2020-08-25T05:08:05.475000Z,2020-08-25T05:08:05.620000Z,155.916,145.0,442.0,171.353,0.0,0.0,0.0,76.447,3.799927,0.0,0.0,0.0
2020-08-25T05:08:05.621000Z,2020-08-25T05:08:05.764000Z,193.839,143.0,444.0,119.64,0.0,0.0,0.0,76.447,3.799927,0.0,0.0,0.0
2020-08-25T05:08:05.764999Z,2020-08-25T05:08:05.944000Z,290.663,179.0,444.0,107.955,0.0,0.0,0.0,76.447,3.799927,0.0,0.0,0.0
2020-08-25T05:08:05.945000Z,2020-08-25T05:08:06.252000Z,684.06,307.0,444.0,101.447,0.0,0.0,0.0,76.447,3.799927,0.0,0.0,0.0
2020-08-25T05:08:06.254000Z,2020-08-25T05:08:06.607000Z,827.014,353.0,420.0,133.38,0.0,0.0,0.0,76.447,3.488531,0.0,0.0,0.0
2020-08-25T05:08:06.609000Z,2020-08-25T05:08:07.220000Z,1645.035,611.0,424.0,159.604,0.0,0.0,0.0,76.447,3.784711,0.0,0.0,0.0
2020-08-25T05:08:07.223000Z,2020-08-25T05:08:08.145999Z,1830.055,923.0,4.0,144.295,0.0,0.0,0.0,76.447,3.066673,0.0,0.0,0.0
2020-08-25T05:08:08.149000Z,2020-08-25T05:08:08.832000Z,1854.531,683.0,426.0,132.374,0.0,0.0,0.0,76.447,3.762531,0.0,0.0,0.0
2020-08-25T05:08:09.096000Z,2020-08-25T05:08:09.820000Z,1948.191,724.0,430.0,148.298,0.0,0.0,0.0,76.447,3.793793,0.0,0.0,0.0
2020-08-25T05:08:11.096000Z,2020-08-25T05:08:11.707000Z,1625.759,611.0,430.0,167.611,0.0,0.0,0.0,76.447,3.293802,0.0,0.0,0.0
2020-08-25T05:08:13.097999Z,2020-08-25T05:08:13.763000Z,1873.262,665.0,432.0,123.841,0.0,0.0,0.0,76.447,2.565158,0.0,0.0,0.0
2020-08-25T05:08:15.096000Z,2020-08-25T05:08:15.796000Z,1919.441,700.0,432.0,135.213,0.0,0.0,0.0,76.447,3.241167,0.0,0.0,0.0
2020-08-25T05:08:17.097999Z,2020-08-25T05:08:17.927000Z,2078.471,829.0,402.0,128.806,0.0,0.0,0.0,76.447,3.255114,0.0,0.0,0.0
2020-08-25T05:08:19.096000Z,2020-08-25T05:08:19.805000Z,1864.285,709.0,426.0,104.603,0.0,0.0,0.0,76.447,1.887812,0.0,0.0,0.0
2020-08-25T05:08:21.095000Z,2020-08-25T05:08:21.769000Z,1748.262,674.0,422.0,143.91,0.0,0.0,0.0,76.447,3.64281,0.0,0.0,0.0
2020-08-25T05:08:23.097000Z,2020-08-25T05:08:23.761999Z,1746.774,665.0,414.0,133.657,0.0,0.0,0.0,76.447,3.031911,0.0,0.0,0.0
2020-08-25T05:08:25.097000Z,2020-08-25T05:08:25.816000Z,1938.274,719.0,422.0,153.568,0.0,0.0,0.0,76.447,3.502883,0.0,0.0,0.0
2020-08-25T05:08:27.096000Z,2020-08-25T05:08:27.793999Z,1891.775,698.0,418.0,153.667,0.0,0.0,0.0,76.447,3.849247,0.0,0.0,0.0
2020-08-25T05:08:29.097000Z,2020-08-25T05:08:29.744000Z,1675.073,647.0,418.0,118.628,0.0,0.0,0.0,76.447,3.298431,0.0,0.0,0.0
2020-08-25T05:08:31.095000Z,2020-08-25T05:08:31.839000Z,1858.985,744.0,372.0,120.587,0.0,0.0,0.0,76.447,3.37133,0.0,0.0,0.0
2020-08-25T05:08:33.097999Z,2020-08-25T05:08:33.809000Z,1929.578,711.0,438.0,149.165,0.0,0.0,0.0,76.447,3.902437,0.0,0.0,0.0
2020-08-25T05:08:35.105000Z,2020-08-25T05:08:36.181000Z,1944.887,1076.0,438.0,161.526,0.0,0.0,0.0,76.447,3.835982,0.0,0.0,0.0
2020-08-25T05:08:37.097999Z,2020-08-25T05:08:37.987000Z,2276.502,889.0,424.0,162.918,0.0,0.0,0.0,76.447,3.506226,0.0,0.0,0.0
2020-08-25T05:08:39.097000Z,2020-08-25T05:08:39.856000Z,1830.142,759.0,444.0,99.468,0.0,0.0,0.0,76.447,0.925931,0.0,0.0,0.0
2020-08-25T05:08:41.095000Z,2020-08-25T05:08:41.663000Z,1483.809,568.0,457.0,129.15,0.0,0.0,0.0,76.447,1.722244,0.0,0.0,0.0
2020-08-25T05:08:43.097000Z,2020-08-25T05:08:43.647000Z,1477.857,550.0,464.0,99.313,0.0,0.0,0.0,76.447,2.335576,0.0,0.0,0.0
2020-08-25T05:08:45.097000Z,2020-08-25T05:08:45.877000Z,2159.209,780.0,464.0,155.447,0.0,0.0,0.0,76.447,3.608576,0.0,0.0,0.0
2020-08-25T05:08:47.096000Z,2020-08-25T05:08:47.817000Z,1884.933,721.0,448.0,159.912,0.0,0.0,0.0,76.447,3.381903,0.0,0.0,0.0
2020-08-25T05:08:49.097999Z,2020-08-25T05:08:49.713000Z,1644.549,615.0,464.0,178.999,0.0,0.0,0.0,76.447,4.051979,0.0,0.0,0.0
2020-08-25T05:08:51.099000Z,2020-08-25T05:08:51.854000Z,2122.523,755.0,468.0,136.877,0.0,0.0,0.0,76.447,3.357846,0.0,0.0,0.0
2020-08-25T05:08:53.097999Z,2020-08-25T05:08:53.750000Z,1744.723,652.0,468.0,135.092,0.0,0.0,0.0,76.447,3.4391,0.0,0.0,0.0
2020-08-25T05:08:55.097999Z,2020-08-25T05:08:55.813000Z,1939.363,715.0,412.0,135.825,0.0,0.0,0.0,76.447,3.150952,0.0,0.0,0.0
2020-08-25T05:08:57.096000Z,2020-08-25T05:08:57.851000Z,1938.403,755.0,396.0,106.682,0.0,0.0,0.0,76.447,2.41474,0.0,0.0,0.0
2020-08-25T05:08:59.097999Z,2020-08-25T05:08:59.816000Z,1870.547,718.0,416.0,146.622,0.0,0.0,0.0,76.447,3.487701,0.0,0.0,0.0
2020-08-25T05:09:01.097999Z,2020-08-25T05:09:01.751000Z,1767.071,653.0,408.0,123.252,0.0,0.0,0.0,76.447,3.128375,0.0,0.0,0.0
2020-08-25T05:09:03.095000Z,2020-08-25T05:09:03.711000Z,1541.069,616.0,404.0,119.276,0.0,0.0,0.0,76.447,3.595501,0.0,0.0,0.0
2020-08-25T05:09:05.095000Z,2020-08-25T05:09:05.870000Z,2024.339,775.0,436.0,126.146,0.0,0.0,0.0,76.447,3.209497,0.0,0.0,0.0
2020-08-25T05:09:07.097000Z,2020-08-25T05:09:07.825999Z,2042.232,729.0,444.0,101.797,0.0,0.0,0.0,76.779,2.399117,0.0,0.0,0.0
2020-08-25T05:09:09.097999Z,2020-08-25T05:09:09.888000Z,2008.318,790.0,444.0,179.773,0.0,0.0,0.0,76.779,4.024796,0.0,0.0,0.0
2020-08-25T05:09:11.097999Z,2020-08-25T05:09:11.886000Z,2105.328,788.0,442.0,167.031,0.0,0.0,0.0,76.779,2.544628,0.0,0.0,0.0
2020-08-25T05:09:13.097000Z,2020-08-25T05:09:13.883000Z,2081.649,786.0,442.0,119.653,0.0,0.0,0.0,76.779,2.788454,0.0,0.0,0.0
2020-08-25T05:09:15.097000Z,2020-08-25T05:09:15.737000Z,1627.997,640.0,450.0,112.792,0.0,0.0,0.0,76.779,2.103021,0.0,0.0,0.0
2020-08-25T05:09:17.097999Z,2020-08-25T05:09:17.937000Z,2162.544,839.0,450.0,117.244,0.0,0.0,0.0,76.779,3.261342,0.0,0.0,0.0
2020-08-25T05:09:19.097000Z,2020-08-25T05:09:19.812000Z,1730.441,715.0,430.0,130.71,0.0,0.0,0.0,76.779,3.304209,0.0,0.0,0.0
2020-08-25T05:09:21.097000Z,2020-08-25T05:09:22.127000Z,1862.371,1030.0,430.0,117.69,0.0,0.0,0.0,76.779,2.121772,0.0,0.0,0.0
2020-08-25T05:09:23.097000Z,2020-08-25T05:09:23.743000Z,1713.667,646.0,450.0,127.598,0.0,0.0,0.0,76.779,3.067005,0.0,0.0,0.0
2020-08-25T05:09:25.096000Z,2020-08-25T05:09:25.857999Z,1951.16,762.0,426.0,145.248,0.0,0.0,0.0,76.779,3.923203,0.0,0.0,0.0
2020-08-25T05:09:27.097000Z,2020-08-25T05:09:27.892000Z,2125.025,795.0,426.0,144.833,0.0,0.0,0.0,76.779,2.810747,0.0,0.0,0.0
2020-08-25T05:09:29.097999Z,2020-08-25T05:09:29.856000Z,2080.437,758.0,442.0,109.562,0.0,0.0,0.0,76.779,2.34744,0.0,0.0,0.0
2020-08-25T05:09:31.096000Z,2020-08-25T05:09:31.791000Z,1895.75,695.0,442.0,108.235,0.0,0.0,0.0,76.779,2.723282,0.0,0.0,0.0
2020-08-25T05:09:33.097000Z,2020-08-25T05:09:34.113999Z,1906.836,1016.9999999999999,448.0,171.302,0.0,0.0,0.0,76.779,4.104959,0.0,0.0,0.0
2020-08-25T05:09:35.097000Z,2020-08-25T05:09:35.801999Z,1909.564,705.0,448.0,126.57,0.0,0.0,0.0,76.779,3.28171,0.0,0.0,0.0
2020-08-25T05:09:37.097000Z,2020-08-25T05:09:37.749000Z,1728.765,652.0,406.0,141.826,0.0,0.0,0.0,76.779,3.493677,0.0,0.0,0.0
2020-08-25T05:09:39.097000Z,2020-08-25T05:09:39.812000Z,1864.224,715.0,420.0,161.36,0.0,0.0,0.0,76.779,3.782498,0.0,0.0,0.0
2020-08-25T05:09:41.096000Z,2020-08-25T05:09:41.783000Z,1797.054,687.0,428.0,112.676,0.0,0.0,0.0,76.779,3.663853,0.0,0.0,0.0
2020-08-25T05:09:43.097000Z,2020-08-25T05:09:43.720000Z,1595.266,623.0,428.0,150.488,0.0,0.0,0.0,76.779,3.760362,0.0,0.0,0.0
2020-08-25T05:09:45.097000Z,2020-08-25T05:09:45.825999Z,1981.472,729.0,440.0,153.531,0.0,0.0,0.0,76.779,3.793276,0.0,0.0,0.0
2020-08-25T05:09:47.097000Z,2020-08-25T05:09:47.807000Z,1938.624,710.0,452.0,134.911,0.0,0.0,0.0,76.779,4.06049,0.0,0.0,0.0
2020-08-25T05:09:49.097000Z,2020-08-25T05:09:49.760000Z,1799.654,663.0,452.0,162.656,0.0,0.0,0.0,76.779,3.724584,0.0,0.0,0.0
2020-08-25T05:09:51.097000Z,2020-08-25T05:09:51.678000Z,1579.732,581.0,464.0,137.389,0.0,0.0,0.0,76.779,4.246428,0.0,0.0,0.0
2020-08-25T05:09:53.097000Z,2020-08-25T05:09:53.660000Z,1486.831,563.0,464.0,112.396,0.0,0.0,0.0,76.779,2.326953,0.0,0.0,0.0
2020-08-25T05:09:55.095000Z,2020-08-25T05:09:56.112000Z,1766.313,1016.9999999999999,464.0,105.812,0.0,0.0,0.0,76.779,2.474718,0.0,0.0,0.0
2020-08-25T05:09:57.097000Z,2020-08-25T05:09:57.691000Z,1591.226,594.0,472.0,110.059,0.0,0.0,0.0,76.779,3.836899,0.0,0.0,0.0
2020-08-25T05:09:59.097000Z,2020-08-25T05:09:59.830000Z,1846.938,733.0,476.0,128.382,0.0,0.0,0.0,76.779,3.230566,0.0,0.0,0.0
2020-08-25T05:10:01.095000Z,2020-08-25T05:10:01.769000Z,1792.256,674.0,432.0,196.354,0.0,0.0,0.0,76.779,3.087167,0.0,0.0,0.0
2020-08-25T05:10:03.097000Z,2020-08-25T05:10:03.692000Z,1613.804,595.0,428.0,147.165,0.0,0.0,0.0,76.779,2.787308,0.0,0.0,0.0
2020-08-25T05:10:05.095000Z,2020-08-25T05:10:05.718000Z,1692.854,623.0,458.0,116.89,0.0,0.0,0.0,76.779,3.80374,0.0,0.0,0.0
2020-08-25T05:10:07.095000Z,2020-08-25T05:10:07.696000Z,1579.172,601.0,458.0,120.73,0.0,0.0,0.0,76.779,3.404933,0.0,0.0,0.0
2020-08-25T05:10:09.097999Z,2020-08-25T05:10:09.817000Z,1863.857,719.0,442.0,130.868,0.0,0.0,0.0,76.779,2.96177,0.0,0.0,0.0
2020-08-25T05:10:11.097999Z,2020-08-25T05:10:11.801999Z,1964.662,704.0,438.0,134.646,0.0,0.0,0.0,76.779,4.014878,0.0,0.0,0.0
2020-08-25T05:10:13.097000Z,2020-08-25T05:10:13.718000Z,1696.926,621.0,450.0,172.253,0.0,0.0,0.0,76.779,4.027323,0.0,0.0,0.0
2020-08-25T05:10:15.095000Z,2020-08-25T05:10:15.707000Z,1609.644,612.0,450.0,117.031,0.0,0.0,0.0,76.779,3.675058,0.0,0.0,0.0
2020-08-25T05:10:17.097000Z,2020-08-25T05:10:17.847000Z,2085.81,750.0,450.0,128.491,0.0,0.0,0.0,76.779,3.034935,0.0,0.0,0.0
2020-08-25T05:10:19.097000Z,2020-08-25T05:10:20.120000Z,1898.956,1022.9999999999999,442.0,145.699,0.0,0.0,0.0,76.779,3.345474,0.0,0.0,0.0
2020-08-25T05:10:21.095000Z,2020-08-25T05:10:21.798000Z,1710.077,703.0,468.0,104.267,0.0,0.0,0.0,76.779,3.744712,0.0,0.0,0.0
2020-08-25T05:10:23.100000Z,2020-08-25T05:10:23.702000Z,1550.956,602.0,412.0,122.794,0.0,0.0,0.0,76.779,3.583158,0.0,0.0,0.0
2020-08-25T05:10:25.097000Z,2020-08-25T05:10:25.745999Z,1697.977,649.0,404.0,159.73,0.0,0.0,0.0,76.779,3.093845,0.0,0.0,0.0
2020-08-25T05:10:27.100000Z,2020-08-25T05:10:27.812000Z,1896.594,712.0,436.0,129.749,0.0,0.0,0.0,76.779,2.374177,0.0,0.0,0.0
2020-08-25T05:10:29.099000Z,2020-08-25T05:10:29.772000Z,1752.548,673.0,436.0,123.102,0.0,0.0,0.0,76.779,3.451498,0.0,0.0,0.0
2020-08-25T05:10:31.097000Z,2020-08-25T05:10:31.760000Z,1753.546,663.0,424.0,167.793,0.0,0.0,0.0,76.779,2.953912,0.0,0.0,0.0
2020-08-25T05:10:33.097999Z,2020-08-25T05:10:33.726000Z,1562.318,628.0,430.0,150.635,0.0,0.0,0.0,76.779,3.893046,0.0,0.0,0.0
2020-08-25T05:10:35.097000Z,2020-08-25T05:10:35.726000Z,1641.208,629.0,430.0,168.185,0.0,0.0,0.0,76.779,3.467741,0.0,0.0,0.0
2020-08-25T05:10:37.097000Z,2020-08-25T05:10:37.704000Z,1432.522,607.0,428.0,140.782,0.0,0.0,0.0,76.779,3.479916,0.0,0.0,0.0
2020-08-25T05:10:39.096000Z,2020-08-25T05:10:39.739000Z,1700.933,643.0,424.0,101.324,0.0,0.0,0.0,76.779,1.917212,0.0,0.0,0.0
2020-08-25T05:10:41.096000Z,2020-08-25T05:10:41.653000Z,1367.344,557.0,424.0,131.356,0.0,0.0,0.0,76.779,3.832937,0.0,0.0,0.0
2020-08-25T05:10:43.097000Z,2020-08-25T05:10:43.996000Z,1422.53,899.0,424.0,102.991,0.0,0.0,0.0,76.779,2.839633,0.0,0.0,0.0
2020-08-25T05:10:45.097000Z,2020-08-25T05:10:45.662000Z,1391.068,565.0,430.0,94.912,0.0,0.0,0.0,76.779,2.305906,0.0,0.0,0.0
2020-08-25T05:10:47.096000Z,2020-08-25T05:10:47.729999Z,1470.59,634.0,410.0,113.96,0.0,0.0,0.0,76.779,3.413214,0.0,0.0,0.0
2020-08-25T05:10:49.095000Z,2020-08-25T05:10:49.745000Z,1633.451,650.0,446.0,121.478,0.0,0.0,0.0,76.779,2.577237,0.0,0.0,0.0
2020-08-25T05:10:51.113999Z,2020-08-25T05:10:51.784000Z,1779.673,670.0,450.0,121.791,0.0,0.0,0.0,76.779,2.907962,0.0,0.0,0.0
2020-08-25T05:10:53.097000Z,2020-08-25T05:10:53.788000Z,1827.476,691.0,450.0,110.182,0.0,0.0,0.0,76.779,3.568572,0.0,0.0,0.0
2020-08-25T05:10:55.097999Z,2020-08-25T05:10:55.723000Z,1596.735,625.0,388.0,146.0,0.0,0.0,0.0,76.779,3.514323,0.0,0.0,0.0
2020-08-25T05:10:57.097000Z,2020-08-25T05:10:57.741000Z,1614.17,644.0,412.0,128.191,0.0,0.0,0.0,76.779,2.642949,0.0,0.0,0.0
2020-08-25T05:10:59.097999Z,2020-08-25T05:10:59.713000Z,1609.742,615.0,412.0,157.033,0.0,0.0,0.0,76.779,3.092534,0.0,0.0,0.0
2020-08-25T05:11:01.097000Z,2020-08-25T05:11:01.761999Z,1660.326,665.0,398.0,126.121,0.0,0.0,0.0,76.779,2.389956,0.0,0.0,0.0
2020-08-25T05:11:03.097000Z,2020-08-25T05:11:04.068000Z,1683.523,971.0,398.0,126.795,0.0,0.0,0.0,76.779,3.340147,0.0,0.0,0.0
2020-08-25T05:11:05.097000Z,2020-08-25T05:11:05.732000Z,1682.946,635.0,410.0,103.408,0.0,0.0,0.0,76.779,3.387291,0.0,0.0,0.0
2020-08-25T05:11:07.097000Z,2020-08-25T05:11:07.792000Z,1759.736,695.0,410.0,119.539,0.0,0.0,0.0,76.779,3.576215,0.0,0.0,0.0
2020-08-25T05:11:09.096000Z,2020-08-25T05:11:09.703000Z,1606.144,607.0,448.0,159.286,0.0,0.0,0.0,76.779,3.850459,0.0,0.0,0.0
2020-08-25T05:11:11.097000Z,2020-08-25T05:11:11.700000Z,1579.705,603.0,456.0,149.1,0.0,0.0,0.0,76.779,3.604749,0.0,0.0,0.0
2020-08-25T05:11:13.097999Z,2020-08-25T05:11:13.741000Z,1709.729,643.0,456.0,143.741,0.0,0.0,0.0,76.779,3.140583,0.0,0.0,0.0
2020-08-25T05:11:15.097000Z,2020-08-25T05:11:15.853000Z,2007.737,756.0,456.0,150.485,0.0,0.0,0.0,76.779,3.162317,0.0,0.0,0.0
2020-08-25T05:11:17.097999Z,2020-08-25T05:11:17.693000Z,1448.961,595.0,408.0,128.952,0.0,0.0,0.0,76.779,3.623957,0.0,0.0,0.0
2020-08-25T05:11:19.097999Z,2020-08-25T05:11:19.829000Z,1625.605,731.0,412.0,131.723,0.0,0.0,0.0,76.779,3.649498,0.0,0.0,0.0
2020-08-25T05:11:21.099000Z,2020-08-25T05:11:21.809999Z,1817.706,711.0,408.0,93.844,0.0,0.0,0.0,76.779,0.255349,0.0,0.0,0.0
2020-08-25T05:11:23.097000Z,2020-08-25T05:11:23.675000Z,1535.001,578.0,412.0,115.293,0.0,0.0,0.0,76.779,3.462016,0.0,0.0,0.0
2020-08-25T05:11:25.097999Z,2020-08-25T05:11:26.057999Z,1642.189,960.0,412.0,188.076,0.0,0.0,0.0,76.779,3.01807,0.0,0.0,0.0
2020-08-25T05:11:27.097000Z,2020-08-25T05:11:27.627000Z,1317.757,530.0,410.0,132.999,0.0,0.0,0.0,76.779,3.457826,0.0,0.0,0.0
2020-08-25T05:11:29.097000Z,2020-08-25T05:11:29.645000Z,1334.021,548.0,390.0,108.823,0.0,0.0,0.0,76.52,2.719443,0.0,0.0,0.0
2020-08-25T05:11:31.096000Z,2020-08-25T05:11:31.655000Z,1307.54,559.0,390.0,97.937,0.0,0.0,0.0,76.52,1.94594,0.0,0.0,0.0
2020-08-25T05:11:33.097000Z,2020-08-25T05:11:33.707000Z,1508.396,610.0,374.0,114.282,0.0,0.0,0.0,76.52,3.082377,0.0,0.0,0.0
2020-08-25T05:11:35.097000Z,2020-08-25T05:11:35.503000Z,1022.922,406.0,386.0,112.992,0.0,0.0,0.0,76.52,3.386709,0.0,0.0,0.0
2020-08-25T05:11:37.095000Z,2020-08-25T05:11:37.440000Z,823.721,345.0,384.0,122.483,0.0,0.0,0.0,76.52,3.179907,0.0,0.0,0.0
2020-08-25T05:11:39.095000Z,2020-08-25T05:11:39.679000Z,1391.45,584.0,408.0,146.333,0.0,0.0,0.0,76.52,3.565832,0.0,0.0,0.0
2020-08-25T05:11:41.097000Z,2020-08-25T05:11:41.657999Z,1476.42,561.0,426.0,108.584,0.0,0.0,0.0,76.52,1.523877,0.0,0.0,0.0
2020-08-25T05:11:43.097000Z,2020-08-25T05:11:43.617999Z,1182.013,521.0,422.0,177.654,0.0,0.0,0.0,76.52,2.789264,0.0,0.0,0.0
2020-08-25T05:11:45.107000Z,2020-08-25T05:11:45.764000Z,1661.057,657.0,422.0,105.247,0.0,0.0,0.0,76.52,2.346205,0.0,0.0,0.0
2020-08-25T05:11:47.097999Z,2020-08-25T05:11:47.761000Z,1774.116,663.0,444.0,168.173,0.0,0.0,0.0,76.52,4.080736,0.0,0.0,0.0
2020-08-25T05:11:49.099000Z,2020-08-25T05:11:49.488000Z,951.81,389.0,444.0,143.503,0.0,0.0,0.0,76.52,3.35216,0.0,0.0,0.0
2020-08-25T05:11:51.097999Z,2020-08-25T05:11:51.855000Z,1676.371,757.0,444.0,132.825,0.0,0.0,0.0,76.52,3.084553,0.0,0.0,0.0
2020-08-25T05:11:53.099000Z,2020-08-25T05:11:53.628000Z,1339.9,529.0,432.0,150.649,0.0,0.0,0.0,76.52,3.427645,0.0,0.0,0.0
2020-08-25T05:11:55.097999Z,2020-08-25T05:11:55.333000Z,465.727,235.0,432.0,105.062,0.0,0.0,0.0,76.52,2.898979,0.0,0.0,0.0
2020-08-25T05:11:57.097999Z,2020-08-25T05:11:57.775000Z,1781.882,677.0,432.0,136.362,0.0,0.0,0.0,76.52,3.335495,0.0,0.0,0.0
2020-08-25T05:11:59.097000Z,2020-08-25T05:11:59.701000Z,1585.998,604.0,441.0,129.212,0.0,0.0,0.0,76.52,4.009118,0.0,0.0,0.0
2020-08-25T05:12:01.096000Z,2020-08-25T05:12:01.699000Z,1552.127,603.0,448.0,140.529,0.0,0.0,0.0,76.52,3.303773,0.0,0.0,0.0
2020-08-25T05:12:03.097000Z,2020-08-25T05:12:03.711000Z,1564.733,614.0,448.0,124.812,0.0,0.0,0.0,76.52,3.613779,0.0,0.0,0.0
2020-08-25T05:12:05.105000Z,2020-08-25T05:12:05.693000Z,1461.487,588.0,430.0,96.543,0.0,0.0,0.0,76.52,1.916334,0.0,0.0,0.0
2020-08-25T05:12:07.097000Z,2020-08-25T05:12:07.565000Z,1197.669,468.0,398.0,118.331,0.0,0.0,0.0,76.52,2.907249,0.0,0.0,0.0
2020-08-25T05:12:09.097000Z,2020-08-25T05:12:09.545000Z,1063.097,448.0,410.0,160.629,0.0,0.0,0.0,76.52,3.345551,0.0,0.0,0.0
2020-08-25T05:12:11.095000Z,2020-08-25T05:12:11.421000Z,761.071,326.0,408.0,151.411,0.0,0.0,0.0,76.52,3.131211,0.0,0.0,0.0
2020-08-25T05:12:13.096000Z,2020-08-25T05:12:13.481999Z,876.872,386.0,412.0,149.999,0.0,0.0,0.0,76.52,3.692947,0.0,0.0,0.0
2020-08-25T05:12:15.097000Z,2020-08-25T05:12:15.660000Z,1359.3,563.0,440.0,119.66,0.0,0.0,0.0,76.52,2.950975,0.0,0.0,0.0
2020-08-25T05:12:17.099000Z,2020-08-25T05:12:17.508000Z,1029.736,409.0,440.0,111.888,0.0,0.0,0.0,76.52,2.192355,0.0,0.0,0.0
2020-08-25T05:12:19.096000Z,2020-08-25T05:12:19.519000Z,980.172,423.0,450.0,132.988,0.0,0.0,0.0,76.52,3.043295,0.0,0.0,0.0
2020-08-25T05:12:21.348000Z,2020-08-25T05:12:22.045000Z,1858.965,697.0,448.0,174.154,0.0,0.0,0.0,76.52,3.519529,0.0,0.0,0.0
2020-08-25T05:12:23.367000Z,2020-08-25T05:12:23.943000Z,1149.995,576.0,436.0,123.546,0.0,0.0,0.0,76.52,3.323417,0.0,0.0,0.0
2020-08-25T05:12:25.376999Z,2020-08-25T05:12:25.987000Z,1261.626,610.0,406.0,116.896,0.0,0.0,0.0,76.52,2.402294,0.0,0.0,0.0
2020-08-25T05:12:27.346000Z,2020-08-25T05:12:27.785999Z,1041.049,440.0,416.0,117.849,0.0,0.0,0.0,76.52,2.738387,0.0,0.0,0.0
2020-08-25T05:12:29.403000Z,2020-08-25T05:12:29.833000Z,1105.822,430.0,412.0,119.785,0.0,0.0,0.0,76.52,3.410313,0.0,0.0,0.0
2020-08-25T05:12:31.430000Z,2020-08-25T05:12:31.747000Z,683.218,317.0,430.0,179.611,0.0,0.0,0.0,76.52,3.915526,0.0,0.0,0.0
2020-08-25T05:12:33.217000Z,2020-08-25T05:12:33.352000Z,136.646,135.0,430.0,129.675,0.0,0.0,0.0,76.52,3.685825,0.0,0.0,0.0
2020-08-25T05:12:35.346000Z,2020-08-25T05:12:35.489000Z,127.379,143.0,430.0,106.597,0.0,0.0,0.0,76.52,3.685825,0.0,0.0,0.0
2020-08-25T05:12:37.369000Z,2020-08-25T05:12:37.537999Z,208.802,169.0,458.0,100.516,0.0,0.0,0.0,76.52,3.685825,0.0,0.0,0.0
2020-08-25T05:12:39.356999Z,2020-08-25T05:12:39.582000Z,413.0,225.0,438.0,95.718,0.0,0.0,0.0,76.52,3.685825,0.0,0.0,0.0
2020-08-25T05:12:41.347000Z,2020-08-25T05:12:41.692000Z,532.59,345.0,438.0,108.487,0.0,0.0,0.0,76.52,3.440046,0.0,0.0,0.0
2020-08-25T05:12:43.345000Z,2020-08-25T05:12:43.582000Z,499.908,237.0,402.0,119.027,0.0,0.0,0.0,76.52,3.614311,0.0,0.0,0.0
2020-08-25T05:12:45.345000Z,2020-08-25T05:12:45.628000Z,617.368,283.0,426.0,135.682,0.0,0.0,0.0,76.52,3.829473,0.0,0.0,0.0
2020-08-25T05:12:47.345000Z,2020-08-25T05:12:47.664000Z,702.678,319.0,428.0,140.116,0.0,0.0,0.0,76.52,3.669662,0.0,0.0,0.0
2020-08-25T05:12:49.345000Z,2020-08-25T05:12:49.647000Z,681.093,302.0,420.0,133.696,0.0,0.0,0.0,76.52,3.316173,0.0,0.0,0.0
2020-08-25T05:12:51.345000Z,2020-08-25T05:12:51.544000Z,358.486,199.0,436.0,156.378,0.0,0.0,0.0,76.52,3.855553,0.0,0.0,0.0
2020-08-25T05:12:53.351000Z,2020-08-25T05:12:53.552000Z,338.655,201.0,440.0,110.201,0.0,0.0,0.0,76.52,3.21582,0.0,0.0,0.0
2020-08-25T05:12:55.347000Z,2020-08-25T05:12:55.641999Z,543.106,295.0,440.0,118.403,0.0,0.0,0.0,76.52,2.807936,0.0,0.0,0.0
2020-08-25T05:12:57.211000Z,2020-08-25T05:12:57.480000Z,524.324,269.0,436.0,115.055,0.0,0.0,0.0,76.52,3.578622,0.0,0.0,0.0
2020-08-25T05:12:59.353000Z,2020-08-25T05:12:59.584000Z,412.927,231.0,4.0,120.142,0.0,0.0,0.0,76.52,3.655828,0.0,0.0,0.0
2020-08-25T05:13:01.345000Z,2020-08-25T05:13:01.512000Z,247.312,167.0,442.0,125.495,0.0,0.0,0.0,76.52,3.038577,0.0,0.0,0.0
2020-08-25T05:13:03.345000Z,2020-08-25T05:13:03.566000Z,459.437,221.0,424.0,98.943,0.0,0.0,0.0,76.52,3.038577,0.0,0.0,0.0
2020-08-25T05:13:05.347000Z,2020-08-25T05:13:05.646000Z,636.207,299.0,424.0,113.572,0.0,0.0,0.0,76.52,3.4255,0.0,0.0,0.0
2020-08-25T05:13:07.348000Z,2020-08-25T05:13:07.633000Z,648.753,285.0,420.0,110.995,0.0,0.0,0.0,76.52,3.15717,0.0,0.0,0.0
2020-08-25T05:13:09.345000Z,2020-08-25T05:13:09.567000Z,430.946,222.0,427.0,145.472,0.0,0.0,0.0,76.52,3.864568,0.0,0.0,0.0
2020-08-25T05:13:11.345000Z,2020-08-25T05:13:11.574000Z,405.733,229.0,436.0,134.636,0.0,0.0,0.0,76.52,3.154658,0.0,0.0,0.0
2020-08-25T05:13:13.350000Z,2020-08-25T05:13:13.535000Z,314.695,185.0,436.0,110.338,0.0,0.0,0.0,76.52,0.410426,0.0,0.0,0.0
2020-08-25T05:13:15.349000Z,2020-08-25T05:13:15.529999Z,275.658,181.0,454.0,103.089,0.0,0.0,0.0,76.52,1.80741,0.0,0.0,0.0
2020-08-25T05:13:17.349000Z,2020-08-25T05:13:17.532000Z,310.385,183.0,440.0,103.104,0.0,0.0,0.0,76.52,1.80741,0.0,0.0,0.0
2020-08-25T05:13:19.345000Z,2020-08-25T05:13:19.553999Z,335.126,209.0,440.0,94.779,0.0,0.0,0.0,76.52,1.824454,0.0,0.0,0.0
2020-08-25T05:13:21.209999Z,2020-08-25T05:13:21.352000Z,138.58,142.0,440.0,101.621,0.0,0.0,0.0,76.52,1.824454,0.0,0.0,0.0
2020-08-25T05:13:23.344000Z,2020-08-25T05:13:23.468000Z,127.68,124.0,440.0,97.17,0.0,0.0,0.0,76.52,1.824454,0.0,0.0,0.0
2020-08-25T05:13:25.344000Z,2020-08-25T05:13:25.464000Z,94.487,120.0,434.0,93.911,0.0,0.0,0.0,76.52,1.824454,0.0,0.0,0.0
2020-08-25T05:13:27.345000Z,2020-08-25T05:13:27.454000Z,74.703,109.0,434.0,91.255,0.0,0.0,0.0,76.52,1.824454,0.0,0.0,0.0
2020-08-25T05:13:29.344000Z,2020-08-25T05:13:29.452000Z,74.989,108.0,434.0,89.447,0.0,0.0,0.0,76.52,1.824454,0.0,0.0,0.0
2020-08-25T05:13:31.347000Z,2020-08-25T05:13:31.652000Z,704.693,305.0,434.0,88.262,0.0,0.0,0.0,76.52,1.824454,0.0,0.0,0.0
2020-08-25T05:13:33.347000Z,2020-08-25T05:13:33.983000Z,1637.65,636.0,414.0,136.381,0.0,0.0,0.0,76.52,3.413996,0.0,0.0,0.0
2020-08-25T05:13:35.349000Z,2020-08-25T05:13:35.902000Z,1316.05,553.0,414.0,147.289,0.0,0.0,0.0,76.52,2.495317,0.0,0.0,0.0
2020-08-25T05:13:37.345000Z,2020-08-25T05:13:37.668000Z,744.434,323.0,416.0,119.274,0.0,0.0,0.0,76.52,2.574055,0.0,0.0,0.0
2020-08-25T05:13:39.346000Z,2020-08-25T05:13:40.110000Z,1086.227,764.0,406.0,151.277,0.0,0.0,0.0,76.52,3.403944,0.0,0.0,0.0
2020-08-25T05:13:41.346000Z,2020-08-25T05:13:41.662000Z,765.698,316.0,434.0,113.265,0.0,0.0,0.0,76.52,3.784274,0.0,0.0,0.0
2020-08-25T05:13:43.345000Z,2020-08-25T05:13:43.633999Z,663.459,289.0,430.0,136.528,0.0,0.0,0.0,76.52,3.82848,0.0,0.0,0.0
2020-08-25T05:13:45.305999Z,2020-08-25T05:13:45.631000Z,578.008,325.0,430.0,117.353,0.0,0.0,0.0,76.52,3.576173,0.0,0.0,0.0
2020-08-25T05:13:47.472000Z,2020-08-25T05:13:47.896000Z,772.64,424.0,434.0,142.743,0.0,0.0,0.0,76.52,3.369041,0.0,0.0,0.0
2020-08-25T05:13:49.345000Z,2020-08-25T05:13:49.697999Z,832.27,353.0,430.0,135.967,0.0,0.0,0.0,76.52,3.623535,0.0,0.0,0.0
2020-08-25T05:13:51.347000Z,2020-08-25T05:13:51.737999Z,802.534,391.0,464.0,145.217,0.0,0.0,0.0,76.52,4.131953,0.0,0.0,0.0
2020-08-25T05:13:53.349000Z,2020-08-25T05:13:54.316000Z,1477.631,967.0,478.0,142.878,0.0,0.0,0.0,76.52,3.767037,0.0,0.0,0.0
2020-08-25T05:13:55.400000Z,2020-08-25T05:13:55.966000Z,1307.227,566.0,474.0,101.556,0.0,0.0,0.0,76.52,2.248366,0.0,0.0,0.0
2020-08-25T05:13:57.345000Z,2020-08-25T05:13:57.648000Z,649.795,303.0,472.0,190.504,0.0,0.0,0.0,76.52,2.852077,0.0,0.0,0.0
2020-08-25T05:13:59.349000Z,2020-08-25T05:13:59.742000Z,604.912,393.0,482.0,141.895,0.0,0.0,0.0,76.52,4.223983,0.0,0.0,0.0
2020-08-25T05:14:01.353999Z,2020-08-25T05:14:01.628000Z,605.145,274.0,482.0,161.166,0.0,0.0,0.0,76.52,2.937009,0.0,0.0,0.0
2020-08-25T05:14:03.374000Z,2020-08-25T05:14:03.861000Z,706.875,487.0,482.0,147.229,0.0,0.0,0.0,76.52,3.960599,0.0,0.0,0.0
2020-08-25T05:14:05.346000Z,2020-08-25T05:14:05.680000Z,785.094,334.0,494.0,107.404,0.0,0.0,0.0,76.52,1.206453,0.0,0.0,0.0
2020-08-25T05:14:07.346000Z,2020-08-25T05:14:07.654000Z,676.623,308.0,488.0,179.596,0.0,0.0,0.0,76.52,3.932171,0.0,0.0,0.0
2020-08-25T05:14:09.211000Z,2020-08-25T05:14:09.552000Z,760.629,341.0,462.0,120.932,0.0,0.0,0.0,76.52,4.057926,0.0,0.0,0.0
2020-08-25T05:14:11.345000Z,2020-08-25T05:14:11.659000Z,725.507,314.0,474.0,160.552,0.0,0.0,0.0,76.52,3.638918,0.0,0.0,0.0
2020-08-25T05:14:13.345000Z,2020-08-25T05:14:13.636000Z,671.47,291.0,466.0,154.442,0.0,0.0,0.0,76.52,3.04921,0.0,0.0,0.0
2020-08-25T05:14:15.345000Z,2020-08-25T05:14:15.635000Z,649.742,290.0,472.0,125.472,0.0,0.0,0.0,76.52,4.20333,0.0,0.0,0.0
2020-08-25T05:14:17.345000Z,2020-08-25T05:14:17.601999Z,558.313,257.0,470.0,146.692,0.0,0.0,0.0,76.52,3.409347,0.0,0.0,0.0
2020-08-25T05:14:19.345000Z,2020-08-25T05:14:19.648000Z,564.534,303.0,470.0,113.568,0.0,0.0,0.0,76.52,3.730567,0.0,0.0,0.0
2020-08-25T05:14:21.345000Z,2020-08-25T05:14:21.604000Z,524.732,259.0,472.0,144.294,0.0,0.0,0.0,76.52,3.747343,0.0,0.0,0.0
2020-08-25T05:14:23.347000Z,2020-08-25T05:14:23.624000Z,562.122,277.0,460.0,137.345,0.0,0.0,0.0,76.52,3.748732,0.0,0.0,0.0
2020-08-25T05:14:25.346000Z,2020-08-25T05:14:25.620000Z,589.989,274.0,412.0,142.221,0.0,0.0,0.0,76.52,0.589552,0.0,0.0,0.0
2020-08-25T05:14:27.345000Z,2020-08-25T05:14:27.665999Z,572.846,321.0,414.0,122.337,0.0,0.0,0.0,76.52,3.579311,0.0,0.0,0.0
2020-08-25T05:14:29.345000Z,2020-08-25T05:14:29.576000Z,459.176,231.0,412.0,104.77,0.0,0.0,0.0,76.52,3.6755,0.0,0.0,0.0
2020-08-25T05:14:31.347000Z,2020-08-25T05:14:31.968000Z,557.671,621.0,412.0,120.229,0.0,0.0,0.0,76.52,3.646063,0.0,0.0,0.0
2020-08-25T05:14:33.344000Z,2020-08-25T05:14:33.608000Z,597.273,264.0,420.0,92.107,0.0,0.0,0.0,76.52,3.042748,0.0,0.0,0.0
2020-08-25T05:14:35.345000Z,2020-08-25T05:14:35.601999Z,502.468,257.0,402.0,119.04,0.0,0.0,0.0,76.52,3.590945,0.0,0.0,0.0
2020-08-25T05:14:37.345000Z,2020-08-25T05:14:37.608000Z,472.333,263.0,396.0,130.082,0.0,0.0,0.0,76.52,3.435319,0.0,0.0,0.0
2020-08-25T05:14:39.349000Z,2020-08-25T05:14:39.590000Z,479.477,241.0,400.0,102.927,0.0,0.0,0.0,76.52,2.572496,0.0,0.0,0.0
2020-08-25T05:14:41.347000Z,2020-08-25T05:14:41.604000Z,457.413,257.0,392.0,111.265,0.0,0.0,0.0,76.52,3.461496,0.0,0.0,0.0
2020-08-25T05:14:43.347000Z,2020-08-25T05:14:43.619000Z,547.408,272.0,392.0,104.416,0.0,0.0,0.0,76.52,3.327205,0.0,0.0,0.0
2020-08-25T05:14:45.347000Z,2020-08-25T05:14:45.599000Z,537.268,252.0,394.0,118.626,0.0,0.0,0.0,76.52,3.572134,0.0,0.0,0.0
2020-08-25T05:14:47.346000Z,2020-08-25T05:14:47.606000Z,462.822,260.0,390.0,120.595,0.0,0.0,0.0,76.52,3.485803,0.0,0.0,0.0
2020-08-25T05:14:49.347000Z,2020-08-25T05:14:49.905999Z,520.668,559.0,390.0,109.57,0.0,0.0,0.0,76.52,3.405607,0.0,0.0,0.0
2020-08-25T05:14:51.344000Z,2020-08-25T05:14:51.577999Z,434.785,234.0,410.0,99.018,0.0,0.0,0.0,76.52,2.978692,0.0,0.0,0.0
2020-08-25T05:14:53.345000Z,2020-08-25T05:14:53.576000Z,438.395,231.0,392.0,104.231,0.0,0.0,0.0,76.52,3.307492,0.0,0.0,0.0
2020-08-25T05:14:55.350000Z,2020-08-25T05:14:55.689000Z,703.015,339.0,376.0,105.227,0.0,0.0,0.0,76.52,2.885023,0.0,0.0,0.0
2020-08-25T05:14:57.353000Z,2020-08-25T05:14:57.614000Z,446.845,261.0,360.0,96.283,0.0,0.0,0.0,76.52,2.93736,0.0,0.0,0.0
2020-08-25T05:14:59.347000Z,2020-08-25T05:14:59.639000Z,623.943,292.0,360.0,110.753,0.0,0.0,0.0,76.52,3.072059,0.0,0.0,0.0
2020-08-25T05:15:01.348000Z,2020-08-25T05:15:01.620000Z,514.133,272.0,362.0,146.587,0.0,0.0,0.0,76.52,3.330201,0.0,0.0,0.0
2020-08-25T05:15:03.344000Z,2020-08-25T05:15:03.473999Z,91.089,130.0,372.0,99.644,0.0,0.0,0.0,76.52,3.408564,0.0,0.0,0.0
2020-08-25T05:15:05.345000Z,2020-08-25T05:15:05.496000Z,137.464,151.0,372.0,91.878,0.0,0.0,0.0,76.52,3.408564,0.0,0.0,0.0
2020-08-25T05:15:07.346000Z,2020-08-25T05:15:07.811000Z,1170.89,465.0,398.0,94.034,0.0,0.0,0.0,76.52,3.408564,0.0,0.0,0.0
2020-08-25T05:15:09.346000Z,2020-08-25T05:15:09.896000Z,1352.606,550.0,387.0,100.477,0.0,0.0,0.0,76.52,2.961794,0.0,0.0,0.0
2020-08-25T05:15:11.349000Z,2020-08-25T05:15:11.923000Z,1343.372,574.0,410.0,115.865,0.0,0.0,0.0,76.52,2.224416,0.0,0.0,0.0
2020-08-25T05:15:13.348000Z,2020-08-25T05:15:13.897000Z,1307.297,549.0,414.0,112.087,0.0,0.0,0.0,76.52,2.271478,0.0,0.0,0.0
2020-08-25T05:15:15.348000Z,2020-08-25T05:15:15.884000Z,1373.392,536.0,392.0,115.269,0.0,0.0,0.0,76.52,2.450344,0.0,0.0,0.0
2020-08-25T05:15:17.348000Z,2020-08-25T05:15:17.718000Z,843.8,370.0,398.0,114.714,0.0,0.0,0.0,76.52,3.122003,0.0,0.0,0.0
2020-08-25T05:15:19.346000Z,2020-08-25T05:15:19.830000Z,1114.746,484.0,398.0,152.189,0.0,0.0,0.0,76.52,3.452077,0.0,0.0,0.0
2020-08-25T05:15:21.350000Z,2020-08-25T05:15:21.822000Z,1077.587,472.0,400.0,104.513,0.0,0.0,0.0,76.52,2.281642,0.0,0.0,0.0
2020-08-25T05:15:23.381000Z,2020-08-25T05:15:23.991000Z,1265.807,610.0,408.0,111.989,0.0,0.0,0.0,76.52,3.155011,0.0,0.0,0.0
2020-08-25T05:15:25.347000Z,2020-08-25T05:15:25.852000Z,1144.304,505.0,422.0,158.991,0.0,0.0,0.0,76.52,3.44591,0.0,0.0,0.0
2020-08-25T05:15:27.351000Z,2020-08-25T05:15:27.823000Z,990.581,472.0,418.0,125.586,0.0,0.0,0.0,76.52,3.233306,0.0,0.0,0.0
2020-08-25T05:15:29.346000Z,2020-08-25T05:15:29.857000Z,1244.287,511.0,422.0,143.546,0.0,0.0,0.0,76.52,3.606218,0.0,0.0,0.0
2020-08-25T05:15:31.349000Z,2020-08-25T05:15:31.996000Z,1533.539,647.0,420.0,130.691,0.0,0.0,0.0,76.52,3.079118,0.0,0.0,0.0
2020-08-25T05:15:33.350000Z,2020-08-25T05:15:33.881999Z,911.938,532.0,416.0,110.543,0.0,0.0,0.0,76.52,2.803852,0.0,0.0,0.0
2020-08-25T05:15:35.360000Z,2020-08-25T05:15:35.777999Z,968.917,418.0,416.0,157.631,0.0,0.0,0.0,76.52,3.702626,0.0,0.0,0.0
2020-08-25T05:15:37.363000Z,2020-08-25T05:15:38.028000Z,1642.113,665.0,416.0,149.672,0.0,0.0,0.0,76.52,3.434701,0.0,0.0,0.0
2020-08-25T05:15:39.353000Z,2020-08-25T05:15:40.269000Z,1907.383,916.0,422.0,124.222,0.0,0.0,0.0,76.52,3.644397,0.0,0.0,0.0
2020-08-25T05:15:41.347000Z,2020-08-25T05:15:42.139000Z,1874.642,792.0,422.0,89.651,0.0,0.0,0.0,76.52,0.955032,0.0,0.0,0.0
2020-08-25T05:15:43.346000Z,2020-08-25T05:15:44.117000Z,2015.678,771.0,426.0,157.259,0.0,0.0,0.0,76.52,3.86653,0.0,0.0,0.0
2020-08-25T05:15:45.370000Z,2020-08-25T05:15:46.113999Z,1979.139,744.0,426.0,117.765,0.0,0.0,0.0,76.52,3.036173,0.0,0.0,0.0
2020-08-25T05:15:47.349000Z,2020-08-25T05:15:48.059000Z,1865.679,710.0,418.0,144.458,0.0,0.0,0.0,76.52,3.308922,0.0,0.0,0.0
2020-08-25T05:15:49.349000Z,2020-08-25T05:15:50.183000Z,1915.489,834.0,414.0,131.063,0.0,0.0,0.0,76.52,3.374719,0.0,0.0,0.0
2020-08-25T05:15:51.352000Z,2020-08-25T05:15:52.285000Z,2148.948,933.0,406.0,162.456,0.0,0.0,0.0,76.52,2.568483,0.0,0.0,0.0
2020-08-25T05:15:53.352000Z,2020-08-25T05:15:53.927000Z,1469.797,575.0,400.0,111.241,0.0,0.0,0.0,76.52,1.671789,0.0,0.0,0.0
2020-08-25T05:15:55.347000Z,2020-08-25T05:15:55.992000Z,1537.758,645.0,392.0,95.305,0.0,0.0,0.0,76.52,2.714025,0.0,0.0,0.0
2020-08-25T05:15:57.353000Z,2020-08-25T05:15:58.092000Z,1643.216,739.0,410.0,122.84,0.0,0.0,0.0,76.52,2.89724,0.0,0.0,0.0
2020-08-25T05:15:59.349000Z,2020-08-25T05:16:00.043000Z,1791.282,694.0,4.0,115.939,0.0,0.0,0.0,76.52,3.250708,0.0,0.0,0.0
2020-08-25T05:16:01.351000Z,2020-08-25T05:16:02.443000Z,2748.779,1092.0,466.0,164.949,0.0,0.0,0.0,76.52,4.127071,0.0,0.0,0.0
2020-08-25T05:16:03.420000Z,2020-08-25T05:16:04.324000Z,2257.668,904.0,466.0,174.361,0.0,0.0,0.0,76.52,2.485381,0.0,0.0,0.0
2020-08-25T05:16:05.349000Z,2020-08-25T05:16:06.097000Z,2013.88,748.0,460.0,138.674,0.0,0.0,0.0,76.52,3.970838,0.0,0.0,0.0
2020-08-25T05:16:07.348000Z,2020-08-25T05:16:07.937000Z,1471.623,589.0,496.0,154.259,0.0,0.0,0.0,76.52,4.370624,0.0,0.0,0.0
2020-08-25T05:16:09.347000Z,2020-08-25T05:16:10.113999Z,2035.024,767.0,484.0,94.228,0.0,0.0,0.0,76.52,2.261812,0.0,0.0,0.0
2020-08-25T05:16:11.349000Z,2020-08-25T05:16:12.080000Z,1945.671,731.0,484.0,169.437,0.0,0.0,0.0,76.52,4.301969,0.0,0.0,0.0
2020-08-25T05:16:13.347000Z,2020-08-25T05:16:13.961999Z,1733.491,615.0,476.0,157.238,0.0,0.0,0.0,76.52,3.593959,0.0,0.0,0.0
2020-08-25T05:16:15.346000Z,2020-08-25T05:16:15.900000Z,1348.839,554.0,476.0,122.283,0.0,0.0,0.0,76.52,3.675895,0.0,0.0,0.0
2020-08-25T05:16:17.351000Z,2020-08-25T05:16:17.950000Z,1531.818,599.0,434.0,97.298,0.0,0.0,0.0,76.52,1.275109,0.0,0.0,0.0
2020-08-25T05:16:19.352000Z,2020-08-25T05:16:20.198000Z,2233.35,846.0,430.0,128.553,0.0,0.0,0.0,76.52,3.906991,0.0,0.0,0.0
2020-08-25T05:16:21.350000Z,2020-08-25T05:16:22.100000Z,2041.747,750.0,428.0,88.096,0.0,0.0,0.0,76.52,1.830031,0.0,0.0,0.0
2020-08-25T05:16:23.349000Z,2020-08-25T05:16:23.992000Z,1490.464,643.0,416.0,171.86,0.0,0.0,0.0,76.52,3.611224,0.0,0.0,0.0
2020-08-25T05:16:25.348000Z,2020-08-25T05:16:25.891000Z,1376.914,543.0,416.0,128.881,0.0,0.0,0.0,76.52,3.337393,0.0,0.0,0.0
2020-08-25T05:16:27.348000Z,2020-08-25T05:16:28.414000Z,2034.168,1066.0,438.0,126.225,0.0,0.0,0.0,76.52,3.307843,0.0,0.0,0.0
2020-08-25T05:16:29.347000Z,2020-08-25T05:16:29.982000Z,1631.313,635.0,454.0,172.423,0.0,0.0,0.0,76.921,3.883306,0.0,0.0,0.0
2020-08-25T05:16:31.599000Z,2020-08-25T05:16:32.185999Z,1498.053,587.0,460.0,131.791,0.0,0.0,0.0,76.921,3.245999,0.0,0.0,0.0
2020-08-25T05:16:33.604000Z,2020-08-25T05:16:34.321000Z,2019.964,717.0,454.0,94.218,0.0,0.0,0.0,76.921,2.911966,0.0,0.0,0.0
2020-08-25T05:16:35.598000Z,2020-08-25T05:16:36.304000Z,1816.774,706.0,468.0,173.017,0.0,0.0,0.0,76.921,4.179273,0.0,0.0,0.0
2020-08-25T05:16:37.600000Z,2020-08-25T05:16:38.424000Z,2117.066,824.0,466.0,123.223,0.0,0.0,0.0,76.921,3.243852,0.0,0.0,0.0
2020-08-25T05:16:39.600000Z,2020-08-25T05:16:40.435000Z,2003.84,835.0,468.0,171.161,0.0,0.0,0.0,76.921,4.196009,0.0,0.0,0.0
2020-08-25T05:16:41.599000Z,2020-08-25T05:16:42.340000Z,1847.14,741.0,468.0,147.206,0.0,0.0,0.0,76.921,0.172477,0.0,0.0,0.0
2020-08-25T05:16:43.599000Z,2020-08-25T05:16:44.161999Z,1394.281,563.0,472.0,121.516,0.0,0.0,0.0,76.921,3.514064,0.0,0.0,0.0
2020-08-25T05:16:45.600000Z,2020-08-25T05:16:46.696000Z,1926.575,1096.0,442.0,127.772,0.0,0.0,0.0,76.921,2.40246,0.0,0.0,0.0
2020-08-25T05:16:47.603000Z,2020-08-25T05:16:48.622000Z,2698.865,1018.9999999999999,418.0,94.828,0.0,0.0,0.0,76.921,3.549591,0.0,0.0,0.0
2020-08-25T05:16:49.606000Z,2020-08-25T05:16:50.543000Z,2121.81,937.0,396.0,116.79,0.0,0.0,0.0,76.921,2.549718,0.0,0.0,0.0
2020-08-25T05:16:51.603000Z,2020-08-25T05:16:52.657999Z,2808.817,1055.0,430.0,128.261,0.0,0.0,0.0,76.921,3.758157,0.0,0.0,0.0
2020-08-25T05:16:53.600000Z,2020-08-25T05:16:54.441999Z,2115.107,842.0,446.0,160.66,0.0,0.0,0.0,76.921,3.137836,0.0,0.0,0.0
2020-08-25T05:16:55.600000Z,2020-08-25T05:16:56.336000Z,2018.399,736.0,447.0,127.568,0.0,0.0,0.0,76.921,1.194908,0.0,0.0,0.0
2020-08-25T05:16:57.599000Z,2020-08-25T05:16:58.238000Z,1575.86,639.0,448.0,138.472,0.0,0.0,0.0,76.921,3.059472,0.0,0.0,0.0
2020-08-25T05:16:59.600000Z,2020-08-25T05:17:00.390000Z,1817.231,790.0,442.0,128.383,0.0,0.0,0.0,76.921,3.253088,0.0,0.0,0.0
2020-08-25T05:17:01.599000Z,2020-08-25T05:17:02.277000Z,1728.027,678.0,470.0,97.825,0.0,0.0,0.0,76.921,1.937455,0.0,0.0,0.0
2020-08-25T05:17:03.606000Z,2020-08-25T05:17:04.357000Z,2041.935,751.0,452.0,151.871,0.0,0.0,0.0,76.921,3.58455,0.0,0.0,0.0
2020-08-25T05:17:05.599000Z,2020-08-25T05:17:06.307000Z,1934.556,708.0,438.0,159.045,0.0,0.0,0.0,76.921,3.936922,0.0,0.0,0.0
2020-08-25T05:17:07.599000Z,2020-08-25T05:17:08.256000Z,1749.35,657.0,438.0,95.468,0.0,0.0,0.0,76.921,2.703099,0.0,0.0,0.0
2020-08-25T05:17:09.599000Z,2020-08-25T05:17:10.286000Z,1899.859,687.0,438.0,137.162,0.0,0.0,0.0,76.921,3.908696,0.0,0.0,0.0
2020-08-25T05:17:11.600000Z,2020-08-25T05:17:12.300000Z,1726.33,700.0,462.0,154.432,0.0,0.0,0.0,76.921,4.190323,0.0,0.0,0.0
2020-08-25T05:17:13.599000Z,2020-08-25T05:17:14.567000Z,1661.722,968.0,462.0,147.828,0.0,0.0,0.0,76.921,3.161756,0.0,0.0,0.0
2020-08-25T05:17:15.600000Z,2020-08-25T05:17:16.320000Z,1826.568,720.0,474.0,104.443,0.0,0.0,0.0,76.921,2.71161,0.0,0.0,0.0
2020-08-25T05:17:17.600999Z,2020-08-25T05:17:18.171000Z,1504.779,570.0,408.0,114.376,0.0,0.0,0.0,76.921,3.212644,0.0,0.0,0.0
2020-08-25T05:17:19.598000Z,2020-08-25T05:17:20.181000Z,1430.522,583.0,408.0,126.128,0.0,0.0,0.0,76.921,2.995082,0.0,0.0,0.0
2020-08-25T05:17:21.599000Z,2020-08-25T05:17:22.185000Z,1601.444,586.0,404.0,98.676,0.0,0.0,0.0,76.921,2.343611,0.0,0.0,0.0
2020-08-25T05:17:23.599000Z,2020-08-25T05:17:24.254000Z,1702.834,655.0,400.0,166.864,0.0,0.0,0.0,76.921,3.561476,0.0,0.0,0.0
2020-08-25T05:17:25.599000Z,2020-08-25T05:17:26.414000Z,1904.74,815.0,414.0,119.021,0.0,0.0,0.0,76.921,3.490199,0.0,0.0,0.0
2020-08-25T05:17:27.599000Z,2020-08-25T05:17:28.415000Z,1934.55,816.0,410.0,166.397,0.0,0.0,0.0,76.921,3.126221,0.0,0.0,0.0
2020-08-25T05:17:29.599000Z,2020-08-25T05:17:30.292000Z,1923.366,693.0,442.0,100.951,0.0,0.0,0.0,76.921,0.239338,0.0,0.0,0.0
2020-08-25T05:17:31.599000Z,2020-08-25T05:17:32.305999Z,1914.917,707.0,444.0,130.968,0.0,0.0,0.0,76.921,3.138739,0.0,0.0,0.0
2020-08-25T05:17:33.600999Z,2020-08-25T05:17:34.449000Z,2303.639,848.0,420.0,106.218,0.0,0.0,0.0,76.921,2.171672,0.0,0.0,0.0
2020-08-25T05:17:35.601999Z,2020-08-25T05:17:36.992000Z,2761.847,1390.0,400.0,120.321,0.0,0.0,0.0,76.921,3.206674,0.0,0.0,0.0
2020-08-25T05:17:37.599000Z,2020-08-25T05:17:38.504000Z,2459.673,905.0,408.0,100.019,0.0,0.0,0.0,76.921,1.742584,0.0,0.0,0.0
2020-08-25T05:17:39.600000Z,2020-08-25T05:17:40.409000Z,2149.099,809.0,410.0,184.127,0.0,0.0,0.0,76.921,3.763686,0.0,0.0,0.0
2020-08-25T05:17:41.600000Z,2020-08-25T05:17:42.359000Z,1967.377,759.0,410.0,159.055,0.0,0.0,0.0,76.921,3.586645,0.0,0.0,0.0
2020-08-25T05:17:43.599000Z,2020-08-25T05:17:44.278000Z,1711.935,679.0,446.0,125.989,0.0,0.0,0.0,76.921,3.109959,0.0,0.0,0.0
2020-08-25T05:17:45.600999Z,2020-08-25T05:17:46.281000Z,1792.506,680.0,444.0,116.092,0.0,0.0,0.0,76.921,3.352276,0.0,0.0,0.0
2020-08-25T05:17:47.599000Z,2020-08-25T05:17:48.372000Z,2096.184,773.0,406.0,138.735,0.0,0.0,0.0,76.921,3.265956,0.0,0.0,0.0
2020-08-25T05:17:49.600999Z,2020-08-25T05:17:50.289999Z,1685.878,689.0,434.0,142.257,0.0,0.0,0.0,76.921,3.463219,0.0,0.0,0.0
2020-08-25T05:17:51.599000Z,2020-08-25T05:17:52.160000Z,1466.759,561.0,428.0,142.464,0.0,0.0,0.0,76.921,3.748472,0.0,0.0,0.0
2020-08-25T05:17:53.599000Z,2020-08-25T05:17:54.300000Z,1818.627,701.0,424.0,114.835,0.0,0.0,0.0,76.921,3.413327,0.0,0.0,0.0
2020-08-25T05:17:55.598000Z,2020-08-25T05:17:56.309000Z,1785.465,711.0,424.0,110.106,0.0,0.0,0.0,76.921,3.284721,0.0,0.0,0.0
2020-08-25T05:17:57.598000Z,2020-08-25T05:17:58.208000Z,1578.653,610.0,410.0,126.154,0.0,0.0,0.0,76.921,2.492591,0.0,0.0,0.0
2020-08-25T05:17:59.600000Z,2020-08-25T05:18:00.393999Z,1933.292,794.0,410.0,131.28,0.0,0.0,0.0,76.921,3.54869,0.0,0.0,0.0
2020-08-25T05:18:01.599000Z,2020-08-25T05:18:02.592000Z,1735.539,993.0,410.0,174.566,0.0,0.0,0.0,76.921,3.501424,0.0,0.0,0.0
2020-08-25T05:18:03.600000Z,2020-08-25T05:18:04.332000Z,1944.795,732.0,408.0,139.703,0.0,0.0,0.0,76.921,3.561737,0.0,0.0,0.0
2020-08-25T05:18:05.599000Z,2020-08-25T05:18:06.363000Z,2068.412,764.0,408.0,129.47,0.0,0.0,0.0,76.921,3.181301,0.0,0.0,0.0
2020-08-25T05:18:07.599000Z,2020-08-25T05:18:08.345999Z,1948.457,747.0,416.0,119.119,0.0,0.0,0.0,76.921,3.797458,0.0,0.0,0.0
2020-08-25T05:18:09.599000Z,2020-08-25T05:18:10.261000Z,1701.033,662.0,416.0,101.951,0.0,0.0,0.0,76.921,2.427158,0.0,0.0,0.0
2020-08-25T05:18:11.599000Z,2020-08-25T05:18:12.233999Z,1589.141,635.0,420.0,143.009,0.0,0.0,0.0,76.712,3.791311,0.0,0.0,0.0
2020-08-25T05:18:13.600999Z,2020-08-25T05:18:14.448000Z,2082.7,847.0,420.0,141.128,0.0,0.0,0.0,76.712,3.765757,0.0,0.0,0.0
2020-08-25T05:18:15.599000Z,2020-08-25T05:18:16.368000Z,1962.923,769.0,420.0,117.855,0.0,0.0,0.0,76.712,1.838893,0.0,0.0,0.0
2020-08-25T05:18:17.600000Z,2020-08-25T05:18:18.425999Z,2116.85,826.0,430.0,115.2,0.0,0.0,0.0,76.712,2.78024,0.0,0.0,0.0
2020-08-25T05:18:19.599000Z,2020-08-25T05:18:20.553999Z,1648.48,955.0,430.0,109.378,0.0,0.0,0.0,76.712,2.555103,0.0,0.0,0.0
2020-08-25T05:18:21.601999Z,2020-08-25T05:18:22.289999Z,1714.313,688.0,450.0,114.763,0.0,0.0,0.0,76.712,2.629372,0.0,0.0,0.0
2020-08-25T05:18:23.599000Z,2020-08-25T05:18:24.368000Z,1853.973,769.0,378.0,117.602,0.0,0.0,0.0,76.712,2.037881,0.0,0.0,0.0
2020-08-25T05:18:25.598000Z,2020-08-25T05:18:26.211000Z,1614.386,613.0,374.0,101.024,0.0,0.0,0.0,76.712,2.309145,0.0,0.0,0.0
2020-08-25T05:18:27.600999Z,2020-08-25T05:18:28.256000Z,1598.326,655.0,402.0,130.735,0.0,0.0,0.0,76.712,3.330625,0.0,0.0,0.0
2020-08-25T05:18:29.599000Z,2020-08-25T05:18:30.241999Z,1703.083,643.0,438.0,108.559,0.0,0.0,0.0,76.712,3.971387,0.0,0.0,0.0
2020-08-25T05:18:31.600000Z,2020-08-25T05:18:32.287000Z,1877.808,687.0,438.0,126.792,0.0,0.0,0.0,76.712,3.443345,0.0,0.0,0.0
2020-08-25T05:18:33.597000Z,2020-08-25T05:18:34.174000Z,1513.062,577.0,434.0,131.551,0.0,0.0,0.0,76.712,3.823416,0.0,0.0,0.0
2020-08-25T05:18:35.599000Z,2020-08-25T05:18:36.156000Z,1375.462,557.0,428.0,122.287,0.0,0.0,0.0,76.712,3.120885,0.0,0.0,0.0
2020-08-25T05:18:37.600999Z,2020-08-25T05:18:38.156000Z,1368.462,555.0,418.0,98.357,0.0,0.0,0.0,76.712,1.734962,0.0,0.0,0.0
2020-08-25T05:18:39.600999Z,2020-08-25T05:18:40.219000Z,1529.101,618.0,412.0,110.194,0.0,0.0,0.0,76.712,2.42957,0.0,0.0,0.0
2020-08-25T05:18:41.599000Z,2020-08-25T05:18:42.585000Z,1714.596,986.0,408.0,96.816,0.0,0.0,0.0,76.712,2.452485,0.0,0.0,0.0
2020-08-25T05:18:43.598000Z,2020-08-25T05:18:44.303000Z,1840.578,705.0,406.0,95.307,0.0,0.0,0.0,76.712,3.505393,0.0,0.0,0.0
2020-08-25T05:18:45.599000Z,2020-08-25T05:18:46.184000Z,1442.29,585.0,394.0,121.702,0.0,0.0,0.0,76.712,3.420715,0.0,0.0,0.0
2020-08-25T05:18:47.600000Z,2020-08-25T05:18:48.264000Z,1699.419,664.0,394.0,105.632,0.0,0.0,0.0,76.712,2.82441,0.0,0.0,0.0
2020-08-25T05:18:49.600000Z,2020-08-25T05:18:50.412000Z,2040.204,812.0,398.0,145.972,0.0,0.0,0.0,76.712,3.28823,0.0,0.0,0.0
2020-08-25T05:18:51.600000Z,2020-08-25T05:18:52.300000Z,1930.836,700.0,415.0,126.723,0.0,0.0,0.0,76.712,2.221928,0.0,0.0,0.0
2020-08-25T05:18:53.600000Z,2020-08-25T05:18:54.172000Z,1431.825,572.0,418.0,128.688,0.0,0.0,0.0,76.712,3.439499,0.0,0.0,0.0
2020-08-25T05:18:55.598000Z,2020-08-25T05:18:56.144000Z,1348.124,546.0,388.0,129.001,0.0,0.0,0.0,76.712,2.402019,0.0,0.0,0.0
2020-08-25T05:18:57.600999Z,2020-08-25T05:18:58.195000Z,1529.362,594.0,440.0,103.545,0.0,0.0,0.0,76.712,3.145226,0.0,0.0,0.0
2020-08-25T05:18:59.599000Z,2020-08-25T05:19:00.212000Z,1644.562,613.0,432.0,125.437,0.0,0.0,0.0,76.712,3.111947,0.0,0.0,0.0
2020-08-25T05:19:01.599000Z,2020-08-25T05:19:02.275000Z,1617.684,676.0,426.0,132.878,0.0,0.0,0.0,76.712,3.860426,0.0,0.0,0.0
2020-08-25T05:19:03.599000Z,2020-08-25T05:19:04.353000Z,2013.004,754.0,434.0,107.818,0.0,0.0,0.0,76.712,3.025612,0.0,0.0,0.0
2020-08-25T05:19:05.600999Z,2020-08-25T05:19:06.652000Z,2931.874,1051.0,456.0,160.034,0.0,0.0,0.0,76.712,3.716808,0.0,0.0,0.0
2020-08-25T05:19:07.601999Z,2020-08-25T05:19:08.713999Z,3091.799,1112.0,462.0,146.716,0.0,0.0,0.0,76.712,4.233455,0.0,0.0,0.0
2020-08-25T05:19:09.599000Z,2020-08-25T05:19:10.273999Z,1834.104,675.0,462.0,157.388,0.0,0.0,0.0,76.712,2.842185,0.0,0.0,0.0
2020-08-25T05:19:11.600999Z,2020-08-25T05:19:12.569999Z,2441.295,969.0,462.0,148.951,0.0,0.0,0.0,76.712,2.866574,0.0,0.0,0.0
2020-08-25T05:19:13.603000Z,2020-08-25T05:19:14.625000Z,2747.502,1022.0,442.0,119.312,0.0,0.0,0.0,76.712,2.081141,0.0,0.0,0.0
2020-08-25T05:19:15.600999Z,2020-08-25T05:19:16.625999Z,1871.616,1025.0,456.0,181.287,0.0,0.0,0.0,76.712,4.181623,0.0,0.0,0.0
2020-08-25T05:19:17.599000Z,2020-08-25T05:19:18.228000Z,1715.044,629.0,478.0,134.027,0.0,0.0,0.0,76.712,3.4398,0.0,0.0,0.0
2020-08-25T05:19:19.600000Z,2020-08-25T05:19:20.249999Z,1708.823,650.0,470.0,176.661,0.0,0.0,0.0,76.712,2.616079,0.0,0.0,0.0
2020-08-25T05:19:21.599000Z,2020-08-25T05:19:22.261000Z,1787.314,662.0,428.0,118.882,0.0,0.0,0.0,76.712,3.455099,0.0,0.0,0.0
2020-08-25T05:19:23.600999Z,2020-08-25T05:19:24.217999Z,1589.484,617.0,434.0,148.669,0.0,0.0,0.0,76.712,3.931547,0.0,0.0,0.0
2020-08-25T05:19:25.599000Z,2020-08-25T05:19:26.343000Z,1747.092,744.0,434.0,134.826,0.0,0.0,0.0,76.712,3.291305,0.0,0.0,0.0
2020-08-25T05:19:27.600999Z,2020-08-25T05:19:28.272000Z,1754.173,671.0,434.0,174.098,0.0,0.0,0.0,76.712,3.712797,0.0,0.0,0.0
2020-08-25T05:19:29.599000Z,2020-08-25T05:19:30.287000Z,1797.223,688.0,408.0,150.677,0.0,0.0,0.0,76.712,3.445825,0.0,0.0,0.0
2020-08-25T05:19:31.601999Z,2020-08-25T05:19:32.625000Z,1876.097,1022.9999999999999,408.0,90.576,0.0,0.0,0.0,76.712,2.347969,0.0,0.0,0.0
2020-08-25T05:19:33.599000Z,2020-08-25T05:19:34.233999Z,1652.278,635.0,406.0,142.606,0.0,0.0,0.0,76.712,3.398506,0.0,0.0,0.0
2020-08-25T05:19:35.601999Z,2020-08-25T05:19:36.312000Z,1746.566,710.0,402.0,120.544,0.0,0.0,0.0,76.712,2.973357,0.0,0.0,0.0
2020-08-25T05:19:37.603000Z,2020-08-25T05:19:38.328000Z,1877.493,725.0,400.0,106.386,0.0,0.0,0.0,76.712,2.472077,0.0,0.0,0.0
2020-08-25T05:19:39.599000Z,2020-08-25T05:19:40.256000Z,1698.654,657.0,418.0,128.242,0.0,0.0,0.0,76.712,2.33623,0.0,0.0,0.0
2020-08-25T05:19:41.600999Z,2020-08-25T05:19:42.238000Z,1608.293,637.0,418.0,104.931,0.0,0.0,0.0,76.712,2.236502,0.0,0.0,0.0
2020-08-25T05:19:43.600000Z,2020-08-25T05:19:44.254000Z,1723.653,654.0,412.0,135.293,0.0,0.0,0.0,76.712,3.507285,0.0,0.0,0.0
2020-08-25T05:19:45.599000Z,2020-08-25T05:19:46.206000Z,1597.241,607.0,408.0,111.051,0.0,0.0,0.0,76.712,3.602184,0.0,0.0,0.0
2020-08-25T05:19:47.599000Z,2020-08-25T05:19:48.184000Z,1522.464,585.0,406.0,122.717,0.0,0.0,0.0,76.712,3.158813,0.0,0.0,0.0
2020-08-25T05:19:49.600000Z,2020-08-25T05:19:50.428000Z,2116.312,828.0,440.0,152.621,0.0,0.0,0.0,76.712,4.062597,0.0,0.0,0.0
2020-08-25T05:19:51.603000Z,2020-08-25T05:19:52.544000Z,2574.857,941.0,452.0,115.955,0.0,0.0,0.0,76.712,2.527824,0.0,0.0,0.0
2020-08-25T05:19:53.600000Z,2020-08-25T05:19:54.673000Z,2094.153,1073.0,452.0,142.171,0.0,0.0,0.0,76.712,3.59724,0.0,0.0,0.0
2020-08-25T05:19:55.598000Z,2020-08-25T05:19:56.193999Z,1648.949,596.0,434.0,114.488,0.0,0.0,0.0,76.712,3.223508,0.0,0.0,0.0
2020-08-25T05:19:57.599000Z,2020-08-25T05:19:58.239000Z,1689.261,640.0,432.0,159.546,0.0,0.0,0.0,76.712,3.211962,0.0,0.0,0.0
2020-08-25T05:19:59.599000Z,2020-08-25T05:20:00.220000Z,1579.925,621.0,450.0,140.054,0.0,0.0,0.0,76.712,3.562986,0.0,0.0,0.0
2020-08-25T05:20:01.606000Z,2020-08-25T05:20:02.172000Z,1486.921,566.0,462.0,138.394,0.0,0.0,0.0,76.712,3.588657,0.0,0.0,0.0
2020-08-25T05:20:03.599000Z,2020-08-25T05:20:04.219000Z,1653.56,620.0,462.0,148.087,0.0,0.0,0.0,76.712,3.679796,0.0,0.0,0.0
2020-08-25T05:20:05.600999Z,2020-08-25T05:20:06.300000Z,1975.494,699.0,464.0,108.569,0.0,0.0,0.0,76.712,3.179295,0.0,0.0,0.0
2020-08-25T05:20:07.600999Z,2020-08-25T05:20:08.653000Z,1897.707,1052.0,466.0,165.615,0.0,0.0,0.0,76.712,4.124817,0.0,0.0,0.0
2020-08-25T05:20:09.599000Z,2020-08-25T05:20:10.216000Z,1628.783,617.0,456.0,108.877,0.0,0.0,0.0,76.712,2.743703,0.0,0.0,0.0
2020-08-25T05:20:11.599000Z,2020-08-25T05:20:12.209999Z,1569.261,611.0,452.0,144.827,0.0,0.0,0.0,76.712,3.391024,0.0,0.0,0.0
2020-08-25T05:20:13.599000Z,2020-08-25T05:20:14.272000Z,1787.116,673.0,452.0,112.91,0.0,0.0,0.0,76.712,3.571467,0.0,0.0,0.0
2020-08-25T05:20:15.599000Z,2020-08-25T05:20:16.295000Z,1900.914,696.0,458.0,175.067,0.0,0.0,0.0,76.712,3.537124,0.0,0.0,0.0
2020-08-25T05:20:17.600999Z,2020-08-25T05:20:18.256000Z,1724.166,655.0,458.0,166.477,0.0,0.0,0.0,76.712,3.721086,0.0,0.0,0.0
2020-08-25T05:20:19.600999Z,2020-08-25T05:20:20.161999Z,1406.92,561.0,446.0,125.5,0.0,0.0,0.0,76.712,3.12269,0.0,0.0,0.0
2020-08-25T05:20:21.600000Z,2020-08-25T05:20:22.118000Z,1316.747,518.0,448.0,124.882,0.0,0.0,0.0,76.712,3.270959,0.0,0.0,0.0
2020-08-25T05:20:23.600999Z,2020-08-25T05:20:24.552000Z,1469.694,951.0,412.0,148.28,0.0,0.0,0.0,76.712,2.851814,0.0,0.0,0.0
2020-08-25T05:20:25.599000Z,2020-08-25T05:20:26.212000Z,1499.67,613.0,388.0,101.783,0.0,0.0,0.0,76.712,3.143877,0.0,0.0,0.0
2020-08-25T05:20:27.599000Z,2020-08-25T05:20:28.232000Z,1509.941,633.0,374.0,107.188,0.0,0.0,0.0,76.712,3.001101,0.0,0.0,0.0
2020-08-25T05:20:29.600999Z,2020-08-25T05:20:30.217000Z,1527.761,616.0,404.0,99.781,0.0,0.0,0.0,76.712,3.283773,0.0,0.0,0.0
2020-08-25T05:20:31.600999Z,2020-08-25T05:20:32.366000Z,1995.694,765.0,404.0,113.072,0.0,0.0,0.0,76.712,3.370918,0.0,0.0,0.0
2020-08-25T05:20:33.600000Z,2020-08-25T05:20:34.449999Z,1872.407,850.0,414.0,114.063,0.0,0.0,0.0,76.712,3.690985,0.0,0.0,0.0
2020-08-25T05:20:35.605000Z,2020-08-25T05:20:36.184000Z,1472.619,579.0,414.0,141.299,0.0,0.0,0.0,76.712,0.009607,0.0,0.0,0.0
2020-08-25T05:20:37.600999Z,2020-08-25T05:20:38.432000Z,1511.426,831.0,412.0,109.786,0.0,0.0,0.0,76.712,2.121198,0.0,0.0,0.0
2020-08-25T05:20:39.600999Z,2020-08-25T05:20:40.220000Z,1584.505,619.0,444.0,94.344,0.0,0.0,0.0,76.712,3.211917,0.0,0.0,0.0
2020-08-25T05:20:41.851000Z,2020-08-25T05:20:42.473999Z,1617.643,623.0,444.0,125.19,0.0,0.0,0.0,76.712,2.934911,0.0,0.0,0.0
2020-08-25T05:20:43.859000Z,2020-08-25T05:20:44.444000Z,1437.703,585.0,426.0,100.929,0.0,0.0,0.0,76.712,2.348606,0.0,0.0,0.0
2020-08-25T05:20:45.849000Z,2020-08-25T05:20:46.424000Z,1469.857,575.0,426.0,109.34,0.0,0.0,0.0,76.712,3.006257,0.0,0.0,0.0
2020-08-25T05:20:47.708999Z,2020-08-25T05:20:48.356000Z,1732.423,647.0,426.0,122.532,0.0,0.0,0.0,76.712,3.620527,0.0,0.0,0.0
2020-08-25T05:20:49.849000Z,2020-08-25T05:20:50.492000Z,1687.074,643.0,420.0,128.626,0.0,0.0,0.0,76.712,3.320319,0.0,0.0,0.0
2020-08-25T05:20:51.849000Z,2020-08-25T05:20:52.424000Z,1522.497,575.0,420.0,117.35,0.0,0.0,0.0,76.712,2.457939,0.0,0.0,0.0
2020-08-25T05:20:53.851000Z,2020-08-25T05:20:54.457999Z,1571.471,607.0,4.0,139.298,0.0,0.0,0.0,76.712,3.927354,0.0,0.0,0.0
2020-08-25T05:20:55.849000Z,2020-08-25T05:20:56.397000Z,1384.5,548.0,450.0,128.424,0.0,0.0,0.0,76.712,3.239346,0.0,0.0,0.0
2020-08-25T05:20:57.850000Z,2020-08-25T05:20:58.441999Z,1342.069,592.0,444.0,101.919,0.0,0.0,0.0,76.712,2.297993,0.0,0.0,0.0
2020-08-25T05:20:59.849000Z,2020-08-25T05:21:00.376000Z,1322.495,527.0,444.0,108.916,0.0,0.0,0.0,76.712,0.17557,0.0,0.0,0.0
2020-08-25T05:21:01.851000Z,2020-08-25T05:21:02.488000Z,1526.36,637.0,448.0,130.309,0.0,0.0,0.0,76.712,2.585165,0.0,0.0,0.0
2020-08-25T05:21:03.849000Z,2020-08-25T05:21:04.430000Z,1548.256,581.0,434.0,108.775,0.0,0.0,0.0,76.712,2.338398,0.0,0.0,0.0
2020-08-25T05:21:05.849000Z,2020-08-25T05:21:07.043000Z,1832.644,1194.0,398.0,134.286,0.0,0.0,0.0,76.712,3.007516,0.0,0.0,0.0
2020-08-25T05:21:07.851000Z,2020-08-25T05:21:08.509000Z,1717.95,658.0,400.0,129.653,0.0,0.0,0.0,76.712,1.13957,0.0,0.0,0.0
2020-08-25T05:21:09.851000Z,2020-08-25T05:21:10.524000Z,1798.103,673.0,416.0,154.555,0.0,0.0,0.0,76.712,3.838,0.0,0.0,0.0
2020-08-25T05:21:11.717000Z,2020-08-25T05:21:12.403000Z,1797.307,686.0,446.0,132.041,0.0,0.0,0.0,76.712,3.878334,0.0,0.0,0.0
2020-08-25T05:21:13.851000Z,2020-08-25T05:21:14.481000Z,1697.196,630.0,458.0,189.57,0.0,0.0,0.0,76.712,3.820629,0.0,0.0,0.0
2020-08-25T05:21:15.852000Z,2020-08-25T05:21:16.496000Z,1646.791,644.0,458.0,126.3,0.0,0.0,0.0,76.712,3.804401,0.0,0.0,0.0
2020-08-25T05:21:17.849000Z,2020-08-25T05:21:18.494000Z,1692.044,645.0,458.0,176.431,0.0,0.0,0.0,76.712,4.13569,0.0,0.0,0.0
2020-08-25T05:21:19.851000Z,2020-08-25T05:21:20.529999Z,1823.149,679.0,456.0,118.848,0.0,0.0,0.0,76.712,3.06509,0.0,0.0,0.0
2020-08-25T05:21:21.851000Z,2020-08-25T05:21:22.510000Z,1820.132,659.0,456.0,136.268,0.0,0.0,0.0,76.712,3.84838,0.0,0.0,0.0
2020-08-25T05:21:23.849000Z,2020-08-25T05:21:24.440000Z,1534.311,591.0,448.0,134.214,0.0,0.0,0.0,76.712,4.099079,0.0,0.0,0.0
2020-08-25T05:21:25.851000Z,2020-08-25T05:21:26.504000Z,1606.13,653.0,444.0,107.548,0.0,0.0,0.0,76.712,2.65436,0.0,0.0,0.0
2020-08-25T05:21:27.850000Z,2020-08-25T05:21:28.502000Z,1677.261,652.0,444.0,147.131,0.0,0.0,0.0,76.712,3.864309,0.0,0.0,0.0
2020-08-25T05:21:29.851000Z,2020-08-25T05:21:30.470000Z,1697.25,619.0,436.0,107.154,0.0,0.0,0.0,76.712,2.893633,0.0,0.0,0.0
2020-08-25T05:21:31.852000Z,2020-08-25T05:21:32.870000Z,1789.116,1018.0,432.0,137.761,0.0,0.0,0.0,76.712,3.906059,0.0,0.0,0.0
2020-08-25T05:21:33.851000Z,2020-08-25T05:21:34.548000Z,1772.569,697.0,450.0,102.031,0.0,0.0,0.0,76.712,3.265387,0.0,0.0,0.0
2020-08-25T05:21:35.727000Z,2020-08-25T05:21:36.511000Z,2040.985,784.0,424.0,115.422,0.0,0.0,0.0,76.712,3.394126,0.0,0.0,0.0
2020-08-25T05:21:37.850000Z,2020-08-25T05:21:38.550000Z,1840.0,700.0,414.0,140.599,0.0,0.0,0.0,76.712,3.36537,0.0,0.0,0.0
2020-08-25T05:21:39.850000Z,2020-08-25T05:21:40.560000Z,1941.726,710.0,408.0,115.79,0.0,0.0,0.0,76.712,2.42031,0.0,0.0,0.0
2020-08-25T05:21:41.857999Z,2020-08-25T05:21:42.544000Z,1848.201,686.0,420.0,149.594,0.0,0.0,0.0,76.712,3.722161,0.0,0.0,0.0
2020-08-25T05:21:43.852000Z,2020-08-25T05:21:44.508000Z,1777.419,656.0,434.0,160.52,0.0,0.0,0.0,76.712,3.849391,0.0,0.0,0.0
2020-08-25T05:21:45.851000Z,2020-08-25T05:21:46.598000Z,1748.231,747.0,466.0,142.569,0.0,0.0,0.0,76.712,3.888952,0.0,0.0,0.0
2020-08-25T05:21:47.851000Z,2020-08-25T05:21:48.619000Z,1938.81,768.0,465.0,180.758,0.0,0.0,0.0,76.712,0.00988,0.0,0.0,0.0
2020-08-25T05:21:49.851000Z,2020-08-25T05:21:50.548000Z,1925.72,697.0,456.0,146.175,0.0,0.0,0.0,76.712,2.965152,0.0,0.0,0.0
2020-08-25T05:21:51.852000Z,2020-08-25T05:21:52.896000Z,1915.172,1044.0,456.0,172.728,0.0,0.0,0.0,76.712,4.134326,0.0,0.0,0.0
2020-08-25T05:21:53.851000Z,2020-08-25T05:21:54.544000Z,1918.001,693.0,470.0,159.539,0.0,0.0,0.0,76.712,3.486416,0.0,0.0,0.0
2020-08-25T05:21:55.851000Z,2020-08-25T05:21:56.542000Z,1956.378,691.0,462.0,118.821,0.0,0.0,0.0,76.712,3.946227,0.0,0.0,0.0
2020-08-25T05:21:57.849000Z,2020-08-25T05:21:58.513999Z,1810.794,665.0,456.0,168.858,0.0,0.0,0.0,76.712,4.190021,0.0,0.0,0.0
2020-08-25T05:21:59.758000Z,2020-08-25T05:22:00.374000Z,1556.669,616.0,456.0,111.52,0.0,0.0,0.0,76.712,3.522698,0.0,0.0,0.0
2020-08-25T05:22:01.849000Z,2020-08-25T05:22:02.451000Z,1657.992,602.0,456.0,133.629,0.0,0.0,0.0,76.712,2.765117,0.0,0.0,0.0
2020-08-25T05:22:03.851000Z,2020-08-25T05:22:04.524000Z,1802.578,673.0,402.0,155.555,0.0,0.0,0.0,76.712,2.901395,0.0,0.0,0.0
2020-08-25T05:22:05.851000Z,2020-08-25T05:22:06.862000Z,1831.917,1010.9999999999999,402.0,151.808,0.0,0.0,0.0,76.712,3.313005,0.0,0.0,0.0
2020-08-25T05:22:07.856999Z,2020-08-25T05:22:08.528000Z,1781.195,671.0,405.0,124.477,0.0,0.0,0.0,76.712,3.72216,0.0,0.0,0.0
2020-08-25T05:22:09.851000Z,2020-08-25T05:22:10.550000Z,1838.991,699.0,410.0,124.134,0.0,0.0,0.0,76.712,3.360212,0.0,0.0,0.0
2020-08-25T05:22:11.853000Z,2020-08-25T05:22:12.533000Z,1810.199,680.0,418.0,131.539,0.0,0.0,0.0,76.712,2.707216,0.0,0.0,0.0
2020-08-25T05:22:13.850000Z,2020-08-25T05:22:14.531000Z,1751.664,681.0,428.0,144.473,0.0,0.0,0.0,76.712,3.941527,0.0,0.0,0.0
2020-08-25T05:22:15.848000Z,2020-08-25T05:22:16.399000Z,1444.313,551.0,436.0,199.501,0.0,0.0,0.0,76.712,3.328344,0.0,0.0,0.0
2020-08-25T05:22:17.850000Z,2020-08-25T05:22:18.436000Z,1533.649,586.0,438.0,136.336,0.0,0.0,0.0,76.712,3.318022,0.0,0.0,0.0
2020-08-25T05:22:19.851000Z,2020-08-25T05:22:20.417999Z,1503.926,567.0,440.0,121.884,0.0,0.0,0.0,76.712,3.932482,0.0,0.0,0.0
2020-08-25T05:22:21.851000Z,2020-08-25T05:22:22.833999Z,1661.133,983.0,440.0,115.338,0.0,0.0,0.0,76.712,3.574538,0.0,0.0,0.0
2020-08-25T05:22:23.715000Z,2020-08-25T05:22:24.273999Z,1331.369,559.0,444.0,96.906,0.0,0.0,0.0,76.712,2.402739,0.0,0.0,0.0
2020-08-25T05:22:25.851000Z,2020-08-25T05:22:26.428000Z,1508.814,577.0,410.0,110.61,0.0,0.0,0.0,76.712,3.067826,0.0,0.0,0.0
2020-08-25T05:22:27.851000Z,2020-08-25T05:22:28.470000Z,1559.545,619.0,410.0,137.378,0.0,0.0,0.0,76.712,3.333907,0.0,0.0,0.0
2020-08-25T05:22:29.850000Z,2020-08-25T05:22:30.355000Z,1330.335,505.0,412.0,140.847,0.0,0.0,0.0,76.712,3.141719,0.0,0.0,0.0
2020-08-25T05:22:31.850000Z,2020-08-25T05:22:32.381000Z,1347.289,531.0,386.0,151.996,0.0,0.0,0.0,76.712,3.369639,0.0,0.0,0.0
2020-08-25T05:22:33.850000Z,2020-08-25T05:22:34.672000Z,1196.627,822.0,386.0,97.074,0.0,0.0,0.0,76.712,3.513514,0.0,0.0,0.0
2020-08-25T05:22:35.850000Z,2020-08-25T05:22:36.305999Z,1157.334,456.0,408.0,111.533,0.0,0.0,0.0,76.712,2.998959,0.0,0.0,0.0
2020-08-25T05:22:37.848000Z,2020-08-25T05:22:38.309000Z,1132.048,461.0,402.0,136.533,0.0,0.0,0.0,76.712,3.570056,0.0,0.0,0.0
2020-08-25T05:22:39.850000Z,2020-08-25T05:22:40.276000Z,1113.433,426.0,458.0,154.317,0.0,0.0,0.0,76.712,3.261691,0.0,0.0,0.0
2020-08-25T05:22:41.851000Z,2020-08-25T05:22:42.382000Z,1407.875,531.0,458.0,199.066,0.0,0.0,0.0,76.712,3.881355,0.0,0.0,0.0
2020-08-25T05:22:43.849000Z,2020-08-25T05:22:44.385999Z,1369.224,537.0,458.0,111.678,0.0,0.0,0.0,76.712,2.797318,0.0,0.0,0.0
2020-08-25T05:22:45.850000Z,2020-08-25T05:22:46.424000Z,1517.67,574.0,458.0,116.313,0.0,0.0,0.0,76.712,2.228588,0.0,0.0,0.0
2020-08-25T05:22:47.848000Z,2020-08-25T05:22:48.411000Z,1493.403,563.0,448.0,112.032,0.0,0.0,0.0,76.712,3.238108,0.0,0.0,0.0
2020-08-25T05:22:49.850000Z,2020-08-25T05:22:50.392000Z,1509.612,542.0,493.0,154.03,0.0,0.0,0.0,76.712,4.307541,0.0,0.0,0.0
2020-08-25T05:22:51.853000Z,2020-08-25T05:22:52.500000Z,1662.567,647.0,500.0,162.932,0.0,0.0,0.0,76.712,3.378548,0.0,0.0,0.0
2020-08-25T05:22:53.855000Z,2020-08-25T05:22:54.505999Z,1650.815,651.0,498.0,124.504,0.0,0.0,0.0,76.712,2.314832,0.0,0.0,0.0
2020-08-25T05:22:55.851000Z,2020-08-25T05:22:56.496000Z,1660.186,645.0,430.0,108.297,0.0,0.0,0.0,76.712,3.361534,0.0,0.0,0.0
2020-08-25T05:22:57.851000Z,2020-08-25T05:22:58.566000Z,1880.833,715.0,406.0,101.249,0.0,0.0,0.0,76.712,2.946155,0.0,0.0,0.0
2020-08-25T05:22:59.851000Z,2020-08-25T05:23:00.460000Z,1569.06,609.0,394.0,129.429,0.0,0.0,0.0,76.712,3.364474,0.0,0.0,0.0
2020-08-25T05:23:01.852000Z,2020-08-25T05:23:02.541000Z,1820.726,689.0,386.0,101.219,0.0,0.0,0.0,76.712,3.142959,0.0,0.0,0.0
2020-08-25T05:23:03.851000Z,2020-08-25T05:23:04.565000Z,1788.468,714.0,386.0,131.495,0.0,0.0,0.0,76.712,3.009202,0.0,0.0,0.0
2020-08-25T05:23:05.852000Z,2020-08-25T05:23:06.468000Z,1610.175,616.0,386.0,116.105,0.0,0.0,0.0,76.712,3.094802,0.0,0.0,0.0
2020-08-25T05:23:07.849000Z,2020-08-25T05:23:08.769999Z,1518.319,921.0,402.0,108.482,0.0,0.0,0.0,76.712,2.967636,0.0,0.0,0.0
2020-08-25T05:23:09.851000Z,2020-08-25T05:23:10.452000Z,1584.501,601.0,416.0,105.299,0.0,0.0,0.0,76.712,2.977612,0.0,0.0,0.0
2020-08-25T05:23:11.852000Z,2020-08-25T05:23:12.679000Z,2266.386,827.0,404.0,110.898,0.0,0.0,0.0,76.719,3.121669,0.0,0.0,0.0
2020-08-25T05:23:13.851000Z,2020-08-25T05:23:14.408000Z,1477.894,557.0,406.0,124.609,0.0,0.0,0.0,76.719,2.822359,0.0,0.0,0.0
2020-08-25T05:23:15.851000Z,2020-08-25T05:23:16.464000Z,1594.134,613.0,392.0,133.916,0.0,0.0,0.0,76.719,3.275739,0.0,0.0,0.0
2020-08-25T05:23:17.850000Z,2020-08-25T05:23:18.448000Z,1457.333,598.0,392.0,140.945,0.0,0.0,0.0,76.719,3.427757,0.0,0.0,0.0
2020-08-25T05:23:19.849000Z,2020-08-25T05:23:20.513999Z,1755.092,665.0,398.0,105.15,0.0,0.0,0.0,76.719,1.877703,0.0,0.0,0.0
2020-08-25T05:23:21.851000Z,2020-08-25T05:23:22.547000Z,1948.866,696.0,398.0,131.335,0.0,0.0,0.0,76.719,3.588148,0.0,0.0,0.0
2020-08-25T05:23:23.855000Z,2020-08-25T05:23:24.501000Z,1712.062,646.0,408.0,154.55,0.0,0.0,0.0,76.719,3.538234,0.0,0.0,0.0
2020-08-25T05:23:25.851000Z,2020-08-25T05:23:26.464000Z,1461.059,613.0,410.0,112.078,0.0,0.0,0.0,76.719,2.410495,0.0,0.0,0.0
2020-08-25T05:23:27.851000Z,2020-08-25T05:23:28.838000Z,1852.776,987.0,412.0,141.109,0.0,0.0,0.0,76.719,3.717027,0.0,0.0,0.0
2020-08-25T05:23:29.852000Z,2020-08-25T05:23:30.624000Z,2103.992,772.0,430.0,114.333,0.0,0.0,0.0,76.719,3.723886,0.0,0.0,0.0
2020-08-25T05:23:31.852000Z,2020-08-25T05:23:32.590000Z,1951.98,738.0,436.0,126.512,0.0,0.0,0.0,76.719,3.604625,0.0,0.0,0.0
2020-08-25T05:23:33.851000Z,2020-08-25T05:23:34.545999Z,1883.218,695.0,460.0,152.156,0.0,0.0,0.0,76.719,3.921275,0.0,0.0,0.0
2020-08-25T05:23:35.851000Z,2020-08-25T05:23:36.544000Z,1893.113,693.0,456.0,127.942,0.0,0.0,0.0,76.719,4.059516,0.0,0.0,0.0
2020-08-25T05:23:37.852000Z,2020-08-25T05:23:38.604000Z,1962.7,752.0,456.0,155.915,0.0,0.0,0.0,76.719,3.754832,0.0,0.0,0.0
2020-08-25T05:23:39.850000Z,2020-08-25T05:23:40.527000Z,1826.688,677.0,452.0,171.515,0.0,0.0,0.0,76.719,4.08766,0.0,0.0,0.0
2020-08-25T05:23:41.850000Z,2020-08-25T05:23:42.523000Z,1829.226,673.0,452.0,147.677,0.0,0.0,0.0,76.719,3.335195,0.0,0.0,0.0
2020-08-25T05:23:43.851000Z,2020-08-25T05:23:44.678000Z,2090.638,827.0,452.0,159.373,0.0,0.0,0.0,76.719,4.162018,0.0,0.0,0.0
2020-08-25T05:23:45.852000Z,2020-08-25T05:23:46.632000Z,2188.765,780.0,452.0,129.75,0.0,0.0,0.0,76.719,2.144538,0.0,0.0,0.0
2020-08-25T05:23:47.852000Z,2020-08-25T05:23:48.636000Z,2033.699,784.0,432.0,168.2,0.0,0.0,0.0,76.719,3.732062,0.0,0.0,0.0
2020-08-25T05:23:49.851000Z,2020-08-25T05:23:50.501000Z,1634.937,650.0,436.0,118.83,0.0,0.0,0.0,76.719,2.606472,0.0,0.0,0.0
2020-08-25T05:23:51.852000Z,2020-08-25T05:23:52.886000Z,1894.956,1034.0,436.0,122.397,0.0,0.0,0.0,76.719,3.338569,0.0,0.0,0.0
2020-08-25T05:23:53.851000Z,2020-08-25T05:23:54.548000Z,1821.429,697.0,402.0,135.186,0.0,0.0,0.0,76.719,3.203725,0.0,0.0,0.0
2020-08-25T05:23:55.850000Z,2020-08-25T05:23:56.509000Z,1699.496,659.0,380.0,123.436,0.0,0.0,0.0,76.719,2.823402,0.0,0.0,0.0
2020-08-25T05:23:57.851000Z,2020-08-25T05:23:58.369999Z,1315.041,519.0,404.0,154.817,0.0,0.0,0.0,76.719,3.688134,0.0,0.0,0.0
2020-08-25T05:23:59.852000Z,2020-08-25T05:24:00.348000Z,1236.798,496.0,404.0,111.68,0.0,0.0,0.0,76.719,2.755268,0.0,0.0,0.0
2020-08-25T05:24:01.851000Z,2020-08-25T05:24:02.387000Z,1262.988,536.0,412.0,135.701,0.0,0.0,0.0,76.719,3.621588,0.0,0.0,0.0
2020-08-25T05:24:03.851000Z,2020-08-25T05:24:04.388000Z,1348.209,537.0,414.0,121.318,0.0,0.0,0.0,76.719,2.161962,0.0,0.0,0.0
2020-08-25T05:24:05.851000Z,2020-08-25T05:24:06.227000Z,941.999,376.0,412.0,116.521,0.0,0.0,0.0,76.719,3.15311,0.0,0.0,0.0
2020-08-25T05:24:07.850000Z,2020-08-25T05:24:08.342000Z,1214.088,492.0,4.0,159.566,0.0,0.0,0.0,76.719,4.002578,0.0,0.0,0.0
2020-08-25T05:24:09.856000Z,2020-08-25T05:24:10.526000Z,1679.56,670.0,450.0,122.165,0.0,0.0,0.0,76.719,2.377299,0.0,0.0,0.0
2020-08-25T05:24:11.851000Z,2020-08-25T05:24:12.468000Z,1622.386,617.0,448.0,124.908,0.0,0.0,0.0,76.719,3.345281,0.0,0.0,0.0
2020-08-25T05:24:13.851000Z,2020-08-25T05:24:14.478000Z,1522.066,627.0,388.0,117.527,0.0,0.0,0.0,76.719,2.40962,0.0,0.0,0.0
2020-08-25T05:24:15.851000Z,2020-08-25T05:24:16.516000Z,1694.457,665.0,388.0,136.989,0.0,0.0,0.0,76.719,2.736254,0.0,0.0,0.0
2020-08-25T05:24:17.851000Z,2020-08-25T05:24:18.593999Z,1833.365,743.0,396.0,115.535,0.0,0.0,0.0,76.719,2.949573,0.0,0.0,0.0
2020-08-25T05:24:19.851000Z,2020-08-25T05:24:20.558000Z,1773.842,707.0,396.0,135.597,0.0,0.0,0.0,76.719,2.982449,0.0,0.0,0.0
2020-08-25T05:24:21.851000Z,2020-08-25T05:24:22.577000Z,1879.775,726.0,396.0,119.942,0.0,0.0,0.0,76.719,2.8679,0.0,0.0,0.0
2020-08-25T05:24:23.851000Z,2020-08-25T05:24:24.542000Z,1736.244,691.0,396.0,120.826,0.0,0.0,0.0,76.719,3.121272,0.0,0.0,0.0
2020-08-25T05:24:25.852000Z,2020-08-25T05:24:26.806000Z,1599.109,954.0,396.0,127.972,0.0,0.0,0.0,76.719,3.611832,0.0,0.0,0.0
2020-08-25T05:24:27.851000Z,2020-08-25T05:24:28.547000Z,1840.276,696.0,411.0,119.912,0.0,0.0,0.0,76.719,3.338232,0.0,0.0,0.0
2020-08-25T05:24:29.851000Z,2020-08-25T05:24:30.608000Z,1992.998,757.0,412.0,136.763,0.0,0.0,0.0,76.719,3.319503,0.0,0.0,0.0
2020-08-25T05:24:31.851000Z,2020-08-25T05:24:32.395000Z,1358.657,544.0,386.0,118.989,0.0,0.0,0.0,76.719,2.823097,0.0,0.0,0.0
2020-08-25T05:24:33.854000Z,2020-08-25T05:24:34.569999Z,1861.703,716.0,386.0,120.433,0.0,0.0,0.0,76.719,3.343591,0.0,0.0,0.0
2020-08-25T05:24:35.852000Z,2020-08-25T05:24:36.358000Z,997.512,506.0,404.0,146.534,0.0,0.0,0.0,76.719,3.152518,0.0,0.0,0.0
2020-08-25T05:24:37.849000Z,2020-08-25T05:24:38.104000Z,413.173,255.0,404.0,89.556,0.0,0.0,0.0,76.719,1.62433,0.0,0.0,0.0
2020-08-25T05:24:39.849000Z,2020-08-25T05:24:40.081999Z,464.868,233.0,404.0,136.818,0.0,0.0,0.0,76.719,3.133334,0.0,0.0,0.0
2020-08-25T05:24:41.851000Z,2020-08-25T05:24:42.094000Z,507.379,243.0,408.0,118.568,0.0,0.0,0.0,76.719,3.687915,0.0,0.0,0.0
2020-08-25T05:24:43.849000Z,2020-08-25T05:24:44.110000Z,565.381,261.0,408.0,113.572,0.0,0.0,0.0,76.719,3.510871,0.0,0.0,0.0
2020-08-25T05:24:45.848000Z,2020-08-25T05:24:45.999000Z,197.949,151.0,408.0,135.976,0.0,0.0,0.0,76.719,3.570965,0.0,0.0,0.0
2020-08-25T05:24:47.848000Z,2020-08-25T05:24:47.980000Z,145.631,132.0,412.0,98.664,0.0,0.0,0.0,76.719,3.570965,0.0,0.0,0.0
2020-08-25T05:24:49.848000Z,2020-08-25T05:24:49.980000Z,141.167,132.0,412.0,94.113,0.0,0.0,0.0,76.719,3.570965,0.0,0.0,0.0
2020-08-25T05:24:52.099000Z,2020-08-25T05:24:52.372000Z,532.366,273.0,412.0,95.604,0.0,0.0,0.0,76.719,3.570965,0.0,0.0,0.0
2020-08-25T05:24:54.104000Z,2020-08-25T05:24:54.344000Z,492.167,240.0,396.0,125.41,0.0,0.0,0.0,76.719,0.417628,0.0,0.0,0.0
2020-08-25T05:24:56.099000Z,2020-08-25T05:24:56.421000Z,743.26,322.0,396.0,109.115,0.0,0.0,0.0,76.719,3.471034,0.0,0.0,0.0
2020-08-25T05:24:58.099000Z,2020-08-25T05:24:58.259000Z,214.536,160.0,406.0,112.728,0.0,0.0,0.0,76.719,3.548546,0.0,0.0,0.0
2020-08-25T05:25:00.097999Z,2020-08-25T05:25:00.229000Z,154.27,131.0,406.0,107.331,0.0,0.0,0.0,76.719,3.548546,0.0,0.0,0.0
2020-08-25T05:25:01.961000Z,2020-08-25T05:25:02.133000Z,240.877,172.0,406.0,95.748,0.0,0.0,0.0,76.719,3.548546,0.0,0.0,0.0
2020-08-25T05:25:04.099000Z,2020-08-25T05:25:04.262000Z,186.436,163.0,406.0,103.519,0.0,0.0,0.0,76.719,3.548546,0.0,0.0,0.0
2020-08-25T05:25:06.100000Z,2020-08-25T05:25:06.220000Z,102.391,120.0,406.0,99.797,0.0,0.0,0.0,76.719,3.548546,0.0,0.0,0.0
2020-08-25T05:25:08.100000Z,2020-08-25T05:25:08.217000Z,99.939,117.0,412.0,94.979,0.0,0.0,0.0,76.719,3.548546,0.0,0.0,0.0
2020-08-25T05:25:10.100000Z,2020-08-25T05:25:10.383000Z,473.396,283.0,412.0,93.141,0.0,0.0,0.0,76.719,3.548546,0.0,0.0,0.0
2020-08-25T05:25:12.105000Z,2020-08-25T05:25:12.358000Z,465.012,253.0,328.0,123.006,0.0,0.0,0.0,76.719,2.930977,0.0,0.0,0.0
2020-08-25T05:25:14.105000Z,2020-08-25T05:25:14.360000Z,447.613,255.0,338.0,103.868,0.0,0.0,0.0,76.719,2.89468,0.0,0.0,0.0
2020-08-25T05:25:16.099000Z,2020-08-25T05:25:16.350000Z,449.02,251.0,340.0,103.872,0.0,0.0,0.0,76.719,2.808665,0.0,0.0,0.0
2020-08-25T05:25:18.099000Z,2020-08-25T05:25:18.396000Z,590.759,297.0,344.0,107.178,0.0,0.0,0.0,76.719,3.086479,0.0,0.0,0.0
2020-08-25T05:25:20.099000Z,2020-08-25T05:25:20.289999Z,298.495,191.0,352.0,110.415,0.0,0.0,0.0,76.719,3.210546,0.0,0.0,0.0
2020-08-25T05:25:22.097999Z,2020-08-25T05:25:22.241999Z,150.746,144.0,352.0,100.417,0.0,0.0,0.0,76.719,2.598901,0.0,0.0,0.0
2020-08-25T05:25:24.099000Z,2020-08-25T05:25:24.336000Z,470.714,237.0,352.0,95.352,0.0,0.0,0.0,76.719,2.598901,0.0,0.0,0.0
2020-08-25T05:25:25.991000Z,2020-08-25T05:25:26.215000Z,362.031,224.0,352.0,109.494,0.0,0.0,0.0,76.719,3.135624,0.0,0.0,0.0
2020-08-25T05:25:28.102000Z,2020-08-25T05:25:28.308000Z,327.232,206.0,4.0,103.475,0.0,0.0,0.0,76.719,2.938013,0.0,0.0,0.0
2020-08-25T05:25:30.103000Z,2020-08-25T05:25:30.254000Z,169.287,151.0,346.0,102.333,0.0,0.0,0.0,76.719,2.93346,0.0,0.0,0.0
2020-08-25T05:25:32.100000Z,2020-08-25T05:25:32.248000Z,177.063,148.0,346.0,94.054,0.0,0.0,0.0,76.719,2.93346,0.0,0.0,0.0
2020-08-25T05:25:34.097999Z,2020-08-25T05:25:34.233999Z,111.171,136.0,344.0,88.151,0.0,0.0,0.0,76.719,2.93346,0.0,0.0,0.0
2020-08-25T05:25:36.100000Z,2020-08-25T05:25:36.340000Z,441.05,240.0,344.0,90.292,0.0,0.0,0.0,76.719,2.93346,0.0,0.0,0.0
2020-08-25T05:25:38.100000Z,2020-08-25T05:25:38.432000Z,748.602,332.0,356.0,104.26,0.0,0.0,0.0,76.719,3.023057,0.0,0.0,0.0
2020-08-25T05:25:40.099000Z,2020-08-25T05:25:40.462000Z,797.333,363.0,372.0,118.932,0.0,0.0,0.0,76.719,3.414685,0.0,0.0,0.0
2020-08-25T05:25:42.100000Z,2020-08-25T05:25:42.809999Z,873.673,710.0,394.0,147.292,0.0,0.0,0.0,76.719,3.193538,0.0,0.0,0.0
2020-08-25T05:25:44.103000Z,2020-08-25T05:25:44.444000Z,774.746,341.0,416.0,129.431,0.0,0.0,0.0,76.719,2.906463,0.0,0.0,0.0
2020-08-25T05:25:46.108000Z,2020-08-25T05:25:46.532000Z,756.079,424.0,406.0,114.779,0.0,0.0,0.0,76.719,3.150476,0.0,0.0,0.0
2020-08-25T05:25:48.100000Z,2020-08-25T05:25:48.449999Z,820.178,350.0,365.0,123.21,0.0,0.0,0.0,76.719,0.695101,0.0,0.0,0.0
2020-08-25T05:25:49.971000Z,2020-08-25T05:25:50.224000Z,519.65,253.0,404.0,111.091,0.0,0.0,0.0,76.719,2.978373,0.0,0.0,0.0
2020-08-25T05:25:52.099000Z,2020-08-25T05:25:52.373000Z,583.277,274.0,404.0,138.719,0.0,0.0,0.0,76.719,3.575016,0.0,0.0,0.0
2020-08-25T05:25:54.100000Z,2020-08-25T05:25:54.296000Z,299.428,196.0,404.0,147.254,0.0,0.0,0.0,76.719,3.535658,0.0,0.0,0.0
2020-08-25T05:25:56.100999Z,2020-08-25T05:25:56.868000Z,1168.223,767.0,404.0,104.523,0.0,0.0,0.0,76.719,3.535658,0.0,0.0,0.0
2020-08-25T05:25:58.107000Z,2020-08-25T05:25:58.524000Z,951.492,417.0,422.0,156.012,0.0,0.0,0.0,76.719,3.459594,0.0,0.0,0.0
2020-08-25T05:26:00.099000Z,2020-08-25T05:26:00.403000Z,689.064,304.0,430.0,135.569,0.0,0.0,0.0,76.719,3.759617,0.0,0.0,0.0
2020-08-25T05:26:02.125000Z,2020-08-25T05:26:02.622000Z,921.447,497.0,430.0,151.847,0.0,0.0,0.0,76.719,3.66769,0.0,0.0,0.0
2020-08-25T05:26:04.105000Z,2020-08-25T05:26:04.416000Z,557.479,311.0,430.0,96.201,0.0,0.0,0.0,76.719,0.243951,0.0,0.0,0.0
2020-08-25T05:26:06.217000Z,2020-08-25T05:26:06.616000Z,711.847,399.0,430.0,146.431,0.0,0.0,0.0,76.719,0.643497,0.0,0.0,0.0
2020-08-25T05:26:08.100000Z,2020-08-25T05:26:08.574000Z,1202.561,474.0,4.0,160.615,0.0,0.0,0.0,76.797,2.349087,0.0,0.0,0.0
2020-08-25T05:26:10.099000Z,2020-08-25T05:26:10.374000Z,602.381,275.0,422.0,102.718,0.0,0.0,0.0,76.797,2.567077,0.0,0.0,0.0
2020-08-25T05:26:12.105000Z,2020-08-25T05:26:12.583000Z,1179.673,478.0,408.0,130.568,0.0,0.0,0.0,76.797,3.572802,0.0,0.0,0.0
2020-08-25T05:26:13.959000Z,2020-08-25T05:26:14.280000Z,723.687,321.0,408.0,128.822,0.0,0.0,0.0,76.797,2.787152,0.0,0.0,0.0
2020-08-25T05:26:16.099000Z,2020-08-25T05:26:16.421000Z,699.139,322.0,402.0,130.227,0.0,0.0,0.0,76.797,3.460022,0.0,0.0,0.0
2020-08-25T05:26:18.103000Z,2020-08-25T05:26:18.387000Z,632.474,284.0,400.0,114.048,0.0,0.0,0.0,76.797,3.270866,0.0,0.0,0.0
2020-08-25T05:26:20.100000Z,2020-08-25T05:26:20.406000Z,675.917,306.0,396.0,113.458,0.0,0.0,0.0,76.797,3.526476,0.0,0.0,0.0
2020-08-25T05:26:22.102000Z,2020-08-25T05:26:22.606000Z,1221.617,504.0,396.0,145.995,0.0,0.0,0.0,76.797,3.208864,0.0,0.0,0.0
2020-08-25T05:26:24.102000Z,2020-08-25T05:26:24.500000Z,972.096,398.0,400.0,97.179,0.0,0.0,0.0,76.797,2.452828,0.0,0.0,0.0
2020-08-25T05:26:26.097999Z,2020-08-25T05:26:26.302000Z,365.37,204.0,398.0,138.819,0.0,0.0,0.0,76.797,3.066186,0.0,0.0,0.0
2020-08-25T05:26:28.099000Z,2020-08-25T05:26:28.334000Z,453.97,235.0,398.0,108.811,0.0,0.0,0.0,76.797,2.924715,0.0,0.0,0.0
2020-08-25T05:26:30.099000Z,2020-08-25T05:26:30.374000Z,607.574,275.0,396.0,104.902,0.0,0.0,0.0,76.797,0.935206,0.0,0.0,0.0
