start_time,end_time,size,trans_time,cwnd,rtt,rto,ssthresh,last_snd,min_rtt,delivery_rate,bytes_sent,bytes_retrans,client_trans_time
2020-08-25T04:36:40.155000Z,2020-08-25T04:36:40.367000Z,24.697,212.0,88.0,59.692,0.0,0.0,0.0,23.011,1.9092,0.0,0.0,0.0
2020-08-25T04:36:40.367000Z,2020-08-25T04:36:40.488000Z,20.752,121.0,88.0,64.413,0.0,0.0,0.0,23.011,0.563629,0.0,0.0,0.0
2020-08-25T04:36:40.488000Z,2020-08-25T04:36:40.553999Z,18.456,66.0,88.0,49.522,0.0,0.0,0.0,23.011,0.563629,0.0,0.0,0.0
2020-08-25T04:36:40.554000Z,2020-08-25T04:36:40.648000Z,16.102,94.0,88.0,51.587,0.0,0.0,0.0,23.011,0.563629,0.0,0.0,0.0
2020-08-25T04:36:40.648000Z,2020-08-25T04:36:40.694000Z,16.918,46.0,88.0,51.788,0.0,0.0,0.0,23.011,0.642594,0.0,0.0,0.0
2020-08-25T04:36:40.694000Z,2020-08-25T04:36:40.804000Z,29.567,110.0,88.0,42.261,0.0,0.0,0.0,23.011,0.642594,0.0,0.0,0.0
2020-08-25T04:36:40.804000Z,2020-08-25T04:36:41.084000Z,251.175,280.0,88.0,74.249,0.0,0.0,0.0,23.011,0.686755,0.0,0.0,0.0
2020-08-25T04:36:41.086000Z,2020-08-25T04:36:42.397000Z,985.563,1311.0,82.0,82.235,0.0,0.0,0.0,23.011,1.009583,0.0,0.0,0.0
2020-08-25T04:36:42.398000Z,2020-08-25T04:36:43.339000Z,714.765,941.0,84.0,45.217,0.0,0.0,0.0,23.011,1.503886,0.0,0.0,0.0
2020-08-25T04:36:44.001000Z,2020-08-25T04:36:44.555000Z,793.007,554.0,86.0,43.388,0.0,0.0,0.0,23.011,2.190084,0.0,0.0,0.0
2020-08-25T04:36:46.005000Z,2020-08-25T04:36:46.523000Z,691.698,518.0,94.0,43.121,0.0,0.0,0.0,23.011,1.132146,0.0,0.0,0.0
2020-08-25T04:36:48.034000Z,2020-08-25T04:36:48.453000Z,546.432,419.0,82.0,50.252,0.0,0.0,0.0,23.011,1.886914,0.0,0.0,0.0
2020-08-25T04:36:50.020000Z,2020-08-25T04:36:50.438000Z,632.742,418.0,90.0,44.255,0.0,0.0,0.0,23.011,0.760684,0.0,0.0,0.0
2020-08-25T04:36:52.032000Z,2020-08-25T04:36:52.473999Z,798.532,442.0,104.0,60.438,0.0,0.0,0.0,23.011,1.035564,0.0,0.0,0.0
2020-08-25T04:36:54.028000Z,2020-08-25T04:36:54.715000Z,833.562,687.0,108.0,53.602,0.0,0.0,0.0,23.011,2.933809,0.0,0.0,0.0
2020-08-25T04:36:56.032000Z,2020-08-25T04:36:56.645000Z,791.253,613.0,118.0,67.561,0.0,0.0,0.0,23.011,0.965738,0.0,0.0,0.0
2020-08-25T04:36:58.071000Z,2020-08-25T04:36:58.609999Z,776.715,539.0,80.0,49.075,0.0,0.0,0.0,23.011,1.028405,0.0,0.0,0.0
2020-08-25T04:37:00.044000Z,2020-08-25T04:37:00.673000Z,884.162,629.0,82.0,48.519,0.0,0.0,0.0,23.011,1.477843,0.0,0.0,0.0
2020-08-25T04:37:02.056000Z,2020-08-25T04:37:02.869000Z,1091.263,813.0,84.0,60.476,0.0,0.0,0.0,23.011,1.533776,0.0,0.0,0.0
2020-08-25T04:37:04.056000Z,2020-08-25T04:37:04.823000Z,1036.357,767.0,82.0,37.549,0.0,0.0,0.0,23.011,0.566594,0.0,0.0,0.0
2020-08-25T04:37:06.063000Z,2020-08-25T04:37:07.097999Z,1043.914,1035.0,94.0,69.88,0.0,0.0,0.0,23.011,1.127784,0.0,0.0,0.0
2020-08-25T04:37:08.103000Z,2020-08-25T04:37:08.939000Z,1077.284,836.0,100.0,84.999,0.0,0.0,0.0,23.011,1.156303,0.0,0.0,0.0
2020-08-25T04:37:10.069000Z,2020-08-25T04:37:10.664000Z,974.056,595.0,92.0,43.209,0.0,0.0,0.0,23.011,2.0808,0.0,0.0,0.0
2020-08-25T04:37:12.100000Z,2020-08-25T04:37:12.507000Z,695.228,407.0,102.0,55.565,0.0,0.0,0.0,23.011,1.093978,0.0,0.0,0.0
2020-08-25T04:37:14.095000Z,2020-08-25T04:37:14.549000Z,694.162,454.0,118.0,42.753,0.0,0.0,0.0,23.011,1.48686,0.0,0.0,0.0
2020-08-25T04:37:16.097999Z,2020-08-25T04:37:16.531000Z,717.003,433.0,120.0,54.591,0.0,0.0,0.0,23.011,1.253421,0.0,0.0,0.0
2020-08-25T04:37:18.171000Z,2020-08-25T04:37:18.775000Z,886.696,604.0,118.0,59.448,0.0,0.0,0.0,23.011,0.936197,0.0,0.0,0.0
2020-08-25T04:37:20.132000Z,2020-08-25T04:37:20.959000Z,980.038,827.0,118.0,71.008,0.0,0.0,0.0,23.011,0.893323,0.0,0.0,0.0
2020-08-25T04:37:22.142000Z,2020-08-25T04:37:22.839000Z,1037.801,697.0,94.0,66.045,0.0,0.0,0.0,23.011,1.493467,0.0,0.0,0.0
2020-08-25T04:37:24.127000Z,2020-08-25T04:37:24.899000Z,999.05,772.0,92.0,45.223,0.0,0.0,0.0,23.011,0.871003,0.0,0.0,0.0
2020-08-25T04:37:26.136000Z,2020-08-25T04:37:26.985000Z,1118.087,849.0,84.0,65.044,0.0,0.0,0.0,23.011,0.584996,0.0,0.0,0.0
2020-08-25T04:37:28.217000Z,2020-08-25T04:37:28.805000Z,753.722,588.0,72.0,40.635,0.0,0.0,0.0,23.011,1.710182,0.0,0.0,0.0
2020-08-25T04:37:30.142000Z,2020-08-25T04:37:30.822000Z,712.575,680.0,88.0,78.659,0.0,0.0,0.0,23.011,1.367637,0.0,0.0,0.0
2020-08-25T04:37:32.146000Z,2020-08-25T04:37:32.716000Z,674.049,570.0,68.0,62.811,0.0,0.0,0.0,23.011,1.080702,0.0,0.0,0.0
2020-08-25T04:37:34.150000Z,2020-08-25T04:37:34.728000Z,622.215,578.0,68.0,63.059,0.0,0.0,0.0,23.011,1.137298,0.0,0.0,0.0
2020-08-25T04:37:36.159000Z,2020-08-25T04:37:36.774000Z,631.07,615.0,68.0,72.564,0.0,0.0,0.0,23.011,1.18302,0.0,0.0,0.0
2020-08-25T04:37:38.152000Z,2020-08-25T04:37:38.669000Z,593.425,517.0,68.0,81.065,0.0,0.0,0.0,23.011,0.646011,0.0,0.0,0.0
2020-08-25T04:37:40.155000Z,2020-08-25T04:37:40.657999Z,594.346,503.0,82.0,63.798,0.0,0.0,0.0,23.011,1.262235,0.0,0.0,0.0
2020-08-25T04:37:42.222000Z,2020-08-25T04:37:42.721000Z,595.619,499.0,80.0,46.918,0.0,0.0,0.0,23.011,0.699148,0.0,0.0,0.0
2020-08-25T04:37:44.168000Z,2020-08-25T04:37:44.779000Z,444.921,611.0,80.0,72.701,0.0,0.0,0.0,23.011,0.79121,0.0,0.0,0.0
2020-08-25T04:37:46.187000Z,2020-08-25T04:37:46.609000Z,422.951,422.0,78.0,72.764,0.0,0.0,0.0,23.011,0.863479,0.0,0.0,0.0
2020-08-25T04:37:48.174000Z,2020-08-25T04:37:48.663000Z,417.789,489.0,70.0,39.092,0.0,0.0,0.0,23.011,1.04305,0.0,0.0,0.0
2020-08-25T04:37:50.207000Z,2020-08-25T04:37:50.673000Z,416.218,466.0,76.0,66.708,0.0,0.0,0.0,23.011,0.544922,0.0,0.0,0.0
2020-08-25T04:37:52.234000Z,2020-08-25T04:37:52.700000Z,403.186,466.0,76.0,54.124,0.0,0.0,0.0,23.011,0.497721,0.0,0.0,0.0
2020-08-25T04:37:54.005000Z,2020-08-25T04:37:54.399000Z,442.571,394.0,76.0,34.083,0.0,0.0,0.0,23.011,1.502993,0.0,0.0,0.0
2020-08-25T04:37:56.019000Z,2020-08-25T04:37:56.534000Z,636.803,515.0,86.0,36.666,0.0,0.0,0.0,23.011,0.788407,0.0,0.0,0.0
2020-08-25T04:37:58.016000Z,2020-08-25T04:37:58.497999Z,633.308,482.0,94.0,44.834,0.0,0.0,0.0,23.011,0.985336,0.0,0.0,0.0
2020-08-25T04:38:00.033000Z,2020-08-25T04:38:00.347000Z,611.401,314.0,98.0,58.194,0.0,0.0,0.0,23.011,0.873631,0.0,0.0,0.0
2020-08-25T04:38:02.036000Z,2020-08-25T04:38:02.575000Z,619.517,539.0,118.0,51.178,0.0,0.0,0.0,23.011,2.371103,0.0,0.0,0.0
2020-08-25T04:38:04.030000Z,2020-08-25T04:38:04.656000Z,609.055,626.0,118.0,130.402,0.0,0.0,0.0,23.011,0.988123,0.0,0.0,0.0
2020-08-25T04:38:06.053000Z,2020-08-25T04:38:06.500000Z,602.554,447.0,108.0,65.896,0.0,0.0,0.0,23.011,1.540595,0.0,0.0,0.0
2020-08-25T04:38:08.041999Z,2020-08-25T04:38:08.352000Z,435.628,310.0,90.0,57.601,0.0,0.0,0.0,23.011,1.651992,0.0,0.0,0.0
2020-08-25T04:38:10.046000Z,2020-08-25T04:38:10.472000Z,493.176,426.0,80.0,54.166,0.0,0.0,0.0,23.011,1.556872,0.0,0.0,0.0
2020-08-25T04:38:12.049000Z,2020-08-25T04:38:12.503000Z,562.847,454.0,82.0,43.801,0.0,0.0,0.0,23.011,1.070195,0.0,0.0,0.0
2020-08-25T04:38:14.056000Z,2020-08-25T04:38:14.493000Z,546.824,437.0,80.0,42.822,0.0,0.0,0.0,23.011,0.523133,0.0,0.0,0.0
2020-08-25T04:38:16.122000Z,2020-08-25T04:38:16.869000Z,576.826,747.0,74.0,65.287,0.0,0.0,0.0,23.011,1.157766,0.0,0.0,0.0
2020-08-25T04:38:18.070000Z,2020-08-25T04:38:18.483000Z,488.446,413.0,82.0,44.858,0.0,0.0,0.0,23.011,1.087631,0.0,0.0,0.0
2020-08-25T04:38:20.094000Z,2020-08-25T04:38:20.534000Z,509.006,440.0,74.0,67.014,0.0,0.0,0.0,23.011,1.299221,0.0,0.0,0.0
2020-08-25T04:38:22.135000Z,2020-08-25T04:38:22.579000Z,530.185,444.0,74.0,62.826,0.0,0.0,0.0,23.011,0.871908,0.0,0.0,0.0
2020-08-25T04:38:24.084000Z,2020-08-25T04:38:24.500000Z,541.521,416.0,72.0,36.265,0.0,0.0,0.0,23.011,1.729542,0.0,0.0,0.0
2020-08-25T04:38:26.087000Z,2020-08-25T04:38:26.643000Z,578.434,556.0,78.0,44.586,0.0,0.0,0.0,23.011,1.27485,0.0,0.0,0.0
2020-08-25T04:38:28.091000Z,2020-08-25T04:38:28.819000Z,566.129,728.0,80.0,62.094,0.0,0.0,0.0,23.011,1.129089,0.0,0.0,0.0
2020-08-25T04:38:30.142000Z,2020-08-25T04:38:30.773000Z,587.141,631.0,84.0,83.87,0.0,0.0,0.0,23.011,1.092599,0.0,0.0,0.0
2020-08-25T04:38:32.155000Z,2020-08-25T04:38:32.707000Z,582.119,552.0,88.0,66.213,0.0,0.0,0.0,23.011,1.474986,0.0,0.0,0.0
2020-08-25T04:38:34.167000Z,2020-08-25T04:38:34.667000Z,503.976,500.0,94.0,64.723,0.0,0.0,0.0,23.011,0.906942,0.0,0.0,0.0
2020-08-25T04:38:36.179000Z,2020-08-25T04:38:36.677000Z,549.151,498.0,94.0,57.509,0.0,0.0,0.0,23.011,0.969151,0.0,0.0,0.0
2020-08-25T04:38:38.168000Z,2020-08-25T04:38:38.635000Z,529.007,467.0,94.0,88.778,0.0,0.0,0.0,23.011,0.611677,0.0,0.0,0.0
2020-08-25T04:38:40.177000Z,2020-08-25T04:38:40.879000Z,516.563,702.0,80.0,50.532,0.0,0.0,0.0,23.011,1.298473,0.0,0.0,0.0
2020-08-25T04:38:42.219000Z,2020-08-25T04:38:42.611000Z,510.936,392.0,84.0,74.446,0.0,0.0,0.0,23.011,0.919474,0.0,0.0,0.0
2020-08-25T04:38:44.192999Z,2020-08-25T04:38:44.688000Z,572.536,495.0,88.0,61.543,0.0,0.0,0.0,23.011,0.861967,0.0,0.0,0.0
2020-08-25T04:38:46.204000Z,2020-08-25T04:38:46.681000Z,556.181,477.0,90.0,78.67,0.0,0.0,0.0,23.011,1.168829,0.0,0.0,0.0
2020-08-25T04:38:48.196000Z,2020-08-25T04:38:48.729000Z,544.944,533.0,90.0,58.745,0.0,0.0,0.0,23.011,1.638089,0.0,0.0,0.0
2020-08-25T04:38:50.076000Z,2020-08-25T04:38:50.500000Z,596.622,424.0,84.0,39.421,0.0,0.0,0.0,23.011,1.792863,0.0,0.0,0.0
2020-08-25T04:38:52.228999Z,2020-08-25T04:38:52.742000Z,631.684,513.0,78.0,45.003,0.0,0.0,0.0,23.011,1.343979,0.0,0.0,0.0
2020-08-25T04:38:54.211000Z,2020-08-25T04:38:54.701000Z,637.964,490.0,88.0,82.016,0.0,0.0,0.0,23.011,0.965803,0.0,0.0,0.0
2020-08-25T04:38:56.223000Z,2020-08-25T04:38:56.847000Z,573.91,624.0,74.0,58.306,0.0,0.0,0.0,23.011,0.570003,0.0,0.0,0.0
2020-08-25T04:38:58.310000Z,2020-08-25T04:38:58.849000Z,543.481,539.0,64.0,51.644,0.0,0.0,0.0,23.011,1.241552,0.0,0.0,0.0
2020-08-25T04:39:00.321999Z,2020-08-25T04:39:00.969999Z,543.717,648.0,66.0,46.79,0.0,0.0,0.0,23.011,1.04144,0.0,0.0,0.0
2020-08-25T04:39:02.326000Z,2020-08-25T04:39:03.091000Z,644.426,765.0,66.0,43.697,0.0,0.0,0.0,23.011,0.437438,0.0,0.0,0.0
2020-08-25T04:39:04.081999Z,2020-08-25T04:39:04.756000Z,629.102,674.0,58.0,61.173,0.0,0.0,0.0,23.011,1.021492,0.0,0.0,0.0
2020-08-25T04:39:06.083000Z,2020-08-25T04:39:06.807000Z,678.67,724.0,56.0,66.2,0.0,0.0,0.0,23.011,0.589891,0.0,0.0,0.0
2020-08-25T04:39:08.105000Z,2020-08-25T04:39:08.830000Z,650.751,725.0,58.0,54.843,0.0,0.0,0.0,23.011,0.877675,0.0,0.0,0.0
2020-08-25T04:39:10.105000Z,2020-08-25T04:39:10.700000Z,572.161,595.0,54.0,37.237,0.0,0.0,0.0,23.011,1.317485,0.0,0.0,0.0
2020-08-25T04:39:12.107000Z,2020-08-25T04:39:12.640000Z,552.091,533.0,62.0,36.769,0.0,0.0,0.0,23.011,0.938267,0.0,0.0,0.0
2020-08-25T04:39:14.105000Z,2020-08-25T04:39:14.713000Z,613.599,608.0,62.0,76.582,0.0,0.0,0.0,23.011,0.708254,0.0,0.0,0.0
2020-08-25T04:39:16.112000Z,2020-08-25T04:39:16.731000Z,643.639,619.0,70.0,87.659,0.0,0.0,0.0,23.011,0.880877,0.0,0.0,0.0
2020-08-25T04:39:18.163000Z,2020-08-25T04:39:18.975000Z,831.736,812.0,64.0,56.472,0.0,0.0,0.0,23.011,0.291941,0.0,0.0,0.0
2020-08-25T04:39:20.156000Z,2020-08-25T04:39:20.937999Z,940.105,782.0,84.0,69.999,0.0,0.0,0.0,23.011,1.127073,0.0,0.0,0.0
2020-08-25T04:39:22.134000Z,2020-08-25T04:39:23.003000Z,969.94,869.0,72.0,85.421,0.0,0.0,0.0,23.011,0.700224,0.0,0.0,0.0
2020-08-25T04:39:24.135000Z,2020-08-25T04:39:24.807000Z,762.977,672.0,72.0,67.292,0.0,0.0,0.0,23.011,0.772226,0.0,0.0,0.0
2020-08-25T04:39:26.135000Z,2020-08-25T04:39:26.725000Z,671.978,590.0,64.0,43.545,0.0,0.0,0.0,23.011,0.212003,0.0,0.0,0.0
2020-08-25T04:39:28.139000Z,2020-08-25T04:39:28.604000Z,590.921,465.0,62.0,55.233,0.0,0.0,0.0,23.011,1.173109,0.0,0.0,0.0
2020-08-25T04:39:30.144000Z,2020-08-25T04:39:31.054000Z,768.884,910.0,70.0,42.013,0.0,0.0,0.0,23.011,0.797367,0.0,0.0,0.0
2020-08-25T04:39:32.191000Z,2020-08-25T04:39:32.902000Z,753.163,711.0,64.0,37.141,0.0,0.0,0.0,23.011,0.758875,0.0,0.0,0.0
2020-08-25T04:39:34.185999Z,2020-08-25T04:39:34.776000Z,877.9,590.0,68.0,35.905,0.0,0.0,0.0,23.011,0.987945,0.0,0.0,0.0
2020-08-25T04:39:36.169000Z,2020-08-25T04:39:36.897000Z,898.765,728.0,90.0,48.171,0.0,0.0,0.0,23.011,1.6856,0.0,0.0,0.0
2020-08-25T04:39:38.172000Z,2020-08-25T04:39:39.072000Z,1248.955,900.0,80.0,66.232,0.0,0.0,0.0,23.011,1.02777,0.0,0.0,0.0
2020-08-25T04:39:40.185999Z,2020-08-25T04:39:40.785999Z,683.54,600.0,74.0,45.329,0.0,0.0,0.0,23.011,1.225174,0.0,0.0,0.0
2020-08-25T04:39:42.211000Z,2020-08-25T04:39:42.833999Z,766.245,623.0,74.0,34.859,0.0,0.0,0.0,23.011,1.495059,0.0,0.0,0.0
2020-08-25T04:39:44.185000Z,2020-08-25T04:39:44.670000Z,756.15,485.0,74.0,50.876,0.0,0.0,0.0,23.345,1.818693,0.0,0.0,0.0
2020-08-25T04:39:46.211000Z,2020-08-25T04:39:46.753999Z,793.564,543.0,88.0,34.945,0.0,0.0,0.0,23.345,1.759467,0.0,0.0,0.0
2020-08-25T04:39:48.236000Z,2020-08-25T04:39:48.796000Z,736.766,560.0,74.0,41.713,0.0,0.0,0.0,23.345,1.45911,0.0,0.0,0.0
2020-08-25T04:39:50.207000Z,2020-08-25T04:39:50.757000Z,714.581,550.0,74.0,64.687,0.0,0.0,0.0,23.345,1.535197,0.0,0.0,0.0
2020-08-25T04:39:52.265999Z,2020-08-25T04:39:52.900000Z,848.592,634.0,80.0,84.698,0.0,0.0,0.0,23.345,0.787015,0.0,0.0,0.0
2020-08-25T04:39:54.220000Z,2020-08-25T04:39:54.936000Z,819.855,716.0,80.0,62.211,0.0,0.0,0.0,23.345,1.298119,0.0,0.0,0.0
2020-08-25T04:39:56.241000Z,2020-08-25T04:39:56.819000Z,563.478,578.0,94.0,40.775,0.0,0.0,0.0,23.345,1.51128,0.0,0.0,0.0
2020-08-25T04:39:58.275000Z,2020-08-25T04:39:58.910000Z,715.912,635.0,92.0,71.326,0.0,0.0,0.0,23.345,0.954485,0.0,0.0,0.0
2020-08-25T04:40:00.331000Z,2020-08-25T04:40:00.857000Z,777.174,526.0,86.0,55.348,0.0,0.0,0.0,23.345,0.696627,0.0,0.0,0.0
2020-08-25T04:40:02.287000Z,2020-08-25T04:40:02.955000Z,863.815,668.0,82.0,56.924,0.0,0.0,0.0,23.345,0.190457,0.0,0.0,0.0
2020-08-25T04:40:04.343000Z,2020-08-25T04:40:04.976000Z,853.866,633.0,112.0,73.647,0.0,0.0,0.0,23.345,0.799258,0.0,0.0,0.0
2020-08-25T04:40:06.366000Z,2020-08-25T04:40:06.949000Z,657.739,583.0,114.0,79.359,0.0,0.0,0.0,23.345,1.532891,0.0,0.0,0.0
2020-08-25T04:40:08.391000Z,2020-08-25T04:40:08.840000Z,601.471,449.0,110.0,77.265,0.0,0.0,0.0,23.345,0.96588,0.0,0.0,0.0
2020-08-25T04:40:10.168000Z,2020-08-25T04:40:10.649999Z,524.289,482.0,104.0,66.804,0.0,0.0,0.0,23.345,1.793447,0.0,0.0,0.0
2020-08-25T04:40:12.149000Z,2020-08-25T04:40:12.532000Z,557.591,383.0,94.0,66.591,0.0,0.0,0.0,23.345,1.448095,0.0,0.0,0.0
2020-08-25T04:40:14.164000Z,2020-08-25T04:40:14.824000Z,696.918,660.0,94.0,61.134,0.0,0.0,0.0,23.345,1.008315,0.0,0.0,0.0
2020-08-25T04:40:16.207000Z,2020-08-25T04:40:16.833000Z,699.959,626.0,92.0,46.145,0.0,0.0,0.0,23.345,0.359683,0.0,0.0,0.0
2020-08-25T04:40:18.185999Z,2020-08-25T04:40:18.780000Z,675.431,594.0,84.0,62.183,0.0,0.0,0.0,23.345,1.245481,0.0,0.0,0.0
2020-08-25T04:40:20.202000Z,2020-08-25T04:40:20.719000Z,715.013,517.0,84.0,68.158,0.0,0.0,0.0,23.345,1.260069,0.0,0.0,0.0
2020-08-25T04:40:22.192999Z,2020-08-25T04:40:22.695000Z,675.344,502.0,82.0,36.625,0.0,0.0,0.0,23.345,1.061259,0.0,0.0,0.0
2020-08-25T04:40:24.200000Z,2020-08-25T04:40:24.721000Z,690.864,521.0,82.0,78.972,0.0,0.0,0.0,23.345,0.974786,0.0,0.0,0.0
2020-08-25T04:40:26.205000Z,2020-08-25T04:40:26.710000Z,645.088,505.0,80.0,65.943,0.0,0.0,0.0,23.345,0.920441,0.0,0.0,0.0
2020-08-25T04:40:28.205000Z,2020-08-25T04:40:28.822000Z,604.515,617.0,88.0,60.411,0.0,0.0,0.0,23.345,1.544335,0.0,0.0,0.0
2020-08-25T04:40:30.222000Z,2020-08-25T04:40:30.905999Z,731.711,684.0,64.0,57.922,0.0,0.0,0.0,23.345,0.86092,0.0,0.0,0.0
2020-08-25T04:40:32.256000Z,2020-08-25T04:40:33.111000Z,761.329,855.0,62.0,48.408,0.0,0.0,0.0,23.345,0.844028,0.0,0.0,0.0
2020-08-25T04:40:34.294000Z,2020-08-25T04:40:35.024000Z,742.399,730.0,66.0,48.228,0.0,0.0,0.0,23.345,1.146379,0.0,0.0,0.0
2020-08-25T04:40:36.301000Z,2020-08-25T04:40:37.005000Z,723.883,704.0,64.0,49.711,0.0,0.0,0.0,23.345,1.112955,0.0,0.0,0.0
2020-08-25T04:40:38.330000Z,2020-08-25T04:40:39.073000Z,755.059,743.0,72.0,56.999,0.0,0.0,0.0,23.345,0.671123,0.0,0.0,0.0
2020-08-25T04:40:40.307000Z,2020-08-25T04:40:41.213000Z,804.62,906.0,62.0,78.402,0.0,0.0,0.0,23.345,0.63408,0.0,0.0,0.0
2020-08-25T04:40:42.324000Z,2020-08-25T04:40:43.080000Z,801.163,756.0,56.0,55.911,0.0,0.0,0.0,23.345,0.748375,0.0,0.0,0.0
2020-08-25T04:40:44.325000Z,2020-08-25T04:40:45.113999Z,743.73,789.0,64.0,58.035,0.0,0.0,0.0,23.345,0.971155,0.0,0.0,0.0
2020-08-25T04:40:46.376999Z,2020-08-25T04:40:47.017000Z,741.184,640.0,66.0,49.14,0.0,0.0,0.0,23.345,0.967528,0.0,0.0,0.0
2020-08-25T04:40:48.408000Z,2020-08-25T04:40:48.911000Z,600.163,503.0,74.0,80.016,0.0,0.0,0.0,23.345,0.549345,0.0,0.0,0.0
2020-08-25T04:40:50.253000Z,2020-08-25T04:40:50.822000Z,695.165,569.0,74.0,82.502,0.0,0.0,0.0,23.345,0.780195,0.0,0.0,0.0
2020-08-25T04:40:52.393999Z,2020-08-25T04:40:53.065999Z,706.845,672.0,68.0,45.978,0.0,0.0,0.0,23.345,0.881465,0.0,0.0,0.0
2020-08-25T04:40:54.412999Z,2020-08-25T04:40:55.071000Z,721.004,658.0,64.0,73.425,0.0,0.0,0.0,23.345,1.135401,0.0,0.0,0.0
2020-08-25T04:40:56.405000Z,2020-08-25T04:40:57.121999Z,738.703,717.0,62.0,43.379,0.0,0.0,0.0,23.345,0.98837,0.0,0.0,0.0
2020-08-25T04:40:58.421000Z,2020-08-25T04:40:59.465000Z,701.211,1044.0,60.0,63.696,0.0,0.0,0.0,23.345,1.07671,0.0,0.0,0.0
2020-08-25T04:41:00.461000Z,2020-08-25T04:41:01.167000Z,634.672,706.0,54.0,62.982,0.0,0.0,0.0,23.345,0.978426,0.0,0.0,0.0
2020-08-25T04:41:02.187000Z,2020-08-25T04:41:02.735000Z,606.145,548.0,64.0,74.48,0.0,0.0,0.0,23.345,0.783829,0.0,0.0,0.0
2020-08-25T04:41:04.449000Z,2020-08-25T04:41:05.061000Z,580.798,612.0,62.0,75.624,0.0,0.0,0.0,23.345,1.269852,0.0,0.0,0.0
2020-08-25T04:41:06.436000Z,2020-08-25T04:41:06.907000Z,588.688,471.0,62.0,64.285,0.0,0.0,0.0,23.345,1.153663,0.0,0.0,0.0
2020-08-25T04:41:08.197000Z,2020-08-25T04:41:08.659000Z,653.915,462.0,70.0,65.065,0.0,0.0,0.0,23.345,0.641354,0.0,0.0,0.0
2020-08-25T04:41:10.452000Z,2020-08-25T04:41:11.103000Z,811.355,651.0,76.0,48.301,0.0,0.0,0.0,23.345,1.501299,0.0,0.0,0.0
2020-08-25T04:41:12.232000Z,2020-08-25T04:41:12.857999Z,782.038,626.0,76.0,61.481,0.0,0.0,0.0,23.345,1.595254,0.0,0.0,0.0
2020-08-25T04:41:14.206000Z,2020-08-25T04:41:14.837000Z,761.99,631.0,78.0,43.148,0.0,0.0,0.0,23.345,1.064034,0.0,0.0,0.0
2020-08-25T04:41:16.224000Z,2020-08-25T04:41:16.744000Z,680.991,520.0,76.0,57.923,0.0,0.0,0.0,23.345,1.767588,0.0,0.0,0.0
2020-08-25T04:41:18.227000Z,2020-08-25T04:41:18.833999Z,876.164,607.0,78.0,64.026,0.0,0.0,0.0,23.345,1.121882,0.0,0.0,0.0
2020-08-25T04:41:20.236000Z,2020-08-25T04:41:21.044000Z,840.201,808.0,68.0,44.068,0.0,0.0,0.0,23.345,0.993155,0.0,0.0,0.0
2020-08-25T04:41:22.281999Z,2020-08-25T04:41:23.088000Z,971.558,806.0,68.0,68.904,0.0,0.0,0.0,23.345,0.478569,0.0,0.0,0.0
2020-08-25T04:41:24.246000Z,2020-08-25T04:41:24.861000Z,855.451,615.0,74.0,45.539,0.0,0.0,0.0,23.345,1.403026,0.0,0.0,0.0
2020-08-25T04:41:26.262000Z,2020-08-25T04:41:26.835000Z,672.533,573.0,80.0,50.51,0.0,0.0,0.0,23.345,1.028569,0.0,0.0,0.0
2020-08-25T04:41:28.260000Z,2020-08-25T04:41:28.868000Z,776.337,608.0,78.0,40.844,0.0,0.0,0.0,23.345,0.745003,0.0,0.0,0.0
2020-08-25T04:41:30.264000Z,2020-08-25T04:41:30.797000Z,767.401,533.0,84.0,48.581,0.0,0.0,0.0,23.345,0.552298,0.0,0.0,0.0
2020-08-25T04:41:32.331000Z,2020-08-25T04:41:33.387000Z,721.164,1056.0,84.0,51.504,0.0,0.0,0.0,23.345,1.69496,0.0,0.0,0.0
2020-08-25T04:41:34.291000Z,2020-08-25T04:41:34.987000Z,750.834,696.0,74.0,88.736,0.0,0.0,0.0,23.345,0.632411,0.0,0.0,0.0
2020-08-25T04:41:36.318000Z,2020-08-25T04:41:36.969999Z,612.815,652.0,80.0,57.04,0.0,0.0,0.0,23.345,1.370357,0.0,0.0,0.0
2020-08-25T04:41:38.376999Z,2020-08-25T04:41:38.873999Z,577.072,497.0,96.0,46.711,0.0,0.0,0.0,23.345,1.815632,0.0,0.0,0.0
2020-08-25T04:41:40.393999Z,2020-08-25T04:41:40.869000Z,724.287,475.0,96.0,78.855,0.0,0.0,0.0,23.345,1.497509,0.0,0.0,0.0
2020-08-25T04:41:42.388000Z,2020-08-25T04:41:42.990000Z,861.855,602.0,84.0,49.007,0.0,0.0,0.0,23.345,1.034873,0.0,0.0,0.0
2020-08-25T04:41:44.411000Z,2020-08-25T04:41:45.047000Z,874.463,636.0,90.0,70.043,0.0,0.0,0.0,23.345,0.59156,0.0,0.0,0.0
2020-08-25T04:41:46.440000Z,2020-08-25T04:41:47.149000Z,920.765,709.0,92.0,49.671,0.0,0.0,0.0,23.345,0.997615,0.0,0.0,0.0
2020-08-25T04:41:48.406000Z,2020-08-25T04:41:49.043000Z,928.716,637.0,82.0,50.609,0.0,0.0,0.0,23.345,0.981202,0.0,0.0,0.0
2020-08-25T04:41:50.432999Z,2020-08-25T04:41:50.849999Z,568.049,417.0,88.0,43.559,0.0,0.0,0.0,23.345,1.72548,0.0,0.0,0.0
2020-08-25T04:41:52.433999Z,2020-08-25T04:41:52.885000Z,574.169,451.0,86.0,73.361,0.0,0.0,0.0,23.345,0.928997,0.0,0.0,0.0
2020-08-25T04:41:54.426000Z,2020-08-25T04:41:54.830000Z,576.879,404.0,88.0,82.719,0.0,0.0,0.0,23.345,0.726641,0.0,0.0,0.0
2020-08-25T04:41:56.449000Z,2020-08-25T04:41:56.976000Z,733.771,527.0,92.0,39.087,0.0,0.0,0.0,23.345,0.767977,0.0,0.0,0.0
2020-08-25T04:41:58.441000Z,2020-08-25T04:41:58.945999Z,677.275,505.0,90.0,50.518,0.0,0.0,0.0,23.345,1.19601,0.0,0.0,0.0
2020-08-25T04:42:00.448000Z,2020-08-25T04:42:00.897000Z,558.528,449.0,90.0,44.725,0.0,0.0,0.0,23.345,1.981967,0.0,0.0,0.0
2020-08-25T04:42:02.449999Z,2020-08-25T04:42:02.953000Z,574.953,503.0,88.0,55.452,0.0,0.0,0.0,23.345,1.121782,0.0,0.0,0.0
2020-08-25T04:42:04.461000Z,2020-08-25T04:42:05.285000Z,534.792,824.0,90.0,52.489,0.0,0.0,0.0,23.345,0.761269,0.0,0.0,0.0
2020-08-25T04:42:06.487000Z,2020-08-25T04:42:06.918000Z,561.816,431.0,150.0,124.475,0.0,0.0,0.0,23.345,0.760433,0.0,0.0,0.0
2020-08-25T04:42:08.480000Z,2020-08-25T04:42:08.961000Z,566.541,481.0,94.0,79.949,0.0,0.0,0.0,23.345,0.487882,0.0,0.0,0.0
2020-08-25T04:42:10.308000Z,2020-08-25T04:42:10.751000Z,560.466,443.0,98.0,56.494,0.0,0.0,0.0,23.345,0.779605,0.0,0.0,0.0
2020-08-25T04:42:12.271000Z,2020-08-25T04:42:12.742000Z,550.033,471.0,86.0,68.483,0.0,0.0,0.0,23.345,1.787931,0.0,0.0,0.0
2020-08-25T04:42:14.275000Z,2020-08-25T04:42:14.759000Z,577.943,484.0,76.0,36.631,0.0,0.0,0.0,23.345,1.779137,0.0,0.0,0.0
2020-08-25T04:42:16.277000Z,2020-08-25T04:42:16.895000Z,671.586,618.0,80.0,69.301,0.0,0.0,0.0,23.345,1.237597,0.0,0.0,0.0
2020-08-25T04:42:18.284999Z,2020-08-25T04:42:18.795000Z,554.668,510.0,74.0,38.745,0.0,0.0,0.0,23.345,0.998054,0.0,0.0,0.0
2020-08-25T04:42:20.328000Z,2020-08-25T04:42:20.878000Z,709.172,550.0,78.0,58.153,0.0,0.0,0.0,23.345,1.433983,0.0,0.0,0.0
2020-08-25T04:42:22.312000Z,2020-08-25T04:42:22.999000Z,833.705,687.0,88.0,40.533,0.0,0.0,0.0,23.345,1.136301,0.0,0.0,0.0
2020-08-25T04:42:24.330000Z,2020-08-25T04:42:24.936000Z,662.645,606.0,94.0,69.466,0.0,0.0,0.0,23.345,1.35376,0.0,0.0,0.0
2020-08-25T04:42:26.409999Z,2020-08-25T04:42:27.513000Z,683.804,1103.0,88.0,67.672,0.0,0.0,0.0,23.345,1.59019,0.0,0.0,0.0
2020-08-25T04:42:28.488000Z,2020-08-25T04:42:28.975000Z,549.992,487.0,78.0,76.603,0.0,0.0,0.0,23.345,0.839224,0.0,0.0,0.0
2020-08-25T04:42:30.468000Z,2020-08-25T04:42:31.012000Z,577.514,544.0,86.0,71.228,0.0,0.0,0.0,23.345,1.37482,0.0,0.0,0.0
2020-08-25T04:42:32.473000Z,2020-08-25T04:42:33.068000Z,712.366,595.0,94.0,71.198,0.0,0.0,0.0,23.345,0.774802,0.0,0.0,0.0
2020-08-25T04:42:34.476000Z,2020-08-25T04:42:35.065999Z,978.661,590.0,94.0,49.254,0.0,0.0,0.0,23.345,1.463017,0.0,0.0,0.0
2020-08-25T04:42:36.495000Z,2020-08-25T04:42:37.143000Z,921.628,648.0,108.0,39.443,0.0,0.0,0.0,24.425,1.292657,0.0,0.0,0.0
2020-08-25T04:42:38.488000Z,2020-08-25T04:42:39.079000Z,883.151,591.0,94.0,69.967,0.0,0.0,0.0,24.425,0.985461,0.0,0.0,0.0
2020-08-25T04:42:40.494000Z,2020-08-25T04:42:41.045000Z,873.25,551.0,96.0,64.118,0.0,0.0,0.0,24.425,1.372582,0.0,0.0,0.0
2020-08-25T04:42:42.536000Z,2020-08-25T04:42:43.265999Z,923.182,730.0,100.0,65.512,0.0,0.0,0.0,24.425,1.571293,0.0,0.0,0.0
2020-08-25T04:42:44.515000Z,2020-08-25T04:42:45.140000Z,848.945,625.0,92.0,89.002,0.0,0.0,0.0,24.425,0.59341,0.0,0.0,0.0
2020-08-25T04:42:46.524000Z,2020-08-25T04:42:47.169000Z,885.145,645.0,90.0,74.318,0.0,0.0,0.0,24.425,0.79863,0.0,0.0,0.0
2020-08-25T04:42:48.516000Z,2020-08-25T04:42:49.153000Z,928.272,637.0,94.0,64.765,0.0,0.0,0.0,24.425,1.092095,0.0,0.0,0.0
2020-08-25T04:42:50.532000Z,2020-08-25T04:42:51.153999Z,832.743,622.0,86.0,63.381,0.0,0.0,0.0,24.425,0.610061,0.0,0.0,0.0
2020-08-25T04:42:52.317000Z,2020-08-25T04:42:53.197000Z,911.739,880.0,90.0,36.145,0.0,0.0,0.0,24.425,0.505306,0.0,0.0,0.0
2020-08-25T04:42:54.377999Z,2020-08-25T04:42:55.173000Z,825.788,795.0,88.0,56.624,0.0,0.0,0.0,24.425,1.970277,0.0,0.0,0.0
2020-08-25T04:42:56.385000Z,2020-08-25T04:42:56.928000Z,757.309,543.0,88.0,56.274,0.0,0.0,0.0,24.425,1.673048,0.0,0.0,0.0
2020-08-25T04:42:58.409000Z,2020-08-25T04:42:58.931000Z,729.307,522.0,90.0,51.655,0.0,0.0,0.0,24.425,1.689814,0.0,0.0,0.0
2020-08-25T04:43:00.406000Z,2020-08-25T04:43:00.897999Z,766.611,492.0,90.0,60.861,0.0,0.0,0.0,24.425,1.118884,0.0,0.0,0.0
2020-08-25T04:43:02.412000Z,2020-08-25T04:43:02.875000Z,691.917,463.0,88.0,71.487,0.0,0.0,0.0,24.425,1.070283,0.0,0.0,0.0
2020-08-25T04:43:04.415000Z,2020-08-25T04:43:04.867000Z,643.193,452.0,92.0,48.185,0.0,0.0,0.0,24.425,1.522238,0.0,0.0,0.0
2020-08-25T04:43:06.449000Z,2020-08-25T04:43:06.915000Z,623.664,466.0,94.0,58.481,0.0,0.0,0.0,24.425,0.860016,0.0,0.0,0.0
2020-08-25T04:43:08.471000Z,2020-08-25T04:43:08.811000Z,517.144,340.0,94.0,52.455,0.0,0.0,0.0,24.425,1.03065,0.0,0.0,0.0
2020-08-25T04:43:10.428000Z,2020-08-25T04:43:10.880000Z,633.672,452.0,94.0,53.568,0.0,0.0,0.0,24.425,1.801051,0.0,0.0,0.0
2020-08-25T04:43:12.433999Z,2020-08-25T04:43:13.085000Z,791.613,651.0,88.0,62.273,0.0,0.0,0.0,24.425,1.349442,0.0,0.0,0.0
2020-08-25T04:43:14.438000Z,2020-08-25T04:43:15.006000Z,742.992,568.0,92.0,60.885,0.0,0.0,0.0,24.425,0.704259,0.0,0.0,0.0
2020-08-25T04:43:16.454000Z,2020-08-25T04:43:17.101000Z,609.52,647.0,90.0,41.59,0.0,0.0,0.0,24.425,0.470644,0.0,0.0,0.0
2020-08-25T04:43:18.521999Z,2020-08-25T04:43:19.033999Z,812.362,512.0,92.0,73.272,0.0,0.0,0.0,24.425,1.339185,0.0,0.0,0.0
2020-08-25T04:43:20.548000Z,2020-08-25T04:43:20.942000Z,569.459,394.0,98.0,35.101,0.0,0.0,0.0,24.425,1.019909,0.0,0.0,0.0
2020-08-25T04:43:22.537999Z,2020-08-25T04:43:22.886000Z,512.909,348.0,96.0,32.224,0.0,0.0,0.0,24.425,1.027379,0.0,0.0,0.0
2020-08-25T04:43:24.529000Z,2020-08-25T04:43:24.881000Z,515.028,352.0,94.0,49.32,0.0,0.0,0.0,24.425,1.222976,0.0,0.0,0.0
2020-08-25T04:43:26.555000Z,2020-08-25T04:43:26.892000Z,514.029,337.0,94.0,61.222,0.0,0.0,0.0,24.425,1.564747,0.0,0.0,0.0
2020-08-25T04:43:28.540000Z,2020-08-25T04:43:29.041000Z,543.85,501.0,96.0,36.523,0.0,0.0,0.0,24.425,1.026611,0.0,0.0,0.0
2020-08-25T04:43:30.553000Z,2020-08-25T04:43:31.023000Z,601.347,470.0,96.0,74.252,0.0,0.0,0.0,24.425,0.568618,0.0,0.0,0.0
2020-08-25T04:43:32.554000Z,2020-08-25T04:43:33.035000Z,630.035,481.0,96.0,52.136,0.0,0.0,0.0,24.425,2.07987,0.0,0.0,0.0
2020-08-25T04:43:34.558000Z,2020-08-25T04:43:35.088000Z,661.017,530.0,92.0,55.727,0.0,0.0,0.0,24.425,1.190537,0.0,0.0,0.0
2020-08-25T04:43:36.576000Z,2020-08-25T04:43:36.943000Z,596.682,367.0,88.0,64.672,0.0,0.0,0.0,24.425,0.541553,0.0,0.0,0.0
2020-08-25T04:43:38.372000Z,2020-08-25T04:43:38.817000Z,579.115,445.0,90.0,45.605,0.0,0.0,0.0,24.425,1.554018,0.0,0.0,0.0
2020-08-25T04:43:40.343000Z,2020-08-25T04:43:40.825999Z,521.245,483.0,90.0,68.113,0.0,0.0,0.0,24.425,1.458915,0.0,0.0,0.0
2020-08-25T04:43:42.599000Z,2020-08-25T04:43:43.172000Z,602.178,573.0,78.0,46.535,0.0,0.0,0.0,24.425,1.505917,0.0,0.0,0.0
2020-08-25T04:43:44.412999Z,2020-08-25T04:43:44.928000Z,570.009,515.0,82.0,62.484,0.0,0.0,0.0,24.425,1.58183,0.0,0.0,0.0
2020-08-25T04:43:46.427000Z,2020-08-25T04:43:46.920000Z,584.219,493.0,90.0,55.173,0.0,0.0,0.0,24.425,1.385856,0.0,0.0,0.0
2020-08-25T04:43:48.432999Z,2020-08-25T04:43:48.841000Z,617.061,408.0,92.0,61.756,0.0,0.0,0.0,24.425,1.268878,0.0,0.0,0.0
2020-08-25T04:43:50.448000Z,2020-08-25T04:43:50.951000Z,624.248,503.0,96.0,42.544,0.0,0.0,0.0,24.425,2.106114,0.0,0.0,0.0
2020-08-25T04:43:52.458000Z,2020-08-25T04:43:52.895000Z,562.541,437.0,94.0,52.166,0.0,0.0,0.0,24.425,1.05395,0.0,0.0,0.0
2020-08-25T04:43:54.449999Z,2020-08-25T04:43:54.853000Z,666.057,403.0,100.0,36.206,0.0,0.0,0.0,24.425,0.967579,0.0,0.0,0.0
2020-08-25T04:43:56.484000Z,2020-08-25T04:43:57.036000Z,617.397,552.0,106.0,58.03,0.0,0.0,0.0,24.425,1.267125,0.0,0.0,0.0
2020-08-25T04:43:58.458000Z,2020-08-25T04:43:58.889000Z,632.889,431.0,116.0,47.81,0.0,0.0,0.0,24.425,2.211812,0.0,0.0,0.0
2020-08-25T04:44:00.468999Z,2020-08-25T04:44:00.812000Z,586.942,343.0,110.0,74.235,0.0,0.0,0.0,24.425,0.820363,0.0,0.0,0.0
2020-08-25T04:44:02.478000Z,2020-08-25T04:44:02.879000Z,459.604,401.0,100.0,58.183,0.0,0.0,0.0,24.425,1.99695,0.0,0.0,0.0
2020-08-25T04:44:04.494000Z,2020-08-25T04:44:04.915000Z,492.614,421.0,92.0,102.982,0.0,0.0,0.0,24.425,0.845863,0.0,0.0,0.0
2020-08-25T04:44:06.520000Z,2020-08-25T04:44:06.944000Z,491.054,424.0,86.0,68.477,0.0,0.0,0.0,24.425,0.613001,0.0,0.0,0.0
2020-08-25T04:44:08.498000Z,2020-08-25T04:44:08.928000Z,586.837,430.0,88.0,83.22,0.0,0.0,0.0,24.425,1.139178,0.0,0.0,0.0
2020-08-25T04:44:10.534000Z,2020-08-25T04:44:10.923000Z,558.043,389.0,84.0,52.212,0.0,0.0,0.0,24.425,1.004949,0.0,0.0,0.0
2020-08-25T04:44:12.516000Z,2020-08-25T04:44:13.017000Z,493.656,501.0,78.0,41.829,0.0,0.0,0.0,24.425,1.625349,0.0,0.0,0.0
2020-08-25T04:44:14.518000Z,2020-08-25T04:44:15.047000Z,443.972,529.0,80.0,54.977,0.0,0.0,0.0,24.425,0.444064,0.0,0.0,0.0
2020-08-25T04:44:16.531000Z,2020-08-25T04:44:16.995000Z,486.214,464.0,80.0,51.175,0.0,0.0,0.0,24.425,0.885876,0.0,0.0,0.0
2020-08-25T04:44:18.542000Z,2020-08-25T04:44:19.148000Z,585.823,606.0,84.0,68.822,0.0,0.0,0.0,24.425,0.596597,0.0,0.0,0.0
2020-08-25T04:44:20.542000Z,2020-08-25T04:44:21.052000Z,542.72,510.0,68.0,76.432,0.0,0.0,0.0,24.425,0.617384,0.0,0.0,0.0
2020-08-25T04:44:22.561999Z,2020-08-25T04:44:23.056000Z,558.191,494.0,66.0,39.726,0.0,0.0,0.0,24.425,1.007725,0.0,0.0,0.0
2020-08-25T04:44:24.557000Z,2020-08-25T04:44:25.057000Z,538.137,500.0,84.0,65.581,0.0,0.0,0.0,24.425,1.581757,0.0,0.0,0.0
2020-08-25T04:44:26.576000Z,2020-08-25T04:44:27.095000Z,554.091,519.0,86.0,77.526,0.0,0.0,0.0,24.425,0.971646,0.0,0.0,0.0
2020-08-25T04:44:28.580000Z,2020-08-25T04:44:28.958000Z,482.665,378.0,86.0,93.101,0.0,0.0,0.0,24.425,1.141245,0.0,0.0,0.0
2020-08-25T04:44:30.576000Z,2020-08-25T04:44:30.929000Z,523.634,353.0,84.0,50.477,0.0,0.0,0.0,24.425,0.793421,0.0,0.0,0.0
2020-08-25T04:44:32.596000Z,2020-08-25T04:44:33.347000Z,770.2,751.0,82.0,68.714,0.0,0.0,0.0,24.425,0.959856,0.0,0.0,0.0
2020-08-25T04:44:34.585000Z,2020-08-25T04:44:35.033999Z,607.25,449.0,84.0,34.44,0.0,0.0,0.0,24.425,1.167175,0.0,0.0,0.0
2020-08-25T04:44:36.633999Z,2020-08-25T04:44:37.168000Z,557.044,534.0,96.0,60.221,0.0,0.0,0.0,24.425,1.139484,0.0,0.0,0.0
2020-08-25T04:44:38.611000Z,2020-08-25T04:44:39.115000Z,535.734,504.0,100.0,58.807,0.0,0.0,0.0,24.425,1.52122,0.0,0.0,0.0
2020-08-25T04:44:40.433999Z,2020-08-25T04:44:41.509000Z,575.831,1075.0,100.0,47.779,0.0,0.0,0.0,24.425,0.720849,0.0,0.0,0.0
2020-08-25T04:44:42.452000Z,2020-08-25T04:44:43.011000Z,516.318,559.0,62.0,166.289,0.0,0.0,0.0,24.425,0.47218,0.0,0.0,0.0
2020-08-25T04:44:44.451000Z,2020-08-25T04:44:44.849999Z,461.843,399.0,60.0,69.354,0.0,0.0,0.0,24.425,1.249582,0.0,0.0,0.0
2020-08-25T04:44:46.455000Z,2020-08-25T04:44:46.988000Z,577.041,533.0,70.0,54.096,0.0,0.0,0.0,24.425,0.993471,0.0,0.0,0.0
2020-08-25T04:44:48.465000Z,2020-08-25T04:44:48.904000Z,578.864,439.0,78.0,87.993,0.0,0.0,0.0,24.425,0.846857,0.0,0.0,0.0
2020-08-25T04:44:50.463000Z,2020-08-25T04:44:50.953000Z,515.671,490.0,78.0,67.203,0.0,0.0,0.0,24.425,1.071196,0.0,0.0,0.0
2020-08-25T04:44:52.478000Z,2020-08-25T04:44:52.897999Z,394.938,420.0,72.0,52.305,0.0,0.0,0.0,24.425,1.638165,0.0,0.0,0.0
2020-08-25T04:44:54.484000Z,2020-08-25T04:44:55.076000Z,633.762,592.0,72.0,54.456,0.0,0.0,0.0,24.425,1.147924,0.0,0.0,0.0
2020-08-25T04:44:56.493000Z,2020-08-25T04:44:57.129999Z,640.334,637.0,72.0,64.783,0.0,0.0,0.0,24.425,1.308478,0.0,0.0,0.0
2020-08-25T04:44:58.494000Z,2020-08-25T04:44:59.096000Z,610.992,602.0,70.0,83.384,0.0,0.0,0.0,24.425,0.553571,0.0,0.0,0.0
2020-08-25T04:45:00.502000Z,2020-08-25T04:45:01.198000Z,815.012,696.0,72.0,52.703,0.0,0.0,0.0,24.425,0.999199,0.0,0.0,0.0
2020-08-25T04:45:02.521000Z,2020-08-25T04:45:03.407000Z,1013.306,886.0,74.0,69.961,0.0,0.0,0.0,24.425,1.040753,0.0,0.0,0.0
2020-08-25T04:45:04.520000Z,2020-08-25T04:45:05.189000Z,740.816,669.0,74.0,63.778,0.0,0.0,0.0,24.425,1.337368,0.0,0.0,0.0
2020-08-25T04:45:06.541000Z,2020-08-25T04:45:07.140000Z,532.319,599.0,76.0,60.189,0.0,0.0,0.0,24.425,0.686351,0.0,0.0,0.0
2020-08-25T04:45:08.576000Z,2020-08-25T04:45:09.136000Z,496.38,560.0,60.0,58.288,0.0,0.0,0.0,24.425,1.00485,0.0,0.0,0.0
2020-08-25T04:45:10.657999Z,2020-08-25T04:45:11.656000Z,539.379,998.0,62.0,36.523,0.0,0.0,0.0,24.425,0.03561,0.0,0.0,0.0
2020-08-25T04:45:12.598000Z,2020-08-25T04:45:13.076000Z,486.174,478.0,70.0,125.006,0.0,0.0,0.0,24.425,0.492088,0.0,0.0,0.0
2020-08-25T04:45:14.614000Z,2020-08-25T04:45:15.021000Z,484.701,407.0,68.0,54.556,0.0,0.0,0.0,24.425,0.881692,0.0,0.0,0.0
2020-08-25T04:45:16.607000Z,2020-08-25T04:45:17.089000Z,582.988,482.0,68.0,58.997,0.0,0.0,0.0,24.425,0.910254,0.0,0.0,0.0
2020-08-25T04:45:18.633999Z,2020-08-25T04:45:19.028000Z,460.074,394.0,72.0,55.928,0.0,0.0,0.0,24.425,0.998189,0.0,0.0,0.0
2020-08-25T04:45:20.608000Z,2020-08-25T04:45:21.093000Z,523.914,485.0,72.0,66.036,0.0,0.0,0.0,24.425,1.219586,0.0,0.0,0.0
2020-08-25T04:45:22.611000Z,2020-08-25T04:45:23.313999Z,627.279,703.0,72.0,55.595,0.0,0.0,0.0,24.425,1.11499,0.0,0.0,0.0
2020-08-25T04:45:24.655000Z,2020-08-25T04:45:25.108000Z,572.119,453.0,74.0,63.552,0.0,0.0,0.0,24.425,0.708821,0.0,0.0,0.0
2020-08-25T04:45:26.623000Z,2020-08-25T04:45:27.012000Z,396.737,389.0,86.0,52.932,0.0,0.0,0.0,24.425,1.435312,0.0,0.0,0.0
2020-08-25T04:45:28.541000Z,2020-08-25T04:45:28.759000Z,235.404,218.0,86.0,54.016,0.0,0.0,0.0,24.425,0.887773,0.0,0.0,0.0
2020-08-25T04:45:30.635000Z,2020-08-25T04:45:30.888000Z,263.464,253.0,86.0,60.46,0.0,0.0,0.0,24.425,0.974242,0.0,0.0,0.0
2020-08-25T04:45:32.659000Z,2020-08-25T04:45:33.071000Z,452.062,412.0,86.0,61.124,0.0,0.0,0.0,24.425,1.650434,0.0,0.0,0.0
2020-08-25T04:45:34.667000Z,2020-08-25T04:45:34.934000Z,357.809,267.0,74.0,67.411,0.0,0.0,0.0,24.425,1.035785,0.0,0.0,0.0
2020-08-25T04:45:36.672000Z,2020-08-25T04:45:37.143000Z,581.652,471.0,76.0,43.291,0.0,0.0,0.0,24.425,1.719049,0.0,0.0,0.0
2020-08-25T04:45:38.699000Z,2020-08-25T04:45:39.099000Z,505.892,400.0,78.0,54.86,0.0,0.0,0.0,24.425,0.931267,0.0,0.0,0.0
2020-08-25T04:45:40.711000Z,2020-08-25T04:45:41.141000Z,572.827,430.0,88.0,75.01,0.0,0.0,0.0,24.425,0.871573,0.0,0.0,0.0
2020-08-25T04:45:42.692000Z,2020-08-25T04:45:43.392000Z,473.25,700.0,94.0,43.316,0.0,0.0,0.0,24.425,0.295883,0.0,0.0,0.0
2020-08-25T04:45:44.712000Z,2020-08-25T04:45:44.967000Z,401.356,255.0,94.0,54.911,0.0,0.0,0.0,24.425,1.12993,0.0,0.0,0.0
2020-08-25T04:45:46.705999Z,2020-08-25T04:45:47.075000Z,424.042,369.0,96.0,52.119,0.0,0.0,0.0,24.425,2.182992,0.0,0.0,0.0
2020-08-25T04:45:48.495000Z,2020-08-25T04:45:49.021000Z,484.982,526.0,94.0,55.073,0.0,0.0,0.0,24.425,1.770134,0.0,0.0,0.0
2020-08-25T04:45:50.474000Z,2020-08-25T04:45:51.075000Z,832.871,601.0,94.0,63.248,0.0,0.0,0.0,24.425,1.100175,0.0,0.0,0.0
2020-08-25T04:45:52.502000Z,2020-08-25T04:45:53.105999Z,795.695,604.0,86.0,71.652,0.0,0.0,0.0,24.425,1.110979,0.0,0.0,0.0
2020-08-25T04:45:54.494000Z,2020-08-25T04:45:54.697999Z,324.327,204.0,88.0,78.188,0.0,0.0,0.0,24.425,1.197727,0.0,0.0,0.0
2020-08-25T04:45:56.500000Z,2020-08-25T04:45:56.733000Z,284.126,233.0,96.0,35.793,0.0,0.0,0.0,24.425,1.332561,0.0,0.0,0.0
2020-08-25T04:45:58.534000Z,2020-08-25T04:45:58.849999Z,373.041,316.0,96.0,44.27,0.0,0.0,0.0,24.425,1.16507,0.0,0.0,0.0
2020-08-25T04:46:00.510000Z,2020-08-25T04:46:00.945999Z,630.653,436.0,96.0,57.517,0.0,0.0,0.0,24.425,1.185655,0.0,0.0,0.0
2020-08-25T04:46:02.513000Z,2020-08-25T04:46:03.374000Z,1206.679,861.0,90.0,51.842,0.0,0.0,0.0,24.425,1.156482,0.0,0.0,0.0
2020-08-25T04:46:04.521000Z,2020-08-25T04:46:05.607000Z,1362.811,1086.0,92.0,54.551,0.0,0.0,0.0,24.95,1.174294,0.0,0.0,0.0
2020-08-25T04:46:06.528000Z,2020-08-25T04:46:06.889999Z,528.324,362.0,90.0,71.648,0.0,0.0,0.0,24.95,1.366014,0.0,0.0,0.0
2020-08-25T04:46:08.533000Z,2020-08-25T04:46:09.126000Z,776.003,593.0,90.0,46.708,0.0,0.0,0.0,24.95,1.541964,0.0,0.0,0.0
2020-08-25T04:46:10.543000Z,2020-08-25T04:46:11.180000Z,727.334,637.0,86.0,129.867,0.0,0.0,0.0,24.95,0.852029,0.0,0.0,0.0
2020-08-25T04:46:12.592000Z,2020-08-25T04:46:13.301000Z,644.388,709.0,90.0,57.384,0.0,0.0,0.0,24.95,1.444967,0.0,0.0,0.0
2020-08-25T04:46:14.629000Z,2020-08-25T04:46:15.379000Z,905.965,750.0,76.0,79.196,0.0,0.0,0.0,24.95,0.890909,0.0,0.0,0.0
2020-08-25T04:46:16.486000Z,2020-08-25T04:46:17.217000Z,1006.107,731.0,84.0,55.202,0.0,0.0,0.0,24.95,0.66926,0.0,0.0,0.0
2020-08-25T04:46:18.612000Z,2020-08-25T04:46:19.062000Z,544.334,450.0,88.0,68.247,0.0,0.0,0.0,24.95,0.680913,0.0,0.0,0.0
2020-08-25T04:46:20.613000Z,2020-08-25T04:46:21.427000Z,1004.392,814.0,76.0,54.509,0.0,0.0,0.0,24.95,1.026189,0.0,0.0,0.0
2020-08-25T04:46:22.619000Z,2020-08-25T04:46:23.161000Z,654.699,542.0,84.0,50.594,0.0,0.0,0.0,24.95,1.717478,0.0,0.0,0.0
2020-08-25T04:46:24.657999Z,2020-08-25T04:46:25.128000Z,553.027,470.0,84.0,42.813,0.0,0.0,0.0,24.95,0.629926,0.0,0.0,0.0
2020-08-25T04:46:26.647000Z,2020-08-25T04:46:27.235000Z,680.971,588.0,72.0,37.072,0.0,0.0,0.0,24.95,1.323176,0.0,0.0,0.0
2020-08-25T04:46:28.651000Z,2020-08-25T04:46:29.353000Z,539.6,702.0,70.0,66.505,0.0,0.0,0.0,24.95,0.454974,0.0,0.0,0.0
2020-08-25T04:46:30.720000Z,2020-08-25T04:46:31.199000Z,469.37,479.0,70.0,144.677,0.0,0.0,0.0,24.95,0.373594,0.0,0.0,0.0
2020-08-25T04:46:32.657999Z,2020-08-25T04:46:33.155000Z,556.085,497.0,76.0,60.891,0.0,0.0,0.0,24.95,1.039488,0.0,0.0,0.0
2020-08-25T04:46:34.702000Z,2020-08-25T04:46:35.208000Z,579.603,506.0,80.0,38.761,0.0,0.0,0.0,24.95,0.632797,0.0,0.0,0.0
2020-08-25T04:46:36.676000Z,2020-08-25T04:46:37.088000Z,488.767,412.0,80.0,42.902,0.0,0.0,0.0,24.399,1.270872,0.0,0.0,0.0
2020-08-25T04:46:38.673999Z,2020-08-25T04:46:39.038000Z,438.773,364.0,74.0,74.724,0.0,0.0,0.0,24.399,0.634148,0.0,0.0,0.0
2020-08-25T04:46:40.552000Z,2020-08-25T04:46:41.233000Z,657.485,681.0,66.0,62.677,0.0,0.0,0.0,24.399,1.019915,0.0,0.0,0.0
2020-08-25T04:46:42.689000Z,2020-08-25T04:46:43.407000Z,691.221,718.0,58.0,48.187,0.0,0.0,0.0,24.399,0.762086,0.0,0.0,0.0
2020-08-25T04:46:44.722000Z,2020-08-25T04:46:45.646000Z,923.113,924.0,60.0,51.554,0.0,0.0,0.0,24.399,0.378042,0.0,0.0,0.0
2020-08-25T04:46:46.722000Z,2020-08-25T04:46:47.185000Z,530.211,463.0,70.0,49.915,0.0,0.0,0.0,24.399,1.211595,0.0,0.0,0.0
2020-08-25T04:46:48.761999Z,2020-08-25T04:46:49.249999Z,552.305,488.0,96.0,52.076,0.0,0.0,0.0,24.399,1.772129,0.0,0.0,0.0
2020-08-25T04:46:50.766000Z,2020-08-25T04:46:51.308000Z,713.976,542.0,76.0,48.717,0.0,0.0,0.0,24.399,1.398931,0.0,0.0,0.0
2020-08-25T04:46:52.809000Z,2020-08-25T04:46:53.528000Z,703.28,719.0,78.0,45.656,0.0,0.0,0.0,24.399,1.200015,0.0,0.0,0.0
2020-08-25T04:46:54.528000Z,2020-08-25T04:46:54.865000Z,398.738,337.0,76.0,55.695,0.0,0.0,0.0,24.399,0.570758,0.0,0.0,0.0
2020-08-25T04:46:56.797000Z,2020-08-25T04:46:57.219000Z,502.965,422.0,76.0,58.536,0.0,0.0,0.0,24.399,1.414237,0.0,0.0,0.0
2020-08-25T04:46:58.551000Z,2020-08-25T04:46:58.694000Z,167.943,143.0,76.0,44.83,0.0,0.0,0.0,24.399,0.396393,0.0,0.0,0.0
2020-08-25T04:47:00.545999Z,2020-08-25T04:47:00.708000Z,208.691,162.0,84.0,52.617,0.0,0.0,0.0,24.399,1.129435,0.0,0.0,0.0
2020-08-25T04:47:02.552000Z,2020-08-25T04:47:04.173000Z,1623.005,1621.0,92.0,64.627,0.0,0.0,0.0,24.399,1.200447,0.0,0.0,0.0
2020-08-25T04:47:04.598000Z,2020-08-25T04:47:05.401999Z,943.584,804.0,66.0,58.96,0.0,0.0,0.0,24.399,1.4206,0.0,0.0,0.0
2020-08-25T04:47:06.571000Z,2020-08-25T04:47:07.255000Z,798.8,684.0,76.0,43.221,0.0,0.0,0.0,24.399,0.682552,0.0,0.0,0.0
2020-08-25T04:47:08.570000Z,2020-08-25T04:47:09.217999Z,708.049,648.0,74.0,96.246,0.0,0.0,0.0,24.399,0.530876,0.0,0.0,0.0
2020-08-25T04:47:10.572000Z,2020-08-25T04:47:11.553000Z,951.53,981.0,66.0,60.421,0.0,0.0,0.0,24.399,1.36379,0.0,0.0,0.0
2020-08-25T04:47:12.626000Z,2020-08-25T04:47:13.417000Z,689.016,791.0,64.0,71.255,0.0,0.0,0.0,24.399,0.822934,0.0,0.0,0.0
2020-08-25T04:47:14.642000Z,2020-08-25T04:47:15.437000Z,664.774,795.0,68.0,60.451,0.0,0.0,0.0,24.399,0.791078,0.0,0.0,0.0
2020-08-25T04:47:16.665000Z,2020-08-25T04:47:17.137000Z,487.207,472.0,76.0,43.042,0.0,0.0,0.0,24.399,1.508075,0.0,0.0,0.0
2020-08-25T04:47:18.655000Z,2020-08-25T04:47:19.243000Z,660.689,588.0,84.0,59.534,0.0,0.0,0.0,24.399,1.151522,0.0,0.0,0.0
2020-08-25T04:47:20.665000Z,2020-08-25T04:47:21.287000Z,772.995,622.0,82.0,52.777,0.0,0.0,0.0,24.399,1.494027,0.0,0.0,0.0
2020-08-25T04:47:22.668000Z,2020-08-25T04:47:23.633000Z,1219.773,965.0,84.0,55.791,0.0,0.0,0.0,24.399,1.828075,0.0,0.0,0.0
2020-08-25T04:47:24.684000Z,2020-08-25T04:47:25.472000Z,939.779,788.0,80.0,50.58,0.0,0.0,0.0,24.399,0.844304,0.0,0.0,0.0
2020-08-25T04:47:26.719000Z,2020-08-25T04:47:28.351000Z,1965.456,1632.0,76.0,49.142,0.0,0.0,0.0,24.399,0.636001,0.0,0.0,0.0
2020-08-25T04:47:28.699000Z,2020-08-25T04:47:29.800000Z,1447.6,1101.0,82.0,46.267,0.0,0.0,0.0,24.399,1.169911,0.0,0.0,0.0
2020-08-25T04:47:30.704000Z,2020-08-25T04:47:32.150000Z,1705.982,1446.0,86.0,61.821,0.0,0.0,0.0,24.399,0.96914,0.0,0.0,0.0
2020-08-25T04:47:32.735000Z,2020-08-25T04:47:34.087000Z,1434.936,1352.0,68.0,53.092,0.0,0.0,0.0,24.399,0.623214,0.0,0.0,0.0
2020-08-25T04:47:34.721000Z,2020-08-25T04:47:36.657999Z,2253.807,1937.0,70.0,48.366,0.0,0.0,0.0,24.399,1.124162,0.0,0.0,0.0
2020-08-25T04:47:36.660000Z,2020-08-25T04:47:37.686000Z,1192.525,1026.0,78.0,69.441,0.0,0.0,0.0,24.399,0.981439,0.0,0.0,0.0
2020-08-25T04:47:38.736000Z,2020-08-25T04:47:40.041999Z,1538.02,1306.0,74.0,57.343,0.0,0.0,0.0,24.399,0.795168,0.0,0.0,0.0
2020-08-25T04:47:40.752000Z,2020-08-25T04:47:41.991000Z,1887.454,1239.0,82.0,40.91,0.0,0.0,0.0,24.273,0.844798,0.0,0.0,0.0
2020-08-25T04:47:42.776000Z,2020-08-25T04:47:43.092000Z,480.96,316.0,100.0,51.154,0.0,0.0,0.0,24.273,0.770189,0.0,0.0,0.0
2020-08-25T04:47:44.761999Z,2020-08-25T04:47:45.233000Z,563.271,471.0,114.0,60.529,0.0,0.0,0.0,24.273,1.103569,0.0,0.0,0.0
2020-08-25T04:47:46.772000Z,2020-08-25T04:47:47.221000Z,606.239,449.0,114.0,54.66,0.0,0.0,0.0,24.273,1.371591,0.0,0.0,0.0
2020-08-25T04:47:48.771000Z,2020-08-25T04:47:49.179000Z,618.159,408.0,94.0,57.797,0.0,0.0,0.0,24.273,1.049818,0.0,0.0,0.0
2020-08-25T04:47:50.778000Z,2020-08-25T04:47:51.190000Z,704.99,412.0,92.0,45.453,0.0,0.0,0.0,24.273,1.94766,0.0,0.0,0.0
2020-08-25T04:47:52.635000Z,2020-08-25T04:47:53.141000Z,1089.15,506.0,134.0,72.666,0.0,0.0,0.0,24.273,0.8834,0.0,0.0,0.0
2020-08-25T04:47:54.792000Z,2020-08-25T04:47:55.493000Z,1199.444,701.0,126.0,76.717,0.0,0.0,0.0,24.273,1.469816,0.0,0.0,0.0
2020-08-25T04:47:56.823000Z,2020-08-25T04:47:57.487000Z,1101.269,664.0,152.0,84.068,0.0,0.0,0.0,24.273,2.435196,0.0,0.0,0.0
2020-08-25T04:47:58.636000Z,2020-08-25T04:47:59.483000Z,762.877,847.0,146.0,60.702,0.0,0.0,0.0,24.273,1.793983,0.0,0.0,0.0
2020-08-25T04:48:00.644000Z,2020-08-25T04:48:01.105999Z,939.435,462.0,144.0,124.263,0.0,0.0,0.0,24.273,1.145123,0.0,0.0,0.0
2020-08-25T04:48:02.654000Z,2020-08-25T04:48:03.048000Z,736.166,394.0,132.0,41.134,0.0,0.0,0.0,24.273,2.716725,0.0,0.0,0.0
2020-08-25T04:48:04.642000Z,2020-08-25T04:48:04.992000Z,764.122,350.0,136.0,71.165,0.0,0.0,0.0,24.273,2.451806,0.0,0.0,0.0
2020-08-25T04:48:06.645000Z,2020-08-25T04:48:06.941000Z,622.9,296.0,138.0,47.43,0.0,0.0,0.0,24.273,2.409092,0.0,0.0,0.0
2020-08-25T04:48:08.668000Z,2020-08-25T04:48:09.001000Z,600.52,333.0,138.0,63.425,0.0,0.0,0.0,24.273,2.003817,0.0,0.0,0.0
2020-08-25T04:48:10.669000Z,2020-08-25T04:48:11.148000Z,603.929,479.0,114.0,70.884,0.0,0.0,0.0,24.273,0.980629,0.0,0.0,0.0
2020-08-25T04:48:12.710000Z,2020-08-25T04:48:13.456000Z,1441.883,746.0,112.0,66.349,0.0,0.0,0.0,24.273,1.029455,0.0,0.0,0.0
2020-08-25T04:48:14.741000Z,2020-08-25T04:48:15.051000Z,555.562,310.0,140.0,72.947,0.0,0.0,0.0,24.273,0.579142,0.0,0.0,0.0
2020-08-25T04:48:16.708000Z,2020-08-25T04:48:17.655000Z,778.742,947.0,132.0,47.696,0.0,0.0,0.0,24.273,0.056593,0.0,0.0,0.0
2020-08-25T04:48:18.780000Z,2020-08-25T04:48:19.271000Z,779.902,491.0,134.0,180.664,0.0,0.0,0.0,24.273,0.107078,0.0,0.0,0.0
2020-08-25T04:48:20.712000Z,2020-08-25T04:48:21.317000Z,784.867,605.0,136.0,61.361,0.0,0.0,0.0,24.273,1.548934,0.0,0.0,0.0
2020-08-25T04:48:22.733000Z,2020-08-25T04:48:23.214000Z,634.489,481.0,136.0,61.782,0.0,0.0,0.0,24.273,1.478913,0.0,0.0,0.0
2020-08-25T04:48:24.797000Z,2020-08-25T04:48:25.231000Z,697.066,434.0,116.0,53.268,0.0,0.0,0.0,24.273,0.597143,0.0,0.0,0.0
2020-08-25T04:48:26.748000Z,2020-08-25T04:48:27.420000Z,955.683,672.0,98.0,43.78,0.0,0.0,0.0,24.273,1.080599,0.0,0.0,0.0
2020-08-25T04:48:28.757000Z,2020-08-25T04:48:29.597000Z,1223.173,840.0,86.0,61.754,0.0,0.0,0.0,24.273,1.499688,0.0,0.0,0.0
2020-08-25T04:48:30.833000Z,2020-08-25T04:48:31.662000Z,1172.458,829.0,90.0,51.552,0.0,0.0,0.0,24.273,1.268757,0.0,0.0,0.0
2020-08-25T04:48:32.774000Z,2020-08-25T04:48:33.324000Z,757.156,550.0,96.0,36.91,0.0,0.0,0.0,24.273,1.947795,0.0,0.0,0.0
2020-08-25T04:48:34.916000Z,2020-08-25T04:48:35.319000Z,672.813,403.0,110.0,46.343,0.0,0.0,0.0,24.273,1.370755,0.0,0.0,0.0
2020-08-25T04:48:36.876000Z,2020-08-25T04:48:37.359000Z,700.049,483.0,108.0,44.387,0.0,0.0,0.0,24.273,1.364131,0.0,0.0,0.0
2020-08-25T04:48:38.636999Z,2020-08-25T04:48:39.000000Z,539.108,363.0,104.0,54.292,0.0,0.0,0.0,24.273,1.067357,0.0,0.0,0.0
2020-08-25T04:48:40.951000Z,2020-08-25T04:48:41.457000Z,502.231,506.0,104.0,37.966,0.0,0.0,0.0,24.273,1.554609,0.0,0.0,0.0
2020-08-25T04:48:42.648000Z,2020-08-25T04:48:43.237000Z,795.557,589.0,86.0,48.821,0.0,0.0,0.0,24.273,0.914637,0.0,0.0,0.0
2020-08-25T04:48:44.648000Z,2020-08-25T04:48:45.150000Z,770.401,502.0,84.0,40.526,0.0,0.0,0.0,24.273,1.405561,0.0,0.0,0.0
2020-08-25T04:48:46.675000Z,2020-08-25T04:48:47.091000Z,628.32,416.0,86.0,64.242,0.0,0.0,0.0,24.273,1.029153,0.0,0.0,0.0
2020-08-25T04:48:48.929000Z,2020-08-25T04:48:49.438000Z,804.897,509.0,94.0,50.416,0.0,0.0,0.0,24.273,0.649679,0.0,0.0,0.0
2020-08-25T04:48:50.667000Z,2020-08-25T04:48:50.896000Z,258.89,229.0,90.0,40.566,0.0,0.0,0.0,24.273,1.465802,0.0,0.0,0.0
2020-08-25T04:48:52.663000Z,2020-08-25T04:48:52.849999Z,277.243,187.0,90.0,44.826,0.0,0.0,0.0,24.273,2.03935,0.0,0.0,0.0
2020-08-25T04:48:54.685000Z,2020-08-25T04:48:55.505000Z,1097.912,820.0,90.0,54.069,0.0,0.0,0.0,24.273,1.635935,0.0,0.0,0.0
2020-08-25T04:48:56.678000Z,2020-08-25T04:48:57.232000Z,718.122,554.0,88.0,45.292,0.0,0.0,0.0,24.273,2.012783,0.0,0.0,0.0
2020-08-25T04:48:58.682000Z,2020-08-25T04:48:59.293000Z,776.21,611.0,88.0,73.395,0.0,0.0,0.0,24.273,1.223339,0.0,0.0,0.0
2020-08-25T04:49:00.715000Z,2020-08-25T04:49:01.491000Z,1037.426,776.0,80.0,41.841,0.0,0.0,0.0,24.273,0.942773,0.0,0.0,0.0
2020-08-25T04:49:02.699000Z,2020-08-25T04:49:03.377999Z,812.658,679.0,82.0,39.422,0.0,0.0,0.0,24.273,1.695866,0.0,0.0,0.0
2020-08-25T04:49:04.721000Z,2020-08-25T04:49:05.467000Z,813.45,746.0,98.0,59.3,0.0,0.0,0.0,24.273,1.946945,0.0,0.0,0.0
2020-08-25T04:49:06.708999Z,2020-08-25T04:49:07.561999Z,760.135,853.0,64.0,134.131,0.0,0.0,0.0,24.273,0.668923,0.0,0.0,0.0
2020-08-25T04:49:08.715000Z,2020-08-25T04:49:09.748000Z,877.391,1033.0,52.0,65.945,0.0,0.0,0.0,24.273,0.426924,0.0,0.0,0.0
2020-08-25T04:49:10.726000Z,2020-08-25T04:49:11.804000Z,1011.275,1078.0,66.0,55.2,0.0,0.0,0.0,24.273,1.16603,0.0,0.0,0.0
2020-08-25T04:49:12.728999Z,2020-08-25T04:49:13.555000Z,857.046,826.0,58.0,49.838,0.0,0.0,0.0,24.273,1.372157,0.0,0.0,0.0
2020-08-25T04:49:14.737000Z,2020-08-25T04:49:15.455000Z,839.59,718.0,70.0,46.554,0.0,0.0,0.0,24.273,0.913243,0.0,0.0,0.0
2020-08-25T04:49:16.755000Z,2020-08-25T04:49:17.350000Z,739.998,595.0,80.0,51.821,0.0,0.0,0.0,24.273,1.136486,0.0,0.0,0.0
2020-08-25T04:49:18.775000Z,2020-08-25T04:49:19.342000Z,852.013,567.0,90.0,47.949,0.0,0.0,0.0,24.273,0.830892,0.0,0.0,0.0
2020-08-25T04:49:20.780000Z,2020-08-25T04:49:21.246000Z,711.544,466.0,88.0,53.017,0.0,0.0,0.0,24.273,0.959613,0.0,0.0,0.0
2020-08-25T04:49:22.784000Z,2020-08-25T04:49:23.389000Z,791.368,605.0,86.0,61.934,0.0,0.0,0.0,24.273,1.634035,0.0,0.0,0.0
2020-08-25T04:49:24.790000Z,2020-08-25T04:49:25.399000Z,778.559,609.0,84.0,62.755,0.0,0.0,0.0,24.273,0.895898,0.0,0.0,0.0
2020-08-25T04:49:26.826000Z,2020-08-25T04:49:27.646000Z,883.524,820.0,92.0,36.492,0.0,0.0,0.0,24.273,1.800629,0.0,0.0,0.0
2020-08-25T04:49:28.722000Z,2020-08-25T04:49:29.473999Z,645.883,752.0,92.0,90.66,0.0,0.0,0.0,24.273,1.076306,0.0,0.0,0.0
2020-08-25T04:49:30.811000Z,2020-08-25T04:49:31.588000Z,712.775,777.0,92.0,111.677,0.0,0.0,0.0,24.273,0.865536,0.0,0.0,0.0
2020-08-25T04:49:32.816000Z,2020-08-25T04:49:33.801999Z,695.401,986.0,70.0,53.918,0.0,0.0,0.0,24.273,1.156077,0.0,0.0,0.0
2020-08-25T04:49:34.838000Z,2020-08-25T04:49:35.327000Z,618.552,489.0,80.0,56.93,0.0,0.0,0.0,24.273,1.073924,0.0,0.0,0.0
2020-08-25T04:49:36.850000Z,2020-08-25T04:49:37.516000Z,586.178,666.0,66.0,43.517,0.0,0.0,0.0,24.104,0.911141,0.0,0.0,0.0
2020-08-25T04:49:38.851000Z,2020-08-25T04:49:39.411000Z,636.744,560.0,70.0,82.052,0.0,0.0,0.0,24.104,0.729317,0.0,0.0,0.0
2020-08-25T04:49:40.855000Z,2020-08-25T04:49:41.463000Z,656.166,608.0,70.0,55.217,0.0,0.0,0.0,24.104,0.191737,0.0,0.0,0.0
2020-08-25T04:49:42.878000Z,2020-08-25T04:49:43.352000Z,607.732,474.0,64.0,47.799,0.0,0.0,0.0,24.104,0.397412,0.0,0.0,0.0
2020-08-25T04:49:44.860000Z,2020-08-25T04:49:45.638000Z,605.522,778.0,68.0,59.006,0.0,0.0,0.0,24.104,0.849931,0.0,0.0,0.0
2020-08-25T04:49:46.878000Z,2020-08-25T04:49:47.422000Z,575.372,544.0,72.0,45.622,0.0,0.0,0.0,24.104,1.350159,0.0,0.0,0.0
2020-08-25T04:49:48.872000Z,2020-08-25T04:49:49.337999Z,514.717,466.0,66.0,56.514,0.0,0.0,0.0,24.104,1.073134,0.0,0.0,0.0
2020-08-25T04:49:50.876000Z,2020-08-25T04:49:51.429000Z,573.616,553.0,60.0,39.519,0.0,0.0,0.0,24.104,1.169394,0.0,0.0,0.0
2020-08-25T04:49:52.883000Z,2020-08-25T04:49:53.577000Z,601.38,694.0,60.0,34.379,0.0,0.0,0.0,24.104,1.248574,0.0,0.0,0.0
2020-08-25T04:49:54.884000Z,2020-08-25T04:49:55.485000Z,622.265,601.0,62.0,64.95,0.0,0.0,0.0,24.104,0.390499,0.0,0.0,0.0
2020-08-25T04:49:56.937000Z,2020-08-25T04:49:57.537000Z,608.295,600.0,66.0,33.528,0.0,0.0,0.0,24.104,1.490869,0.0,0.0,0.0
2020-08-25T04:49:58.896000Z,2020-08-25T04:49:59.721000Z,646.436,825.0,66.0,59.295,0.0,0.0,0.0,24.104,0.509776,0.0,0.0,0.0
2020-08-25T04:50:00.909000Z,2020-08-25T04:50:01.537000Z,619.407,628.0,56.0,51.498,0.0,0.0,0.0,24.104,1.347455,0.0,0.0,0.0
2020-08-25T04:50:02.907000Z,2020-08-25T04:50:03.525000Z,610.189,618.0,60.0,64.54,0.0,0.0,0.0,24.104,0.819118,0.0,0.0,0.0
2020-08-25T04:50:04.922000Z,2020-08-25T04:50:05.415000Z,667.684,493.0,68.0,46.908,0.0,0.0,0.0,24.104,1.41301,0.0,0.0,0.0
2020-08-25T04:50:06.956000Z,2020-08-25T04:50:07.475000Z,682.868,519.0,4.0,38.456,0.0,0.0,0.0,24.104,0.391196,0.0,0.0,0.0
2020-08-25T04:50:08.929000Z,2020-08-25T04:50:09.443000Z,621.098,514.0,88.0,48.941,0.0,0.0,0.0,24.104,0.906219,0.0,0.0,0.0
2020-08-25T04:50:10.961000Z,2020-08-25T04:50:11.592000Z,620.533,631.0,90.0,74.052,0.0,0.0,0.0,24.104,0.872484,0.0,0.0,0.0
2020-08-25T04:50:12.945000Z,2020-08-25T04:50:13.561000Z,608.535,616.0,90.0,66.087,0.0,0.0,0.0,24.104,0.90586,0.0,0.0,0.0
2020-08-25T04:50:14.947000Z,2020-08-25T04:50:15.439000Z,689.71,492.0,88.0,58.365,0.0,0.0,0.0,24.104,0.266343,0.0,0.0,0.0
2020-08-25T04:50:16.949000Z,2020-08-25T04:50:17.325000Z,599.418,376.0,86.0,34.999,0.0,0.0,0.0,24.104,1.293225,0.0,0.0,0.0
2020-08-25T04:50:18.956000Z,2020-08-25T04:50:19.365000Z,659.272,409.0,96.0,57.374,0.0,0.0,0.0,24.104,1.667457,0.0,0.0,0.0
2020-08-25T04:50:20.968999Z,2020-08-25T04:50:21.435000Z,643.707,466.0,112.0,35.883,0.0,0.0,0.0,24.104,2.366854,0.0,0.0,0.0
2020-08-25T04:50:22.965000Z,2020-08-25T04:50:23.368000Z,651.898,403.0,108.0,41.607,0.0,0.0,0.0,24.104,1.950374,0.0,0.0,0.0
2020-08-25T04:50:24.971000Z,2020-08-25T04:50:25.388000Z,679.94,417.0,102.0,59.741,0.0,0.0,0.0,24.104,1.371219,0.0,0.0,0.0
2020-08-25T04:50:26.972000Z,2020-08-25T04:50:27.393000Z,682.178,421.0,108.0,42.346,0.0,0.0,0.0,24.104,1.220635,0.0,0.0,0.0
2020-08-25T04:50:28.982000Z,2020-08-25T04:50:29.427000Z,703.597,445.0,108.0,91.523,0.0,0.0,0.0,24.104,1.392096,0.0,0.0,0.0
2020-08-25T04:50:30.845000Z,2020-08-25T04:50:31.288000Z,654.841,443.0,100.0,74.249,0.0,0.0,0.0,24.104,1.014783,0.0,0.0,0.0
2020-08-25T04:50:32.998000Z,2020-08-25T04:50:33.798000Z,547.143,800.0,96.0,53.281,0.0,0.0,0.0,24.104,1.14316,0.0,0.0,0.0
2020-08-25T04:50:34.748000Z,2020-08-25T04:50:35.156000Z,542.636,408.0,104.0,112.303,0.0,0.0,0.0,24.104,1.220606,0.0,0.0,0.0
2020-08-25T04:50:37.005000Z,2020-08-25T04:50:37.633999Z,657.183,629.0,80.0,60.231,0.0,0.0,0.0,24.104,1.20187,0.0,0.0,0.0
2020-08-25T04:50:38.763000Z,2020-08-25T04:50:39.353999Z,640.238,591.0,76.0,90.269,0.0,0.0,0.0,24.104,0.833059,0.0,0.0,0.0
2020-08-25T04:50:41.015000Z,2020-08-25T04:50:41.633000Z,721.869,618.0,72.0,68.152,0.0,0.0,0.0,24.104,1.170367,0.0,0.0,0.0
2020-08-25T04:50:43.021000Z,2020-08-25T04:50:43.756000Z,699.295,735.0,76.0,57.558,0.0,0.0,0.0,24.104,1.192644,0.0,0.0,0.0
2020-08-25T04:50:44.798000Z,2020-08-25T04:50:45.625000Z,670.169,827.0,82.0,84.581,0.0,0.0,0.0,24.104,0.082236,0.0,0.0,0.0
2020-08-25T04:50:46.797000Z,2020-08-25T04:50:47.441999Z,660.657,645.0,70.0,65.62,0.0,0.0,0.0,24.104,1.138068,0.0,0.0,0.0
2020-08-25T04:50:48.801000Z,2020-08-25T04:50:49.464000Z,683.096,663.0,72.0,90.737,0.0,0.0,0.0,24.104,0.981546,0.0,0.0,0.0
2020-08-25T04:50:50.827000Z,2020-08-25T04:50:51.398000Z,648.461,571.0,76.0,57.421,0.0,0.0,0.0,24.104,0.906476,0.0,0.0,0.0
2020-08-25T04:50:52.838000Z,2020-08-25T04:50:53.567000Z,525.449,729.0,68.0,49.697,0.0,0.0,0.0,24.104,0.787799,0.0,0.0,0.0
2020-08-25T04:50:54.820999Z,2020-08-25T04:50:55.524000Z,544.692,703.0,66.0,71.538,0.0,0.0,0.0,24.104,0.889943,0.0,0.0,0.0
2020-08-25T04:50:56.853000Z,2020-08-25T04:50:57.437000Z,637.661,584.0,4.0,61.246,0.0,0.0,0.0,24.104,0.493992,0.0,0.0,0.0
2020-08-25T04:50:58.830000Z,2020-08-25T04:50:59.448000Z,704.608,618.0,76.0,70.627,0.0,0.0,0.0,24.104,0.789084,0.0,0.0,0.0
2020-08-25T04:51:00.833999Z,2020-08-25T04:51:01.740000Z,693.317,906.0,68.0,47.2,0.0,0.0,0.0,24.104,0.97864,0.0,0.0,0.0
2020-08-25T04:51:02.876999Z,2020-08-25T04:51:03.849000Z,695.123,972.0,48.0,60.756,0.0,0.0,0.0,24.104,0.365596,0.0,0.0,0.0
2020-08-25T04:51:04.844000Z,2020-08-25T04:51:05.753000Z,750.181,909.0,56.0,62.961,0.0,0.0,0.0,24.104,0.645778,0.0,0.0,0.0
2020-08-25T04:51:06.860000Z,2020-08-25T04:51:07.535000Z,656.082,675.0,66.0,38.143,0.0,0.0,0.0,24.104,1.280348,0.0,0.0,0.0
2020-08-25T04:51:08.870000Z,2020-08-25T04:51:09.424000Z,666.376,554.0,68.0,49.455,0.0,0.0,0.0,24.104,0.238793,0.0,0.0,0.0
2020-08-25T04:51:10.868000Z,2020-08-25T04:51:11.435000Z,692.112,567.0,72.0,46.544,0.0,0.0,0.0,24.104,1.478469,0.0,0.0,0.0
2020-08-25T04:51:12.897999Z,2020-08-25T04:51:13.440000Z,663.339,542.0,72.0,53.098,0.0,0.0,0.0,24.104,1.251088,0.0,0.0,0.0
2020-08-25T04:51:14.884000Z,2020-08-25T04:51:15.484000Z,652.809,600.0,72.0,49.183,0.0,0.0,0.0,24.104,0.901891,0.0,0.0,0.0
2020-08-25T04:51:16.900000Z,2020-08-25T04:51:17.654000Z,650.848,754.0,4.0,67.504,0.0,0.0,0.0,24.104,0.286863,0.0,0.0,0.0
2020-08-25T04:51:18.908000Z,2020-08-25T04:51:19.577999Z,682.285,670.0,62.0,99.021,0.0,0.0,0.0,24.104,0.467589,0.0,0.0,0.0
2020-08-25T04:51:20.904000Z,2020-08-25T04:51:21.503000Z,672.595,599.0,60.0,44.792,0.0,0.0,0.0,24.073,0.873205,0.0,0.0,0.0
2020-08-25T04:51:22.919000Z,2020-08-25T04:51:23.289000Z,478.403,370.0,66.0,46.29,0.0,0.0,0.0,24.073,0.43689,0.0,0.0,0.0
2020-08-25T04:51:24.919000Z,2020-08-25T04:51:25.469000Z,500.159,550.0,72.0,58.036,0.0,0.0,0.0,24.073,0.987807,0.0,0.0,0.0
2020-08-25T04:51:26.922000Z,2020-08-25T04:51:27.533000Z,581.572,611.0,66.0,64.699,0.0,0.0,0.0,24.073,0.545628,0.0,0.0,0.0
2020-08-25T04:51:28.974000Z,2020-08-25T04:51:29.959000Z,682.0,985.0,60.0,53.602,0.0,0.0,0.0,24.073,0.632192,0.0,0.0,0.0
2020-08-25T04:51:30.965000Z,2020-08-25T04:51:31.551000Z,600.223,586.0,58.0,55.168,0.0,0.0,0.0,24.073,0.559454,0.0,0.0,0.0
2020-08-25T04:51:32.963000Z,2020-08-25T04:51:33.598000Z,600.448,635.0,64.0,43.806,0.0,0.0,0.0,24.073,0.840398,0.0,0.0,0.0
2020-08-25T04:51:34.960000Z,2020-08-25T04:51:35.556000Z,612.364,596.0,64.0,52.761,0.0,0.0,0.0,24.073,1.431892,0.0,0.0,0.0
2020-08-25T04:51:36.962000Z,2020-08-25T04:51:37.407000Z,542.3,445.0,64.0,41.965,0.0,0.0,0.0,24.073,0.651954,0.0,0.0,0.0
2020-08-25T04:51:38.968000Z,2020-08-25T04:51:39.631000Z,692.87,663.0,68.0,51.8,0.0,0.0,0.0,24.073,1.472474,0.0,0.0,0.0
2020-08-25T04:51:40.969999Z,2020-08-25T04:51:41.447000Z,662.089,477.0,72.0,55.731,0.0,0.0,0.0,24.073,0.737449,0.0,0.0,0.0
2020-08-25T04:51:43.008999Z,2020-08-25T04:51:43.432000Z,684.322,423.0,94.0,78.848,0.0,0.0,0.0,24.073,0.96798,0.0,0.0,0.0
2020-08-25T04:51:44.980000Z,2020-08-25T04:51:45.389000Z,609.343,409.0,96.0,44.653,0.0,0.0,0.0,24.073,1.127642,0.0,0.0,0.0
2020-08-25T04:51:46.992000Z,2020-08-25T04:51:47.517000Z,626.459,525.0,96.0,62.934,0.0,0.0,0.0,24.073,1.353256,0.0,0.0,0.0
2020-08-25T04:51:48.998000Z,2020-08-25T04:51:49.455000Z,645.912,457.0,104.0,47.683,0.0,0.0,0.0,24.073,0.922803,0.0,0.0,0.0
2020-08-25T04:51:51.004000Z,2020-08-25T04:51:51.544000Z,625.159,540.0,104.0,51.449,0.0,0.0,0.0,24.073,1.171799,0.0,0.0,0.0
2020-08-25T04:51:53.068000Z,2020-08-25T04:51:53.575000Z,654.209,507.0,78.0,45.154,0.0,0.0,0.0,24.073,1.121309,0.0,0.0,0.0
2020-08-25T04:51:55.024000Z,2020-08-25T04:51:55.459000Z,606.911,435.0,76.0,48.705,0.0,0.0,0.0,24.073,0.757137,0.0,0.0,0.0
2020-08-25T04:51:57.051000Z,2020-08-25T04:51:57.511000Z,630.081,460.0,82.0,37.847,0.0,0.0,0.0,24.073,1.481317,0.0,0.0,0.0
2020-08-25T04:51:59.029000Z,2020-08-25T04:51:59.521999Z,643.517,493.0,88.0,53.787,0.0,0.0,0.0,24.073,0.668638,0.0,0.0,0.0
2020-08-25T04:52:01.044000Z,2020-08-25T04:52:01.569000Z,630.354,525.0,88.0,41.766,0.0,0.0,0.0,24.073,0.97815,0.0,0.0,0.0
2020-08-25T04:52:03.072000Z,2020-08-25T04:52:03.805000Z,682.93,733.0,84.0,46.221,0.0,0.0,0.0,24.073,0.765844,0.0,0.0,0.0
2020-08-25T04:52:04.833999Z,2020-08-25T04:52:05.548000Z,717.134,714.0,76.0,103.222,0.0,0.0,0.0,24.073,0.695563,0.0,0.0,0.0
2020-08-25T04:52:06.993000Z,2020-08-25T04:52:07.623000Z,547.059,630.0,52.0,49.185,0.0,0.0,0.0,24.073,0.637276,0.0,0.0,0.0
2020-08-25T04:52:09.110000Z,2020-08-25T04:52:09.654000Z,470.661,544.0,52.0,51.363,0.0,0.0,0.0,24.073,1.0003,0.0,0.0,0.0
2020-08-25T04:52:11.094000Z,2020-08-25T04:52:11.888000Z,536.387,794.0,52.0,69.97,0.0,0.0,0.0,24.073,0.517818,0.0,0.0,0.0
2020-08-25T04:52:12.860999Z,2020-08-25T04:52:13.377999Z,517.171,517.0,64.0,42.306,0.0,0.0,0.0,24.073,1.132644,0.0,0.0,0.0
2020-08-25T04:52:15.171000Z,2020-08-25T04:52:15.679000Z,517.04,508.0,68.0,59.792,0.0,0.0,0.0,24.073,0.618013,0.0,0.0,0.0
2020-08-25T04:52:16.904000Z,2020-08-25T04:52:17.644000Z,638.434,740.0,68.0,63.195,0.0,0.0,0.0,24.073,1.039447,0.0,0.0,0.0
2020-08-25T04:52:18.872000Z,2020-08-25T04:52:19.669000Z,615.151,797.0,50.0,58.086,0.0,0.0,0.0,24.073,0.323432,0.0,0.0,0.0
2020-08-25T04:52:20.897999Z,2020-08-25T04:52:21.620000Z,650.691,722.0,46.0,58.92,0.0,0.0,0.0,24.073,0.48277,0.0,0.0,0.0
2020-08-25T04:52:23.143000Z,2020-08-25T04:52:23.998000Z,608.72,855.0,56.0,44.94,0.0,0.0,0.0,24.073,1.070702,0.0,0.0,0.0
2020-08-25T04:52:24.886000Z,2020-08-25T04:52:25.921000Z,841.546,1035.0,52.0,52.53,0.0,0.0,0.0,24.073,1.013668,0.0,0.0,0.0
2020-08-25T04:52:26.895000Z,2020-08-25T04:52:27.846000Z,865.333,951.0,50.0,55.666,0.0,0.0,0.0,24.073,1.065313,0.0,0.0,0.0
2020-08-25T04:52:28.918000Z,2020-08-25T04:52:29.711000Z,778.153,793.0,56.0,46.243,0.0,0.0,0.0,24.073,0.696058,0.0,0.0,0.0
2020-08-25T04:52:30.945999Z,2020-08-25T04:52:31.781000Z,796.59,835.0,56.0,50.796,0.0,0.0,0.0,24.032,0.442961,0.0,0.0,0.0
2020-08-25T04:52:32.920000Z,2020-08-25T04:52:33.819000Z,620.368,899.0,58.0,45.601,0.0,0.0,0.0,23.269,0.695152,0.0,0.0,0.0
2020-08-25T04:52:34.972000Z,2020-08-25T04:52:35.801999Z,753.452,830.0,52.0,82.807,0.0,0.0,0.0,23.269,0.287558,0.0,0.0,0.0
2020-08-25T04:52:36.987000Z,2020-08-25T04:52:37.624000Z,724.252,637.0,64.0,45.794,0.0,0.0,0.0,23.269,0.654909,0.0,0.0,0.0
2020-08-25T04:52:38.985000Z,2020-08-25T04:52:39.441999Z,677.982,457.0,74.0,61.721,0.0,0.0,0.0,23.269,0.661923,0.0,0.0,0.0
2020-08-25T04:52:40.985999Z,2020-08-25T04:52:41.477000Z,715.539,491.0,88.0,49.129,0.0,0.0,0.0,23.269,1.763043,0.0,0.0,0.0
2020-08-25T04:52:43.014000Z,2020-08-25T04:52:43.433999Z,653.72,420.0,84.0,38.47,0.0,0.0,0.0,23.269,1.057971,0.0,0.0,0.0
2020-08-25T04:52:44.996000Z,2020-08-25T04:52:45.483000Z,619.973,487.0,124.0,35.293,0.0,0.0,0.0,23.269,2.865058,0.0,0.0,0.0
2020-08-25T04:52:47.015000Z,2020-08-25T04:52:47.377000Z,638.349,362.0,124.0,49.451,0.0,0.0,0.0,23.269,2.111182,0.0,0.0,0.0
2020-08-25T04:52:49.010000Z,2020-08-25T04:52:49.303000Z,622.76,293.0,120.0,37.031,0.0,0.0,0.0,23.269,1.553477,0.0,0.0,0.0
2020-08-25T04:52:51.010000Z,2020-08-25T04:52:51.317000Z,621.484,307.0,136.0,52.654,0.0,0.0,0.0,23.269,2.898075,0.0,0.0,0.0
2020-08-25T04:52:53.018000Z,2020-08-25T04:52:53.300000Z,603.998,282.0,136.0,33.59,0.0,0.0,0.0,23.269,2.559607,0.0,0.0,0.0
2020-08-25T04:52:55.028000Z,2020-08-25T04:52:55.349000Z,566.563,321.0,136.0,35.765,0.0,0.0,0.0,23.269,1.962757,0.0,0.0,0.0
2020-08-25T04:52:57.080000Z,2020-08-25T04:52:57.588000Z,592.54,508.0,136.0,58.158,0.0,0.0,0.0,23.269,2.937225,0.0,0.0,0.0
2020-08-25T04:52:59.037000Z,2020-08-25T04:52:59.395000Z,683.778,358.0,140.0,52.01,0.0,0.0,0.0,23.269,2.057131,0.0,0.0,0.0
2020-08-25T04:53:01.053000Z,2020-08-25T04:53:01.421000Z,726.19,368.0,148.0,69.498,0.0,0.0,0.0,23.269,2.425568,0.0,0.0,0.0
2020-08-25T04:53:03.049000Z,2020-08-25T04:53:03.415000Z,755.303,366.0,148.0,65.398,0.0,0.0,0.0,23.269,2.598641,0.0,0.0,0.0
2020-08-25T04:53:05.049000Z,2020-08-25T04:53:05.497999Z,568.042,449.0,146.0,46.942,0.0,0.0,0.0,23.269,1.466643,0.0,0.0,0.0
2020-08-25T04:53:07.067000Z,2020-08-25T04:53:07.600000Z,671.752,533.0,146.0,94.306,0.0,0.0,0.0,23.269,1.46176,0.0,0.0,0.0
2020-08-25T04:53:09.085000Z,2020-08-25T04:53:09.440000Z,646.781,355.0,122.0,34.775,0.0,0.0,0.0,23.269,1.754217,0.0,0.0,0.0
2020-08-25T04:53:11.074000Z,2020-08-25T04:53:11.488000Z,651.449,414.0,122.0,43.914,0.0,0.0,0.0,23.269,1.488133,0.0,0.0,0.0
2020-08-25T04:53:13.078000Z,2020-08-25T04:53:13.441000Z,660.4,363.0,106.0,55.207,0.0,0.0,0.0,23.269,0.959675,0.0,0.0,0.0
2020-08-25T04:53:15.090000Z,2020-08-25T04:53:15.488000Z,629.92,398.0,106.0,50.766,0.0,0.0,0.0,23.269,1.301803,0.0,0.0,0.0
2020-08-25T04:53:17.113000Z,2020-08-25T04:53:17.476000Z,618.785,363.0,98.0,41.195,0.0,0.0,0.0,23.269,0.085094,0.0,0.0,0.0
2020-08-25T04:53:19.095000Z,2020-08-25T04:53:19.436000Z,624.464,341.0,114.0,40.536,0.0,0.0,0.0,23.269,1.00062,0.0,0.0,0.0
2020-08-25T04:53:21.104000Z,2020-08-25T04:53:21.503000Z,595.642,399.0,120.0,67.261,0.0,0.0,0.0,23.269,2.19025,0.0,0.0,0.0
2020-08-25T04:53:23.107000Z,2020-08-25T04:53:23.467000Z,583.56,360.0,114.0,55.137,0.0,0.0,0.0,23.269,1.647078,0.0,0.0,0.0
2020-08-25T04:53:25.130000Z,2020-08-25T04:53:25.520000Z,572.311,390.0,108.0,45.162,0.0,0.0,0.0,23.269,1.812254,0.0,0.0,0.0
2020-08-25T04:53:27.113999Z,2020-08-25T04:53:27.417000Z,551.031,303.0,104.0,45.958,0.0,0.0,0.0,23.269,1.200403,0.0,0.0,0.0
2020-08-25T04:53:29.130000Z,2020-08-25T04:53:29.625000Z,605.503,495.0,108.0,35.337,0.0,0.0,0.0,23.269,2.006234,0.0,0.0,0.0
2020-08-25T04:53:31.142000Z,2020-08-25T04:53:31.421000Z,511.808,279.0,108.0,81.761,0.0,0.0,0.0,23.269,1.084899,0.0,0.0,0.0
2020-08-25T04:53:33.142000Z,2020-08-25T04:53:33.456000Z,600.282,314.0,120.0,56.921,0.0,0.0,0.0,23.269,2.35702,0.0,0.0,0.0
2020-08-25T04:53:35.134000Z,2020-08-25T04:53:35.398000Z,557.469,264.0,126.0,59.971,0.0,0.0,0.0,23.269,0.643324,0.0,0.0,0.0
2020-08-25T04:53:37.143000Z,2020-08-25T04:53:37.421000Z,610.978,278.0,142.0,79.561,0.0,0.0,0.0,23.269,1.598987,0.0,0.0,0.0
2020-08-25T04:53:39.148000Z,2020-08-25T04:53:39.388000Z,567.725,240.0,166.0,80.866,0.0,0.0,0.0,23.269,0.099117,0.0,0.0,0.0
2020-08-25T04:53:41.191000Z,2020-08-25T04:53:41.509000Z,526.875,318.0,132.0,51.202,0.0,0.0,0.0,23.269,2.96623,0.0,0.0,0.0
2020-08-25T04:53:43.047000Z,2020-08-25T04:53:43.364000Z,579.926,317.0,138.0,65.42,0.0,0.0,0.0,23.269,2.020278,0.0,0.0,0.0
2020-08-25T04:53:45.165000Z,2020-08-25T04:53:45.516000Z,720.638,351.0,138.0,66.564,0.0,0.0,0.0,23.269,1.621453,0.0,0.0,0.0
2020-08-25T04:53:47.176000Z,2020-08-25T04:53:47.641999Z,692.861,466.0,126.0,56.272,0.0,0.0,0.0,23.269,1.828318,0.0,0.0,0.0
2020-08-25T04:53:49.192999Z,2020-08-25T04:53:49.601000Z,652.87,408.0,128.0,51.549,0.0,0.0,0.0,23.269,1.247815,0.0,0.0,0.0
2020-08-25T04:53:51.008000Z,2020-08-25T04:53:51.353000Z,563.144,345.0,128.0,71.546,0.0,0.0,0.0,23.269,1.739415,0.0,0.0,0.0
2020-08-25T04:53:53.014000Z,2020-08-25T04:53:53.399000Z,594.891,385.0,122.0,56.823,0.0,0.0,0.0,23.269,0.934014,0.0,0.0,0.0
2020-08-25T04:53:55.016000Z,2020-08-25T04:53:55.329999Z,614.802,314.0,122.0,45.126,0.0,0.0,0.0,23.269,0.651829,0.0,0.0,0.0
2020-08-25T04:53:57.050000Z,2020-08-25T04:53:57.399000Z,712.585,349.0,126.0,63.497,0.0,0.0,0.0,23.269,1.247126,0.0,0.0,0.0
2020-08-25T04:53:59.027000Z,2020-08-25T04:53:59.433000Z,740.195,406.0,132.0,34.041,0.0,0.0,0.0,23.269,1.820351,0.0,0.0,0.0
2020-08-25T04:54:01.054000Z,2020-08-25T04:54:01.532000Z,844.126,478.0,130.0,40.846,0.0,0.0,0.0,23.269,0.924069,0.0,0.0,0.0
2020-08-25T04:54:03.050000Z,2020-08-25T04:54:03.508000Z,633.338,458.0,106.0,48.032,0.0,0.0,0.0,23.269,2.078178,0.0,0.0,0.0
2020-08-25T04:54:05.041000Z,2020-08-25T04:54:05.566000Z,639.66,525.0,98.0,40.9,0.0,0.0,0.0,23.269,1.314976,0.0,0.0,0.0
2020-08-25T04:54:07.049000Z,2020-08-25T04:54:07.633000Z,722.704,584.0,98.0,62.917,0.0,0.0,0.0,23.269,1.095226,0.0,0.0,0.0
2020-08-25T04:54:09.052000Z,2020-08-25T04:54:09.673000Z,738.157,621.0,82.0,82.315,0.0,0.0,0.0,23.269,0.691093,0.0,0.0,0.0
2020-08-25T04:54:11.077000Z,2020-08-25T04:54:11.623000Z,720.058,546.0,78.0,47.248,0.0,0.0,0.0,23.269,1.155439,0.0,0.0,0.0
2020-08-25T04:54:13.064999Z,2020-08-25T04:54:13.647000Z,754.37,582.0,74.0,47.909,0.0,0.0,0.0,23.245,0.723214,0.0,0.0,0.0
2020-08-25T04:54:15.068000Z,2020-08-25T04:54:15.597000Z,761.793,529.0,78.0,49.607,0.0,0.0,0.0,23.245,0.80895,0.0,0.0,0.0
2020-08-25T04:54:17.073000Z,2020-08-25T04:54:17.673000Z,765.84,600.0,84.0,42.372,0.0,0.0,0.0,23.245,1.222929,0.0,0.0,0.0
2020-08-25T04:54:19.080999Z,2020-08-25T04:54:20.329000Z,746.101,1248.0,80.0,37.921,0.0,0.0,0.0,23.245,1.400268,0.0,0.0,0.0
2020-08-25T04:54:21.133000Z,2020-08-25T04:54:21.747000Z,787.164,614.0,76.0,42.756,0.0,0.0,0.0,23.245,1.349117,0.0,0.0,0.0
2020-08-25T04:54:23.181000Z,2020-08-25T04:54:23.996000Z,863.106,815.0,92.0,47.908,0.0,0.0,0.0,23.245,1.002176,0.0,0.0,0.0
2020-08-25T04:54:25.145000Z,2020-08-25T04:54:26.169999Z,900.68,1025.0,60.0,44.364,0.0,0.0,0.0,23.245,0.215721,0.0,0.0,0.0
2020-08-25T04:54:27.150000Z,2020-08-25T04:54:27.993000Z,820.811,843.0,54.0,81.774,0.0,0.0,0.0,23.245,0.691024,0.0,0.0,0.0
2020-08-25T04:54:29.156000Z,2020-08-25T04:54:30.133000Z,1072.692,977.0,60.0,83.871,0.0,0.0,0.0,23.245,0.854218,0.0,0.0,0.0
2020-08-25T04:54:31.160000Z,2020-08-25T04:54:31.969000Z,1111.381,809.0,76.0,38.137,0.0,0.0,0.0,23.245,1.568558,0.0,0.0,0.0
2020-08-25T04:54:33.168000Z,2020-08-25T04:54:33.912000Z,971.522,744.0,80.0,41.44,0.0,0.0,0.0,23.245,1.137001,0.0,0.0,0.0
2020-08-25T04:54:35.175000Z,2020-08-25T04:54:36.093000Z,661.104,918.0,84.0,80.711,0.0,0.0,0.0,23.245,0.240898,0.0,0.0,0.0
2020-08-25T04:54:37.189000Z,2020-08-25T04:54:37.627000Z,614.084,438.0,87.0,34.384,0.0,0.0,0.0,23.245,2.275495,0.0,0.0,0.0
2020-08-25T04:54:39.181000Z,2020-08-25T04:54:39.678000Z,576.151,497.0,96.0,61.986,0.0,0.0,0.0,23.245,0.967682,0.0,0.0,0.0
2020-08-25T04:54:41.195000Z,2020-08-25T04:54:41.615000Z,563.145,420.0,90.0,55.084,0.0,0.0,0.0,23.245,1.165221,0.0,0.0,0.0
2020-08-25T04:54:43.185000Z,2020-08-25T04:54:43.553999Z,584.238,369.0,86.0,67.279,0.0,0.0,0.0,23.245,1.128959,0.0,0.0,0.0
2020-08-25T04:54:45.190000Z,2020-08-25T04:54:45.537999Z,539.779,348.0,98.0,36.689,0.0,0.0,0.0,23.245,1.727574,0.0,0.0,0.0
2020-08-25T04:54:47.238000Z,2020-08-25T04:54:47.563000Z,530.791,325.0,92.0,74.939,0.0,0.0,0.0,23.245,0.477881,0.0,0.0,0.0
2020-08-25T04:54:49.200000Z,2020-08-25T04:54:49.596000Z,523.734,396.0,94.0,48.324,0.0,0.0,0.0,23.245,1.82331,0.0,0.0,0.0
2020-08-25T04:54:51.233000Z,2020-08-25T04:54:51.592000Z,506.776,359.0,96.0,50.622,0.0,0.0,0.0,23.245,2.202632,0.0,0.0,0.0
2020-08-25T04:54:53.224000Z,2020-08-25T04:54:53.784000Z,529.284,560.0,96.0,80.768,0.0,0.0,0.0,23.245,1.382558,0.0,0.0,0.0
2020-08-25T04:54:55.041000Z,2020-08-25T04:54:55.331000Z,496.96,290.0,116.0,44.894,0.0,0.0,0.0,23.245,1.143288,0.0,0.0,0.0
2020-08-25T04:54:57.217000Z,2020-08-25T04:54:57.609999Z,656.527,393.0,122.0,43.067,0.0,0.0,0.0,23.245,0.760095,0.0,0.0,0.0
2020-08-25T04:54:59.235000Z,2020-08-25T04:54:59.544000Z,555.098,309.0,122.0,65.63,0.0,0.0,0.0,23.245,1.542165,0.0,0.0,0.0
2020-08-25T04:55:01.297000Z,2020-08-25T04:55:01.694000Z,800.645,397.0,122.0,50.555,0.0,0.0,0.0,23.245,1.553725,0.0,0.0,0.0
2020-08-25T04:55:03.233000Z,2020-08-25T04:55:03.653000Z,781.176,420.0,122.0,45.015,0.0,0.0,0.0,23.245,1.993054,0.0,0.0,0.0
2020-08-25T04:55:05.267000Z,2020-08-25T04:55:05.607000Z,729.492,340.0,116.0,42.155,0.0,0.0,0.0,23.245,3.078915,0.0,0.0,0.0
2020-08-25T04:55:07.241000Z,2020-08-25T04:55:07.716000Z,615.83,475.0,130.0,48.349,0.0,0.0,0.0,23.245,2.769225,0.0,0.0,0.0
2020-08-25T04:55:09.257000Z,2020-08-25T04:55:09.755000Z,597.719,498.0,130.0,109.405,0.0,0.0,0.0,23.245,1.013332,0.0,0.0,0.0
2020-08-25T04:55:11.054000Z,2020-08-25T04:55:11.542000Z,618.658,488.0,78.0,45.262,0.0,0.0,0.0,23.245,1.718393,0.0,0.0,0.0
