start_time,end_time,size,trans_time,cwnd,rtt,rto,ssthresh,last_snd,min_rtt,delivery_rate,bytes_sent,bytes_retrans,client_trans_time
2020-08-24T16:23:17.182000Z,2020-08-24T16:23:17.649999Z,389.112,468.0,14.0,97.523,0.0,0.0,0.0,79.87,0.034292,0.0,0.0,0.0
2020-08-24T16:23:17.651000Z,2020-08-24T16:23:17.897999Z,351.87,247.0,312.0,83.134,0.0,0.0,0.0,76.638,2.370844,0.0,0.0,0.0
2020-08-24T16:23:17.899000Z,2020-08-24T16:23:18.158000Z,330.209,259.0,458.0,83.05,0.0,0.0,0.0,76.638,0.911712,0.0,0.0,0.0
2020-08-24T16:23:18.159000Z,2020-08-24T16:23:18.481999Z,734.729,323.0,336.0,81.642,0.0,0.0,0.0,76.638,0.586608,0.0,0.0,0.0
2020-08-24T16:23:18.484000Z,2020-08-24T16:23:19.015000Z,1524.718,531.0,364.0,83.548,0.0,0.0,0.0,76.638,3.324627,0.0,0.0,0.0
2020-08-24T16:23:19.019000Z,2020-08-24T16:23:19.582000Z,2101.278,563.0,456.0,81.615,0.0,0.0,0.0,76.638,3.077684,0.0,0.0,0.0
2020-08-24T16:23:19.584000Z,2020-08-24T16:23:20.004000Z,1852.264,420.0,506.0,84.973,0.0,0.0,0.0,76.638,5.244926,0.0,0.0,0.0
2020-08-24T16:23:20.008000Z,2020-08-24T16:23:20.534000Z,2846.685,526.0,652.0,84.544,0.0,0.0,0.0,76.483,5.150982,0.0,0.0,0.0
2020-08-24T16:23:20.539000Z,2020-08-24T16:23:20.977999Z,2880.69,439.0,860.0,83.908,0.0,0.0,0.0,76.483,7.168256,0.0,0.0,0.0
2020-08-24T16:23:20.982000Z,2020-08-24T16:23:21.350000Z,2572.818,368.0,930.0,86.814,0.0,0.0,0.0,76.483,8.168622,0.0,0.0,0.0
2020-08-24T16:23:22.906000Z,2020-08-24T16:23:23.238000Z,2515.989,332.0,1148.0,84.53,0.0,0.0,0.0,76.483,9.246463,0.0,0.0,0.0
2020-08-24T16:23:24.907000Z,2020-08-24T16:23:25.276000Z,2853.956,369.0,1204.0,85.654,0.0,0.0,0.0,76.483,8.354117,0.0,0.0,0.0
2020-08-24T16:23:26.905000Z,2020-08-24T16:23:27.236000Z,2744.591,331.0,1256.0,86.312,0.0,0.0,0.0,76.476,9.088972,0.0,0.0,0.0
2020-08-24T16:23:28.907000Z,2020-08-24T16:23:29.240000Z,2949.6,333.0,1312.0,86.292,0.0,0.0,0.0,76.476,11.328436,0.0,0.0,0.0
2020-08-24T16:23:30.909000Z,2020-08-24T16:23:31.200000Z,2665.197,291.0,1432.0,82.357,0.0,0.0,0.0,76.476,12.477323,0.0,0.0,0.0
2020-08-24T16:23:32.906000Z,2020-08-24T16:23:33.164000Z,2571.755,258.0,1480.0,89.658,0.0,0.0,0.0,76.476,13.248726,0.0,0.0,0.0
2020-08-24T16:23:34.912000Z,2020-08-24T16:23:35.182000Z,3175.382,270.0,1872.0,82.006,0.0,0.0,0.0,76.476,16.31946,0.0,0.0,0.0
2020-08-24T16:23:36.908000Z,2020-08-24T16:23:37.148000Z,2994.775,240.0,4.0,82.345,0.0,0.0,0.0,76.476,16.104838,0.0,0.0,0.0
2020-08-24T16:23:38.905000Z,2020-08-24T16:23:39.126000Z,2768.213,221.0,2326.0,88.369,0.0,0.0,0.0,76.476,0.506808,0.0,0.0,0.0
2020-08-24T16:23:40.904000Z,2020-08-24T16:23:41.105999Z,2468.921,202.0,2422.0,84.763,0.0,0.0,0.0,76.476,20.878231,0.0,0.0,0.0
2020-08-24T16:23:42.905000Z,2020-08-24T16:23:43.108000Z,2422.978,203.0,2448.0,93.917,0.0,0.0,0.0,76.476,22.938618,0.0,0.0,0.0
2020-08-24T16:23:44.904000Z,2020-08-24T16:23:45.089999Z,2355.495,186.0,2550.0,87.967,0.0,0.0,0.0,76.476,23.697595,0.0,0.0,0.0
2020-08-24T16:23:46.907000Z,2020-08-24T16:23:47.097000Z,2520.976,190.0,2732.0,81.947,0.0,0.0,0.0,76.476,24.046001,0.0,0.0,0.0
2020-08-24T16:23:48.906000Z,2020-08-24T16:23:49.209000Z,2551.531,303.0,2803.0,87.865,0.0,0.0,0.0,76.476,23.953726,0.0,0.0,0.0
2020-08-24T16:23:50.906000Z,2020-08-24T16:23:51.117000Z,3218.346,211.0,2888.0,133.634,0.0,0.0,0.0,76.476,1.190995,0.0,0.0,0.0
2020-08-24T16:23:52.909000Z,2020-08-24T16:23:53.273999Z,2832.657,365.0,2970.0,87.836,0.0,0.0,0.0,76.476,0.488964,0.0,0.0,0.0
2020-08-24T16:23:54.908000Z,2020-08-24T16:23:55.301000Z,3500.322,393.0,2970.0,116.797,0.0,0.0,0.0,76.476,1.612731,0.0,0.0,0.0
2020-08-24T16:23:56.906000Z,2020-08-24T16:23:57.096000Z,2362.978,190.0,2953.0,119.226,0.0,0.0,0.0,76.476,0.015739,0.0,0.0,0.0
2020-08-24T16:23:58.905000Z,2020-08-24T16:23:59.080000Z,2001.477,175.0,2600.0,96.617,0.0,0.0,0.0,76.476,0.511574,0.0,0.0,0.0
2020-08-24T16:24:00.903000Z,2020-08-24T16:24:01.073999Z,1776.008,171.0,2600.0,87.581,0.0,0.0,0.0,76.476,21.449979,0.0,0.0,0.0
2020-08-24T16:24:02.903000Z,2020-08-24T16:24:03.080000Z,1991.583,177.0,2600.0,91.778,0.0,0.0,0.0,76.476,0.344324,0.0,0.0,0.0
2020-08-24T16:24:04.907000Z,2020-08-24T16:24:05.465999Z,2483.517,559.0,2600.0,86.042,0.0,0.0,0.0,76.476,22.971055,0.0,0.0,0.0
2020-08-24T16:24:06.905000Z,2020-08-24T16:24:07.140000Z,3024.038,235.0,2530.0,89.779,0.0,0.0,0.0,76.476,20.609413,0.0,0.0,0.0
2020-08-24T16:24:08.902000Z,2020-08-24T16:24:09.180000Z,2299.813,278.0,2512.0,88.564,0.0,0.0,0.0,76.476,21.008778,0.0,0.0,0.0
2020-08-24T16:24:10.901000Z,2020-08-24T16:24:11.070000Z,1137.382,169.0,2524.0,94.018,0.0,0.0,0.0,76.476,7.2636,0.0,0.0,0.0
2020-08-24T16:24:12.902000Z,2020-08-24T16:24:13.078000Z,1986.527,176.0,2524.0,93.676,0.0,0.0,0.0,76.476,0.312745,0.0,0.0,0.0
2020-08-24T16:24:14.902000Z,2020-08-24T16:24:15.131000Z,2101.962,229.0,2524.0,86.06,0.0,0.0,0.0,76.476,21.055102,0.0,0.0,0.0
2020-08-24T16:24:16.901000Z,2020-08-24T16:24:17.070000Z,1365.26,169.0,2258.0,98.566,0.0,0.0,0.0,76.476,0.384389,0.0,0.0,0.0
2020-08-24T16:24:18.901000Z,2020-08-24T16:24:19.080000Z,1677.93,179.0,4.0,91.08,0.0,0.0,0.0,76.476,15.633874,0.0,0.0,0.0
2020-08-24T16:24:20.901000Z,2020-08-24T16:24:21.078000Z,1992.647,177.0,2324.0,91.584,0.0,0.0,0.0,76.476,15.633874,0.0,0.0,0.0
2020-08-24T16:24:22.902000Z,2020-08-24T16:24:23.113999Z,2503.651,212.0,2324.0,87.023,0.0,0.0,0.0,76.476,0.191224,0.0,0.0,0.0
2020-08-24T16:24:24.900000Z,2020-08-24T16:24:25.072000Z,1380.169,172.0,2456.0,93.83,0.0,0.0,0.0,76.476,18.335536,0.0,0.0,0.0
2020-08-24T16:24:26.901000Z,2020-08-24T16:24:27.072000Z,1444.949,171.0,2456.0,91.25,0.0,0.0,0.0,76.476,0.712766,0.0,0.0,0.0
2020-08-24T16:24:28.900000Z,2020-08-24T16:24:29.068000Z,1240.498,168.0,2442.0,85.983,0.0,0.0,0.0,76.476,17.300552,0.0,0.0,0.0
2020-08-24T16:24:30.904000Z,2020-08-24T16:24:31.073000Z,1438.106,169.0,2442.0,87.841,0.0,0.0,0.0,76.476,14.338334,0.0,0.0,0.0
2020-08-24T16:24:32.901000Z,2020-08-24T16:24:33.073999Z,1554.77,173.0,2398.0,88.552,0.0,0.0,0.0,76.476,17.077589,0.0,0.0,0.0
2020-08-24T16:24:34.904000Z,2020-08-24T16:24:35.080000Z,1526.23,176.0,1864.0,93.897,0.0,0.0,0.0,76.476,17.05298,0.0,0.0,0.0
2020-08-24T16:24:36.907000Z,2020-08-24T16:24:37.190000Z,1616.157,283.0,1864.0,87.122,0.0,0.0,0.0,76.476,0.681109,0.0,0.0,0.0
2020-08-24T16:24:38.901000Z,2020-08-24T16:24:39.068000Z,1388.848,167.0,1841.0,88.931,0.0,0.0,0.0,76.476,1.220065,0.0,0.0,0.0
2020-08-24T16:24:40.908000Z,2020-08-24T16:24:41.449999Z,1693.692,542.0,1860.0,86.058,0.0,0.0,0.0,76.476,8.709215,0.0,0.0,0.0
2020-08-24T16:24:42.907000Z,2020-08-24T16:24:43.094000Z,1831.71,187.0,1980.0,87.707,0.0,0.0,0.0,76.476,16.57362,0.0,0.0,0.0
2020-08-24T16:24:44.900000Z,2020-08-24T16:24:45.110000Z,2390.485,210.0,2088.0,87.626,0.0,0.0,0.0,76.476,18.377797,0.0,0.0,0.0
2020-08-24T16:24:46.906000Z,2020-08-24T16:24:47.121999Z,2423.959,216.0,2232.0,87.36,0.0,0.0,0.0,76.476,0.397627,0.0,0.0,0.0
2020-08-24T16:24:48.902000Z,2020-08-24T16:24:49.144000Z,2745.839,242.0,2248.0,88.057,0.0,0.0,0.0,76.476,17.327846,0.0,0.0,0.0
2020-08-24T16:24:50.906000Z,2020-08-24T16:24:51.120000Z,2458.132,214.0,2236.0,90.82,0.0,0.0,0.0,76.476,0.683132,0.0,0.0,0.0
2020-08-24T16:24:52.901000Z,2020-08-24T16:24:53.092000Z,1884.195,191.0,2324.0,90.805,0.0,0.0,0.0,76.476,19.479479,0.0,0.0,0.0
2020-08-24T16:24:54.902000Z,2020-08-24T16:24:55.103000Z,2165.866,201.0,2314.0,91.866,0.0,0.0,0.0,76.476,17.435367,0.0,0.0,0.0
2020-08-24T16:24:56.899000Z,2020-08-24T16:24:57.068000Z,1524.189,169.0,2338.0,92.137,0.0,0.0,0.0,76.476,19.330852,0.0,0.0,0.0
2020-08-24T16:24:58.901000Z,2020-08-24T16:24:59.068000Z,851.202,167.0,2350.0,87.26,0.0,0.0,0.0,76.476,17.487569,0.0,0.0,0.0
2020-08-24T16:25:00.899000Z,2020-08-24T16:25:01.080000Z,1076.91,181.0,2350.0,86.143,0.0,0.0,0.0,76.476,0.527696,0.0,0.0,0.0
2020-08-24T16:25:02.897999Z,2020-08-24T16:25:03.062000Z,1254.436,164.0,2350.0,88.175,0.0,0.0,0.0,76.476,10.490094,0.0,0.0,0.0
2020-08-24T16:25:04.899000Z,2020-08-24T16:25:05.484000Z,1608.618,585.0,1132.0,89.533,0.0,0.0,0.0,76.476,0.348299,0.0,0.0,0.0
2020-08-24T16:25:07.150000Z,2020-08-24T16:25:07.480000Z,2447.234,330.0,1160.0,88.538,0.0,0.0,0.0,76.476,10.302419,0.0,0.0,0.0
2020-08-24T16:25:09.155000Z,2020-08-24T16:25:09.481999Z,2323.327,327.0,1118.0,87.201,0.0,0.0,0.0,76.476,8.976967,0.0,0.0,0.0
2020-08-24T16:25:10.900000Z,2020-08-24T16:25:11.204000Z,2347.106,304.0,1206.0,87.811,0.0,0.0,0.0,76.476,8.758286,0.0,0.0,0.0
2020-08-24T16:25:12.899000Z,2020-08-24T16:25:13.145999Z,1835.681,247.0,1206.0,85.016,0.0,0.0,0.0,76.476,9.665591,0.0,0.0,0.0
2020-08-24T16:25:14.900000Z,2020-08-24T16:25:15.080000Z,1114.529,180.0,1330.0,88.498,0.0,0.0,0.0,76.476,12.005349,0.0,0.0,0.0
2020-08-24T16:25:16.900000Z,2020-08-24T16:25:17.201000Z,2429.99,301.0,1326.0,84.516,0.0,0.0,0.0,76.476,11.21917,0.0,0.0,0.0
2020-08-24T16:25:18.900000Z,2020-08-24T16:25:19.153999Z,2132.494,254.0,1460.0,88.639,0.0,0.0,0.0,76.476,8.862479,0.0,0.0,0.0
2020-08-24T16:25:20.902000Z,2020-08-24T16:25:21.225999Z,3213.348,324.0,1460.0,86.604,0.0,0.0,0.0,76.476,13.060318,0.0,0.0,0.0
2020-08-24T16:25:22.900000Z,2020-08-24T16:25:23.176000Z,2703.642,276.0,1656.0,89.961,0.0,0.0,0.0,76.476,14.06888,0.0,0.0,0.0
2020-08-24T16:25:24.901000Z,2020-08-24T16:25:25.489999Z,2687.678,589.0,1724.0,85.141,0.0,0.0,0.0,76.476,13.775613,0.0,0.0,0.0
2020-08-24T16:25:26.899000Z,2020-08-24T16:25:27.113999Z,2232.247,215.0,1746.0,87.92,0.0,0.0,0.0,76.476,15.475227,0.0,0.0,0.0
2020-08-24T16:25:28.900000Z,2020-08-24T16:25:29.120000Z,2583.211,220.0,1996.0,86.733,0.0,0.0,0.0,76.476,0.50448,0.0,0.0,0.0
2020-08-24T16:25:30.900000Z,2020-08-24T16:25:31.110000Z,2413.527,210.0,2170.0,87.999,0.0,0.0,0.0,76.476,19.541196,0.0,0.0,0.0
2020-08-24T16:25:32.896999Z,2020-08-24T16:25:33.076000Z,1908.205,179.0,2292.0,88.068,0.0,0.0,0.0,76.476,20.735051,0.0,0.0,0.0
2020-08-24T16:25:35.149000Z,2020-08-24T16:25:35.342000Z,2273.632,193.0,2293.0,91.352,0.0,0.0,0.0,76.476,0.522991,0.0,0.0,0.0
2020-08-24T16:25:37.151000Z,2020-08-24T16:25:37.353999Z,2620.856,203.0,2470.0,92.201,0.0,0.0,0.0,76.476,20.82144,0.0,0.0,0.0
2020-08-24T16:25:39.149000Z,2020-08-24T16:25:39.372000Z,2876.433,223.0,2680.0,88.281,0.0,0.0,0.0,76.476,0.364254,0.0,0.0,0.0
2020-08-24T16:25:41.148000Z,2020-08-24T16:25:41.320000Z,916.426,172.0,2678.0,91.726,0.0,0.0,0.0,76.476,20.902711,0.0,0.0,0.0
2020-08-24T16:25:43.064999Z,2020-08-24T16:25:43.238000Z,350.336,173.0,2668.0,88.538,0.0,0.0,0.0,76.476,0.612645,0.0,0.0,0.0
2020-08-24T16:25:45.147000Z,2020-08-24T16:25:45.328000Z,352.034,181.0,2668.0,86.683,0.0,0.0,0.0,76.476,2.732633,0.0,0.0,0.0
2020-08-24T16:25:47.145000Z,2020-08-24T16:25:47.318000Z,337.16,173.0,2668.0,89.623,0.0,0.0,0.0,76.476,2.671034,0.0,0.0,0.0
2020-08-24T16:25:49.144000Z,2020-08-24T16:25:49.326000Z,254.82,182.0,308.0,90.828,0.0,0.0,0.0,76.476,0.521124,0.0,0.0,0.0
2020-08-24T16:25:51.145000Z,2020-08-24T16:25:51.369999Z,407.553,225.0,298.0,85.922,0.0,0.0,0.0,76.476,2.523877,0.0,0.0,0.0
2020-08-24T16:25:53.145000Z,2020-08-24T16:25:53.369999Z,450.887,225.0,330.0,86.252,0.0,0.0,0.0,76.476,3.004324,0.0,0.0,0.0
2020-08-24T16:25:55.145000Z,2020-08-24T16:25:55.385999Z,517.936,241.0,348.0,86.1,0.0,0.0,0.0,76.411,3.075875,0.0,0.0,0.0
2020-08-24T16:25:57.145000Z,2020-08-24T16:25:57.332000Z,364.614,187.0,390.0,86.336,0.0,0.0,0.0,76.411,3.201718,0.0,0.0,0.0
2020-08-24T16:25:59.145000Z,2020-08-24T16:25:59.329999Z,362.926,185.0,390.0,84.145,0.0,0.0,0.0,76.411,3.463273,0.0,0.0,0.0
2020-08-24T16:26:01.145000Z,2020-08-24T16:26:01.320000Z,312.715,175.0,390.0,84.89,0.0,0.0,0.0,76.411,3.301084,0.0,0.0,0.0
2020-08-24T16:26:03.146000Z,2020-08-24T16:26:03.304000Z,260.665,158.0,392.0,84.001,0.0,0.0,0.0,76.411,3.189495,0.0,0.0,0.0
2020-08-24T16:26:05.147000Z,2020-08-24T16:26:05.342000Z,379.306,195.0,4.0,86.18,0.0,0.0,0.0,76.411,3.189495,0.0,0.0,0.0
2020-08-24T16:26:07.003000Z,2020-08-24T16:26:07.190000Z,346.727,187.0,366.0,83.726,0.0,0.0,0.0,76.411,3.311031,0.0,0.0,0.0
2020-08-24T16:26:09.144000Z,2020-08-24T16:26:09.313999Z,277.156,170.0,374.0,84.302,0.0,0.0,0.0,76.411,3.331214,0.0,0.0,0.0
2020-08-24T16:26:11.147000Z,2020-08-24T16:26:11.342000Z,400.723,195.0,374.0,85.791,0.0,0.0,0.0,76.411,3.331214,0.0,0.0,0.0
2020-08-24T16:26:13.145000Z,2020-08-24T16:26:13.598000Z,1400.292,453.0,390.0,84.564,0.0,0.0,0.0,76.411,3.615339,0.0,0.0,0.0
2020-08-24T16:26:15.147000Z,2020-08-24T16:26:15.543000Z,1404.731,396.0,456.0,85.699,0.0,0.0,0.0,76.411,4.192089,0.0,0.0,0.0
2020-08-24T16:26:17.146000Z,2020-08-24T16:26:17.438000Z,1065.814,292.0,572.0,84.641,0.0,0.0,0.0,76.411,4.880382,0.0,0.0,0.0
2020-08-24T16:26:19.144000Z,2020-08-24T16:26:19.380000Z,892.365,236.0,652.0,86.109,0.0,0.0,0.0,76.411,4.511887,0.0,0.0,0.0
2020-08-24T16:26:21.146000Z,2020-08-24T16:26:21.406000Z,1045.328,260.0,662.0,85.059,0.0,0.0,0.0,76.411,5.90499,0.0,0.0,0.0
2020-08-24T16:26:23.143000Z,2020-08-24T16:26:23.437000Z,744.443,294.0,666.0,85.381,0.0,0.0,0.0,76.411,5.27228,0.0,0.0,0.0
2020-08-24T16:26:25.144000Z,2020-08-24T16:26:25.392000Z,949.72,248.0,4.0,86.391,0.0,0.0,0.0,76.411,6.023791,0.0,0.0,0.0
2020-08-24T16:26:27.143000Z,2020-08-24T16:26:27.348000Z,772.587,205.0,670.0,86.447,0.0,0.0,0.0,76.411,5.22766,0.0,0.0,0.0
2020-08-24T16:26:29.144000Z,2020-08-24T16:26:29.336000Z,724.547,192.0,729.0,85.206,0.0,0.0,0.0,76.411,6.280524,0.0,0.0,0.0
2020-08-24T16:26:30.987000Z,2020-08-24T16:26:31.184000Z,788.513,197.0,752.0,83.349,0.0,0.0,0.0,76.411,6.869885,0.0,0.0,0.0
2020-08-24T16:26:33.144000Z,2020-08-24T16:26:33.356000Z,936.54,212.0,776.0,85.175,0.0,0.0,0.0,76.411,7.082174,0.0,0.0,0.0
2020-08-24T16:26:35.144000Z,2020-08-24T16:26:35.366000Z,1029.892,222.0,834.0,87.28,0.0,0.0,0.0,76.411,7.773678,0.0,0.0,0.0
2020-08-24T16:26:37.143000Z,2020-08-24T16:26:37.321000Z,617.651,178.0,836.0,84.116,0.0,0.0,0.0,76.411,7.287393,0.0,0.0,0.0
2020-08-24T16:26:39.143000Z,2020-08-24T16:26:39.320000Z,660.347,177.0,834.0,84.996,0.0,0.0,0.0,76.411,7.287393,0.0,0.0,0.0
2020-08-24T16:26:41.143000Z,2020-08-24T16:26:41.288000Z,439.804,145.0,838.0,86.09,0.0,0.0,0.0,76.411,6.72044,0.0,0.0,0.0
2020-08-24T16:26:43.142000Z,2020-08-24T16:26:43.260000Z,195.974,118.0,838.0,89.582,0.0,0.0,0.0,76.411,6.72044,0.0,0.0,0.0
2020-08-24T16:26:45.142000Z,2020-08-24T16:26:45.264000Z,254.048,122.0,838.0,87.502,0.0,0.0,0.0,76.411,6.72044,0.0,0.0,0.0
2020-08-24T16:26:47.143000Z,2020-08-24T16:26:47.280000Z,397.431,137.0,838.0,85.211,0.0,0.0,0.0,76.411,6.72044,0.0,0.0,0.0
2020-08-24T16:26:49.143000Z,2020-08-24T16:26:49.278000Z,391.645,135.0,838.0,87.933,0.0,0.0,0.0,76.411,6.72044,0.0,0.0,0.0
2020-08-24T16:26:51.142000Z,2020-08-24T16:26:51.268000Z,286.474,126.0,844.0,87.58,0.0,0.0,0.0,76.411,6.72044,0.0,0.0,0.0
2020-08-24T16:26:53.143000Z,2020-08-24T16:26:53.270000Z,313.636,127.0,844.0,85.599,0.0,0.0,0.0,76.411,6.72044,0.0,0.0,0.0
2020-08-24T16:26:54.992000Z,2020-08-24T16:26:55.086000Z,55.655,94.0,840.0,85.75,0.0,0.0,0.0,76.411,6.72044,0.0,0.0,0.0
2020-08-24T16:26:57.141000Z,2020-08-24T16:26:57.272000Z,317.085,131.0,838.0,85.22,0.0,0.0,0.0,76.411,6.72044,0.0,0.0,0.0
2020-08-24T16:26:59.143000Z,2020-08-24T16:26:59.316000Z,674.136,173.0,838.0,84.726,0.0,0.0,0.0,76.411,6.72044,0.0,0.0,0.0
2020-08-24T16:27:01.142000Z,2020-08-24T16:27:01.326000Z,715.923,184.0,774.0,85.609,0.0,0.0,0.0,76.411,7.1515,0.0,0.0,0.0
2020-08-24T16:27:03.141000Z,2020-08-24T16:27:03.244000Z,111.903,103.0,774.0,88.38,0.0,0.0,0.0,76.411,7.083674,0.0,0.0,0.0
2020-08-24T16:27:05.141000Z,2020-08-24T16:27:05.294000Z,482.682,153.0,774.0,85.961,0.0,0.0,0.0,76.411,7.083674,0.0,0.0,0.0
2020-08-24T16:27:07.141000Z,2020-08-24T16:27:07.303000Z,532.35,162.0,778.0,86.039,0.0,0.0,0.0,76.411,7.083674,0.0,0.0,0.0
2020-08-24T16:27:09.141000Z,2020-08-24T16:27:09.265999Z,277.672,125.0,778.0,86.211,0.0,0.0,0.0,76.411,7.083674,0.0,0.0,0.0
2020-08-24T16:27:11.141000Z,2020-08-24T16:27:11.272000Z,323.927,131.0,778.0,86.271,0.0,0.0,0.0,76.411,7.083674,0.0,0.0,0.0
2020-08-24T16:27:13.143000Z,2020-08-24T16:27:13.451000Z,1654.811,308.0,772.0,85.065,0.0,0.0,0.0,76.411,7.083674,0.0,0.0,0.0
2020-08-24T16:27:15.143000Z,2020-08-24T16:27:15.412000Z,1582.16,269.0,922.0,88.243,0.0,0.0,0.0,76.411,6.09092,0.0,0.0,0.0
2020-08-24T16:27:17.142000Z,2020-08-24T16:27:17.329999Z,975.419,188.0,954.0,86.904,0.0,0.0,0.0,76.411,7.951858,0.0,0.0,0.0
2020-08-24T16:27:19.142000Z,2020-08-24T16:27:19.396000Z,1614.776,254.0,1008.0,85.841,0.0,0.0,0.0,76.411,9.271665,0.0,0.0,0.0
2020-08-24T16:27:21.143000Z,2020-08-24T16:27:21.672000Z,1228.228,529.0,1140.0,85.015,0.0,0.0,0.0,76.411,9.25267,0.0,0.0,0.0
2020-08-24T16:27:23.142000Z,2020-08-24T16:27:23.343000Z,1202.961,201.0,1180.0,86.328,0.0,0.0,0.0,76.411,9.970993,0.0,0.0,0.0
2020-08-24T16:27:25.142000Z,2020-08-24T16:27:25.302000Z,872.163,160.0,1212.0,87.126,0.0,0.0,0.0,76.411,10.359528,0.0,0.0,0.0
2020-08-24T16:27:27.141000Z,2020-08-24T16:27:27.300000Z,796.67,159.0,1208.0,85.689,0.0,0.0,0.0,76.411,10.359528,0.0,0.0,0.0
2020-08-24T16:27:29.142000Z,2020-08-24T16:27:29.320000Z,1094.118,178.0,1192.0,86.156,0.0,0.0,0.0,76.411,10.359528,0.0,0.0,0.0
2020-08-24T16:27:31.142000Z,2020-08-24T16:27:31.340000Z,1349.168,198.0,1224.0,89.09,0.0,0.0,0.0,76.411,11.345038,0.0,0.0,0.0
2020-08-24T16:27:33.142000Z,2020-08-24T16:27:33.310000Z,959.778,168.0,1340.0,84.345,0.0,0.0,0.0,76.411,11.683301,0.0,0.0,0.0
2020-08-24T16:27:35.141000Z,2020-08-24T16:27:35.257999Z,438.797,117.0,1340.0,88.324,0.0,0.0,0.0,76.411,11.683301,0.0,0.0,0.0
2020-08-24T16:27:37.141000Z,2020-08-24T16:27:37.262000Z,482.286,121.0,1340.0,86.669,0.0,0.0,0.0,76.411,11.683301,0.0,0.0,0.0
2020-08-24T16:27:39.139000Z,2020-08-24T16:27:39.257999Z,416.517,119.0,1378.0,86.474,0.0,0.0,0.0,76.411,11.683301,0.0,0.0,0.0
2020-08-24T16:27:41.140000Z,2020-08-24T16:27:41.281999Z,628.097,142.0,1354.0,85.965,0.0,0.0,0.0,76.411,11.683301,0.0,0.0,0.0
2020-08-24T16:27:43.140000Z,2020-08-24T16:27:43.310000Z,991.42,170.0,1354.0,85.598,0.0,0.0,0.0,76.411,11.683301,0.0,0.0,0.0
2020-08-24T16:27:45.140000Z,2020-08-24T16:27:45.292000Z,806.303,152.0,1354.0,88.072,0.0,0.0,0.0,76.411,11.683301,0.0,0.0,0.0
2020-08-24T16:27:47.140000Z,2020-08-24T16:27:47.324000Z,1311.839,184.0,1354.0,86.33,0.0,0.0,0.0,76.411,11.683301,0.0,0.0,0.0
2020-08-24T16:27:49.140000Z,2020-08-24T16:27:49.328000Z,1356.784,188.0,1429.0,86.404,0.0,0.0,0.0,76.411,13.216716,0.0,0.0,0.0
2020-08-24T16:27:51.140000Z,2020-08-24T16:27:51.304000Z,1075.327,164.0,1516.0,87.52,0.0,0.0,0.0,76.411,12.987739,0.0,0.0,0.0
2020-08-24T16:27:53.140000Z,2020-08-24T16:27:53.319000Z,1251.524,179.0,1516.0,87.75,0.0,0.0,0.0,76.411,12.987739,0.0,0.0,0.0
2020-08-24T16:27:55.142000Z,2020-08-24T16:27:55.382000Z,2164.158,240.0,1516.0,88.225,0.0,0.0,0.0,76.411,13.631065,0.0,0.0,0.0
2020-08-24T16:27:57.140000Z,2020-08-24T16:27:57.316000Z,1461.252,176.0,1682.0,89.704,0.0,0.0,0.0,76.411,13.680424,0.0,0.0,0.0
2020-08-24T16:27:59.140000Z,2020-08-24T16:27:59.313999Z,1246.602,174.0,1720.0,89.103,0.0,0.0,0.0,76.411,15.523469,0.0,0.0,0.0
2020-08-24T16:28:01.140000Z,2020-08-24T16:28:01.302000Z,1170.285,162.0,1720.0,88.501,0.0,0.0,0.0,76.411,15.523469,0.0,0.0,0.0
2020-08-24T16:28:03.144000Z,2020-08-24T16:28:03.305999Z,1270.605,162.0,1728.0,89.167,0.0,0.0,0.0,76.411,0.366553,0.0,0.0,0.0
2020-08-24T16:28:05.140000Z,2020-08-24T16:28:05.311000Z,882.624,171.0,1728.0,86.967,0.0,0.0,0.0,76.411,15.185948,0.0,0.0,0.0
2020-08-24T16:28:07.056000Z,2020-08-24T16:28:07.232000Z,1184.11,176.0,1648.0,86.866,0.0,0.0,0.0,76.411,0.400271,0.0,0.0,0.0
2020-08-24T16:28:09.139000Z,2020-08-24T16:28:09.305999Z,425.115,167.0,1648.0,86.87,0.0,0.0,0.0,76.411,12.50863,0.0,0.0,0.0
2020-08-24T16:28:11.139000Z,2020-08-24T16:28:11.305999Z,255.611,167.0,1648.0,87.119,0.0,0.0,0.0,76.411,4.671972,0.0,0.0,0.0
2020-08-24T16:28:13.141000Z,2020-08-24T16:28:13.336000Z,1418.835,195.0,1356.0,86.859,0.0,0.0,0.0,76.411,0.316121,0.0,0.0,0.0
2020-08-24T16:28:15.142000Z,2020-08-24T16:28:15.380000Z,2106.582,238.0,1458.0,86.573,0.0,0.0,0.0,76.411,12.417963,0.0,0.0,0.0
2020-08-24T16:28:17.140000Z,2020-08-24T16:28:17.382000Z,2336.461,242.0,1626.0,88.835,0.0,0.0,0.0,76.411,12.966742,0.0,0.0,0.0
2020-08-24T16:28:19.139000Z,2020-08-24T16:28:19.372000Z,2101.726,233.0,1674.0,87.309,0.0,0.0,0.0,76.411,14.330821,0.0,0.0,0.0
2020-08-24T16:28:21.142000Z,2020-08-24T16:28:21.364000Z,2193.699,222.0,1768.0,86.846,0.0,0.0,0.0,76.411,15.200263,0.0,0.0,0.0
2020-08-24T16:28:23.140000Z,2020-08-24T16:28:23.382000Z,2731.741,242.0,1936.0,88.121,0.0,0.0,0.0,76.411,15.137612,0.0,0.0,0.0
2020-08-24T16:28:25.141000Z,2020-08-24T16:28:25.336000Z,2001.811,195.0,2072.0,86.966,0.0,0.0,0.0,76.411,17.967217,0.0,0.0,0.0
2020-08-24T16:28:27.137999Z,2020-08-24T16:28:27.313000Z,1164.053,175.0,2081.0,91.163,0.0,0.0,0.0,76.411,0.173687,0.0,0.0,0.0
2020-08-24T16:28:29.140000Z,2020-08-24T16:28:29.313000Z,880.949,173.0,2090.0,87.799,0.0,0.0,0.0,76.411,12.136837,0.0,0.0,0.0
2020-08-24T16:28:31.139000Z,2020-08-24T16:28:31.305999Z,1507.683,167.0,2090.0,85.088,0.0,0.0,0.0,76.411,0.504107,0.0,0.0,0.0
2020-08-24T16:28:33.137999Z,2020-08-24T16:28:33.308000Z,1224.185,170.0,2090.0,90.094,0.0,0.0,0.0,76.411,17.400159,0.0,0.0,0.0
2020-08-24T16:28:35.139000Z,2020-08-24T16:28:35.312000Z,815.155,173.0,1978.0,87.191,0.0,0.0,0.0,76.411,14.626869,0.0,0.0,0.0
2020-08-24T16:28:37.141000Z,2020-08-24T16:28:37.308000Z,1331.503,167.0,1884.0,88.111,0.0,0.0,0.0,76.411,0.352235,0.0,0.0,0.0
2020-08-24T16:28:39.139000Z,2020-08-24T16:28:39.313999Z,1345.452,175.0,1870.0,83.003,0.0,0.0,0.0,76.411,15.107721,0.0,0.0,0.0
2020-08-24T16:28:41.140000Z,2020-08-24T16:28:41.465999Z,2206.667,326.0,1624.0,86.188,0.0,0.0,0.0,76.411,0.50531,0.0,0.0,0.0
2020-08-24T16:28:43.136999Z,2020-08-24T16:28:43.288000Z,884.697,151.0,1689.0,89.6,0.0,0.0,0.0,76.405,0.245636,0.0,0.0,0.0
2020-08-24T16:28:45.137999Z,2020-08-24T16:28:45.318000Z,1440.574,180.0,1700.0,86.964,0.0,0.0,0.0,76.405,6.181875,0.0,0.0,0.0
2020-08-24T16:28:47.137999Z,2020-08-24T16:28:47.302000Z,897.52,164.0,1748.0,85.66,0.0,0.0,0.0,76.405,0.633618,0.0,0.0,0.0
2020-08-24T16:28:49.136999Z,2020-08-24T16:28:49.332000Z,453.425,195.0,1758.0,87.822,0.0,0.0,0.0,76.405,10.122197,0.0,0.0,0.0
2020-08-24T16:28:51.136999Z,2020-08-24T16:28:51.249999Z,452.23,113.0,1750.0,86.188,0.0,0.0,0.0,76.405,1.032814,0.0,0.0,0.0
2020-08-24T16:28:53.136999Z,2020-08-24T16:28:53.256000Z,489.035,119.0,1750.0,88.768,0.0,0.0,0.0,76.405,4.016808,0.0,0.0,0.0
2020-08-24T16:28:55.136999Z,2020-08-24T16:28:55.257000Z,477.004,120.0,1832.0,87.127,0.0,0.0,0.0,76.405,4.12585,0.0,0.0,0.0
2020-08-24T16:28:57.139000Z,2020-08-24T16:28:57.326000Z,1531.159,187.0,1842.0,87.828,0.0,0.0,0.0,76.405,4.12585,0.0,0.0,0.0
2020-08-24T16:28:59.140000Z,2020-08-24T16:28:59.376000Z,2195.224,236.0,1828.0,88.532,0.0,0.0,0.0,76.405,14.409949,0.0,0.0,0.0
2020-08-24T16:29:01.139000Z,2020-08-24T16:29:01.325000Z,1569.122,186.0,1822.0,95.304,0.0,0.0,0.0,76.405,14.66763,0.0,0.0,0.0
2020-08-24T16:29:03.141000Z,2020-08-24T16:29:03.398000Z,2588.553,257.0,1822.0,90.031,0.0,0.0,0.0,76.405,15.169714,0.0,0.0,0.0
2020-08-24T16:29:05.144000Z,2020-08-24T16:29:05.616000Z,6043.537,472.0,1844.0,91.973,0.0,0.0,0.0,76.405,0.374577,0.0,0.0,0.0
2020-08-24T16:29:07.143000Z,2020-08-24T16:29:07.320000Z,1190.24,177.0,1950.0,91.848,0.0,0.0,0.0,76.405,15.11701,0.0,0.0,0.0
2020-08-24T16:29:09.139000Z,2020-08-24T16:29:09.310000Z,1171.097,171.0,1951.0,90.228,0.0,0.0,0.0,76.405,12.952732,0.0,0.0,0.0
2020-08-24T16:29:11.136999Z,2020-08-24T16:29:11.304000Z,301.857,167.0,1960.0,89.856,0.0,0.0,0.0,76.405,14.286379,0.0,0.0,0.0
2020-08-24T16:29:13.140000Z,2020-08-24T16:29:13.309000Z,1328.607,169.0,1960.0,87.218,0.0,0.0,0.0,76.405,3.182419,0.0,0.0,0.0
2020-08-24T16:29:15.141000Z,2020-08-24T16:29:15.310000Z,589.066,169.0,1606.0,91.494,0.0,0.0,0.0,76.405,0.487226,0.0,0.0,0.0
2020-08-24T16:29:17.141000Z,2020-08-24T16:29:17.308000Z,745.006,167.0,1606.0,87.293,0.0,0.0,0.0,76.405,6.698972,0.0,0.0,0.0
2020-08-24T16:29:19.136000Z,2020-08-24T16:29:19.309000Z,584.458,173.0,1600.0,86.855,0.0,0.0,0.0,76.405,0.680637,0.0,0.0,0.0
2020-08-24T16:29:21.141000Z,2020-08-24T16:29:21.312000Z,380.373,171.0,1600.0,85.404,0.0,0.0,0.0,76.405,6.356843,0.0,0.0,0.0
2020-08-24T16:29:23.137999Z,2020-08-24T16:29:23.317000Z,754.419,179.0,858.0,86.574,0.0,0.0,0.0,76.405,3.989944,0.0,0.0,0.0
2020-08-24T16:29:25.137999Z,2020-08-24T16:29:25.313999Z,739.415,176.0,858.0,86.291,0.0,0.0,0.0,76.405,7.347503,0.0,0.0,0.0
2020-08-24T16:29:27.136999Z,2020-08-24T16:29:27.425000Z,1626.585,288.0,864.0,83.382,0.0,0.0,0.0,76.405,7.382839,0.0,0.0,0.0
2020-08-24T16:29:29.137999Z,2020-08-24T16:29:29.460000Z,2192.866,322.0,972.0,86.09,0.0,0.0,0.0,76.405,7.874248,0.0,0.0,0.0
2020-08-24T16:29:31.137999Z,2020-08-24T16:29:31.361999Z,1461.751,224.0,1018.0,83.418,0.0,0.0,0.0,76.405,9.506213,0.0,0.0,0.0
2020-08-24T16:29:33.142000Z,2020-08-24T16:29:33.404000Z,1782.767,262.0,1190.0,83.016,0.0,0.0,0.0,76.405,10.906208,0.0,0.0,0.0
2020-08-24T16:29:35.136999Z,2020-08-24T16:29:35.353999Z,1556.305,217.0,1266.0,88.129,0.0,0.0,0.0,76.405,9.487792,0.0,0.0,0.0
2020-08-24T16:29:37.136999Z,2020-08-24T16:29:37.310000Z,1109.528,173.0,1296.0,83.674,0.0,0.0,0.0,76.405,11.427865,0.0,0.0,0.0
2020-08-24T16:29:39.141000Z,2020-08-24T16:29:39.325000Z,1229.615,184.0,1302.0,85.903,0.0,0.0,0.0,76.405,11.951573,0.0,0.0,0.0
2020-08-24T16:29:41.136999Z,2020-08-24T16:29:41.255000Z,267.787,118.0,1352.0,89.489,0.0,0.0,0.0,76.405,12.757703,0.0,0.0,0.0
2020-08-24T16:29:43.134000Z,2020-08-24T16:29:43.302000Z,1029.597,168.0,1420.0,87.833,0.0,0.0,0.0,76.405,12.757703,0.0,0.0,0.0
2020-08-24T16:29:45.385000Z,2020-08-24T16:29:45.478000Z,104.017,93.0,1376.0,83.507,0.0,0.0,0.0,76.405,12.757703,0.0,0.0,0.0
2020-08-24T16:29:47.387000Z,2020-08-24T16:29:47.641999Z,2240.591,255.0,1376.0,84.115,0.0,0.0,0.0,76.405,12.757703,0.0,0.0,0.0
2020-08-24T16:29:49.392000Z,2020-08-24T16:29:49.748000Z,4115.846,356.0,1620.0,85.594,0.0,0.0,0.0,76.405,12.033817,0.0,0.0,0.0
2020-08-24T16:29:51.388000Z,2020-08-24T16:29:51.663000Z,3229.637,275.0,1704.0,92.016,0.0,0.0,0.0,76.405,14.323425,0.0,0.0,0.0
2020-08-24T16:29:53.390000Z,2020-08-24T16:29:53.576000Z,1912.905,186.0,2088.0,87.806,0.0,0.0,0.0,76.405,0.331355,0.0,0.0,0.0
2020-08-24T16:29:55.393999Z,2020-08-24T16:29:55.685000Z,4170.738,291.0,2142.0,89.51,0.0,0.0,0.0,76.405,17.763679,0.0,0.0,0.0
2020-08-24T16:29:57.317000Z,2020-08-24T16:29:57.671000Z,4266.857,354.0,2392.0,90.515,0.0,0.0,0.0,76.405,0.582814,0.0,0.0,0.0
2020-08-24T16:29:59.391000Z,2020-08-24T16:29:59.701000Z,4653.556,310.0,2410.0,85.341,0.0,0.0,0.0,76.405,21.408327,0.0,0.0,0.0
2020-08-24T16:30:01.391000Z,2020-08-24T16:30:01.645000Z,3790.251,254.0,2518.0,94.114,0.0,0.0,0.0,76.405,18.990749,0.0,0.0,0.0
2020-08-24T16:30:03.390000Z,2020-08-24T16:30:03.661000Z,3891.549,271.0,2738.0,94.915,0.0,0.0,0.0,76.405,0.366842,0.0,0.0,0.0
2020-08-24T16:30:05.391000Z,2020-08-24T16:30:05.945999Z,2965.123,555.0,2726.0,116.269,0.0,0.0,0.0,76.405,18.06915,0.0,0.0,0.0
2020-08-24T16:30:07.388000Z,2020-08-24T16:30:07.614000Z,2910.371,226.0,2670.0,88.488,0.0,0.0,0.0,76.405,0.608536,0.0,0.0,0.0
2020-08-24T16:30:09.392000Z,2020-08-24T16:30:09.599000Z,2750.759,207.0,2658.0,96.287,0.0,0.0,0.0,76.405,22.839429,0.0,0.0,0.0
2020-08-24T16:30:11.391000Z,2020-08-24T16:30:11.589000Z,2841.885,198.0,2850.0,90.553,0.0,0.0,0.0,76.405,22.789956,0.0,0.0,0.0
2020-08-24T16:30:13.392000Z,2020-08-24T16:30:13.566000Z,2152.289,174.0,2944.0,86.838,0.0,0.0,0.0,76.405,27.086635,0.0,0.0,0.0
2020-08-24T16:30:15.385000Z,2020-08-24T16:30:15.550000Z,1655.817,165.0,2944.0,95.243,0.0,0.0,0.0,76.405,23.060185,0.0,0.0,0.0
2020-08-24T16:30:17.387000Z,2020-08-24T16:30:17.597000Z,2800.64,210.0,2958.0,89.877,0.0,0.0,0.0,76.405,0.340303,0.0,0.0,0.0
2020-08-24T16:30:19.386000Z,2020-08-24T16:30:19.592000Z,2284.63,206.0,2958.0,97.847,0.0,0.0,0.0,76.405,23.88084,0.0,0.0,0.0
2020-08-24T16:30:21.301000Z,2020-08-24T16:30:21.477000Z,1723.975,176.0,2788.0,108.876,0.0,0.0,0.0,76.405,0.506005,0.0,0.0,0.0
2020-08-24T16:30:23.388000Z,2020-08-24T16:30:23.566000Z,1789.337,178.0,2788.0,97.954,0.0,0.0,0.0,76.405,20.19521,0.0,0.0,0.0
2020-08-24T16:30:25.386000Z,2020-08-24T16:30:25.556000Z,1567.364,170.0,2874.0,95.05,0.0,0.0,0.0,76.405,19.520155,0.0,0.0,0.0
2020-08-24T16:30:27.385000Z,2020-08-24T16:30:27.559000Z,1495.558,174.0,2256.0,87.772,0.0,0.0,0.0,76.405,0.67379,0.0,0.0,0.0
2020-08-24T16:30:29.384000Z,2020-08-24T16:30:29.552000Z,1309.916,168.0,2254.0,87.495,0.0,0.0,0.0,76.405,16.750505,0.0,0.0,0.0
2020-08-24T16:30:31.383000Z,2020-08-24T16:30:31.563000Z,1415.213,180.0,2178.0,90.958,0.0,0.0,0.0,76.405,0.381264,0.0,0.0,0.0
2020-08-24T16:30:33.385000Z,2020-08-24T16:30:33.553999Z,1316.507,169.0,1844.0,86.947,0.0,0.0,0.0,76.405,14.540516,0.0,0.0,0.0
2020-08-24T16:30:35.383000Z,2020-08-24T16:30:35.557000Z,1374.354,174.0,1844.0,86.987,0.0,0.0,0.0,76.405,15.029511,0.0,0.0,0.0
2020-08-24T16:30:37.386000Z,2020-08-24T16:30:37.585999Z,2016.283,200.0,1812.0,85.935,0.0,0.0,0.0,76.405,14.489826,0.0,0.0,0.0
2020-08-24T16:30:39.386000Z,2020-08-24T16:30:39.581000Z,1910.477,195.0,2008.0,88.561,0.0,0.0,0.0,76.405,17.94554,0.0,0.0,0.0
2020-08-24T16:30:41.390000Z,2020-08-24T16:30:41.581000Z,1871.292,191.0,2008.0,85.441,0.0,0.0,0.0,76.405,0.596837,0.0,0.0,0.0
2020-08-24T16:30:43.383000Z,2020-08-24T16:30:43.604000Z,1914.312,221.0,2048.0,88.046,0.0,0.0,0.0,76.405,17.208276,0.0,0.0,0.0
2020-08-24T16:30:45.316000Z,2020-08-24T16:30:45.516000Z,2053.245,200.0,2038.0,97.997,0.0,0.0,0.0,76.405,0.482953,0.0,0.0,0.0
2020-08-24T16:30:47.385000Z,2020-08-24T16:30:47.596000Z,2436.826,211.0,2090.0,85.407,0.0,0.0,0.0,76.405,18.467542,0.0,0.0,0.0
2020-08-24T16:30:49.388000Z,2020-08-24T16:30:49.556000Z,1727.64,168.0,2326.0,95.829,0.0,0.0,0.0,76.405,19.919572,0.0,0.0,0.0
2020-08-24T16:30:51.385000Z,2020-08-24T16:30:51.557000Z,1461.256,172.0,2326.0,86.533,0.0,0.0,0.0,76.405,0.365552,0.0,0.0,0.0
2020-08-24T16:30:53.383000Z,2020-08-24T16:30:53.555000Z,1249.545,172.0,2326.0,86.099,0.0,0.0,0.0,76.405,17.004009,0.0,0.0,0.0
2020-08-24T16:30:55.384000Z,2020-08-24T16:30:55.569999Z,2111.914,186.0,2342.0,88.204,0.0,0.0,0.0,76.405,13.079968,0.0,0.0,0.0
2020-08-24T16:30:57.389000Z,2020-08-24T16:30:57.590000Z,2487.813,201.0,2373.0,85.67,0.0,0.0,0.0,76.405,20.551067,0.0,0.0,0.0
2020-08-24T16:30:59.384000Z,2020-08-24T16:30:59.568000Z,2191.903,184.0,2628.0,87.224,0.0,0.0,0.0,76.405,23.188107,0.0,0.0,0.0
2020-08-24T16:31:01.384000Z,2020-08-24T16:31:01.561000Z,2003.601,177.0,2628.0,87.719,0.0,0.0,0.0,76.405,22.42773,0.0,0.0,0.0
2020-08-24T16:31:03.388000Z,2020-08-24T16:31:03.561999Z,1946.291,174.0,2628.0,86.911,0.0,0.0,0.0,76.405,22.181226,0.0,0.0,0.0
2020-08-24T16:31:05.386000Z,2020-08-24T16:31:05.595000Z,2959.497,209.0,2640.0,91.561,0.0,0.0,0.0,76.405,0.367714,0.0,0.0,0.0
2020-08-24T16:31:07.385000Z,2020-08-24T16:31:07.580000Z,2708.834,195.0,2710.0,92.264,0.0,0.0,0.0,76.405,23.280521,0.0,0.0,0.0
2020-08-24T16:31:09.300000Z,2020-08-24T16:31:09.496000Z,2368.271,196.0,2846.0,86.692,0.0,0.0,0.0,76.405,0.505419,0.0,0.0,0.0
2020-08-24T16:31:11.382000Z,2020-08-24T16:31:11.597000Z,2030.824,215.0,2846.0,96.656,0.0,0.0,0.0,76.405,22.349412,0.0,0.0,0.0
2020-08-24T16:31:13.383000Z,2020-08-24T16:31:13.558000Z,1691.76,175.0,2834.0,111.843,0.0,0.0,0.0,76.405,13.082053,0.0,0.0,0.0
2020-08-24T16:31:15.385000Z,2020-08-24T16:31:15.560000Z,1680.724,175.0,2834.0,94.393,0.0,0.0,0.0,76.405,0.373236,0.0,0.0,0.0
2020-08-24T16:31:17.390000Z,2020-08-24T16:31:17.635000Z,1936.577,245.0,4.0,84.097,0.0,0.0,0.0,76.405,19.804762,0.0,0.0,0.0
2020-08-24T16:31:19.386000Z,2020-08-24T16:31:19.571000Z,1913.562,185.0,2232.0,93.998,0.0,0.0,0.0,76.405,0.479186,0.0,0.0,0.0
2020-08-24T16:31:21.382000Z,2020-08-24T16:31:21.568000Z,1841.703,186.0,2218.0,90.89,0.0,0.0,0.0,76.405,19.762374,0.0,0.0,0.0
2020-08-24T16:31:23.381000Z,2020-08-24T16:31:23.553999Z,1487.543,173.0,2164.0,91.976,0.0,0.0,0.0,76.405,18.120244,0.0,0.0,0.0
2020-08-24T16:31:25.383000Z,2020-08-24T16:31:25.668000Z,1852.005,285.0,2146.0,86.097,0.0,0.0,0.0,76.405,16.104376,0.0,0.0,0.0
2020-08-24T16:31:27.385000Z,2020-08-24T16:31:27.593000Z,2255.047,208.0,2134.0,103.92,0.0,0.0,0.0,76.405,0.429115,0.0,0.0,0.0
2020-08-24T16:31:29.384000Z,2020-08-24T16:31:29.585000Z,2120.696,201.0,2080.0,87.532,0.0,0.0,0.0,76.405,0.343144,0.0,0.0,0.0
2020-08-24T16:31:31.380000Z,2020-08-24T16:31:31.564000Z,1247.955,184.0,2088.0,94.497,0.0,0.0,0.0,76.405,18.076146,0.0,0.0,0.0
2020-08-24T16:31:33.304999Z,2020-08-24T16:31:33.500000Z,1829.352,195.0,2088.0,87.051,0.0,0.0,0.0,76.405,0.499982,0.0,0.0,0.0
2020-08-24T16:31:35.381000Z,2020-08-24T16:31:35.558000Z,1280.404,177.0,2088.0,86.834,0.0,0.0,0.0,76.405,17.181413,0.0,0.0,0.0
2020-08-24T16:31:37.381000Z,2020-08-24T16:31:37.555000Z,1543.89,174.0,1988.0,86.81,0.0,0.0,0.0,76.405,13.722698,0.0,0.0,0.0
2020-08-24T16:31:39.381000Z,2020-08-24T16:31:39.560000Z,1587.075,179.0,1966.0,89.702,0.0,0.0,0.0,76.405,0.502212,0.0,0.0,0.0
2020-08-24T16:31:41.383000Z,2020-08-24T16:31:41.601000Z,2366.383,218.0,1960.0,85.618,0.0,0.0,0.0,76.405,16.350311,0.0,0.0,0.0
2020-08-24T16:31:43.381000Z,2020-08-24T16:31:43.545999Z,1294.241,165.0,2078.0,88.406,0.0,0.0,0.0,76.405,0.483289,0.0,0.0,0.0
2020-08-24T16:31:45.386000Z,2020-08-24T16:31:45.641000Z,3236.629,255.0,2064.0,87.752,0.0,0.0,0.0,76.405,14.590451,0.0,0.0,0.0
2020-08-24T16:31:47.384000Z,2020-08-24T16:31:47.646000Z,3283.911,262.0,2118.0,87.731,0.0,0.0,0.0,76.405,18.513482,0.0,0.0,0.0
2020-08-24T16:31:49.385000Z,2020-08-24T16:31:49.638000Z,3654.052,253.0,2354.0,86.51,0.0,0.0,0.0,76.405,18.444736,0.0,0.0,0.0
2020-08-24T16:31:51.384000Z,2020-08-24T16:31:51.606000Z,3098.359,222.0,2472.0,86.663,0.0,0.0,0.0,76.405,20.284841,0.0,0.0,0.0
2020-08-24T16:31:53.382000Z,2020-08-24T16:31:53.619000Z,3352.853,237.0,2564.0,88.456,0.0,0.0,0.0,76.405,0.352162,0.0,0.0,0.0
2020-08-24T16:31:55.382000Z,2020-08-24T16:31:55.563000Z,2077.025,181.0,2718.0,92.725,0.0,0.0,0.0,76.405,23.210708,0.0,0.0,0.0
2020-08-24T16:31:57.386000Z,2020-08-24T16:31:57.601999Z,2876.871,216.0,2773.0,90.262,0.0,0.0,0.0,76.405,22.596274,0.0,0.0,0.0
2020-08-24T16:31:59.382000Z,2020-08-24T16:31:59.569999Z,2210.326,188.0,2808.0,105.592,0.0,0.0,0.0,76.405,23.157589,0.0,0.0,0.0
2020-08-24T16:32:01.382000Z,2020-08-24T16:32:01.604000Z,3024.386,222.0,2722.0,97.633,0.0,0.0,0.0,76.405,19.773168,0.0,0.0,0.0
2020-08-24T16:32:03.382000Z,2020-08-24T16:32:03.572000Z,2312.419,190.0,2758.0,93.343,0.0,0.0,0.0,76.405,0.363395,0.0,0.0,0.0
2020-08-24T16:32:05.382000Z,2020-08-24T16:32:05.560000Z,1926.231,178.0,2758.0,91.309,0.0,0.0,0.0,76.405,25.154943,0.0,0.0,0.0
2020-08-24T16:32:07.381000Z,2020-08-24T16:32:07.553000Z,1789.705,172.0,2758.0,95.015,0.0,0.0,0.0,76.405,0.589693,0.0,0.0,0.0
2020-08-24T16:32:09.380000Z,2020-08-24T16:32:09.548000Z,1737.188,168.0,2758.0,92.145,0.0,0.0,0.0,76.405,20.508372,0.0,0.0,0.0
2020-08-24T16:32:11.380000Z,2020-08-24T16:32:11.531000Z,1519.801,151.0,4.0,96.708,0.0,0.0,0.0,76.405,20.832827,0.0,0.0,0.0
2020-08-24T16:32:13.384000Z,2020-08-24T16:32:13.551000Z,1663.548,167.0,2774.0,88.525,0.0,0.0,0.0,76.405,20.832827,0.0,0.0,0.0
2020-08-24T16:32:15.386000Z,2020-08-24T16:32:15.552000Z,1240.959,166.0,2252.0,95.112,0.0,0.0,0.0,76.405,18.661889,0.0,0.0,0.0
2020-08-24T16:32:17.382000Z,2020-08-24T16:32:17.560000Z,1587.414,178.0,2248.0,87.403,0.0,0.0,0.0,76.405,0.364874,0.0,0.0,0.0
2020-08-24T16:32:19.381000Z,2020-08-24T16:32:19.563000Z,2142.475,182.0,2248.0,85.766,0.0,0.0,0.0,76.405,17.64609,0.0,0.0,0.0
2020-08-24T16:32:21.299000Z,2020-08-24T16:32:21.502000Z,2291.08,203.0,2296.0,88.338,0.0,0.0,0.0,76.405,0.670055,0.0,0.0,0.0
2020-08-24T16:32:23.381000Z,2020-08-24T16:32:23.640000Z,2361.998,259.0,2294.0,99.121,0.0,0.0,0.0,76.405,21.368245,0.0,0.0,0.0
2020-08-24T16:32:25.381000Z,2020-08-24T16:32:25.575000Z,2317.145,194.0,2294.0,94.345,0.0,0.0,0.0,76.405,6.329119,0.0,0.0,0.0
2020-08-24T16:32:27.386000Z,2020-08-24T16:32:27.592000Z,2392.201,206.0,2420.0,86.798,0.0,0.0,0.0,76.405,0.356735,0.0,0.0,0.0
2020-08-24T16:32:29.385000Z,2020-08-24T16:32:29.737999Z,3812.39,353.0,2500.0,94.749,0.0,0.0,0.0,76.405,18.911153,0.0,0.0,0.0
2020-08-24T16:32:31.380000Z,2020-08-24T16:32:31.559000Z,1865.105,179.0,2518.0,87.24,0.0,0.0,0.0,76.405,0.708729,0.0,0.0,0.0
2020-08-24T16:32:33.379000Z,2020-08-24T16:32:33.603000Z,1495.706,224.0,2518.0,93.355,0.0,0.0,0.0,76.405,20.36062,0.0,0.0,0.0
2020-08-24T16:32:35.380000Z,2020-08-24T16:32:35.557000Z,1866.46,177.0,2506.0,90.175,0.0,0.0,0.0,76.405,4.819556,0.0,0.0,0.0
2020-08-24T16:32:37.380000Z,2020-08-24T16:32:37.556000Z,1764.332,176.0,2454.0,89.818,0.0,0.0,0.0,76.405,20.655077,0.0,0.0,0.0
2020-08-24T16:32:39.377999Z,2020-08-24T16:32:39.557000Z,1948.302,179.0,2258.0,93.286,0.0,0.0,0.0,76.405,18.565877,0.0,0.0,0.0
2020-08-24T16:32:41.388000Z,2020-08-24T16:32:41.568000Z,1741.26,180.0,2270.0,95.093,0.0,0.0,0.0,76.405,0.643821,0.0,0.0,0.0
2020-08-24T16:32:43.377999Z,2020-08-24T16:32:43.553000Z,958.605,175.0,2248.0,83.025,0.0,0.0,0.0,76.405,17.415506,0.0,0.0,0.0
2020-08-24T16:32:45.381000Z,2020-08-24T16:32:45.640000Z,3544.615,259.0,2248.0,88.565,0.0,0.0,0.0,76.405,0.634644,0.0,0.0,0.0
2020-08-24T16:32:47.381000Z,2020-08-24T16:32:47.577000Z,2349.253,196.0,2358.0,90.135,0.0,0.0,0.0,76.405,18.728531,0.0,0.0,0.0
2020-08-24T16:32:49.380000Z,2020-08-24T16:32:49.566000Z,2043.924,186.0,2416.0,88.975,0.0,0.0,0.0,76.405,21.593129,0.0,0.0,0.0
2020-08-24T16:32:51.379000Z,2020-08-24T16:32:51.555000Z,1327.041,176.0,2447.0,91.687,0.0,0.0,0.0,76.405,0.38106,0.0,0.0,0.0
2020-08-24T16:32:53.377999Z,2020-08-24T16:32:53.513999Z,1144.06,136.0,4.0,87.255,0.0,0.0,0.0,76.405,13.978865,0.0,0.0,0.0
2020-08-24T16:32:55.376999Z,2020-08-24T16:32:55.552000Z,1101.596,175.0,2434.0,87.785,0.0,0.0,0.0,76.405,0.498962,0.0,0.0,0.0
2020-08-24T16:32:57.376999Z,2020-08-24T16:32:57.551000Z,1418.635,174.0,2434.0,87.557,0.0,0.0,0.0,76.405,12.116046,0.0,0.0,0.0
2020-08-24T16:32:59.379000Z,2020-08-24T16:32:59.561999Z,1478.576,183.0,1676.0,85.866,0.0,0.0,0.0,76.405,15.548281,0.0,0.0,0.0
2020-08-24T16:33:01.376999Z,2020-08-24T16:33:01.550000Z,1375.359,173.0,1716.0,86.644,0.0,0.0,0.0,76.405,15.916583,0.0,0.0,0.0
2020-08-24T16:33:03.379000Z,2020-08-24T16:33:03.589000Z,1896.406,210.0,1716.0,87.322,0.0,0.0,0.0,76.405,15.753531,0.0,0.0,0.0
2020-08-24T16:33:05.376999Z,2020-08-24T16:33:05.553000Z,1435.73,176.0,1914.0,89.224,0.0,0.0,0.0,76.405,0.345336,0.0,0.0,0.0
2020-08-24T16:33:07.375000Z,2020-08-24T16:33:07.559000Z,1518.456,184.0,1912.0,89.572,0.0,0.0,0.0,76.405,14.815679,0.0,0.0,0.0
2020-08-24T16:33:09.377999Z,2020-08-24T16:33:09.584000Z,2110.368,206.0,1872.0,93.585,0.0,0.0,0.0,76.405,0.520808,0.0,0.0,0.0
2020-08-24T16:33:11.376999Z,2020-08-24T16:33:11.551000Z,1382.345,174.0,2104.0,85.043,0.0,0.0,0.0,76.405,17.542467,0.0,0.0,0.0
2020-08-24T16:33:13.381000Z,2020-08-24T16:33:13.585999Z,2354.622,205.0,2104.0,89.001,0.0,0.0,0.0,76.405,14.705035,0.0,0.0,0.0
2020-08-24T16:33:15.379000Z,2020-08-24T16:33:15.561999Z,1953.027,183.0,2145.0,90.885,0.0,0.0,0.0,76.405,0.396242,0.0,0.0,0.0
2020-08-24T16:33:17.376999Z,2020-08-24T16:33:17.555000Z,1669.223,178.0,2195.0,87.926,0.0,0.0,0.0,76.405,20.1349,0.0,0.0,0.0
2020-08-24T16:33:19.376999Z,2020-08-24T16:33:19.549000Z,1561.236,172.0,2270.0,90.897,0.0,0.0,0.0,76.405,0.660979,0.0,0.0,0.0
2020-08-24T16:33:21.377999Z,2020-08-24T16:33:21.561999Z,2091.118,184.0,2242.0,93.109,0.0,0.0,0.0,76.405,17.445929,0.0,0.0,0.0
2020-08-24T16:33:23.379000Z,2020-08-24T16:33:23.600000Z,2669.957,221.0,2385.0,87.022,0.0,0.0,0.0,76.405,21.606699,0.0,0.0,0.0
2020-08-24T16:33:25.376999Z,2020-08-24T16:33:25.550000Z,1929.636,173.0,2480.0,94.976,0.0,0.0,0.0,76.405,0.73523,0.0,0.0,0.0
2020-08-24T16:33:27.376999Z,2020-08-24T16:33:27.553000Z,1857.706,176.0,2480.0,86.535,0.0,0.0,0.0,76.405,21.265044,0.0,0.0,0.0
2020-08-24T16:33:29.376000Z,2020-08-24T16:33:29.545000Z,932.976,169.0,2480.0,93.709,0.0,0.0,0.0,76.405,0.517436,0.0,0.0,0.0
2020-08-24T16:33:31.376000Z,2020-08-24T16:33:31.539000Z,1592.192,163.0,4.0,91.471,0.0,0.0,0.0,76.405,10.519414,0.0,0.0,0.0
2020-08-24T16:33:33.376999Z,2020-08-24T16:33:33.547000Z,1625.895,170.0,2544.0,88.296,0.0,0.0,0.0,76.405,0.608891,0.0,0.0,0.0
2020-08-24T16:33:35.375000Z,2020-08-24T16:33:35.547000Z,1701.728,172.0,2444.0,87.939,0.0,0.0,0.0,76.405,18.472699,0.0,0.0,0.0
2020-08-24T16:33:37.375000Z,2020-08-24T16:33:37.542000Z,1238.941,167.0,2020.0,86.783,0.0,0.0,0.0,76.405,18.6406,0.0,0.0,0.0
2020-08-24T16:33:39.376999Z,2020-08-24T16:33:39.556000Z,1877.489,179.0,2020.0,88.788,0.0,0.0,0.0,76.405,0.502474,0.0,0.0,0.0
2020-08-24T16:33:41.375000Z,2020-08-24T16:33:41.550000Z,1648.268,175.0,2072.0,88.378,0.0,0.0,0.0,76.405,19.256887,0.0,0.0,0.0
2020-08-24T16:33:43.375000Z,2020-08-24T16:33:43.543000Z,1642.347,168.0,2108.0,86.425,0.0,0.0,0.0,76.632,0.537836,0.0,0.0,0.0
2020-08-24T16:33:45.375000Z,2020-08-24T16:33:45.531000Z,1442.302,156.0,4.0,87.78,0.0,0.0,0.0,76.632,19.255263,0.0,0.0,0.0
2020-08-24T16:33:47.376999Z,2020-08-24T16:33:47.557000Z,1672.861,180.0,2158.0,88.85,0.0,0.0,0.0,76.632,19.255263,0.0,0.0,0.0
2020-08-24T16:33:49.376000Z,2020-08-24T16:33:49.550000Z,1754.157,174.0,2166.0,86.001,0.0,0.0,0.0,76.632,17.334621,0.0,0.0,0.0
2020-08-24T16:33:51.376000Z,2020-08-24T16:33:51.557000Z,1741.136,181.0,2210.0,87.8,0.0,0.0,0.0,76.632,18.802022,0.0,0.0,0.0
2020-08-24T16:33:53.375000Z,2020-08-24T16:33:53.592000Z,1287.55,217.0,2210.0,93.485,0.0,0.0,0.0,76.632,0.365398,0.0,0.0,0.0
2020-08-24T16:33:55.625000Z,2020-08-24T16:33:55.803000Z,1625.527,178.0,2198.0,94.127,0.0,0.0,0.0,76.632,5.111083,0.0,0.0,0.0
2020-08-24T16:33:57.628000Z,2020-08-24T16:33:57.823000Z,2140.15,195.0,2198.0,85.391,0.0,0.0,0.0,76.632,0.607479,0.0,0.0,0.0
2020-08-24T16:33:59.627000Z,2020-08-24T16:33:59.817999Z,2114.193,191.0,2162.0,94.309,0.0,0.0,0.0,76.632,19.691542,0.0,0.0,0.0
2020-08-24T16:34:01.626000Z,2020-08-24T16:34:01.806000Z,1964.348,180.0,2346.0,86.681,0.0,0.0,0.0,76.632,20.843189,0.0,0.0,0.0
2020-08-24T16:34:03.626000Z,2020-08-24T16:34:03.804000Z,1796.753,178.0,2470.0,87.829,0.0,0.0,0.0,76.632,0.6613,0.0,0.0,0.0
2020-08-24T16:34:05.625000Z,2020-08-24T16:34:05.811000Z,2045.135,186.0,2470.0,87.195,0.0,0.0,0.0,76.632,18.923181,0.0,0.0,0.0
2020-08-24T16:34:07.626000Z,2020-08-24T16:34:07.817999Z,2099.577,192.0,2470.0,93.982,0.0,0.0,0.0,76.632,0.5183,0.0,0.0,0.0
2020-08-24T16:34:09.626000Z,2020-08-24T16:34:09.801999Z,2007.315,176.0,4.0,95.65,0.0,0.0,0.0,76.632,19.380203,0.0,0.0,0.0
2020-08-24T16:34:11.629000Z,2020-08-24T16:34:11.808000Z,1919.388,179.0,2398.0,86.14,0.0,0.0,0.0,76.632,20.7487,0.0,0.0,0.0
2020-08-24T16:34:13.627000Z,2020-08-24T16:34:13.804000Z,1737.616,177.0,2376.0,91.156,0.0,0.0,0.0,76.632,0.475287,0.0,0.0,0.0
2020-08-24T16:34:15.624000Z,2020-08-24T16:34:15.825000Z,1886.061,201.0,2388.0,91.289,0.0,0.0,0.0,76.632,17.789182,0.0,0.0,0.0
2020-08-24T16:34:17.624000Z,2020-08-24T16:34:17.815000Z,2173.738,191.0,2376.0,89.341,0.0,0.0,0.0,76.632,0.364982,0.0,0.0,0.0
2020-08-24T16:34:19.624000Z,2020-08-24T16:34:19.809999Z,2336.795,186.0,2354.0,93.338,0.0,0.0,0.0,76.632,19.274573,0.0,0.0,0.0
2020-08-24T16:34:21.624000Z,2020-08-24T16:34:21.812000Z,2141.579,188.0,2488.0,90.731,0.0,0.0,0.0,76.632,0.529445,0.0,0.0,0.0
2020-08-24T16:34:23.624000Z,2020-08-24T16:34:23.804000Z,2189.914,180.0,2514.0,93.287,0.0,0.0,0.0,76.632,20.455418,0.0,0.0,0.0
2020-08-24T16:34:25.624000Z,2020-08-24T16:34:25.845000Z,2663.491,221.0,2602.0,85.687,0.0,0.0,0.0,76.632,22.199945,0.0,0.0,0.0
2020-08-24T16:34:27.630000Z,2020-08-24T16:34:27.945999Z,5429.252,316.0,2590.0,102.147,0.0,0.0,0.0,76.632,0.365208,0.0,0.0,0.0
2020-08-24T16:34:29.629000Z,2020-08-24T16:34:29.929999Z,4976.269,301.0,2816.0,90.191,0.0,0.0,0.0,76.632,24.146803,0.0,0.0,0.0
2020-08-24T16:34:31.628000Z,2020-08-24T16:34:31.807000Z,2001.27,179.0,2802.0,94.133,0.0,0.0,0.0,76.632,0.522897,0.0,0.0,0.0
2020-08-24T16:34:33.624000Z,2020-08-24T16:34:33.809999Z,2417.017,186.0,2802.0,97.78,0.0,0.0,0.0,76.632,21.277423,0.0,0.0,0.0
2020-08-24T16:34:35.625000Z,2020-08-24T16:34:35.785999Z,1917.029,161.0,4.0,90.759,0.0,0.0,0.0,76.632,24.691269,0.0,0.0,0.0
2020-08-24T16:34:37.626000Z,2020-08-24T16:34:37.822000Z,2819.918,196.0,2854.0,86.503,0.0,0.0,0.0,76.632,24.691269,0.0,0.0,0.0
2020-08-24T16:34:39.625000Z,2020-08-24T16:34:39.824000Z,3011.222,199.0,2854.0,94.794,0.0,0.0,0.0,76.632,24.800559,0.0,0.0,0.0
2020-08-24T16:34:41.624000Z,2020-08-24T16:34:41.881999Z,2156.523,258.0,3094.0,91.66,0.0,0.0,0.0,76.632,0.410828,0.0,0.0,0.0
2020-08-24T16:34:43.626000Z,2020-08-24T16:34:43.833999Z,3210.533,208.0,3080.0,111.591,0.0,0.0,0.0,76.632,2.409693,0.0,0.0,0.0
2020-08-24T16:34:45.625000Z,2020-08-24T16:34:46.302000Z,3583.542,677.0,3080.0,94.533,0.0,0.0,0.0,76.632,0.460372,0.0,0.0,0.0
2020-08-24T16:34:47.627000Z,2020-08-24T16:34:47.889999Z,4103.086,263.0,3002.0,98.261,0.0,0.0,0.0,76.632,1.654223,0.0,0.0,0.0
2020-08-24T16:34:49.624000Z,2020-08-24T16:34:50.000000Z,3200.819,376.0,3014.0,104.716,0.0,0.0,0.0,76.632,21.895511,0.0,0.0,0.0
2020-08-24T16:34:51.626000Z,2020-08-24T16:34:51.857999Z,3502.644,232.0,2822.0,98.528,0.0,0.0,0.0,76.632,23.181267,0.0,0.0,0.0
2020-08-24T16:34:53.620000Z,2020-08-24T16:34:53.793999Z,1162.467,174.0,2898.0,91.569,0.0,0.0,0.0,76.632,22.394748,0.0,0.0,0.0
2020-08-24T16:34:55.621000Z,2020-08-24T16:34:55.785999Z,559.871,165.0,2842.0,88.882,0.0,0.0,0.0,76.632,0.368289,0.0,0.0,0.0
2020-08-24T16:34:57.622000Z,2020-08-24T16:34:57.790000Z,1227.056,168.0,2776.0,89.495,0.0,0.0,0.0,76.632,6.127016,0.0,0.0,0.0
2020-08-24T16:34:59.620000Z,2020-08-24T16:34:59.799000Z,1219.361,179.0,2776.0,88.581,0.0,0.0,0.0,76.632,13.977252,0.0,0.0,0.0
2020-08-24T16:35:01.619000Z,2020-08-24T16:35:01.790000Z,589.473,171.0,1512.0,87.908,0.0,0.0,0.0,76.632,0.017428,0.0,0.0,0.0
2020-08-24T16:35:03.619000Z,2020-08-24T16:35:03.785999Z,569.572,167.0,1512.0,89.087,0.0,0.0,0.0,76.632,6.714105,0.0,0.0,0.0
2020-08-24T16:35:05.621000Z,2020-08-24T16:35:05.830000Z,1721.783,209.0,1512.0,85.242,0.0,0.0,0.0,76.632,0.689059,0.0,0.0,0.0
2020-08-24T16:35:07.623000Z,2020-08-24T16:35:07.880000Z,2609.767,257.0,1620.0,89.163,0.0,0.0,0.0,76.632,14.608816,0.0,0.0,0.0
2020-08-24T16:35:09.622000Z,2020-08-24T16:35:09.820000Z,2009.043,198.0,1842.0,85.382,0.0,0.0,0.0,76.632,15.287138,0.0,0.0,0.0
2020-08-24T16:35:11.620000Z,2020-08-24T16:35:11.788000Z,1200.297,168.0,1896.0,84.914,0.0,0.0,0.0,76.632,17.470942,0.0,0.0,0.0
2020-08-24T16:35:13.621000Z,2020-08-24T16:35:13.796000Z,1356.682,175.0,1896.0,86.355,0.0,0.0,0.0,76.632,13.448083,0.0,0.0,0.0
2020-08-24T16:35:15.620000Z,2020-08-24T16:35:15.788000Z,674.138,168.0,1904.0,87.486,0.0,0.0,0.0,76.632,0.198651,0.0,0.0,0.0
2020-08-24T16:35:17.620000Z,2020-08-24T16:35:17.751000Z,699.076,131.0,4.0,90.044,0.0,0.0,0.0,76.632,7.451491,0.0,0.0,0.0
2020-08-24T16:35:19.621000Z,2020-08-24T16:35:19.753999Z,513.883,133.0,1542.0,91.372,0.0,0.0,0.0,76.632,0.488484,0.0,0.0,0.0
2020-08-24T16:35:21.619000Z,2020-08-24T16:35:21.737999Z,452.59,119.0,1548.0,90.207,0.0,0.0,0.0,76.632,4.352483,0.0,0.0,0.0
2020-08-24T16:35:23.622000Z,2020-08-24T16:35:23.768000Z,801.685,146.0,1542.0,88.17,0.0,0.0,0.0,76.632,4.352483,0.0,0.0,0.0
2020-08-24T16:35:25.621000Z,2020-08-24T16:35:25.745999Z,542.699,125.0,1494.0,87.9,0.0,0.0,0.0,76.632,8.009594,0.0,0.0,0.0
2020-08-24T16:35:27.620000Z,2020-08-24T16:35:27.955000Z,552.923,335.0,1494.0,89.956,0.0,0.0,0.0,76.632,8.009594,0.0,0.0,0.0
2020-08-24T16:35:29.616999Z,2020-08-24T16:35:29.747000Z,514.251,130.0,1494.0,86.711,0.0,0.0,0.0,76.632,8.009594,0.0,0.0,0.0
2020-08-24T16:35:31.622000Z,2020-08-24T16:35:31.744000Z,517.927,122.0,1494.0,88.29,0.0,0.0,0.0,76.632,8.009594,0.0,0.0,0.0
2020-08-24T16:35:33.619000Z,2020-08-24T16:35:33.751000Z,591.555,132.0,1494.0,87.64,0.0,0.0,0.0,76.632,8.009594,0.0,0.0,0.0
2020-08-24T16:35:35.621000Z,2020-08-24T16:35:35.750000Z,587.444,129.0,4.0,87.994,0.0,0.0,0.0,76.632,8.009594,0.0,0.0,0.0
2020-08-24T16:35:37.616999Z,2020-08-24T16:35:37.744000Z,503.176,127.0,1576.0,88.592,0.0,0.0,0.0,76.632,8.009594,0.0,0.0,0.0
2020-08-24T16:35:39.619000Z,2020-08-24T16:35:39.743000Z,499.954,124.0,1510.0,89.517,0.0,0.0,0.0,76.632,8.009594,0.0,0.0,0.0
2020-08-24T16:35:41.621000Z,2020-08-24T16:35:41.757000Z,520.555,136.0,1510.0,86.128,0.0,0.0,0.0,76.632,8.009594,0.0,0.0,0.0
2020-08-24T16:35:43.619000Z,2020-08-24T16:35:43.756000Z,540.716,137.0,1516.0,91.735,0.0,0.0,0.0,76.632,8.009594,0.0,0.0,0.0
2020-08-24T16:35:45.617999Z,2020-08-24T16:35:45.745999Z,541.62,128.0,1516.0,90.84,0.0,0.0,0.0,76.632,8.009594,0.0,0.0,0.0
2020-08-24T16:35:47.617999Z,2020-08-24T16:35:47.742000Z,488.227,124.0,1516.0,88.349,0.0,0.0,0.0,76.632,8.009594,0.0,0.0,0.0
2020-08-24T16:35:49.616999Z,2020-08-24T16:35:49.739000Z,487.161,122.0,1504.0,84.932,0.0,0.0,0.0,76.632,8.009594,0.0,0.0,0.0
2020-08-24T16:35:51.617999Z,2020-08-24T16:35:51.739000Z,474.828,121.0,1504.0,85.306,0.0,0.0,0.0,76.632,8.009594,0.0,0.0,0.0
2020-08-24T16:35:53.617999Z,2020-08-24T16:35:53.841000Z,568.752,223.0,1510.0,86.633,0.0,0.0,0.0,76.632,8.009594,0.0,0.0,0.0
2020-08-24T16:35:55.617999Z,2020-08-24T16:35:56.797000Z,579.792,1179.0,42.0,96.12,0.0,0.0,0.0,76.632,0.301871,0.0,0.0,0.0
2020-08-24T16:35:57.620000Z,2020-08-24T16:35:58.240000Z,585.468,620.0,104.0,84.42,0.0,0.0,0.0,76.632,0.845588,0.0,0.0,0.0
2020-08-24T16:35:59.617999Z,2020-08-24T16:36:00.156000Z,656.321,538.0,140.0,85.569,0.0,0.0,0.0,76.521,1.141555,0.0,0.0,0.0
2020-08-24T16:36:01.616000Z,2020-08-24T16:36:02.119000Z,722.952,503.0,180.0,83.192,0.0,0.0,0.0,76.521,1.514541,0.0,0.0,0.0
2020-08-24T16:36:03.616999Z,2020-08-24T16:36:04.011000Z,654.436,394.0,232.0,84.526,0.0,0.0,0.0,76.521,1.793731,0.0,0.0,0.0
2020-08-24T16:36:05.617999Z,2020-08-24T16:36:05.968000Z,622.297,350.0,246.0,83.8,0.0,0.0,0.0,76.468,1.928174,0.0,0.0,0.0
2020-08-24T16:36:07.615000Z,2020-08-24T16:36:07.958000Z,687.512,343.0,294.0,84.147,0.0,0.0,0.0,76.468,2.178882,0.0,0.0,0.0
2020-08-24T16:36:09.616999Z,2020-08-24T16:36:09.932000Z,632.113,315.0,296.0,84.582,0.0,0.0,0.0,76.468,2.389606,0.0,0.0,0.0
2020-08-24T16:36:11.616999Z,2020-08-24T16:36:11.937000Z,640.13,320.0,340.0,85.644,0.0,0.0,0.0,76.295,2.225277,0.0,0.0,0.0
2020-08-24T16:36:13.616999Z,2020-08-24T16:36:13.883000Z,627.432,266.0,348.0,86.137,0.0,0.0,0.0,76.295,2.785877,0.0,0.0,0.0
2020-08-24T16:36:15.617999Z,2020-08-24T16:36:15.873999Z,677.232,256.0,424.0,86.335,0.0,0.0,0.0,76.295,3.435171,0.0,0.0,0.0
2020-08-24T16:36:17.616999Z,2020-08-24T16:36:17.859000Z,618.989,242.0,430.0,84.73,0.0,0.0,0.0,76.295,3.89083,0.0,0.0,0.0
2020-08-24T16:36:19.616999Z,2020-08-24T16:36:19.827000Z,565.041,210.0,452.0,86.263,0.0,0.0,0.0,76.295,3.688514,0.0,0.0,0.0
2020-08-24T16:36:21.616000Z,2020-08-24T16:36:21.817999Z,582.339,202.0,528.0,84.367,0.0,0.0,0.0,76.295,4.595214,0.0,0.0,0.0
2020-08-24T16:36:23.620000Z,2020-08-24T16:36:23.915000Z,580.259,295.0,556.0,84.95,0.0,0.0,0.0,76.295,4.816103,0.0,0.0,0.0
2020-08-24T16:36:25.616999Z,2020-08-24T16:36:25.830000Z,656.122,213.0,556.0,94.973,0.0,0.0,0.0,76.295,0.030672,0.0,0.0,0.0
2020-08-24T16:36:27.616000Z,2020-08-24T16:36:27.825999Z,683.566,210.0,568.0,85.383,0.0,0.0,0.0,76.295,4.999697,0.0,0.0,0.0
2020-08-24T16:36:29.616000Z,2020-08-24T16:36:29.823000Z,713.077,207.0,620.0,84.465,0.0,0.0,0.0,76.295,5.392563,0.0,0.0,0.0
2020-08-24T16:36:31.616000Z,2020-08-24T16:36:31.805000Z,663.032,189.0,654.0,86.557,0.0,0.0,0.0,76.295,5.428889,0.0,0.0,0.0
2020-08-24T16:36:33.616999Z,2020-08-24T16:36:33.837000Z,684.026,220.0,670.0,84.951,0.0,0.0,0.0,76.295,6.124749,0.0,0.0,0.0
2020-08-24T16:36:35.616999Z,2020-08-24T16:36:35.821000Z,676.483,204.0,671.0,84.805,0.0,0.0,0.0,76.295,4.643868,0.0,0.0,0.0
2020-08-24T16:36:37.616000Z,2020-08-24T16:36:37.819000Z,656.512,203.0,686.0,83.351,0.0,0.0,0.0,76.295,6.206114,0.0,0.0,0.0
2020-08-24T16:36:39.615000Z,2020-08-24T16:36:39.796000Z,580.624,181.0,702.0,87.47,0.0,0.0,0.0,76.295,5.174973,0.0,0.0,0.0
2020-08-24T16:36:41.615000Z,2020-08-24T16:36:41.791000Z,557.502,176.0,706.0,86.107,0.0,0.0,0.0,76.295,5.741949,0.0,0.0,0.0
2020-08-24T16:36:43.615000Z,2020-08-24T16:36:43.790000Z,578.725,175.0,704.0,85.798,0.0,0.0,0.0,76.295,5.667167,0.0,0.0,0.0
2020-08-24T16:36:45.616000Z,2020-08-24T16:36:45.795000Z,597.876,179.0,700.0,85.072,0.0,0.0,0.0,76.295,6.040255,0.0,0.0,0.0
2020-08-24T16:36:47.616000Z,2020-08-24T16:36:47.796000Z,648.673,180.0,700.0,85.107,0.0,0.0,0.0,76.295,6.446097,0.0,0.0,0.0
2020-08-24T16:36:49.616000Z,2020-08-24T16:36:49.782000Z,533.105,166.0,722.0,84.747,0.0,0.0,0.0,76.295,6.497046,0.0,0.0,0.0
2020-08-24T16:36:51.616000Z,2020-08-24T16:36:51.796000Z,662.602,180.0,726.0,85.223,0.0,0.0,0.0,76.295,6.497046,0.0,0.0,0.0
2020-08-24T16:36:53.616000Z,2020-08-24T16:36:53.812000Z,786.855,196.0,726.0,83.862,0.0,0.0,0.0,76.295,6.32771,0.0,0.0,0.0
2020-08-24T16:36:55.616999Z,2020-08-24T16:36:55.904000Z,1472.557,287.0,770.0,85.437,0.0,0.0,0.0,76.295,6.725293,0.0,0.0,0.0
2020-08-24T16:36:57.616999Z,2020-08-24T16:36:57.917000Z,1684.912,300.0,836.0,85.857,0.0,0.0,0.0,76.295,6.34732,0.0,0.0,0.0
2020-08-24T16:36:59.616999Z,2020-08-24T16:36:59.901000Z,1586.998,284.0,874.0,84.191,0.0,0.0,0.0,76.295,8.024216,0.0,0.0,0.0
2020-08-24T16:37:01.623000Z,2020-08-24T16:37:01.913000Z,1773.767,290.0,987.0,86.299,0.0,0.0,0.0,76.295,8.359655,0.0,0.0,0.0
2020-08-24T16:37:03.616999Z,2020-08-24T16:37:03.865999Z,1598.677,249.0,1050.0,85.52,0.0,0.0,0.0,76.295,7.84538,0.0,0.0,0.0
2020-08-24T16:37:05.615000Z,2020-08-24T16:37:05.825999Z,1449.725,211.0,1092.0,83.954,0.0,0.0,0.0,76.295,9.750749,0.0,0.0,0.0
2020-08-24T16:37:07.616000Z,2020-08-24T16:37:07.825999Z,1512.42,210.0,1238.0,85.745,0.0,0.0,0.0,76.295,11.524149,0.0,0.0,0.0
2020-08-24T16:37:09.615000Z,2020-08-24T16:37:09.840000Z,1883.061,225.0,1382.0,86.735,0.0,0.0,0.0,76.295,11.853481,0.0,0.0,0.0
2020-08-24T16:37:11.616000Z,2020-08-24T16:37:11.835000Z,1887.607,219.0,1582.0,88.295,0.0,0.0,0.0,76.295,14.122438,0.0,0.0,0.0
2020-08-24T16:37:13.616000Z,2020-08-24T16:37:13.836000Z,2027.41,220.0,1666.0,88.572,0.0,0.0,0.0,76.295,14.20216,0.0,0.0,0.0
2020-08-24T16:37:15.616999Z,2020-08-24T16:37:15.841999Z,2250.033,225.0,1722.0,88.102,0.0,0.0,0.0,76.295,13.9761,0.0,0.0,0.0
2020-08-24T16:37:17.624000Z,2020-08-24T16:37:17.820000Z,2055.263,196.0,1888.0,92.171,0.0,0.0,0.0,76.295,16.678958,0.0,0.0,0.0
2020-08-24T16:37:19.616000Z,2020-08-24T16:37:19.807000Z,2149.44,191.0,2114.0,86.744,0.0,0.0,0.0,76.295,0.608993,0.0,0.0,0.0
2020-08-24T16:37:21.616999Z,2020-08-24T16:37:21.817999Z,2240.538,201.0,2250.0,85.875,0.0,0.0,0.0,76.295,20.887779,0.0,0.0,0.0
2020-08-24T16:37:23.616999Z,2020-08-24T16:37:23.808000Z,2085.595,191.0,2268.0,97.829,0.0,0.0,0.0,76.295,18.031906,0.0,0.0,0.0
2020-08-24T16:37:25.615000Z,2020-08-24T16:37:25.793999Z,1875.735,179.0,4.0,92.749,0.0,0.0,0.0,76.295,20.622968,0.0,0.0,0.0
2020-08-24T16:37:27.615000Z,2020-08-24T16:37:27.798000Z,1528.548,183.0,2452.0,88.449,0.0,0.0,0.0,76.295,22.12042,0.0,0.0,0.0
2020-08-24T16:37:29.616000Z,2020-08-24T16:37:29.793999Z,1749.012,178.0,2452.0,95.358,0.0,0.0,0.0,76.295,0.524117,0.0,0.0,0.0
2020-08-24T16:37:31.616999Z,2020-08-24T16:37:31.793999Z,1834.666,177.0,2452.0,87.026,0.0,0.0,0.0,76.295,18.294194,0.0,0.0,0.0
2020-08-24T16:37:33.615000Z,2020-08-24T16:37:33.787000Z,1727.129,172.0,2452.0,93.033,0.0,0.0,0.0,76.295,0.608993,0.0,0.0,0.0
2020-08-24T16:37:35.616000Z,2020-08-24T16:37:35.785000Z,1675.23,169.0,2260.0,93.724,0.0,0.0,0.0,76.295,19.27002,0.0,0.0,0.0
2020-08-24T16:37:37.615000Z,2020-08-24T16:37:37.777999Z,1524.316,163.0,4.0,88.812,0.0,0.0,0.0,76.295,18.7534,0.0,0.0,0.0
2020-08-24T16:37:39.613000Z,2020-08-24T16:37:39.785999Z,1531.436,173.0,2222.0,85.626,0.0,0.0,0.0,76.295,0.359184,0.0,0.0,0.0
2020-08-24T16:37:41.613000Z,2020-08-24T16:37:41.781000Z,1250.529,168.0,2222.0,89.172,0.0,0.0,0.0,76.295,16.774481,0.0,0.0,0.0
2020-08-24T16:37:43.613000Z,2020-08-24T16:37:43.785000Z,1258.708,172.0,2108.0,89.814,0.0,0.0,0.0,76.295,0.500656,0.0,0.0,0.0
2020-08-24T16:37:45.615000Z,2020-08-24T16:37:45.793999Z,1299.28,179.0,1836.0,86.896,0.0,0.0,0.0,76.295,14.943345,0.0,0.0,0.0
2020-08-24T16:37:47.615000Z,2020-08-24T16:37:47.782000Z,1214.132,167.0,1816.0,86.048,0.0,0.0,0.0,76.295,13.950776,0.0,0.0,0.0
2020-08-24T16:37:49.613000Z,2020-08-24T16:37:49.781000Z,1286.668,168.0,1816.0,91.346,0.0,0.0,0.0,76.295,15.093301,0.0,0.0,0.0
2020-08-24T16:37:51.625000Z,2020-08-24T16:37:51.801000Z,1229.65,176.0,1632.0,87.476,0.0,0.0,0.0,76.295,14.80947,0.0,0.0,0.0
2020-08-24T16:37:53.614000Z,2020-08-24T16:37:53.783000Z,1125.46,169.0,1632.0,90.72,0.0,0.0,0.0,76.295,0.382617,0.0,0.0,0.0
2020-08-24T16:37:55.612000Z,2020-08-24T16:37:55.784000Z,1051.596,172.0,1632.0,86.911,0.0,0.0,0.0,76.295,12.692375,0.0,0.0,0.0
2020-08-24T16:37:57.612000Z,2020-08-24T16:37:57.769000Z,1090.517,157.0,1692.0,88.645,0.0,0.0,0.0,76.295,11.515786,0.0,0.0,0.0
2020-08-24T16:37:59.613000Z,2020-08-24T16:37:59.777999Z,1050.768,165.0,1640.0,85.013,0.0,0.0,0.0,76.295,11.515786,0.0,0.0,0.0
2020-08-24T16:38:01.613000Z,2020-08-24T16:38:01.784000Z,1139.901,171.0,1628.0,85.911,0.0,0.0,0.0,76.295,11.515786,0.0,0.0,0.0
2020-08-24T16:38:03.613000Z,2020-08-24T16:38:03.776000Z,1044.477,163.0,1466.0,87.968,0.0,0.0,0.0,76.295,12.623431,0.0,0.0,0.0
2020-08-24T16:38:05.862000Z,2020-08-24T16:38:06.023000Z,1040.213,161.0,1466.0,88.944,0.0,0.0,0.0,76.295,12.623431,0.0,0.0,0.0
2020-08-24T16:38:07.864000Z,2020-08-24T16:38:08.055000Z,1319.048,191.0,1466.0,88.867,0.0,0.0,0.0,76.295,12.623431,0.0,0.0,0.0
2020-08-24T16:38:09.863000Z,2020-08-24T16:38:10.001000Z,768.535,138.0,1496.0,91.188,0.0,0.0,0.0,76.295,12.07739,0.0,0.0,0.0
2020-08-24T16:38:11.707000Z,2020-08-24T16:38:11.857999Z,879.041,151.0,1522.0,87.015,0.0,0.0,0.0,76.295,12.07739,0.0,0.0,0.0
2020-08-24T16:38:13.860000Z,2020-08-24T16:38:14.009000Z,842.63,149.0,1520.0,84.311,0.0,0.0,0.0,76.295,12.07739,0.0,0.0,0.0
2020-08-24T16:38:15.860000Z,2020-08-24T16:38:16.011000Z,722.829,151.0,1520.0,88.916,0.0,0.0,0.0,76.295,12.07739,0.0,0.0,0.0
2020-08-24T16:38:17.862000Z,2020-08-24T16:38:18.024000Z,942.493,162.0,1520.0,89.173,0.0,0.0,0.0,76.295,12.07739,0.0,0.0,0.0
2020-08-24T16:38:19.860999Z,2020-08-24T16:38:20.029000Z,1044.573,168.0,1520.0,90.458,0.0,0.0,0.0,76.295,12.07739,0.0,0.0,0.0
2020-08-24T16:38:21.860999Z,2020-08-24T16:38:22.009999Z,788.043,149.0,1520.0,86.457,0.0,0.0,0.0,76.295,12.07739,0.0,0.0,0.0
2020-08-24T16:38:23.866000Z,2020-08-24T16:38:24.007000Z,697.748,141.0,1526.0,88.156,0.0,0.0,0.0,76.295,12.07739,0.0,0.0,0.0
2020-08-24T16:38:25.860999Z,2020-08-24T16:38:26.000000Z,723.971,139.0,1526.0,91.043,0.0,0.0,0.0,76.295,12.07739,0.0,0.0,0.0
2020-08-24T16:38:27.862000Z,2020-08-24T16:38:28.008000Z,811.762,146.0,1526.0,89.301,0.0,0.0,0.0,76.295,12.07739,0.0,0.0,0.0
2020-08-24T16:38:29.860000Z,2020-08-24T16:38:30.012000Z,859.237,152.0,1526.0,87.694,0.0,0.0,0.0,76.295,12.07739,0.0,0.0,0.0
2020-08-24T16:38:31.860000Z,2020-08-24T16:38:32.006000Z,644.544,146.0,1510.0,86.229,0.0,0.0,0.0,76.295,12.07739,0.0,0.0,0.0
2020-08-24T16:38:33.868000Z,2020-08-24T16:38:34.012000Z,836.543,144.0,1510.0,89.235,0.0,0.0,0.0,76.295,12.07739,0.0,0.0,0.0
2020-08-24T16:38:35.700000Z,2020-08-24T16:38:35.843000Z,737.593,143.0,1510.0,87.77,0.0,0.0,0.0,76.295,12.07739,0.0,0.0,0.0
2020-08-24T16:38:37.860999Z,2020-08-24T16:38:37.998000Z,633.739,137.0,1510.0,87.835,0.0,0.0,0.0,76.295,12.07739,0.0,0.0,0.0
