start_time,end_time,size,trans_time,cwnd,rtt,rto,ssthresh,last_snd,min_rtt,delivery_rate,bytes_sent,bytes_retrans,client_trans_time
2020-08-24T17:59:40.777000Z,2020-08-24T17:59:42.868000Z,480.914,2091.0,288.0,203.482,0.0,0.0,0.0,188.802,0.961756,0.0,0.0,0.0
2020-08-24T17:59:42.869000Z,2020-08-24T17:59:43.327000Z,184.517,458.0,302.0,419.212,0.0,0.0,0.0,188.802,0.907913,0.0,0.0,0.0
2020-08-24T17:59:43.328000Z,2020-08-24T17:59:43.771000Z,178.137,443.0,302.0,280.016,0.0,0.0,0.0,188.802,0.862895,0.0,0.0,0.0
2020-08-24T17:59:43.772000Z,2020-08-24T17:59:44.463000Z,449.329,691.0,302.0,270.968,0.0,0.0,0.0,188.802,0.862895,0.0,0.0,0.0
2020-08-24T17:59:44.463000Z,2020-08-24T17:59:44.822000Z,169.745,359.0,302.0,317.049,0.0,0.0,0.0,188.802,1.002351,0.0,0.0,0.0
2020-08-24T17:59:44.823000Z,2020-08-24T17:59:45.073000Z,31.865,250.0,302.0,205.77,0.0,0.0,0.0,188.802,0.991414,0.0,0.0,0.0
2020-08-24T17:59:45.073000Z,2020-08-24T17:59:45.483000Z,30.697,410.0,302.0,210.941,0.0,0.0,0.0,188.802,0.991414,0.0,0.0,0.0
2020-08-24T17:59:45.483000Z,2020-08-24T17:59:45.912000Z,176.416,429.0,302.0,214.827,0.0,0.0,0.0,188.802,0.191751,0.0,0.0,0.0
2020-08-24T17:59:45.912000Z,2020-08-24T17:59:46.509000Z,395.281,597.0,302.0,262.899,0.0,0.0,0.0,188.802,0.427678,0.0,0.0,0.0
