start_time,end_time,size,trans_time,cwnd,rtt,rto,ssthresh,last_snd,min_rtt,delivery_rate,bytes_sent,bytes_retrans,client_trans_time
2020-08-25T02:27:48.349000Z,2020-08-25T02:27:48.481999Z,58.48,133.0,820.0,65.556,0.0,0.0,0.0,64.715,8.856336,0.0,0.0,0.0
2020-08-25T02:27:48.481999Z,2020-08-25T02:27:48.614000Z,63.941,132.0,820.0,65.835,0.0,0.0,0.0,64.715,1.092264,0.0,0.0,0.0
2020-08-25T02:27:48.614000Z,2020-08-25T02:27:48.688000Z,61.052,74.0,820.0,65.799,0.0,0.0,0.0,64.715,0.932961,0.0,0.0,0.0
2020-08-25T02:27:48.689000Z,2020-08-25T02:27:48.767000Z,88.561,78.0,820.0,65.432,0.0,0.0,0.0,64.715,0.932961,0.0,0.0,0.0
2020-08-25T02:27:48.767000Z,2020-08-25T02:27:48.899000Z,96.126,132.0,820.0,65.299,0.0,0.0,0.0,64.715,1.190568,0.0,0.0,0.0
2020-08-25T02:27:48.900000Z,2020-08-25T02:27:48.988000Z,185.706,88.0,820.0,69.619,0.0,0.0,0.0,64.715,1.767619,0.0,0.0,0.0
2020-08-25T02:27:48.988999Z,2020-08-25T02:27:49.119000Z,313.247,130.0,820.0,65.424,0.0,0.0,0.0,64.715,2.211751,0.0,0.0,0.0
2020-08-25T02:27:49.121000Z,2020-08-25T02:27:49.276000Z,734.617,155.0,820.0,65.676,0.0,0.0,0.0,64.715,4.556877,0.0,0.0,0.0
2020-08-25T02:27:49.761000Z,2020-08-25T02:27:49.897999Z,638.733,137.0,862.0,65.556,0.0,0.0,0.0,64.715,8.854156,0.0,0.0,0.0
2020-08-25T02:27:51.761000Z,2020-08-25T02:27:51.889000Z,577.616,128.0,880.0,70.3,0.0,0.0,0.0,64.715,9.534535,0.0,0.0,0.0
2020-08-25T02:27:53.761000Z,2020-08-25T02:27:53.891000Z,592.113,130.0,880.0,65.294,0.0,0.0,0.0,64.715,9.534535,0.0,0.0,0.0
2020-08-25T02:27:55.761999Z,2020-08-25T02:27:55.892000Z,577.827,130.0,880.0,65.463,0.0,0.0,0.0,64.715,9.534535,0.0,0.0,0.0
2020-08-25T02:27:57.761000Z,2020-08-25T02:27:57.897000Z,625.474,136.0,880.0,65.967,0.0,0.0,0.0,64.715,9.534535,0.0,0.0,0.0
2020-08-25T02:27:59.761000Z,2020-08-25T02:27:59.895000Z,615.959,134.0,880.0,66.706,0.0,0.0,0.0,64.715,9.534535,0.0,0.0,0.0
2020-08-25T02:28:01.761999Z,2020-08-25T02:28:01.895000Z,592.969,133.0,880.0,65.402,0.0,0.0,0.0,64.715,9.534535,0.0,0.0,0.0
2020-08-25T02:28:03.761999Z,2020-08-25T02:28:03.895000Z,615.912,133.0,4.0,65.183,0.0,0.0,0.0,64.715,9.534535,0.0,0.0,0.0
2020-08-25T02:28:05.761000Z,2020-08-25T02:28:05.875000Z,445.271,114.0,874.0,65.352,0.0,0.0,0.0,64.715,9.534535,0.0,0.0,0.0
2020-08-25T02:28:07.761000Z,2020-08-25T02:28:07.865000Z,354.557,104.0,874.0,65.247,0.0,0.0,0.0,64.715,9.534535,0.0,0.0,0.0
2020-08-25T02:28:09.761000Z,2020-08-25T02:28:09.885000Z,535.103,124.0,880.0,65.497,0.0,0.0,0.0,64.715,9.534535,0.0,0.0,0.0
2020-08-25T02:28:11.760000Z,2020-08-25T02:28:11.873999Z,433.507,114.0,880.0,65.163,0.0,0.0,0.0,64.715,9.534535,0.0,0.0,0.0
2020-08-25T02:28:13.760000Z,2020-08-25T02:28:13.871000Z,388.674,111.0,880.0,65.227,0.0,0.0,0.0,64.715,9.534535,0.0,0.0,0.0
2020-08-25T02:28:15.760000Z,2020-08-25T02:28:15.865000Z,369.238,105.0,880.0,68.95,0.0,0.0,0.0,64.715,9.534535,0.0,0.0,0.0
2020-08-25T02:28:17.761000Z,2020-08-25T02:28:17.867000Z,371.865,106.0,880.0,65.444,0.0,0.0,0.0,64.715,9.534535,0.0,0.0,0.0
2020-08-25T02:28:19.761000Z,2020-08-25T02:28:19.879000Z,486.56,118.0,880.0,65.4,0.0,0.0,0.0,64.715,9.534535,0.0,0.0,0.0
2020-08-25T02:28:21.761000Z,2020-08-25T02:28:21.907000Z,708.889,146.0,880.0,65.44,0.0,0.0,0.0,64.715,9.534535,0.0,0.0,0.0
2020-08-25T02:28:23.760000Z,2020-08-25T02:28:23.899000Z,710.836,139.0,912.0,65.255,0.0,0.0,0.0,64.715,9.661096,0.0,0.0,0.0
2020-08-25T02:28:25.763000Z,2020-08-25T02:28:25.894000Z,595.007,131.0,939.0,65.283,0.0,0.0,0.0,64.715,10.07559,0.0,0.0,0.0
2020-08-25T02:28:27.761000Z,2020-08-25T02:28:27.886000Z,576.889,125.0,4.0,65.962,0.0,0.0,0.0,64.715,10.07559,0.0,0.0,0.0
2020-08-25T02:28:29.761000Z,2020-08-25T02:28:29.892000Z,595.217,131.0,942.0,65.843,0.0,0.0,0.0,64.715,10.07559,0.0,0.0,0.0
2020-08-25T02:28:31.761000Z,2020-08-25T02:28:31.891000Z,600.589,130.0,942.0,65.628,0.0,0.0,0.0,64.715,10.07559,0.0,0.0,0.0
2020-08-25T02:28:33.760000Z,2020-08-25T02:28:33.885000Z,564.956,125.0,944.0,65.383,0.0,0.0,0.0,64.715,10.07559,0.0,0.0,0.0
2020-08-25T02:28:35.763000Z,2020-08-25T02:28:35.893000Z,581.951,130.0,944.0,65.184,0.0,0.0,0.0,64.715,10.07559,0.0,0.0,0.0
2020-08-25T02:28:37.760000Z,2020-08-25T02:28:37.892000Z,600.526,132.0,944.0,65.19,0.0,0.0,0.0,64.715,10.07559,0.0,0.0,0.0
2020-08-25T02:28:39.760000Z,2020-08-25T02:28:39.876000Z,505.016,116.0,944.0,69.796,0.0,0.0,0.0,64.715,10.07559,0.0,0.0,0.0
2020-08-25T02:28:41.760000Z,2020-08-25T02:28:41.873999Z,447.141,114.0,944.0,65.517,0.0,0.0,0.0,64.715,10.07559,0.0,0.0,0.0
2020-08-25T02:28:43.760000Z,2020-08-25T02:28:43.867000Z,378.587,107.0,944.0,65.211,0.0,0.0,0.0,64.715,10.07559,0.0,0.0,0.0
2020-08-25T02:28:45.761000Z,2020-08-25T02:28:45.865999Z,368.234,105.0,944.0,65.424,0.0,0.0,0.0,64.715,10.07559,0.0,0.0,0.0
2020-08-25T02:28:47.759000Z,2020-08-25T02:28:47.868000Z,420.348,109.0,944.0,65.269,0.0,0.0,0.0,64.715,10.07559,0.0,0.0,0.0
2020-08-25T02:28:49.760000Z,2020-08-25T02:28:49.886000Z,567.06,126.0,944.0,65.218,0.0,0.0,0.0,64.715,10.07559,0.0,0.0,0.0
2020-08-25T02:28:51.760000Z,2020-08-25T02:28:51.887000Z,602.56,127.0,944.0,65.859,0.0,0.0,0.0,64.715,10.07559,0.0,0.0,0.0
2020-08-25T02:28:53.761000Z,2020-08-25T02:28:53.892000Z,595.13,131.0,944.0,65.101,0.0,0.0,0.0,64.715,10.07559,0.0,0.0,0.0
2020-08-25T02:28:55.760000Z,2020-08-25T02:28:55.887000Z,574.373,127.0,944.0,65.331,0.0,0.0,0.0,64.715,10.07559,0.0,0.0,0.0
2020-08-25T02:28:57.764000Z,2020-08-25T02:28:57.974000Z,523.556,210.0,944.0,65.14,0.0,0.0,0.0,64.715,10.07559,0.0,0.0,0.0
2020-08-25T02:29:00.260000Z,2020-08-25T02:29:00.382000Z,542.109,122.0,944.0,66.408,0.0,0.0,0.0,64.715,10.07559,0.0,0.0,0.0
2020-08-25T02:29:02.259000Z,2020-08-25T02:29:02.384000Z,576.543,125.0,944.0,65.265,0.0,0.0,0.0,64.715,10.07559,0.0,0.0,0.0
2020-08-25T02:29:04.259000Z,2020-08-25T02:29:04.390000Z,634.873,131.0,944.0,69.973,0.0,0.0,0.0,64.715,10.07559,0.0,0.0,0.0
2020-08-25T02:29:06.259000Z,2020-08-25T02:29:06.390000Z,619.05,131.0,944.0,65.909,0.0,0.0,0.0,64.715,10.07559,0.0,0.0,0.0
2020-08-25T02:29:08.260000Z,2020-08-25T02:29:08.385999Z,597.342,126.0,944.0,65.216,0.0,0.0,0.0,64.715,10.07559,0.0,0.0,0.0
2020-08-25T02:29:10.259000Z,2020-08-25T02:29:10.390000Z,571.444,131.0,944.0,65.713,0.0,0.0,0.0,64.715,10.07559,0.0,0.0,0.0
2020-08-25T02:29:12.259000Z,2020-08-25T02:29:12.380000Z,495.866,121.0,942.0,65.476,0.0,0.0,0.0,64.715,10.07559,0.0,0.0,0.0
2020-08-25T02:29:14.259000Z,2020-08-25T02:29:14.393000Z,652.383,134.0,942.0,65.581,0.0,0.0,0.0,64.715,10.07559,0.0,0.0,0.0
2020-08-25T02:29:16.259000Z,2020-08-25T02:29:16.383000Z,548.743,124.0,946.0,65.144,0.0,0.0,0.0,64.715,10.07559,0.0,0.0,0.0
2020-08-25T02:29:18.259000Z,2020-08-25T02:29:18.388000Z,565.377,129.0,946.0,65.493,0.0,0.0,0.0,64.715,10.07559,0.0,0.0,0.0
2020-08-25T02:29:20.259000Z,2020-08-25T02:29:20.389000Z,622.949,130.0,946.0,65.327,0.0,0.0,0.0,64.715,10.07559,0.0,0.0,0.0
2020-08-25T02:29:22.259000Z,2020-08-25T02:29:22.382000Z,536.745,123.0,946.0,65.266,0.0,0.0,0.0,64.715,10.07559,0.0,0.0,0.0
2020-08-25T02:29:24.259000Z,2020-08-25T02:29:24.389000Z,598.186,130.0,944.0,65.403,0.0,0.0,0.0,64.715,10.07559,0.0,0.0,0.0
2020-08-25T02:29:26.259000Z,2020-08-25T02:29:26.403000Z,703.903,144.0,944.0,65.368,0.0,0.0,0.0,64.715,10.07559,0.0,0.0,0.0
2020-08-25T02:29:28.258000Z,2020-08-25T02:29:28.396000Z,661.987,138.0,942.0,69.777,0.0,0.0,0.0,64.715,1.044091,0.0,0.0,0.0
2020-08-25T02:29:30.259000Z,2020-08-25T02:29:30.393999Z,640.193,135.0,942.0,66.293,0.0,0.0,0.0,64.715,9.01477,0.0,0.0,0.0
2020-08-25T02:29:32.261000Z,2020-08-25T02:29:32.404000Z,686.016,143.0,942.0,65.246,0.0,0.0,0.0,64.715,9.01477,0.0,0.0,0.0
2020-08-25T02:29:34.259000Z,2020-08-25T02:29:34.412000Z,680.81,153.0,942.0,65.214,0.0,0.0,0.0,64.715,10.049941,0.0,0.0,0.0
2020-08-25T02:29:36.259000Z,2020-08-25T02:29:36.404000Z,713.023,145.0,942.0,65.54,0.0,0.0,0.0,64.715,10.131371,0.0,0.0,0.0
2020-08-25T02:29:38.259000Z,2020-08-25T02:29:38.401999Z,715.548,143.0,934.0,65.136,0.0,0.0,0.0,64.715,9.977245,0.0,0.0,0.0
2020-08-25T02:29:40.259000Z,2020-08-25T02:29:40.395000Z,670.835,136.0,934.0,65.223,0.0,0.0,0.0,64.715,10.058006,0.0,0.0,0.0
2020-08-25T02:29:42.261000Z,2020-08-25T02:29:42.406000Z,765.14,145.0,934.0,65.247,0.0,0.0,0.0,64.715,10.047768,0.0,0.0,0.0
2020-08-25T02:29:44.258000Z,2020-08-25T02:29:44.396000Z,737.189,138.0,972.0,65.566,0.0,0.0,0.0,64.715,10.537001,0.0,0.0,0.0
2020-08-25T02:29:46.258000Z,2020-08-25T02:29:46.393000Z,684.495,135.0,982.0,65.449,0.0,0.0,0.0,64.715,10.647376,0.0,0.0,0.0
2020-08-25T02:29:48.259000Z,2020-08-25T02:29:48.387000Z,614.046,128.0,982.0,65.417,0.0,0.0,0.0,64.715,10.647376,0.0,0.0,0.0
2020-08-25T02:29:50.260000Z,2020-08-25T02:29:50.397000Z,630.088,137.0,984.0,65.168,0.0,0.0,0.0,64.715,10.647376,0.0,0.0,0.0
2020-08-25T02:29:52.259000Z,2020-08-25T02:29:52.404000Z,697.414,145.0,984.0,65.282,0.0,0.0,0.0,64.715,10.647376,0.0,0.0,0.0
2020-08-25T02:29:54.258000Z,2020-08-25T02:29:54.397000Z,639.3,139.0,984.0,67.071,0.0,0.0,0.0,64.715,10.647376,0.0,0.0,0.0
2020-08-25T02:29:56.258000Z,2020-08-25T02:29:56.385999Z,590.268,128.0,984.0,65.439,0.0,0.0,0.0,64.715,10.647376,0.0,0.0,0.0
2020-08-25T02:29:58.258000Z,2020-08-25T02:29:58.391000Z,640.816,133.0,984.0,65.39,0.0,0.0,0.0,64.715,10.647376,0.0,0.0,0.0
2020-08-25T02:30:00.259000Z,2020-08-25T02:30:00.383000Z,575.051,124.0,984.0,65.685,0.0,0.0,0.0,64.715,10.647376,0.0,0.0,0.0
2020-08-25T02:30:02.258000Z,2020-08-25T02:30:02.393999Z,627.956,136.0,984.0,65.171,0.0,0.0,0.0,64.715,10.647376,0.0,0.0,0.0
2020-08-25T02:30:04.257000Z,2020-08-25T02:30:04.377999Z,552.922,121.0,984.0,66.093,0.0,0.0,0.0,64.715,10.647376,0.0,0.0,0.0
2020-08-25T02:30:06.257000Z,2020-08-25T02:30:06.374000Z,518.653,117.0,984.0,65.409,0.0,0.0,0.0,64.715,10.647376,0.0,0.0,0.0
2020-08-25T02:30:08.258000Z,2020-08-25T02:30:08.369999Z,392.344,112.0,982.0,65.132,0.0,0.0,0.0,64.715,10.647376,0.0,0.0,0.0
2020-08-25T02:30:10.257000Z,2020-08-25T02:30:10.357000Z,334.966,100.0,982.0,65.712,0.0,0.0,0.0,64.715,10.647376,0.0,0.0,0.0
2020-08-25T02:30:12.257000Z,2020-08-25T02:30:12.369999Z,446.42,113.0,982.0,65.443,0.0,0.0,0.0,64.715,10.647376,0.0,0.0,0.0
2020-08-25T02:30:14.258000Z,2020-08-25T02:30:14.374000Z,422.715,116.0,982.0,65.21,0.0,0.0,0.0,64.715,10.647376,0.0,0.0,0.0
2020-08-25T02:30:16.257000Z,2020-08-25T02:30:16.404000Z,407.199,147.0,982.0,65.877,0.0,0.0,0.0,64.715,10.647376,0.0,0.0,0.0
2020-08-25T02:30:18.258000Z,2020-08-25T02:30:18.372000Z,451.094,114.0,4.0,67.282,0.0,0.0,0.0,64.715,10.647376,0.0,0.0,0.0
2020-08-25T02:30:20.259000Z,2020-08-25T02:30:20.371000Z,435.442,112.0,978.0,65.155,0.0,0.0,0.0,64.715,10.647376,0.0,0.0,0.0
2020-08-25T02:30:22.258000Z,2020-08-25T02:30:22.377999Z,489.916,120.0,976.0,65.643,0.0,0.0,0.0,64.715,10.647376,0.0,0.0,0.0
2020-08-25T02:30:24.258000Z,2020-08-25T02:30:24.369000Z,426.601,111.0,982.0,65.794,0.0,0.0,0.0,64.715,10.647376,0.0,0.0,0.0
2020-08-25T02:30:26.259000Z,2020-08-25T02:30:26.429000Z,380.055,170.0,982.0,65.298,0.0,0.0,0.0,64.715,10.647376,0.0,0.0,0.0
2020-08-25T02:30:28.258000Z,2020-08-25T02:30:28.372000Z,412.819,114.0,982.0,67.873,0.0,0.0,0.0,64.715,10.647376,0.0,0.0,0.0
2020-08-25T02:30:30.259000Z,2020-08-25T02:30:30.360000Z,352.717,101.0,982.0,65.714,0.0,0.0,0.0,64.715,10.647376,0.0,0.0,0.0
2020-08-25T02:30:32.257000Z,2020-08-25T02:30:32.361999Z,367.71,105.0,4.0,65.596,0.0,0.0,0.0,64.715,10.647376,0.0,0.0,0.0
2020-08-25T02:30:34.258000Z,2020-08-25T02:30:34.385000Z,547.123,127.0,978.0,65.282,0.0,0.0,0.0,64.715,10.647376,0.0,0.0,0.0
2020-08-25T02:30:36.258000Z,2020-08-25T02:30:36.382000Z,565.273,124.0,984.0,65.015,0.0,0.0,0.0,64.715,10.647376,0.0,0.0,0.0
2020-08-25T02:30:38.258000Z,2020-08-25T02:30:38.401999Z,660.656,144.0,984.0,65.267,0.0,0.0,0.0,64.715,10.647376,0.0,0.0,0.0
2020-08-25T02:30:40.258000Z,2020-08-25T02:30:40.389000Z,588.773,131.0,976.0,65.662,0.0,0.0,0.0,64.715,10.395766,0.0,0.0,0.0
2020-08-25T02:30:42.258000Z,2020-08-25T02:30:42.389000Z,632.314,131.0,976.0,65.781,0.0,0.0,0.0,64.715,10.395766,0.0,0.0,0.0
2020-08-25T02:30:44.259000Z,2020-08-25T02:30:44.396000Z,706.711,137.0,976.0,65.477,0.0,0.0,0.0,64.715,10.395766,0.0,0.0,0.0
2020-08-25T02:30:46.260000Z,2020-08-25T02:30:46.391000Z,617.08,131.0,976.0,65.386,0.0,0.0,0.0,64.715,10.409508,0.0,0.0,0.0
2020-08-25T02:30:48.259000Z,2020-08-25T02:30:48.407000Z,732.716,148.0,976.0,65.817,0.0,0.0,0.0,64.715,10.409508,0.0,0.0,0.0
2020-08-25T02:30:50.259000Z,2020-08-25T02:30:50.385999Z,609.6,127.0,976.0,65.306,0.0,0.0,0.0,64.715,10.396507,0.0,0.0,0.0
2020-08-25T02:30:52.259000Z,2020-08-25T02:30:52.382000Z,553.873,123.0,4.0,65.048,0.0,0.0,0.0,64.715,10.396507,0.0,0.0,0.0
2020-08-25T02:30:54.259000Z,2020-08-25T02:30:54.382000Z,547.367,123.0,978.0,65.77,0.0,0.0,0.0,64.715,10.396507,0.0,0.0,0.0
2020-08-25T02:30:56.259000Z,2020-08-25T02:30:56.385000Z,583.129,126.0,978.0,65.36,0.0,0.0,0.0,64.715,10.396507,0.0,0.0,0.0
2020-08-25T02:30:58.259000Z,2020-08-25T02:30:58.395000Z,672.089,136.0,978.0,65.681,0.0,0.0,0.0,64.715,10.396507,0.0,0.0,0.0
2020-08-25T02:31:00.259000Z,2020-08-25T02:31:00.369999Z,395.072,111.0,978.0,65.204,0.0,0.0,0.0,64.715,10.396507,0.0,0.0,0.0
2020-08-25T02:31:02.259000Z,2020-08-25T02:31:02.371000Z,366.398,112.0,978.0,65.299,0.0,0.0,0.0,64.715,10.396507,0.0,0.0,0.0
2020-08-25T02:31:04.259000Z,2020-08-25T02:31:04.364000Z,358.266,105.0,978.0,65.415,0.0,0.0,0.0,64.715,10.396507,0.0,0.0,0.0
2020-08-25T02:31:06.259000Z,2020-08-25T02:31:06.358000Z,331.456,99.0,978.0,65.159,0.0,0.0,0.0,64.715,10.396507,0.0,0.0,0.0
2020-08-25T02:31:08.259000Z,2020-08-25T02:31:08.361000Z,370.542,102.0,978.0,65.687,0.0,0.0,0.0,64.715,10.396507,0.0,0.0,0.0
2020-08-25T02:31:10.260000Z,2020-08-25T02:31:10.388000Z,616.259,128.0,978.0,65.126,0.0,0.0,0.0,64.715,10.396507,0.0,0.0,0.0
2020-08-25T02:31:12.259000Z,2020-08-25T02:31:12.390000Z,600.289,131.0,978.0,65.513,0.0,0.0,0.0,64.715,10.396507,0.0,0.0,0.0
2020-08-25T02:31:14.260000Z,2020-08-25T02:31:14.379000Z,530.423,119.0,978.0,65.636,0.0,0.0,0.0,64.715,10.396507,0.0,0.0,0.0
2020-08-25T02:31:16.259000Z,2020-08-25T02:31:16.385000Z,573.275,126.0,978.0,65.196,0.0,0.0,0.0,64.715,10.396507,0.0,0.0,0.0
2020-08-25T02:31:18.259000Z,2020-08-25T02:31:18.385999Z,596.613,127.0,978.0,65.434,0.0,0.0,0.0,64.715,10.396507,0.0,0.0,0.0
2020-08-25T02:31:20.259000Z,2020-08-25T02:31:20.385999Z,565.305,127.0,4.0,65.323,0.0,0.0,0.0,64.715,10.396507,0.0,0.0,0.0
2020-08-25T02:31:22.259000Z,2020-08-25T02:31:22.373000Z,470.086,114.0,978.0,65.414,0.0,0.0,0.0,64.715,10.396507,0.0,0.0,0.0
2020-08-25T02:31:24.260000Z,2020-08-25T02:31:24.369000Z,392.162,109.0,978.0,65.43,0.0,0.0,0.0,64.715,10.396507,0.0,0.0,0.0
2020-08-25T02:31:26.260000Z,2020-08-25T02:31:26.369000Z,343.344,109.0,978.0,65.23,0.0,0.0,0.0,64.715,10.396507,0.0,0.0,0.0
2020-08-25T02:31:28.260000Z,2020-08-25T02:31:28.358000Z,326.115,98.0,978.0,65.763,0.0,0.0,0.0,64.715,10.396507,0.0,0.0,0.0
2020-08-25T02:31:30.260000Z,2020-08-25T02:31:30.393000Z,656.01,133.0,978.0,65.306,0.0,0.0,0.0,64.715,10.396507,0.0,0.0,0.0
2020-08-25T02:31:32.260000Z,2020-08-25T02:31:32.400000Z,694.929,140.0,972.0,65.386,0.0,0.0,0.0,64.715,10.396507,0.0,0.0,0.0
2020-08-25T02:31:34.260000Z,2020-08-25T02:31:34.406000Z,693.818,146.0,951.0,65.166,0.0,0.0,0.0,64.715,10.317558,0.0,0.0,0.0
2020-08-25T02:31:36.260000Z,2020-08-25T02:31:36.389000Z,607.596,129.0,958.0,65.267,0.0,0.0,0.0,64.715,10.141823,0.0,0.0,0.0
2020-08-25T02:31:38.261000Z,2020-08-25T02:31:38.387000Z,573.536,126.0,958.0,65.367,0.0,0.0,0.0,64.715,10.141823,0.0,0.0,0.0
2020-08-25T02:31:40.260000Z,2020-08-25T02:31:40.389000Z,612.449,129.0,958.0,65.252,0.0,0.0,0.0,64.715,10.141823,0.0,0.0,0.0
2020-08-25T02:31:42.260000Z,2020-08-25T02:31:42.390000Z,626.423,130.0,958.0,65.637,0.0,0.0,0.0,64.715,10.141823,0.0,0.0,0.0
2020-08-25T02:31:44.260000Z,2020-08-25T02:31:44.374000Z,465.83,114.0,958.0,65.196,0.0,0.0,0.0,64.715,10.141823,0.0,0.0,0.0
2020-08-25T02:31:46.260000Z,2020-08-25T02:31:46.391000Z,642.358,131.0,958.0,65.833,0.0,0.0,0.0,64.715,10.141823,0.0,0.0,0.0
2020-08-25T02:31:48.261000Z,2020-08-25T02:31:48.392000Z,619.822,131.0,958.0,65.219,0.0,0.0,0.0,64.715,10.141823,0.0,0.0,0.0
2020-08-25T02:31:50.260000Z,2020-08-25T02:31:50.403000Z,660.055,143.0,958.0,65.333,0.0,0.0,0.0,64.715,10.141823,0.0,0.0,0.0
2020-08-25T02:31:52.260000Z,2020-08-25T02:31:52.376000Z,429.517,116.0,4.0,65.47,0.0,0.0,0.0,64.715,10.10656,0.0,0.0,0.0
2020-08-25T02:31:54.260000Z,2020-08-25T02:31:54.384000Z,543.131,124.0,954.0,65.951,0.0,0.0,0.0,64.715,10.10656,0.0,0.0,0.0
2020-08-25T02:31:56.262000Z,2020-08-25T02:31:56.441999Z,539.938,180.0,958.0,65.668,0.0,0.0,0.0,64.715,10.10656,0.0,0.0,0.0
2020-08-25T02:31:58.262000Z,2020-08-25T02:31:58.389000Z,587.242,127.0,958.0,66.06,0.0,0.0,0.0,64.715,10.10656,0.0,0.0,0.0
2020-08-25T02:32:00.260000Z,2020-08-25T02:32:00.387000Z,557.53,127.0,958.0,65.577,0.0,0.0,0.0,64.715,10.10656,0.0,0.0,0.0
2020-08-25T02:32:02.264000Z,2020-08-25T02:32:02.403000Z,668.953,139.0,958.0,65.274,0.0,0.0,0.0,64.715,10.10656,0.0,0.0,0.0
2020-08-25T02:32:04.261000Z,2020-08-25T02:32:04.393999Z,616.787,133.0,958.0,65.213,0.0,0.0,0.0,64.715,10.10656,0.0,0.0,0.0
2020-08-25T02:32:06.262000Z,2020-08-25T02:32:06.392000Z,636.473,130.0,960.0,65.219,0.0,0.0,0.0,64.715,10.10656,0.0,0.0,0.0
2020-08-25T02:32:08.261000Z,2020-08-25T02:32:08.385000Z,576.376,124.0,960.0,66.099,0.0,0.0,0.0,64.715,10.10656,0.0,0.0,0.0
2020-08-25T02:32:10.267000Z,2020-08-25T02:32:10.391000Z,564.15,124.0,960.0,66.383,0.0,0.0,0.0,64.748,10.10656,0.0,0.0,0.0
2020-08-25T02:32:12.262000Z,2020-08-25T02:32:12.385999Z,573.947,124.0,958.0,65.149,0.0,0.0,0.0,64.748,10.10656,0.0,0.0,0.0
2020-08-25T02:32:14.261000Z,2020-08-25T02:32:14.384000Z,475.327,123.0,958.0,65.687,0.0,0.0,0.0,64.748,10.10656,0.0,0.0,0.0
2020-08-25T02:32:16.261000Z,2020-08-25T02:32:16.382000Z,527.07,121.0,958.0,65.299,0.0,0.0,0.0,64.748,10.10656,0.0,0.0,0.0
2020-08-25T02:32:18.261000Z,2020-08-25T02:32:18.390000Z,627.064,129.0,958.0,65.328,0.0,0.0,0.0,64.748,10.10656,0.0,0.0,0.0
2020-08-25T02:32:20.261000Z,2020-08-25T02:32:20.389000Z,607.136,128.0,958.0,65.393,0.0,0.0,0.0,64.748,10.10656,0.0,0.0,0.0
2020-08-25T02:32:22.261000Z,2020-08-25T02:32:22.387000Z,599.408,126.0,4.0,65.382,0.0,0.0,0.0,64.748,10.10656,0.0,0.0,0.0
2020-08-25T02:32:24.261000Z,2020-08-25T02:32:24.391000Z,614.324,130.0,958.0,65.49,0.0,0.0,0.0,64.748,10.10656,0.0,0.0,0.0
2020-08-25T02:32:26.261000Z,2020-08-25T02:32:26.385000Z,562.911,124.0,958.0,65.312,0.0,0.0,0.0,64.748,10.10656,0.0,0.0,0.0
2020-08-25T02:32:28.261000Z,2020-08-25T02:32:28.385000Z,547.343,124.0,958.0,65.238,0.0,0.0,0.0,64.748,10.10656,0.0,0.0,0.0
2020-08-25T02:32:30.261000Z,2020-08-25T02:32:30.392000Z,613.304,131.0,958.0,65.454,0.0,0.0,0.0,64.748,10.10656,0.0,0.0,0.0
2020-08-25T02:32:32.261000Z,2020-08-25T02:32:32.388000Z,621.366,127.0,958.0,65.449,0.0,0.0,0.0,64.748,10.10656,0.0,0.0,0.0
2020-08-25T02:32:34.261000Z,2020-08-25T02:32:34.389000Z,633.052,128.0,958.0,65.342,0.0,0.0,0.0,64.748,10.10656,0.0,0.0,0.0
2020-08-25T02:32:36.261000Z,2020-08-25T02:32:36.385999Z,586.624,125.0,4.0,65.143,0.0,0.0,0.0,64.748,10.10656,0.0,0.0,0.0
2020-08-25T02:32:38.263000Z,2020-08-25T02:32:38.405000Z,674.852,142.0,958.0,65.402,0.0,0.0,0.0,64.748,10.10656,0.0,0.0,0.0
2020-08-25T02:32:40.261000Z,2020-08-25T02:32:40.364000Z,356.599,103.0,984.0,65.795,0.0,0.0,0.0,64.748,10.33498,0.0,0.0,0.0
2020-08-25T02:32:42.261000Z,2020-08-25T02:32:42.363000Z,372.083,102.0,984.0,65.159,0.0,0.0,0.0,64.748,10.33498,0.0,0.0,0.0
2020-08-25T02:32:44.261000Z,2020-08-25T02:32:44.371000Z,439.047,110.0,984.0,65.518,0.0,0.0,0.0,64.748,10.33498,0.0,0.0,0.0
2020-08-25T02:32:46.261000Z,2020-08-25T02:32:46.367000Z,368.501,106.0,984.0,65.105,0.0,0.0,0.0,64.748,10.33498,0.0,0.0,0.0
2020-08-25T02:32:48.261000Z,2020-08-25T02:32:48.373000Z,403.615,112.0,986.0,65.306,0.0,0.0,0.0,64.748,10.33498,0.0,0.0,0.0
2020-08-25T02:32:50.261000Z,2020-08-25T02:32:50.371000Z,406.866,110.0,986.0,66.487,0.0,0.0,0.0,64.748,10.33498,0.0,0.0,0.0
2020-08-25T02:32:52.261000Z,2020-08-25T02:32:52.387000Z,513.654,126.0,984.0,65.257,0.0,0.0,0.0,64.738,10.33498,0.0,0.0,0.0
2020-08-25T02:32:54.261000Z,2020-08-25T02:32:54.385999Z,606.342,125.0,984.0,65.383,0.0,0.0,0.0,64.738,10.33498,0.0,0.0,0.0
2020-08-25T02:32:56.261000Z,2020-08-25T02:32:56.385000Z,590.031,124.0,984.0,65.447,0.0,0.0,0.0,64.738,10.33498,0.0,0.0,0.0
2020-08-25T02:32:58.261000Z,2020-08-25T02:32:58.387000Z,613.175,126.0,984.0,65.316,0.0,0.0,0.0,64.738,10.33498,0.0,0.0,0.0
2020-08-25T02:33:00.262000Z,2020-08-25T02:33:00.385000Z,586.971,123.0,984.0,65.168,0.0,0.0,0.0,64.738,10.33498,0.0,0.0,0.0
2020-08-25T02:33:02.335000Z,2020-08-25T02:33:02.457999Z,535.012,123.0,986.0,65.357,0.0,0.0,0.0,64.738,10.33498,0.0,0.0,0.0
2020-08-25T02:33:04.511000Z,2020-08-25T02:33:04.640000Z,625.484,129.0,986.0,65.781,0.0,0.0,0.0,64.738,10.33498,0.0,0.0,0.0
2020-08-25T02:33:06.511000Z,2020-08-25T02:33:06.636000Z,574.662,125.0,984.0,65.15,0.0,0.0,0.0,64.738,10.33498,0.0,0.0,0.0
2020-08-25T02:33:08.511000Z,2020-08-25T02:33:08.625999Z,500.966,115.0,984.0,65.747,0.0,0.0,0.0,64.738,10.33498,0.0,0.0,0.0
2020-08-25T02:33:10.511000Z,2020-08-25T02:33:10.627000Z,528.979,116.0,984.0,65.234,0.0,0.0,0.0,64.738,10.33498,0.0,0.0,0.0
2020-08-25T02:33:12.512000Z,2020-08-25T02:33:12.668000Z,571.787,156.0,984.0,65.381,0.0,0.0,0.0,64.738,10.33498,0.0,0.0,0.0
2020-08-25T02:33:14.512000Z,2020-08-25T02:33:14.639000Z,614.448,127.0,984.0,66.391,0.0,0.0,0.0,64.738,10.33498,0.0,0.0,0.0
2020-08-25T02:33:16.511000Z,2020-08-25T02:33:16.639000Z,634.027,128.0,4.0,65.615,0.0,0.0,0.0,64.738,10.33498,0.0,0.0,0.0
2020-08-25T02:33:18.512000Z,2020-08-25T02:33:18.649999Z,746.636,138.0,986.0,70.32,0.0,0.0,0.0,64.738,10.33498,0.0,0.0,0.0
2020-08-25T02:33:20.513000Z,2020-08-25T02:33:20.649999Z,754.881,137.0,1009.0,65.23,0.0,0.0,0.0,64.738,10.972523,0.0,0.0,0.0
2020-08-25T02:33:22.512000Z,2020-08-25T02:33:22.657999Z,820.946,146.0,1030.0,66.095,0.0,0.0,0.0,64.738,11.159328,0.0,0.0,0.0
2020-08-25T02:33:24.512000Z,2020-08-25T02:33:24.641999Z,716.302,130.0,1077.0,65.204,0.0,0.0,0.0,64.738,11.680789,0.0,0.0,0.0
2020-08-25T02:33:26.339000Z,2020-08-25T02:33:26.471000Z,630.002,132.0,1078.0,65.538,0.0,0.0,0.0,64.738,11.680789,0.0,0.0,0.0
2020-08-25T02:33:28.513000Z,2020-08-25T02:33:28.641000Z,646.858,128.0,1078.0,65.124,0.0,0.0,0.0,64.738,11.680789,0.0,0.0,0.0
2020-08-25T02:33:30.511000Z,2020-08-25T02:33:30.633999Z,623.475,123.0,1078.0,65.467,0.0,0.0,0.0,64.738,11.680789,0.0,0.0,0.0
2020-08-25T02:33:32.511000Z,2020-08-25T02:33:32.624000Z,485.234,113.0,1078.0,65.402,0.0,0.0,0.0,64.738,11.680789,0.0,0.0,0.0
2020-08-25T02:33:34.512000Z,2020-08-25T02:33:34.633000Z,615.44,121.0,1078.0,65.487,0.0,0.0,0.0,64.738,11.680789,0.0,0.0,0.0
2020-08-25T02:33:36.511000Z,2020-08-25T02:33:36.649999Z,598.372,139.0,1074.0,65.343,0.0,0.0,0.0,64.738,11.680789,0.0,0.0,0.0
2020-08-25T02:33:38.512000Z,2020-08-25T02:33:38.633999Z,607.313,122.0,1072.0,65.118,0.0,0.0,0.0,64.738,11.680789,0.0,0.0,0.0
2020-08-25T02:33:40.513000Z,2020-08-25T02:33:40.632000Z,539.788,119.0,1072.0,65.631,0.0,0.0,0.0,64.738,11.680789,0.0,0.0,0.0
2020-08-25T02:33:42.511000Z,2020-08-25T02:33:42.623000Z,513.694,112.0,1078.0,65.435,0.0,0.0,0.0,64.738,11.680789,0.0,0.0,0.0
2020-08-25T02:33:44.511000Z,2020-08-25T02:33:44.630000Z,573.619,119.0,1078.0,65.187,0.0,0.0,0.0,64.738,11.680789,0.0,0.0,0.0
2020-08-25T02:33:46.513000Z,2020-08-25T02:33:46.637000Z,626.009,124.0,1078.0,65.459,0.0,0.0,0.0,64.738,11.680789,0.0,0.0,0.0
2020-08-25T02:33:48.512000Z,2020-08-25T02:33:48.627000Z,532.723,115.0,1078.0,65.556,0.0,0.0,0.0,64.738,11.680789,0.0,0.0,0.0
2020-08-25T02:33:50.337000Z,2020-08-25T02:33:50.455000Z,590.439,118.0,1078.0,65.138,0.0,0.0,0.0,64.738,11.680789,0.0,0.0,0.0
2020-08-25T02:33:52.511000Z,2020-08-25T02:33:52.625999Z,533.79,115.0,1078.0,65.263,0.0,0.0,0.0,64.738,11.680789,0.0,0.0,0.0
2020-08-25T02:33:54.512000Z,2020-08-25T02:33:54.636000Z,581.814,124.0,1078.0,65.151,0.0,0.0,0.0,64.738,11.680789,0.0,0.0,0.0
2020-08-25T02:33:56.513000Z,2020-08-25T02:33:56.644000Z,659.249,131.0,1078.0,65.226,0.0,0.0,0.0,64.738,11.680789,0.0,0.0,0.0
2020-08-25T02:33:58.512000Z,2020-08-25T02:33:58.633999Z,589.673,122.0,1078.0,65.605,0.0,0.0,0.0,64.722,11.680789,0.0,0.0,0.0
2020-08-25T02:34:00.512000Z,2020-08-25T02:34:00.630000Z,562.591,118.0,1078.0,65.283,0.0,0.0,0.0,64.722,11.680789,0.0,0.0,0.0
2020-08-25T02:34:02.511000Z,2020-08-25T02:34:02.629000Z,564.337,118.0,1078.0,65.274,0.0,0.0,0.0,64.722,11.680789,0.0,0.0,0.0
2020-08-25T02:34:04.511000Z,2020-08-25T02:34:04.624000Z,518.292,113.0,1078.0,65.123,0.0,0.0,0.0,64.722,11.680789,0.0,0.0,0.0
2020-08-25T02:34:06.511000Z,2020-08-25T02:34:06.633999Z,581.717,123.0,1078.0,68.627,0.0,0.0,0.0,64.722,11.680789,0.0,0.0,0.0
2020-08-25T02:34:08.512000Z,2020-08-25T02:34:08.637000Z,655.402,125.0,4.0,66.228,0.0,0.0,0.0,64.722,11.680789,0.0,0.0,0.0
2020-08-25T02:34:10.512000Z,2020-08-25T02:34:10.615000Z,384.751,103.0,1078.0,65.333,0.0,0.0,0.0,64.722,11.680789,0.0,0.0,0.0
2020-08-25T02:34:12.511000Z,2020-08-25T02:34:12.611000Z,365.17,100.0,1078.0,65.508,0.0,0.0,0.0,64.722,11.680789,0.0,0.0,0.0
2020-08-25T02:34:14.335000Z,2020-08-25T02:34:14.438000Z,387.442,103.0,1078.0,65.598,0.0,0.0,0.0,64.722,11.680789,0.0,0.0,0.0
2020-08-25T02:34:16.511000Z,2020-08-25T02:34:16.636000Z,478.85,125.0,1078.0,65.098,0.0,0.0,0.0,64.722,11.680789,0.0,0.0,0.0
2020-08-25T02:34:18.513000Z,2020-08-25T02:34:18.633999Z,582.004,121.0,1078.0,66.055,0.0,0.0,0.0,64.722,11.680789,0.0,0.0,0.0
2020-08-25T02:34:20.512000Z,2020-08-25T02:34:20.640000Z,677.979,128.0,1074.0,65.553,0.0,0.0,0.0,64.722,11.680789,0.0,0.0,0.0
2020-08-25T02:34:22.512000Z,2020-08-25T02:34:22.633999Z,620.68,122.0,1072.0,65.86,0.0,0.0,0.0,64.722,11.680789,0.0,0.0,0.0
2020-08-25T02:34:24.512000Z,2020-08-25T02:34:24.637000Z,673.958,125.0,1078.0,65.17,0.0,0.0,0.0,64.722,11.680789,0.0,0.0,0.0
2020-08-25T02:34:26.512000Z,2020-08-25T02:34:26.638000Z,660.712,126.0,1078.0,65.221,0.0,0.0,0.0,64.722,11.680789,0.0,0.0,0.0
2020-08-25T02:34:28.512000Z,2020-08-25T02:34:28.637000Z,670.291,125.0,1078.0,65.634,0.0,0.0,0.0,64.722,11.680789,0.0,0.0,0.0
2020-08-25T02:34:30.512000Z,2020-08-25T02:34:30.633999Z,596.512,122.0,1078.0,65.61,0.0,0.0,0.0,64.722,11.680789,0.0,0.0,0.0
2020-08-25T02:34:32.512000Z,2020-08-25T02:34:32.635000Z,593.847,123.0,1078.0,65.5,0.0,0.0,0.0,64.722,11.680789,0.0,0.0,0.0
2020-08-25T02:34:34.512000Z,2020-08-25T02:34:34.631000Z,521.767,119.0,1078.0,65.353,0.0,0.0,0.0,64.722,11.680789,0.0,0.0,0.0
2020-08-25T02:34:36.512000Z,2020-08-25T02:34:36.638000Z,639.075,126.0,1078.0,65.199,0.0,0.0,0.0,64.722,11.680789,0.0,0.0,0.0
2020-08-25T02:34:38.513000Z,2020-08-25T02:34:38.639000Z,617.98,126.0,1078.0,65.212,0.0,0.0,0.0,64.722,11.680789,0.0,0.0,0.0
2020-08-25T02:34:40.512000Z,2020-08-25T02:34:40.631000Z,548.143,119.0,1078.0,65.266,0.0,0.0,0.0,64.722,11.680789,0.0,0.0,0.0
2020-08-25T02:34:42.512000Z,2020-08-25T02:34:42.636000Z,636.07,124.0,1078.0,65.201,0.0,0.0,0.0,64.722,11.680789,0.0,0.0,0.0
2020-08-25T02:34:44.515000Z,2020-08-25T02:34:44.631000Z,550.084,116.0,1072.0,65.116,0.0,0.0,0.0,64.722,11.680789,0.0,0.0,0.0
2020-08-25T02:34:46.511000Z,2020-08-25T02:34:46.636000Z,609.382,125.0,1072.0,65.432,0.0,0.0,0.0,64.722,11.680789,0.0,0.0,0.0
2020-08-25T02:34:48.511000Z,2020-08-25T02:34:48.669000Z,577.85,158.0,1078.0,65.256,0.0,0.0,0.0,64.722,11.680789,0.0,0.0,0.0
2020-08-25T02:34:50.512000Z,2020-08-25T02:34:50.633000Z,622.163,121.0,1078.0,66.934,0.0,0.0,0.0,64.722,11.680789,0.0,0.0,0.0
2020-08-25T02:34:52.511000Z,2020-08-25T02:34:52.628000Z,536.393,117.0,1078.0,65.68,0.0,0.0,0.0,64.722,11.680789,0.0,0.0,0.0
2020-08-25T02:34:54.512000Z,2020-08-25T02:34:54.628000Z,566.281,116.0,1078.0,65.748,0.0,0.0,0.0,64.722,11.680789,0.0,0.0,0.0
2020-08-25T02:34:56.512000Z,2020-08-25T02:34:56.633000Z,553.003,121.0,1078.0,65.413,0.0,0.0,0.0,64.722,11.680789,0.0,0.0,0.0
2020-08-25T02:34:58.511000Z,2020-08-25T02:34:58.637000Z,653.102,126.0,1080.0,65.564,0.0,0.0,0.0,64.722,11.680789,0.0,0.0,0.0
2020-08-25T02:35:00.512000Z,2020-08-25T02:35:00.633000Z,641.545,121.0,1078.0,65.388,0.0,0.0,0.0,64.722,11.680789,0.0,0.0,0.0
2020-08-25T02:35:02.512000Z,2020-08-25T02:35:02.640000Z,633.269,128.0,1078.0,65.424,0.0,0.0,0.0,64.722,11.680789,0.0,0.0,0.0
2020-08-25T02:35:04.512000Z,2020-08-25T02:35:04.635000Z,645.214,123.0,1078.0,65.942,0.0,0.0,0.0,64.722,11.680789,0.0,0.0,0.0
2020-08-25T02:35:06.514000Z,2020-08-25T02:35:06.638000Z,619.181,124.0,1078.0,65.161,0.0,0.0,0.0,64.722,11.680789,0.0,0.0,0.0
2020-08-25T02:35:08.512000Z,2020-08-25T02:35:08.636000Z,640.262,124.0,1078.0,65.248,0.0,0.0,0.0,64.722,11.680789,0.0,0.0,0.0
2020-08-25T02:35:10.511000Z,2020-08-25T02:35:10.617000Z,437.063,106.0,4.0,65.888,0.0,0.0,0.0,64.722,11.680789,0.0,0.0,0.0
2020-08-25T02:35:12.512000Z,2020-08-25T02:35:12.632000Z,564.123,120.0,1080.0,65.268,0.0,0.0,0.0,64.722,11.680789,0.0,0.0,0.0
2020-08-25T02:35:14.512000Z,2020-08-25T02:35:14.643000Z,668.551,131.0,1078.0,66.256,0.0,0.0,0.0,64.722,11.680789,0.0,0.0,0.0
2020-08-25T02:35:16.511000Z,2020-08-25T02:35:16.633999Z,549.008,123.0,1078.0,65.457,0.0,0.0,0.0,64.722,11.680789,0.0,0.0,0.0
2020-08-25T02:35:18.511000Z,2020-08-25T02:35:18.609999Z,362.941,99.0,1078.0,67.72,0.0,0.0,0.0,64.722,11.680789,0.0,0.0,0.0
2020-08-25T02:35:20.511000Z,2020-08-25T02:35:20.617999Z,388.155,107.0,1078.0,65.579,0.0,0.0,0.0,64.722,11.680789,0.0,0.0,0.0
2020-08-25T02:35:22.511000Z,2020-08-25T02:35:22.616000Z,405.596,105.0,1078.0,65.585,0.0,0.0,0.0,64.722,11.680789,0.0,0.0,0.0
2020-08-25T02:35:24.511000Z,2020-08-25T02:35:24.612000Z,360.007,101.0,4.0,65.163,0.0,0.0,0.0,64.722,11.680789,0.0,0.0,0.0
2020-08-25T02:35:26.513000Z,2020-08-25T02:35:26.659000Z,795.918,146.0,1072.0,65.133,0.0,0.0,0.0,64.722,11.680789,0.0,0.0,0.0
2020-08-25T02:35:28.512000Z,2020-08-25T02:35:28.645000Z,738.505,133.0,1066.0,65.147,0.0,0.0,0.0,64.722,11.467909,0.0,0.0,0.0
2020-08-25T02:35:30.512000Z,2020-08-25T02:35:30.635000Z,608.676,123.0,1066.0,65.249,0.0,0.0,0.0,64.722,11.467909,0.0,0.0,0.0
2020-08-25T02:35:32.511000Z,2020-08-25T02:35:32.630000Z,591.028,119.0,1066.0,65.116,0.0,0.0,0.0,64.722,11.467909,0.0,0.0,0.0
2020-08-25T02:35:34.511000Z,2020-08-25T02:35:34.620000Z,469.168,109.0,1066.0,65.757,0.0,0.0,0.0,64.722,11.467909,0.0,0.0,0.0
2020-08-25T02:35:36.511000Z,2020-08-25T02:35:36.616000Z,385.774,105.0,1066.0,65.293,0.0,0.0,0.0,64.722,11.467909,0.0,0.0,0.0
2020-08-25T02:35:38.511000Z,2020-08-25T02:35:38.612000Z,392.632,101.0,1066.0,66.292,0.0,0.0,0.0,64.722,11.467909,0.0,0.0,0.0
2020-08-25T02:35:40.511000Z,2020-08-25T02:35:40.614000Z,406.747,103.0,1066.0,65.357,0.0,0.0,0.0,64.722,11.467909,0.0,0.0,0.0
2020-08-25T02:35:42.512000Z,2020-08-25T02:35:42.631000Z,593.931,119.0,1066.0,65.642,0.0,0.0,0.0,64.722,11.467909,0.0,0.0,0.0
2020-08-25T02:35:44.512000Z,2020-08-25T02:35:44.632000Z,612.291,120.0,1066.0,65.225,0.0,0.0,0.0,64.722,11.467909,0.0,0.0,0.0
2020-08-25T02:35:46.511000Z,2020-08-25T02:35:46.633999Z,634.291,123.0,1066.0,65.393,0.0,0.0,0.0,64.722,11.467909,0.0,0.0,0.0
2020-08-25T02:35:48.511000Z,2020-08-25T02:35:48.633000Z,611.168,122.0,4.0,65.324,0.0,0.0,0.0,64.722,11.467909,0.0,0.0,0.0
2020-08-25T02:35:50.511000Z,2020-08-25T02:35:50.633000Z,590.383,122.0,1060.0,65.331,0.0,0.0,0.0,64.722,11.467909,0.0,0.0,0.0
2020-08-25T02:35:52.511000Z,2020-08-25T02:35:52.633999Z,606.3,123.0,1060.0,65.674,0.0,0.0,0.0,64.722,11.467909,0.0,0.0,0.0
2020-08-25T02:35:54.511000Z,2020-08-25T02:35:54.636000Z,653.368,125.0,1066.0,65.892,0.0,0.0,0.0,64.722,11.467909,0.0,0.0,0.0
2020-08-25T02:35:56.512000Z,2020-08-25T02:35:56.641999Z,666.695,130.0,1066.0,65.743,0.0,0.0,0.0,64.722,11.467909,0.0,0.0,0.0
2020-08-25T02:35:58.511000Z,2020-08-25T02:35:58.640000Z,597.403,129.0,1066.0,65.312,0.0,0.0,0.0,64.722,11.467909,0.0,0.0,0.0
2020-08-25T02:36:00.511000Z,2020-08-25T02:36:00.631000Z,546.747,120.0,1062.0,65.52,0.0,0.0,0.0,64.722,11.467909,0.0,0.0,0.0
2020-08-25T02:36:02.511000Z,2020-08-25T02:36:02.630000Z,561.162,119.0,1066.0,65.325,0.0,0.0,0.0,64.722,11.467909,0.0,0.0,0.0
2020-08-25T02:36:04.511000Z,2020-08-25T02:36:04.625999Z,525.161,115.0,1066.0,65.431,0.0,0.0,0.0,64.722,11.467909,0.0,0.0,0.0
2020-08-25T02:36:06.511000Z,2020-08-25T02:36:06.636000Z,595.079,125.0,1066.0,66.042,0.0,0.0,0.0,64.722,11.467909,0.0,0.0,0.0
2020-08-25T02:36:08.511000Z,2020-08-25T02:36:08.637000Z,604.013,126.0,1066.0,65.327,0.0,0.0,0.0,64.722,11.467909,0.0,0.0,0.0
2020-08-25T02:36:10.511000Z,2020-08-25T02:36:10.633000Z,601.191,122.0,1066.0,65.256,0.0,0.0,0.0,64.722,11.467909,0.0,0.0,0.0
2020-08-25T02:36:12.511000Z,2020-08-25T02:36:12.629000Z,535.871,118.0,1066.0,65.428,0.0,0.0,0.0,64.722,11.467909,0.0,0.0,0.0
2020-08-25T02:36:14.512000Z,2020-08-25T02:36:14.644000Z,654.561,132.0,1060.0,65.28,0.0,0.0,0.0,64.722,11.467909,0.0,0.0,0.0
2020-08-25T02:36:16.511000Z,2020-08-25T02:36:16.633999Z,610.53,123.0,1061.0,66.408,0.0,0.0,0.0,64.722,11.467909,0.0,0.0,0.0
2020-08-25T02:36:18.511000Z,2020-08-25T02:36:18.637000Z,624.529,126.0,1066.0,66.24,0.0,0.0,0.0,64.722,11.467909,0.0,0.0,0.0
2020-08-25T02:36:20.511000Z,2020-08-25T02:36:20.633999Z,619.151,123.0,1066.0,65.242,0.0,0.0,0.0,64.722,11.467909,0.0,0.0,0.0
2020-08-25T02:36:22.511000Z,2020-08-25T02:36:22.635000Z,579.708,124.0,1066.0,65.556,0.0,0.0,0.0,64.722,11.467909,0.0,0.0,0.0
2020-08-25T02:36:24.511000Z,2020-08-25T02:36:24.631000Z,563.017,120.0,1066.0,65.447,0.0,0.0,0.0,64.722,11.467909,0.0,0.0,0.0
2020-08-25T02:36:26.512000Z,2020-08-25T02:36:26.703000Z,636.957,191.0,1066.0,65.293,0.0,0.0,0.0,64.722,11.467909,0.0,0.0,0.0
2020-08-25T02:36:28.515000Z,2020-08-25T02:36:28.644000Z,621.308,129.0,1066.0,68.769,0.0,0.0,0.0,64.722,11.467909,0.0,0.0,0.0
2020-08-25T02:36:30.512000Z,2020-08-25T02:36:30.633999Z,613.337,122.0,1066.0,65.084,0.0,0.0,0.0,64.722,11.467909,0.0,0.0,0.0
2020-08-25T02:36:32.515000Z,2020-08-25T02:36:32.643000Z,670.974,128.0,1066.0,65.677,0.0,0.0,0.0,64.722,11.467909,0.0,0.0,0.0
2020-08-25T02:36:34.511000Z,2020-08-25T02:36:34.641999Z,661.258,131.0,1066.0,65.646,0.0,0.0,0.0,64.722,11.467909,0.0,0.0,0.0
2020-08-25T02:36:36.511000Z,2020-08-25T02:36:36.625999Z,546.119,115.0,4.0,65.223,0.0,0.0,0.0,64.722,11.467909,0.0,0.0,0.0
2020-08-25T02:36:38.511000Z,2020-08-25T02:36:38.625999Z,544.451,115.0,1064.0,65.34,0.0,0.0,0.0,64.721,11.467909,0.0,0.0,0.0
2020-08-25T02:36:40.511000Z,2020-08-25T02:36:40.632000Z,619.991,121.0,1064.0,65.35,0.0,0.0,0.0,64.721,11.467909,0.0,0.0,0.0
2020-08-25T02:36:42.511000Z,2020-08-25T02:36:42.635000Z,647.094,124.0,1064.0,65.237,0.0,0.0,0.0,64.721,11.467909,0.0,0.0,0.0
2020-08-25T02:36:44.511000Z,2020-08-25T02:36:44.625000Z,454.859,114.0,1064.0,65.262,0.0,0.0,0.0,64.721,11.467909,0.0,0.0,0.0
2020-08-25T02:36:46.511000Z,2020-08-25T02:36:46.609999Z,368.443,99.0,1064.0,65.545,0.0,0.0,0.0,64.721,11.467909,0.0,0.0,0.0
2020-08-25T02:36:48.511000Z,2020-08-25T02:36:48.611000Z,378.109,100.0,1066.0,65.388,0.0,0.0,0.0,64.721,11.467909,0.0,0.0,0.0
2020-08-25T02:36:50.511000Z,2020-08-25T02:36:50.613000Z,397.423,102.0,1066.0,65.276,0.0,0.0,0.0,64.721,11.467909,0.0,0.0,0.0
2020-08-25T02:36:52.511000Z,2020-08-25T02:36:52.624000Z,426.281,113.0,1066.0,65.284,0.0,0.0,0.0,64.721,11.467909,0.0,0.0,0.0
2020-08-25T02:36:54.511000Z,2020-08-25T02:36:54.639000Z,688.44,128.0,1066.0,65.28,0.0,0.0,0.0,64.721,11.467909,0.0,0.0,0.0
2020-08-25T02:36:56.511000Z,2020-08-25T02:36:56.638000Z,669.638,127.0,1066.0,65.078,0.0,0.0,0.0,64.721,11.467909,0.0,0.0,0.0
2020-08-25T02:36:58.511000Z,2020-08-25T02:36:58.637000Z,656.449,126.0,1066.0,65.256,0.0,0.0,0.0,64.721,11.467909,0.0,0.0,0.0
2020-08-25T02:37:00.511000Z,2020-08-25T02:37:00.627000Z,561.582,116.0,1066.0,65.343,0.0,0.0,0.0,64.721,11.467909,0.0,0.0,0.0
2020-08-25T02:37:02.511000Z,2020-08-25T02:37:02.625000Z,512.466,114.0,1066.0,65.975,0.0,0.0,0.0,64.721,11.467909,0.0,0.0,0.0
2020-08-25T02:37:04.511000Z,2020-08-25T02:37:04.665999Z,1002.455,155.0,1066.0,65.343,0.0,0.0,0.0,64.721,11.467909,0.0,0.0,0.0
2020-08-25T02:37:06.512000Z,2020-08-25T02:37:06.668000Z,1084.728,156.0,1152.0,66.252,0.0,0.0,0.0,64.721,10.997862,0.0,0.0,0.0
2020-08-25T02:37:08.511000Z,2020-08-25T02:37:08.632000Z,656.596,121.0,1248.0,65.258,0.0,0.0,0.0,64.721,13.425455,0.0,0.0,0.0
2020-08-25T02:37:10.514000Z,2020-08-25T02:37:10.617999Z,497.469,104.0,1248.0,65.433,0.0,0.0,0.0,64.721,13.425455,0.0,0.0,0.0
2020-08-25T02:37:12.511000Z,2020-08-25T02:37:12.612000Z,405.502,101.0,1248.0,65.261,0.0,0.0,0.0,64.721,13.425455,0.0,0.0,0.0
2020-08-25T02:37:14.761000Z,2020-08-25T02:37:14.857000Z,376.521,96.0,1248.0,65.573,0.0,0.0,0.0,64.721,13.425455,0.0,0.0,0.0
2020-08-25T02:37:16.582000Z,2020-08-25T02:37:16.685000Z,455.002,103.0,1248.0,65.396,0.0,0.0,0.0,64.721,13.425455,0.0,0.0,0.0
2020-08-25T02:37:18.761000Z,2020-08-25T02:37:18.892000Z,799.863,131.0,1248.0,65.147,0.0,0.0,0.0,64.721,13.425455,0.0,0.0,0.0
2020-08-25T02:37:20.764000Z,2020-08-25T02:37:20.929999Z,814.923,166.0,1248.0,65.124,0.0,0.0,0.0,64.721,13.425455,0.0,0.0,0.0
2020-08-25T02:37:22.761999Z,2020-08-25T02:37:22.861000Z,420.619,99.0,1248.0,68.195,0.0,0.0,0.0,64.721,13.425455,0.0,0.0,0.0
2020-08-25T02:37:24.763000Z,2020-08-25T02:37:24.991000Z,473.645,228.0,1248.0,65.36,0.0,0.0,0.0,64.721,13.425455,0.0,0.0,0.0
2020-08-25T02:37:26.760000Z,2020-08-25T02:37:27.943000Z,503.963,1183.0,14.0,78.458,0.0,0.0,0.0,64.721,0.094911,0.0,0.0,0.0
2020-08-25T02:37:28.761999Z,2020-08-25T02:37:29.469000Z,447.685,707.0,122.0,65.694,0.0,0.0,0.0,64.721,1.186818,0.0,0.0,0.0
2020-08-25T02:37:30.792000Z,2020-08-25T02:37:31.107000Z,447.22,315.0,134.0,66.495,0.0,0.0,0.0,64.721,1.244888,0.0,0.0,0.0
2020-08-25T02:37:32.760000Z,2020-08-25T02:37:32.984000Z,428.968,224.0,224.0,65.494,0.0,0.0,0.0,64.721,2.331347,0.0,0.0,0.0
