start_time,end_time,size,trans_time,cwnd,rtt,rto,ssthresh,last_snd,min_rtt,delivery_rate,bytes_sent,bytes_retrans,client_trans_time
2020-08-25T03:03:17.672999Z,2020-08-25T03:03:17.806000Z,16.989,133.0,308.0,65.731,0.0,0.0,0.0,64.0,2.148042,0.0,0.0,0.0
2020-08-25T03:03:17.806000Z,2020-08-25T03:03:17.937999Z,15.955,132.0,308.0,66.082,0.0,0.0,0.0,64.0,0.563846,0.0,0.0,0.0
2020-08-25T03:03:17.938000Z,2020-08-25T03:03:18.009000Z,14.8,71.0,308.0,69.81,0.0,0.0,0.0,64.0,0.221311,0.0,0.0,0.0
2020-08-25T03:03:18.008999Z,2020-08-25T03:03:18.139000Z,14.685,130.0,308.0,67.229,0.0,0.0,0.0,64.0,0.229453,0.0,0.0,0.0
2020-08-25T03:03:18.140000Z,2020-08-25T03:03:18.216000Z,34.714,76.0,308.0,65.587,0.0,0.0,0.0,64.0,0.523144,0.0,0.0,0.0
2020-08-25T03:03:18.216000Z,2020-08-25T03:03:18.288000Z,19.229,72.0,308.0,65.388,0.0,0.0,0.0,64.0,0.523144,0.0,0.0,0.0
2020-08-25T03:03:18.288000Z,2020-08-25T03:03:18.421000Z,41.022,133.0,308.0,65.206,0.0,0.0,0.0,64.0,0.523144,0.0,0.0,0.0
2020-08-25T03:03:18.422000Z,2020-08-25T03:03:18.631000Z,518.204,209.0,308.0,69.801,0.0,0.0,0.0,64.0,1.08295,0.0,0.0,0.0
2020-08-25T03:03:19.003000Z,2020-08-25T03:03:19.191000Z,507.322,188.0,390.0,65.346,0.0,0.0,0.0,64.0,3.751981,0.0,0.0,0.0
2020-08-25T03:03:21.003000Z,2020-08-25T03:03:21.191000Z,525.212,188.0,400.0,65.925,0.0,0.0,0.0,64.0,3.963336,0.0,0.0,0.0
2020-08-25T03:03:23.003000Z,2020-08-25T03:03:23.191000Z,516.939,188.0,412.0,65.35,0.0,0.0,0.0,64.0,4.426374,0.0,0.0,0.0
2020-08-25T03:03:25.003000Z,2020-08-25T03:03:25.177999Z,589.001,175.0,502.0,65.134,0.0,0.0,0.0,64.0,5.355838,0.0,0.0,0.0
2020-08-25T03:03:27.003000Z,2020-08-25T03:03:27.164000Z,567.202,161.0,558.0,65.311,0.0,0.0,0.0,64.0,5.964191,0.0,0.0,0.0
2020-08-25T03:03:29.004000Z,2020-08-25T03:03:29.133000Z,339.78,129.0,602.0,65.259,0.0,0.0,0.0,64.0,6.373315,0.0,0.0,0.0
2020-08-25T03:03:31.003000Z,2020-08-25T03:03:31.153000Z,535.605,150.0,602.0,66.702,0.0,0.0,0.0,64.0,6.373315,0.0,0.0,0.0
2020-08-25T03:03:33.003000Z,2020-08-25T03:03:33.144000Z,532.958,141.0,644.0,65.172,0.0,0.0,0.0,64.0,6.901354,0.0,0.0,0.0
2020-08-25T03:03:35.003000Z,2020-08-25T03:03:35.152000Z,600.722,149.0,674.0,65.22,0.0,0.0,0.0,64.0,7.268289,0.0,0.0,0.0
2020-08-25T03:03:37.003000Z,2020-08-25T03:03:37.140000Z,535.474,137.0,722.0,65.362,0.0,0.0,0.0,64.0,7.646673,0.0,0.0,0.0
2020-08-25T03:03:39.004000Z,2020-08-25T03:03:39.142000Z,542.557,138.0,722.0,65.24,0.0,0.0,0.0,64.0,7.646673,0.0,0.0,0.0
2020-08-25T03:03:41.003000Z,2020-08-25T03:03:41.129000Z,453.339,126.0,736.0,65.394,0.0,0.0,0.0,64.0,7.961932,0.0,0.0,0.0
2020-08-25T03:03:43.003000Z,2020-08-25T03:03:43.124000Z,435.631,121.0,738.0,65.675,0.0,0.0,0.0,64.0,7.961932,0.0,0.0,0.0
2020-08-25T03:03:45.003000Z,2020-08-25T03:03:45.137000Z,517.629,134.0,738.0,65.431,0.0,0.0,0.0,64.0,7.961932,0.0,0.0,0.0
2020-08-25T03:03:47.003000Z,2020-08-25T03:03:47.144000Z,491.162,141.0,4.0,65.174,0.0,0.0,0.0,64.0,7.961932,0.0,0.0,0.0
2020-08-25T03:03:49.003000Z,2020-08-25T03:03:49.177999Z,467.948,175.0,752.0,65.792,0.0,0.0,0.0,64.0,8.020022,0.0,0.0,0.0
2020-08-25T03:03:51.004000Z,2020-08-25T03:03:51.155000Z,659.089,151.0,752.0,65.278,0.0,0.0,0.0,64.0,8.020022,0.0,0.0,0.0
2020-08-25T03:03:53.003000Z,2020-08-25T03:03:53.185000Z,823.284,182.0,778.0,65.846,0.0,0.0,0.0,64.0,8.339,0.0,0.0,0.0
2020-08-25T03:03:55.003000Z,2020-08-25T03:03:55.208000Z,445.869,205.0,779.0,65.869,0.0,0.0,0.0,64.0,7.162117,0.0,0.0,0.0
2020-08-25T03:03:57.003000Z,2020-08-25T03:03:57.126000Z,518.555,123.0,866.0,65.25,0.0,0.0,0.0,64.0,1.095973,0.0,0.0,0.0
2020-08-25T03:03:59.003000Z,2020-08-25T03:03:59.136000Z,596.993,133.0,866.0,65.686,0.0,0.0,0.0,64.0,4.399167,0.0,0.0,0.0
2020-08-25T03:04:01.001999Z,2020-08-25T03:04:01.127000Z,488.841,125.0,866.0,65.215,0.0,0.0,0.0,64.0,4.729263,0.0,0.0,0.0
2020-08-25T03:04:03.003000Z,2020-08-25T03:04:03.126000Z,501.685,123.0,872.0,65.658,0.0,0.0,0.0,64.0,4.729263,0.0,0.0,0.0
2020-08-25T03:04:05.003000Z,2020-08-25T03:04:05.118000Z,423.734,115.0,4.0,65.976,0.0,0.0,0.0,64.0,4.729263,0.0,0.0,0.0
2020-08-25T03:04:07.001999Z,2020-08-25T03:04:07.129999Z,490.027,128.0,868.0,65.397,0.0,0.0,0.0,64.0,4.729263,0.0,0.0,0.0
2020-08-25T03:04:09.005000Z,2020-08-25T03:04:09.139000Z,564.609,134.0,874.0,66.512,0.0,0.0,0.0,64.0,4.729263,0.0,0.0,0.0
2020-08-25T03:04:11.003000Z,2020-08-25T03:04:11.145000Z,539.439,142.0,874.0,65.324,0.0,0.0,0.0,64.0,4.729263,0.0,0.0,0.0
2020-08-25T03:04:13.003000Z,2020-08-25T03:04:13.134000Z,576.319,131.0,874.0,65.22,0.0,0.0,0.0,64.0,4.864882,0.0,0.0,0.0
2020-08-25T03:04:15.003000Z,2020-08-25T03:04:15.116000Z,439.888,113.0,874.0,65.322,0.0,0.0,0.0,64.0,4.864882,0.0,0.0,0.0
2020-08-25T03:04:17.003000Z,2020-08-25T03:04:17.121999Z,463.201,119.0,874.0,65.579,0.0,0.0,0.0,64.0,4.864882,0.0,0.0,0.0
2020-08-25T03:04:19.003000Z,2020-08-25T03:04:19.132000Z,546.284,129.0,874.0,65.882,0.0,0.0,0.0,64.0,4.864882,0.0,0.0,0.0
2020-08-25T03:04:21.001999Z,2020-08-25T03:04:21.123000Z,490.695,121.0,872.0,65.29,0.0,0.0,0.0,64.0,4.864882,0.0,0.0,0.0
2020-08-25T03:04:23.001999Z,2020-08-25T03:04:23.121000Z,474.558,119.0,872.0,65.359,0.0,0.0,0.0,64.0,4.864882,0.0,0.0,0.0
2020-08-25T03:04:25.001999Z,2020-08-25T03:04:25.120000Z,455.129,118.0,872.0,65.505,0.0,0.0,0.0,64.0,4.864882,0.0,0.0,0.0
2020-08-25T03:04:27.003000Z,2020-08-25T03:04:27.120000Z,452.261,117.0,872.0,65.282,0.0,0.0,0.0,64.0,4.864882,0.0,0.0,0.0
2020-08-25T03:04:29.001999Z,2020-08-25T03:04:29.124000Z,492.609,122.0,872.0,65.35,0.0,0.0,0.0,64.0,4.864882,0.0,0.0,0.0
2020-08-25T03:04:31.003000Z,2020-08-25T03:04:31.132000Z,564.122,129.0,870.0,65.383,0.0,0.0,0.0,64.0,4.864882,0.0,0.0,0.0
2020-08-25T03:04:33.003000Z,2020-08-25T03:04:33.149000Z,681.6,146.0,868.0,65.894,0.0,0.0,0.0,64.0,4.864882,0.0,0.0,0.0
2020-08-25T03:04:35.003000Z,2020-08-25T03:04:35.174000Z,802.041,171.0,850.0,65.414,0.0,0.0,0.0,64.0,9.043366,0.0,0.0,0.0
2020-08-25T03:04:37.001999Z,2020-08-25T03:04:37.316000Z,492.873,314.0,854.0,65.167,0.0,0.0,0.0,64.0,8.920142,0.0,0.0,0.0
2020-08-25T03:04:39.001999Z,2020-08-25T03:04:39.135000Z,568.429,133.0,854.0,81.396,0.0,0.0,0.0,64.0,8.920142,0.0,0.0,0.0
2020-08-25T03:04:41.253000Z,2020-08-25T03:04:41.399000Z,706.518,146.0,854.0,65.279,0.0,0.0,0.0,64.0,8.920142,0.0,0.0,0.0
2020-08-25T03:04:43.252000Z,2020-08-25T03:04:43.385000Z,581.455,133.0,876.0,65.296,0.0,0.0,0.0,64.0,9.30137,0.0,0.0,0.0
2020-08-25T03:04:45.252000Z,2020-08-25T03:04:45.380000Z,542.186,128.0,876.0,65.642,0.0,0.0,0.0,64.0,9.30137,0.0,0.0,0.0
2020-08-25T03:04:47.252000Z,2020-08-25T03:04:47.381000Z,560.089,129.0,876.0,65.213,0.0,0.0,0.0,64.0,9.30137,0.0,0.0,0.0
2020-08-25T03:04:49.253000Z,2020-08-25T03:04:49.401999Z,751.55,149.0,876.0,65.4,0.0,0.0,0.0,64.0,9.30137,0.0,0.0,0.0
2020-08-25T03:04:51.252000Z,2020-08-25T03:04:51.390000Z,630.241,138.0,924.0,65.999,0.0,0.0,0.0,64.0,10.007631,0.0,0.0,0.0
2020-08-25T03:04:53.252000Z,2020-08-25T03:04:53.373000Z,519.396,121.0,924.0,65.909,0.0,0.0,0.0,64.0,10.007631,0.0,0.0,0.0
2020-08-25T03:04:55.252000Z,2020-08-25T03:04:55.375000Z,523.646,123.0,924.0,65.315,0.0,0.0,0.0,64.0,10.007631,0.0,0.0,0.0
2020-08-25T03:04:57.252000Z,2020-08-25T03:04:57.374000Z,542.897,122.0,924.0,65.181,0.0,0.0,0.0,64.0,10.007631,0.0,0.0,0.0
2020-08-25T03:04:59.077000Z,2020-08-25T03:04:59.209999Z,650.331,133.0,924.0,65.335,0.0,0.0,0.0,64.0,10.007631,0.0,0.0,0.0
2020-08-25T03:05:01.252000Z,2020-08-25T03:05:01.368000Z,440.525,116.0,922.0,65.122,0.0,0.0,0.0,64.0,10.007631,0.0,0.0,0.0
2020-08-25T03:05:03.252000Z,2020-08-25T03:05:03.361000Z,396.05,109.0,922.0,65.926,0.0,0.0,0.0,64.0,10.007631,0.0,0.0,0.0
2020-08-25T03:05:05.252000Z,2020-08-25T03:05:05.372000Z,509.734,120.0,922.0,65.431,0.0,0.0,0.0,64.0,10.007631,0.0,0.0,0.0
2020-08-25T03:05:07.253000Z,2020-08-25T03:05:07.384000Z,627.009,131.0,922.0,65.44,0.0,0.0,0.0,64.0,10.007631,0.0,0.0,0.0
2020-08-25T03:05:09.252000Z,2020-08-25T03:05:09.373000Z,506.045,121.0,922.0,65.383,0.0,0.0,0.0,64.0,10.007631,0.0,0.0,0.0
2020-08-25T03:05:11.252000Z,2020-08-25T03:05:11.374000Z,515.038,122.0,922.0,65.209,0.0,0.0,0.0,64.0,10.007631,0.0,0.0,0.0
2020-08-25T03:05:13.252000Z,2020-08-25T03:05:13.376000Z,558.308,124.0,922.0,65.001,0.0,0.0,0.0,64.0,10.007631,0.0,0.0,0.0
2020-08-25T03:05:15.252000Z,2020-08-25T03:05:15.377999Z,526.298,126.0,922.0,69.708,0.0,0.0,0.0,64.0,10.007631,0.0,0.0,0.0
2020-08-25T03:05:17.252000Z,2020-08-25T03:05:17.367000Z,472.794,115.0,922.0,65.354,0.0,0.0,0.0,64.0,10.007631,0.0,0.0,0.0
2020-08-25T03:05:19.252000Z,2020-08-25T03:05:19.379000Z,574.148,127.0,918.0,65.3,0.0,0.0,0.0,64.0,10.007631,0.0,0.0,0.0
2020-08-25T03:05:21.252000Z,2020-08-25T03:05:21.409999Z,666.265,158.0,918.0,65.631,0.0,0.0,0.0,64.0,10.007631,0.0,0.0,0.0
2020-08-25T03:05:23.081999Z,2020-08-25T03:05:23.193999Z,457.15,112.0,918.0,65.347,0.0,0.0,0.0,64.0,10.007631,0.0,0.0,0.0
2020-08-25T03:05:25.253000Z,2020-08-25T03:05:25.365000Z,447.885,112.0,924.0,65.222,0.0,0.0,0.0,64.0,10.007631,0.0,0.0,0.0
2020-08-25T03:05:27.252000Z,2020-08-25T03:05:27.379000Z,568.012,127.0,922.0,65.558,0.0,0.0,0.0,64.0,10.007631,0.0,0.0,0.0
2020-08-25T03:05:29.252000Z,2020-08-25T03:05:29.366000Z,462.861,114.0,922.0,65.851,0.0,0.0,0.0,64.0,10.007631,0.0,0.0,0.0
2020-08-25T03:05:31.251000Z,2020-08-25T03:05:31.421000Z,427.897,170.0,922.0,65.26,0.0,0.0,0.0,64.0,10.007631,0.0,0.0,0.0
2020-08-25T03:05:33.252000Z,2020-08-25T03:05:33.374000Z,514.296,122.0,922.0,65.694,0.0,0.0,0.0,64.0,10.007631,0.0,0.0,0.0
2020-08-25T03:05:35.252000Z,2020-08-25T03:05:35.384000Z,608.421,132.0,922.0,65.485,0.0,0.0,0.0,64.0,10.007631,0.0,0.0,0.0
2020-08-25T03:05:37.252000Z,2020-08-25T03:05:37.376000Z,555.277,124.0,922.0,65.784,0.0,0.0,0.0,64.0,10.007631,0.0,0.0,0.0
2020-08-25T03:05:39.252000Z,2020-08-25T03:05:39.372000Z,534.23,120.0,922.0,65.954,0.0,0.0,0.0,64.0,10.007631,0.0,0.0,0.0
2020-08-25T03:05:41.252000Z,2020-08-25T03:05:41.372000Z,515.182,120.0,4.0,65.729,0.0,0.0,0.0,64.0,10.007631,0.0,0.0,0.0
2020-08-25T03:05:43.251000Z,2020-08-25T03:05:43.365000Z,456.645,114.0,922.0,65.73,0.0,0.0,0.0,64.0,10.007631,0.0,0.0,0.0
2020-08-25T03:05:45.253000Z,2020-08-25T03:05:45.368000Z,467.77,115.0,922.0,65.309,0.0,0.0,0.0,64.0,10.007631,0.0,0.0,0.0
2020-08-25T03:05:47.080000Z,2020-08-25T03:05:47.196000Z,473.394,116.0,922.0,65.234,0.0,0.0,0.0,64.0,10.007631,0.0,0.0,0.0
2020-08-25T03:05:49.253000Z,2020-08-25T03:05:49.369999Z,490.143,117.0,922.0,65.177,0.0,0.0,0.0,64.0,10.007631,0.0,0.0,0.0
2020-08-25T03:05:51.251000Z,2020-08-25T03:05:51.367000Z,467.024,116.0,922.0,65.795,0.0,0.0,0.0,64.0,10.007631,0.0,0.0,0.0
2020-08-25T03:05:53.251000Z,2020-08-25T03:05:53.403000Z,465.673,152.0,922.0,65.272,0.0,0.0,0.0,64.0,10.007631,0.0,0.0,0.0
2020-08-25T03:05:55.251000Z,2020-08-25T03:05:55.424000Z,470.65,173.0,424.0,65.703,0.0,0.0,0.0,64.0,4.610351,0.0,0.0,0.0
2020-08-25T03:05:57.251000Z,2020-08-25T03:05:57.417999Z,468.92,167.0,436.0,65.333,0.0,0.0,0.0,64.0,4.704095,0.0,0.0,0.0
2020-08-25T03:05:59.251000Z,2020-08-25T03:05:59.437000Z,629.029,186.0,446.0,65.379,0.0,0.0,0.0,64.0,4.774956,0.0,0.0,0.0
2020-08-25T03:06:01.251000Z,2020-08-25T03:06:01.393000Z,433.314,142.0,544.0,65.336,0.0,0.0,0.0,64.0,5.880737,0.0,0.0,0.0
2020-08-25T03:06:03.251000Z,2020-08-25T03:06:03.385000Z,412.954,134.0,570.0,65.394,0.0,0.0,0.0,64.0,5.654889,0.0,0.0,0.0
2020-08-25T03:06:05.251000Z,2020-08-25T03:06:05.419000Z,630.03,168.0,570.0,65.299,0.0,0.0,0.0,64.0,6.241951,0.0,0.0,0.0
2020-08-25T03:06:07.252000Z,2020-08-25T03:06:07.392000Z,513.37,140.0,646.0,65.372,0.0,0.0,0.0,64.0,6.97826,0.0,0.0,0.0
2020-08-25T03:06:09.251000Z,2020-08-25T03:06:09.391000Z,529.365,140.0,670.0,65.205,0.0,0.0,0.0,64.0,7.255754,0.0,0.0,0.0
2020-08-25T03:06:11.251000Z,2020-08-25T03:06:11.376000Z,425.453,125.0,696.0,65.408,0.0,0.0,0.0,64.0,7.465401,0.0,0.0,0.0
2020-08-25T03:06:13.251000Z,2020-08-25T03:06:13.377000Z,427.371,126.0,696.0,65.784,0.0,0.0,0.0,64.0,7.465401,0.0,0.0,0.0
2020-08-25T03:06:15.251000Z,2020-08-25T03:06:15.384000Z,493.564,133.0,696.0,65.675,0.0,0.0,0.0,64.0,7.465401,0.0,0.0,0.0
2020-08-25T03:06:17.251000Z,2020-08-25T03:06:17.388000Z,535.79,137.0,696.0,65.294,0.0,0.0,0.0,64.0,7.465401,0.0,0.0,0.0
2020-08-25T03:06:19.251000Z,2020-08-25T03:06:19.372000Z,429.109,121.0,717.0,65.195,0.0,0.0,0.0,64.0,7.811639,0.0,0.0,0.0
2020-08-25T03:06:21.251000Z,2020-08-25T03:06:21.382000Z,501.381,131.0,720.0,65.189,0.0,0.0,0.0,64.0,7.811639,0.0,0.0,0.0
2020-08-25T03:06:23.252000Z,2020-08-25T03:06:23.397000Z,619.206,145.0,720.0,65.474,0.0,0.0,0.0,64.0,7.811639,0.0,0.0,0.0
2020-08-25T03:06:25.251000Z,2020-08-25T03:06:25.397000Z,656.006,146.0,770.0,65.949,0.0,0.0,0.0,64.0,7.617935,0.0,0.0,0.0
2020-08-25T03:06:27.251000Z,2020-08-25T03:06:27.389000Z,615.237,138.0,4.0,65.768,0.0,0.0,0.0,64.0,8.901911,0.0,0.0,0.0
2020-08-25T03:06:29.251000Z,2020-08-25T03:06:29.385999Z,613.217,135.0,834.0,65.605,0.0,0.0,0.0,64.0,8.678596,0.0,0.0,0.0
2020-08-25T03:06:31.251000Z,2020-08-25T03:06:31.388000Z,607.726,137.0,846.0,65.328,0.0,0.0,0.0,64.0,8.678596,0.0,0.0,0.0
2020-08-25T03:06:33.252000Z,2020-08-25T03:06:33.385000Z,608.3,133.0,846.0,65.248,0.0,0.0,0.0,64.0,8.678596,0.0,0.0,0.0
2020-08-25T03:06:35.251000Z,2020-08-25T03:06:35.381000Z,575.127,130.0,846.0,65.451,0.0,0.0,0.0,64.0,8.678596,0.0,0.0,0.0
2020-08-25T03:06:37.251000Z,2020-08-25T03:06:37.385000Z,603.865,134.0,846.0,65.113,0.0,0.0,0.0,64.0,8.678596,0.0,0.0,0.0
2020-08-25T03:06:39.251000Z,2020-08-25T03:06:39.385999Z,575.363,135.0,846.0,65.335,0.0,0.0,0.0,64.0,8.678596,0.0,0.0,0.0
2020-08-25T03:06:41.251000Z,2020-08-25T03:06:41.379000Z,559.365,128.0,846.0,65.286,0.0,0.0,0.0,64.0,8.678596,0.0,0.0,0.0
2020-08-25T03:06:43.501000Z,2020-08-25T03:06:43.628000Z,549.873,127.0,846.0,65.347,0.0,0.0,0.0,64.0,8.678596,0.0,0.0,0.0
2020-08-25T03:06:45.501000Z,2020-08-25T03:06:45.630000Z,547.58,129.0,846.0,65.275,0.0,0.0,0.0,64.0,8.678596,0.0,0.0,0.0
2020-08-25T03:06:47.501000Z,2020-08-25T03:06:47.632000Z,578.544,131.0,846.0,65.457,0.0,0.0,0.0,64.0,8.678596,0.0,0.0,0.0
2020-08-25T03:06:49.501000Z,2020-08-25T03:06:49.633999Z,593.59,133.0,848.0,66.127,0.0,0.0,0.0,64.0,8.678596,0.0,0.0,0.0
2020-08-25T03:06:51.501000Z,2020-08-25T03:06:51.629000Z,531.776,128.0,848.0,68.972,0.0,0.0,0.0,64.0,8.678596,0.0,0.0,0.0
2020-08-25T03:06:53.501000Z,2020-08-25T03:06:53.630000Z,555.092,129.0,848.0,65.581,0.0,0.0,0.0,64.0,8.678596,0.0,0.0,0.0
2020-08-25T03:06:55.501000Z,2020-08-25T03:06:55.623000Z,495.436,122.0,846.0,65.459,0.0,0.0,0.0,64.0,8.678596,0.0,0.0,0.0
2020-08-25T03:06:57.500000Z,2020-08-25T03:06:57.609000Z,358.642,109.0,846.0,65.276,0.0,0.0,0.0,64.0,8.678596,0.0,0.0,0.0
2020-08-25T03:06:59.566000Z,2020-08-25T03:06:59.686000Z,420.784,120.0,846.0,65.417,0.0,0.0,0.0,64.0,8.678596,0.0,0.0,0.0
2020-08-25T03:07:01.564999Z,2020-08-25T03:07:01.675000Z,389.243,110.0,846.0,65.142,0.0,0.0,0.0,64.0,8.678596,0.0,0.0,0.0
2020-08-25T03:07:03.501000Z,2020-08-25T03:07:03.638000Z,639.52,137.0,846.0,65.29,0.0,0.0,0.0,64.0,8.678596,0.0,0.0,0.0
2020-08-25T03:07:05.500000Z,2020-08-25T03:07:05.629000Z,569.873,129.0,870.0,65.257,0.0,0.0,0.0,64.0,9.429779,0.0,0.0,0.0
2020-08-25T03:07:07.504000Z,2020-08-25T03:07:07.630000Z,537.565,126.0,870.0,65.087,0.0,0.0,0.0,64.0,9.429779,0.0,0.0,0.0
2020-08-25T03:07:09.501000Z,2020-08-25T03:07:09.643000Z,559.449,142.0,870.0,65.408,0.0,0.0,0.0,64.0,9.429779,0.0,0.0,0.0
2020-08-25T03:07:11.500000Z,2020-08-25T03:07:11.625000Z,548.741,125.0,870.0,65.789,0.0,0.0,0.0,64.0,9.429779,0.0,0.0,0.0
2020-08-25T03:07:13.501000Z,2020-08-25T03:07:13.617000Z,451.088,116.0,870.0,65.83,0.0,0.0,0.0,64.0,9.429779,0.0,0.0,0.0
2020-08-25T03:07:15.500000Z,2020-08-25T03:07:15.614000Z,439.827,114.0,870.0,65.474,0.0,0.0,0.0,64.0,9.429779,0.0,0.0,0.0
2020-08-25T03:07:17.500000Z,2020-08-25T03:07:17.620000Z,491.447,120.0,870.0,65.175,0.0,0.0,0.0,64.0,9.429779,0.0,0.0,0.0
2020-08-25T03:07:19.500000Z,2020-08-25T03:07:19.614000Z,441.068,114.0,870.0,65.352,0.0,0.0,0.0,64.0,9.429779,0.0,0.0,0.0
2020-08-25T03:07:21.500000Z,2020-08-25T03:07:21.609000Z,399.715,109.0,870.0,65.305,0.0,0.0,0.0,64.0,9.429779,0.0,0.0,0.0
2020-08-25T03:07:23.500000Z,2020-08-25T03:07:23.617000Z,450.153,117.0,870.0,69.151,0.0,0.0,0.0,64.0,9.429779,0.0,0.0,0.0
2020-08-25T03:07:25.500000Z,2020-08-25T03:07:25.696000Z,497.269,196.0,4.0,65.297,0.0,0.0,0.0,64.0,9.429779,0.0,0.0,0.0
2020-08-25T03:07:27.501000Z,2020-08-25T03:07:27.705000Z,393.7,204.0,870.0,67.324,0.0,0.0,0.0,64.0,9.429779,0.0,0.0,0.0
2020-08-25T03:07:29.500000Z,2020-08-25T03:07:30.548000Z,370.119,1048.0,16.0,81.627,0.0,0.0,0.0,64.0,0.095044,0.0,0.0,0.0
2020-08-25T03:07:31.500000Z,2020-08-25T03:07:31.912000Z,433.336,412.0,86.0,65.956,0.0,0.0,0.0,64.0,0.777295,0.0,0.0,0.0
2020-08-25T03:07:33.500000Z,2020-08-25T03:07:33.779000Z,432.537,279.0,160.0,65.727,0.0,0.0,0.0,64.0,1.59638,0.0,0.0,0.0
2020-08-25T03:07:35.500000Z,2020-08-25T03:07:36.036000Z,449.946,536.0,222.0,65.388,0.0,0.0,0.0,64.0,2.390753,0.0,0.0,0.0
2020-08-25T03:07:37.500000Z,2020-08-25T03:07:37.769000Z,481.572,269.0,236.0,65.048,0.0,0.0,0.0,64.729,2.502569,0.0,0.0,0.0
2020-08-25T03:07:39.500000Z,2020-08-25T03:07:39.692000Z,402.937,192.0,276.0,67.076,0.0,0.0,0.0,64.729,2.716313,0.0,0.0,0.0
2020-08-25T03:07:41.500000Z,2020-08-25T03:07:41.701000Z,437.903,201.0,308.0,65.285,0.0,0.0,0.0,64.729,3.291111,0.0,0.0,0.0
2020-08-25T03:07:43.500000Z,2020-08-25T03:07:43.703000Z,491.828,203.0,308.0,65.198,0.0,0.0,0.0,64.729,3.328228,0.0,0.0,0.0
2020-08-25T03:07:45.500000Z,2020-08-25T03:07:45.673999Z,476.572,174.0,388.0,65.102,0.0,0.0,0.0,64.729,4.216516,0.0,0.0,0.0
2020-08-25T03:07:47.500000Z,2020-08-25T03:07:47.657000Z,430.91,157.0,440.0,65.519,0.0,0.0,0.0,64.729,4.662744,0.0,0.0,0.0
2020-08-25T03:07:49.500000Z,2020-08-25T03:07:49.659000Z,469.888,159.0,462.0,65.987,0.0,0.0,0.0,64.729,4.867082,0.0,0.0,0.0
2020-08-25T03:07:51.499000Z,2020-08-25T03:07:51.644000Z,428.647,145.0,492.0,65.39,0.0,0.0,0.0,64.729,5.337395,0.0,0.0,0.0
2020-08-25T03:07:53.499000Z,2020-08-25T03:07:53.640000Z,405.642,141.0,516.0,65.297,0.0,0.0,0.0,64.729,5.365768,0.0,0.0,0.0
2020-08-25T03:07:55.499000Z,2020-08-25T03:07:55.638000Z,403.923,139.0,520.0,65.263,0.0,0.0,0.0,64.729,5.653339,0.0,0.0,0.0
2020-08-25T03:07:57.499000Z,2020-08-25T03:07:57.641999Z,431.033,143.0,536.0,65.178,0.0,0.0,0.0,64.729,5.738789,0.0,0.0,0.0
2020-08-25T03:07:59.500000Z,2020-08-25T03:07:59.637000Z,408.652,137.0,548.0,65.137,0.0,0.0,0.0,64.729,5.908859,0.0,0.0,0.0
2020-08-25T03:08:01.500000Z,2020-08-25T03:08:01.777999Z,427.108,278.0,548.0,65.404,0.0,0.0,0.0,64.729,5.891698,0.0,0.0,0.0
2020-08-25T03:08:03.501000Z,2020-08-25T03:08:03.645000Z,456.48,144.0,554.0,66.382,0.0,0.0,0.0,64.729,0.020329,0.0,0.0,0.0
2020-08-25T03:08:05.501000Z,2020-08-25T03:08:05.652000Z,518.846,151.0,570.0,65.16,0.0,0.0,0.0,64.729,6.110527,0.0,0.0,0.0
2020-08-25T03:08:07.502000Z,2020-08-25T03:08:07.645000Z,497.41,143.0,596.0,65.418,0.0,0.0,0.0,64.729,5.987328,0.0,0.0,0.0
2020-08-25T03:08:09.504000Z,2020-08-25T03:08:09.657999Z,503.069,154.0,608.0,65.352,0.0,0.0,0.0,64.729,6.599416,0.0,0.0,0.0
2020-08-25T03:08:11.500000Z,2020-08-25T03:08:11.641000Z,484.121,141.0,624.0,65.573,0.0,0.0,0.0,64.729,5.550123,0.0,0.0,0.0
2020-08-25T03:08:13.500000Z,2020-08-25T03:08:13.641000Z,495.496,141.0,632.0,66.035,0.0,0.0,0.0,64.729,6.319368,0.0,0.0,0.0
2020-08-25T03:08:15.500000Z,2020-08-25T03:08:15.646000Z,505.85,146.0,636.0,65.433,0.0,0.0,0.0,64.729,6.842095,0.0,0.0,0.0
2020-08-25T03:08:17.499000Z,2020-08-25T03:08:17.637000Z,484.592,138.0,646.0,65.203,0.0,0.0,0.0,64.729,6.982146,0.0,0.0,0.0
2020-08-25T03:08:19.500000Z,2020-08-25T03:08:19.643000Z,548.34,143.0,646.0,65.242,0.0,0.0,0.0,64.729,6.943482,0.0,0.0,0.0
2020-08-25T03:08:21.750000Z,2020-08-25T03:08:21.889999Z,526.959,140.0,680.0,65.184,0.0,0.0,0.0,64.729,7.335493,0.0,0.0,0.0
2020-08-25T03:08:23.751000Z,2020-08-25T03:08:23.889999Z,515.083,139.0,686.0,65.899,0.0,0.0,0.0,64.729,6.935812,0.0,0.0,0.0
2020-08-25T03:08:25.748999Z,2020-08-25T03:08:25.889000Z,524.344,140.0,690.0,66.079,0.0,0.0,0.0,64.729,6.918318,0.0,0.0,0.0
2020-08-25T03:08:27.750000Z,2020-08-25T03:08:27.888000Z,490.741,138.0,690.0,65.611,0.0,0.0,0.0,64.729,6.917923,0.0,0.0,0.0
2020-08-25T03:08:29.750000Z,2020-08-25T03:08:29.881999Z,488.508,132.0,690.0,65.229,0.0,0.0,0.0,64.729,7.323399,0.0,0.0,0.0
2020-08-25T03:08:31.748999Z,2020-08-25T03:08:31.876000Z,423.794,127.0,690.0,65.341,0.0,0.0,0.0,64.729,7.323399,0.0,0.0,0.0
2020-08-25T03:08:33.748999Z,2020-08-25T03:08:33.883000Z,483.578,134.0,4.0,65.421,0.0,0.0,0.0,64.729,7.323399,0.0,0.0,0.0
2020-08-25T03:08:35.750000Z,2020-08-25T03:08:35.891000Z,525.5,141.0,688.0,65.388,0.0,0.0,0.0,64.729,7.263734,0.0,0.0,0.0
2020-08-25T03:08:37.748999Z,2020-08-25T03:08:37.885000Z,481.084,136.0,676.0,65.508,0.0,0.0,0.0,64.729,7.265649,0.0,0.0,0.0
2020-08-25T03:08:39.748999Z,2020-08-25T03:08:39.881000Z,462.639,132.0,676.0,65.645,0.0,0.0,0.0,64.729,6.802893,0.0,0.0,0.0
2020-08-25T03:08:41.750000Z,2020-08-25T03:08:41.889000Z,491.062,139.0,676.0,65.218,0.0,0.0,0.0,64.729,6.802893,0.0,0.0,0.0
2020-08-25T03:08:43.750000Z,2020-08-25T03:08:43.885000Z,505.91,135.0,680.0,65.268,0.0,0.0,0.0,64.729,7.305641,0.0,0.0,0.0
2020-08-25T03:08:45.750000Z,2020-08-25T03:08:45.884000Z,466.632,134.0,688.0,65.388,0.0,0.0,0.0,64.729,7.457677,0.0,0.0,0.0
2020-08-25T03:08:47.748999Z,2020-08-25T03:08:47.878000Z,441.769,129.0,688.0,65.142,0.0,0.0,0.0,64.729,7.457677,0.0,0.0,0.0
2020-08-25T03:08:49.750000Z,2020-08-25T03:08:49.891000Z,564.635,141.0,688.0,65.807,0.0,0.0,0.0,64.729,7.457677,0.0,0.0,0.0
2020-08-25T03:08:51.754000Z,2020-08-25T03:08:51.891000Z,531.443,137.0,714.0,69.929,0.0,0.0,0.0,64.729,7.593436,0.0,0.0,0.0
2020-08-25T03:08:53.748999Z,2020-08-25T03:08:53.878000Z,489.956,129.0,4.0,65.864,0.0,0.0,0.0,64.729,7.366489,0.0,0.0,0.0
2020-08-25T03:08:55.748999Z,2020-08-25T03:08:55.888000Z,558.402,139.0,720.0,65.228,0.0,0.0,0.0,64.729,7.366489,0.0,0.0,0.0
2020-08-25T03:08:57.750000Z,2020-08-25T03:08:57.875000Z,464.017,125.0,744.0,65.297,0.0,0.0,0.0,64.729,8.070466,0.0,0.0,0.0
2020-08-25T03:08:59.748999Z,2020-08-25T03:08:59.873000Z,459.682,124.0,752.0,65.476,0.0,0.0,0.0,64.729,8.070466,0.0,0.0,0.0
2020-08-25T03:09:01.750000Z,2020-08-25T03:09:01.877000Z,468.92,127.0,752.0,65.518,0.0,0.0,0.0,64.729,8.070466,0.0,0.0,0.0
2020-08-25T03:09:03.748999Z,2020-08-25T03:09:03.872000Z,428.743,123.0,752.0,65.413,0.0,0.0,0.0,64.729,8.070466,0.0,0.0,0.0
2020-08-25T03:09:05.748999Z,2020-08-25T03:09:05.873999Z,469.056,125.0,746.0,65.415,0.0,0.0,0.0,64.729,8.070466,0.0,0.0,0.0
2020-08-25T03:09:07.748999Z,2020-08-25T03:09:07.879000Z,484.607,130.0,746.0,65.565,0.0,0.0,0.0,64.729,8.070466,0.0,0.0,0.0
2020-08-25T03:09:09.748999Z,2020-08-25T03:09:09.871000Z,433.976,122.0,746.0,65.414,0.0,0.0,0.0,64.729,8.070466,0.0,0.0,0.0
2020-08-25T03:09:11.748000Z,2020-08-25T03:09:11.865999Z,394.037,118.0,752.0,65.741,0.0,0.0,0.0,64.729,8.070466,0.0,0.0,0.0
2020-08-25T03:09:13.748999Z,2020-08-25T03:09:13.867000Z,388.404,118.0,752.0,65.161,0.0,0.0,0.0,64.729,8.070466,0.0,0.0,0.0
2020-08-25T03:09:15.748000Z,2020-08-25T03:09:15.864000Z,382.857,116.0,752.0,65.68,0.0,0.0,0.0,64.729,8.070466,0.0,0.0,0.0
2020-08-25T03:09:17.748999Z,2020-08-25T03:09:17.870000Z,406.989,121.0,752.0,65.288,0.0,0.0,0.0,64.729,8.070466,0.0,0.0,0.0
2020-08-25T03:09:19.748000Z,2020-08-25T03:09:19.870000Z,405.529,122.0,752.0,65.393,0.0,0.0,0.0,64.729,8.070466,0.0,0.0,0.0
2020-08-25T03:09:21.748000Z,2020-08-25T03:09:21.870000Z,420.829,122.0,752.0,65.534,0.0,0.0,0.0,64.729,8.070466,0.0,0.0,0.0
2020-08-25T03:09:23.748999Z,2020-08-25T03:09:23.867000Z,419.961,118.0,750.0,65.643,0.0,0.0,0.0,64.729,8.070466,0.0,0.0,0.0
2020-08-25T03:09:25.751000Z,2020-08-25T03:09:25.867000Z,405.4,116.0,750.0,65.729,0.0,0.0,0.0,64.729,8.070466,0.0,0.0,0.0
2020-08-25T03:09:27.748000Z,2020-08-25T03:09:27.864000Z,383.722,116.0,750.0,65.5,0.0,0.0,0.0,64.729,8.070466,0.0,0.0,0.0
2020-08-25T03:09:29.748999Z,2020-08-25T03:09:29.870000Z,447.31,121.0,750.0,65.676,0.0,0.0,0.0,64.729,8.070466,0.0,0.0,0.0
2020-08-25T03:09:31.748999Z,2020-08-25T03:09:31.867000Z,404.74,118.0,750.0,65.432,0.0,0.0,0.0,64.729,8.070466,0.0,0.0,0.0
2020-08-25T03:09:33.748999Z,2020-08-25T03:09:33.896000Z,607.788,147.0,746.0,65.342,0.0,0.0,0.0,64.729,8.070466,0.0,0.0,0.0
2020-08-25T03:09:35.750000Z,2020-08-25T03:09:35.867000Z,380.35,117.0,738.0,65.212,0.0,0.0,0.0,64.729,7.924422,0.0,0.0,0.0
2020-08-25T03:09:37.748999Z,2020-08-25T03:09:37.878000Z,403.148,129.0,736.0,65.185,0.0,0.0,0.0,64.729,7.924422,0.0,0.0,0.0
2020-08-25T03:09:39.750000Z,2020-08-25T03:09:39.878000Z,464.538,128.0,736.0,65.287,0.0,0.0,0.0,64.729,7.924422,0.0,0.0,0.0
2020-08-25T03:09:41.751000Z,2020-08-25T03:09:41.868000Z,370.749,117.0,736.0,65.958,0.0,0.0,0.0,64.729,7.924422,0.0,0.0,0.0
2020-08-25T03:09:43.751000Z,2020-08-25T03:09:43.928000Z,454.647,177.0,736.0,65.263,0.0,0.0,0.0,64.729,7.924422,0.0,0.0,0.0
2020-08-25T03:09:45.753000Z,2020-08-25T03:09:45.881999Z,476.277,129.0,736.0,66.074,0.0,0.0,0.0,64.729,7.924422,0.0,0.0,0.0
2020-08-25T03:09:47.748000Z,2020-08-25T03:09:47.876000Z,456.412,128.0,736.0,65.762,0.0,0.0,0.0,64.729,7.924422,0.0,0.0,0.0
2020-08-25T03:09:49.751000Z,2020-08-25T03:09:49.886000Z,502.786,135.0,736.0,65.243,0.0,0.0,0.0,64.729,7.924422,0.0,0.0,0.0
2020-08-25T03:09:51.753000Z,2020-08-25T03:09:51.877000Z,432.163,124.0,734.0,65.681,0.0,0.0,0.0,64.729,7.924422,0.0,0.0,0.0
2020-08-25T03:09:53.748000Z,2020-08-25T03:09:53.875000Z,467.194,127.0,738.0,65.14,0.0,0.0,0.0,64.729,7.924422,0.0,0.0,0.0
2020-08-25T03:09:55.748000Z,2020-08-25T03:09:55.865999Z,401.603,118.0,736.0,65.096,0.0,0.0,0.0,64.729,7.924422,0.0,0.0,0.0
2020-08-25T03:09:57.748000Z,2020-08-25T03:09:57.865999Z,395.169,118.0,736.0,65.373,0.0,0.0,0.0,64.729,7.924422,0.0,0.0,0.0
2020-08-25T03:09:59.748000Z,2020-08-25T03:09:59.871000Z,428.124,123.0,736.0,65.421,0.0,0.0,0.0,64.729,7.924422,0.0,0.0,0.0
2020-08-25T03:10:01.752000Z,2020-08-25T03:10:01.886000Z,371.001,134.0,736.0,65.244,0.0,0.0,0.0,64.729,7.924422,0.0,0.0,0.0
2020-08-25T03:10:03.748000Z,2020-08-25T03:10:03.869000Z,429.302,121.0,736.0,65.276,0.0,0.0,0.0,64.729,7.924422,0.0,0.0,0.0
2020-08-25T03:10:05.748999Z,2020-08-25T03:10:05.887000Z,547.265,138.0,4.0,65.479,0.0,0.0,0.0,64.729,7.924422,0.0,0.0,0.0
2020-08-25T03:10:07.748000Z,2020-08-25T03:10:07.876000Z,396.601,128.0,756.0,65.2,0.0,0.0,0.0,64.729,8.07945,0.0,0.0,0.0
2020-08-25T03:10:09.748999Z,2020-08-25T03:10:09.871000Z,448.667,122.0,756.0,65.38,0.0,0.0,0.0,64.73,8.07945,0.0,0.0,0.0
2020-08-25T03:10:11.752000Z,2020-08-25T03:10:11.889000Z,410.696,137.0,756.0,65.721,0.0,0.0,0.0,64.73,8.07945,0.0,0.0,0.0
2020-08-25T03:10:14.248000Z,2020-08-25T03:10:14.452000Z,447.68,204.0,756.0,66.738,0.0,0.0,0.0,64.73,8.07945,0.0,0.0,0.0
2020-08-25T03:10:16.248999Z,2020-08-25T03:10:16.377000Z,456.037,128.0,756.0,66.048,0.0,0.0,0.0,64.73,8.07945,0.0,0.0,0.0
2020-08-25T03:10:18.248000Z,2020-08-25T03:10:18.399000Z,619.744,151.0,756.0,65.333,0.0,0.0,0.0,64.73,8.07945,0.0,0.0,0.0
2020-08-25T03:10:20.248000Z,2020-08-25T03:10:20.396000Z,627.596,148.0,770.0,65.246,0.0,0.0,0.0,64.73,8.364825,0.0,0.0,0.0
2020-08-25T03:10:22.248000Z,2020-08-25T03:10:22.388000Z,609.536,140.0,778.0,65.863,0.0,0.0,0.0,64.73,8.42664,0.0,0.0,0.0
2020-08-25T03:10:24.248000Z,2020-08-25T03:10:24.391000Z,594.292,143.0,782.0,65.212,0.0,0.0,0.0,64.73,8.41617,0.0,0.0,0.0
2020-08-25T03:10:26.248000Z,2020-08-25T03:10:26.404000Z,607.293,156.0,786.0,65.315,0.0,0.0,0.0,64.73,8.446739,0.0,0.0,0.0
2020-08-25T03:10:28.248000Z,2020-08-25T03:10:28.393999Z,694.584,146.0,804.0,65.535,0.0,0.0,0.0,64.73,8.648035,0.0,0.0,0.0
2020-08-25T03:10:30.248999Z,2020-08-25T03:10:30.392000Z,680.347,143.0,832.0,65.285,0.0,0.0,0.0,64.73,9.0238,0.0,0.0,0.0
2020-08-25T03:10:32.249999Z,2020-08-25T03:10:32.401000Z,742.011,151.0,858.0,65.242,0.0,0.0,0.0,64.73,9.247472,0.0,0.0,0.0
2020-08-25T03:10:34.248999Z,2020-08-25T03:10:34.385999Z,683.323,137.0,4.0,65.168,0.0,0.0,0.0,64.73,9.697544,0.0,0.0,0.0
2020-08-25T03:10:36.248000Z,2020-08-25T03:10:36.379000Z,625.949,131.0,942.0,65.201,0.0,0.0,0.0,64.73,10.115133,0.0,0.0,0.0
2020-08-25T03:10:38.248999Z,2020-08-25T03:10:38.375000Z,599.696,126.0,942.0,65.998,0.0,0.0,0.0,64.73,10.115133,0.0,0.0,0.0
2020-08-25T03:10:40.248999Z,2020-08-25T03:10:40.379000Z,611.453,130.0,946.0,65.216,0.0,0.0,0.0,64.73,10.115133,0.0,0.0,0.0
2020-08-25T03:10:42.249999Z,2020-08-25T03:10:42.376000Z,604.45,126.0,946.0,65.12,0.0,0.0,0.0,64.73,10.115133,0.0,0.0,0.0
2020-08-25T03:10:44.248000Z,2020-08-25T03:10:44.377999Z,613.276,130.0,946.0,65.465,0.0,0.0,0.0,64.73,10.115133,0.0,0.0,0.0
2020-08-25T03:10:46.254000Z,2020-08-25T03:10:46.388000Z,643.03,134.0,944.0,65.387,0.0,0.0,0.0,64.73,10.115133,0.0,0.0,0.0
2020-08-25T03:10:48.249999Z,2020-08-25T03:10:48.385000Z,660.761,135.0,942.0,65.315,0.0,0.0,0.0,64.73,10.115133,0.0,0.0,0.0
2020-08-25T03:10:50.248000Z,2020-08-25T03:10:50.393999Z,716.165,146.0,946.0,65.769,0.0,0.0,0.0,64.73,10.115133,0.0,0.0,0.0
2020-08-25T03:10:52.249999Z,2020-08-25T03:10:52.389000Z,754.319,139.0,980.0,65.622,0.0,0.0,0.0,64.73,10.159989,0.0,0.0,0.0
2020-08-25T03:10:54.248000Z,2020-08-25T03:10:54.383000Z,739.069,135.0,1008.0,65.954,0.0,0.0,0.0,64.73,10.105215,0.0,0.0,0.0
2020-08-25T03:10:56.248000Z,2020-08-25T03:10:56.385000Z,691.15,137.0,1018.0,65.28,0.0,0.0,0.0,64.73,10.105215,0.0,0.0,0.0
2020-08-25T03:10:58.248999Z,2020-08-25T03:10:58.385999Z,716.533,137.0,1018.0,66.583,0.0,0.0,0.0,64.73,10.105215,0.0,0.0,0.0
2020-08-25T03:11:00.248000Z,2020-08-25T03:11:00.377000Z,682.204,129.0,1018.0,65.51,0.0,0.0,0.0,64.73,10.105215,0.0,0.0,0.0
2020-08-25T03:11:02.248999Z,2020-08-25T03:11:02.377999Z,654.613,129.0,4.0,65.633,0.0,0.0,0.0,64.73,10.105215,0.0,0.0,0.0
2020-08-25T03:11:04.248000Z,2020-08-25T03:11:04.387000Z,720.783,139.0,1012.0,65.544,0.0,0.0,0.0,64.73,10.105215,0.0,0.0,0.0
2020-08-25T03:11:06.248000Z,2020-08-25T03:11:06.385999Z,672.23,138.0,1018.0,65.158,0.0,0.0,0.0,64.73,10.105215,0.0,0.0,0.0
2020-08-25T03:11:08.248000Z,2020-08-25T03:11:08.379000Z,686.976,131.0,1018.0,65.22,0.0,0.0,0.0,64.73,10.105215,0.0,0.0,0.0
2020-08-25T03:11:10.248000Z,2020-08-25T03:11:10.373000Z,633.475,125.0,1018.0,65.293,0.0,0.0,0.0,64.73,10.105215,0.0,0.0,0.0
2020-08-25T03:11:12.249999Z,2020-08-25T03:11:12.379000Z,615.906,129.0,1018.0,65.433,0.0,0.0,0.0,64.73,10.105215,0.0,0.0,0.0
2020-08-25T03:11:14.248000Z,2020-08-25T03:11:14.385999Z,690.232,138.0,4.0,65.715,0.0,0.0,0.0,64.73,10.105215,0.0,0.0,0.0
2020-08-25T03:11:16.248000Z,2020-08-25T03:11:16.377000Z,654.62,129.0,1029.0,65.912,0.0,0.0,0.0,64.73,10.449547,0.0,0.0,0.0
2020-08-25T03:11:18.253000Z,2020-08-25T03:11:18.389000Z,764.169,136.0,1038.0,65.43,0.0,0.0,0.0,64.73,10.449547,0.0,0.0,0.0
2020-08-25T03:11:20.247000Z,2020-08-25T03:11:20.379000Z,693.787,132.0,1044.0,65.705,0.0,0.0,0.0,64.73,10.449547,0.0,0.0,0.0
2020-08-25T03:11:22.247000Z,2020-08-25T03:11:22.377000Z,705.29,130.0,1044.0,65.203,0.0,0.0,0.0,64.73,10.449547,0.0,0.0,0.0
2020-08-25T03:11:24.248999Z,2020-08-25T03:11:24.382000Z,640.78,133.0,1044.0,65.315,0.0,0.0,0.0,64.73,10.449547,0.0,0.0,0.0
2020-08-25T03:11:26.247000Z,2020-08-25T03:11:26.392000Z,849.133,145.0,1044.0,65.558,0.0,0.0,0.0,64.73,10.449547,0.0,0.0,0.0
2020-08-25T03:11:28.248000Z,2020-08-25T03:11:28.385999Z,715.501,138.0,4.0,66.143,0.0,0.0,0.0,64.73,10.565451,0.0,0.0,0.0
2020-08-25T03:11:30.247000Z,2020-08-25T03:11:30.368000Z,608.809,121.0,1082.0,65.212,0.0,0.0,0.0,64.73,10.565451,0.0,0.0,0.0
2020-08-25T03:11:32.247000Z,2020-08-25T03:11:32.377999Z,719.427,131.0,1088.0,65.675,0.0,0.0,0.0,64.73,10.565451,0.0,0.0,0.0
2020-08-25T03:11:34.247000Z,2020-08-25T03:11:34.371000Z,676.921,124.0,1088.0,65.336,0.0,0.0,0.0,64.73,10.565451,0.0,0.0,0.0
2020-08-25T03:11:36.247000Z,2020-08-25T03:11:36.369999Z,640.814,123.0,1088.0,65.657,0.0,0.0,0.0,64.73,10.565451,0.0,0.0,0.0
2020-08-25T03:11:38.252000Z,2020-08-25T03:11:38.396000Z,711.109,144.0,1088.0,65.812,0.0,0.0,0.0,64.73,10.565451,0.0,0.0,0.0
2020-08-25T03:11:40.247000Z,2020-08-25T03:11:40.369000Z,640.894,122.0,1091.0,65.278,0.0,0.0,0.0,64.73,11.933761,0.0,0.0,0.0
2020-08-25T03:11:42.247000Z,2020-08-25T03:11:42.382000Z,753.223,135.0,4.0,65.153,0.0,0.0,0.0,64.73,11.933761,0.0,0.0,0.0
2020-08-25T03:11:44.247000Z,2020-08-25T03:11:44.380000Z,696.069,133.0,1094.0,65.338,0.0,0.0,0.0,64.73,11.933761,0.0,0.0,0.0
2020-08-25T03:11:46.247000Z,2020-08-25T03:11:46.366000Z,599.286,119.0,1095.0,66.433,0.0,0.0,0.0,64.73,11.933761,0.0,0.0,0.0
2020-08-25T03:11:48.247000Z,2020-08-25T03:11:48.379000Z,685.29,132.0,1100.0,65.198,0.0,0.0,0.0,64.73,11.933761,0.0,0.0,0.0
2020-08-25T03:11:50.247000Z,2020-08-25T03:11:50.363000Z,556.274,116.0,1100.0,66.655,0.0,0.0,0.0,64.73,11.933761,0.0,0.0,0.0
2020-08-25T03:11:52.248000Z,2020-08-25T03:11:52.366000Z,601.574,118.0,1100.0,65.291,0.0,0.0,0.0,64.73,11.933761,0.0,0.0,0.0
2020-08-25T03:11:54.247000Z,2020-08-25T03:11:54.366000Z,579.499,119.0,1096.0,65.495,0.0,0.0,0.0,64.73,11.933761,0.0,0.0,0.0
2020-08-25T03:11:56.248999Z,2020-08-25T03:11:56.374000Z,647.292,125.0,1096.0,65.339,0.0,0.0,0.0,64.73,11.933761,0.0,0.0,0.0
2020-08-25T03:11:58.247000Z,2020-08-25T03:11:58.377999Z,684.6,131.0,1096.0,65.097,0.0,0.0,0.0,64.73,11.933761,0.0,0.0,0.0
2020-08-25T03:12:00.247000Z,2020-08-25T03:12:00.376000Z,683.873,129.0,1102.0,66.321,0.0,0.0,0.0,64.73,11.933761,0.0,0.0,0.0
2020-08-25T03:12:02.248000Z,2020-08-25T03:12:02.473999Z,671.535,226.0,1102.0,65.526,0.0,0.0,0.0,64.73,11.933761,0.0,0.0,0.0
2020-08-25T03:12:04.247000Z,2020-08-25T03:12:04.406000Z,664.724,159.0,678.0,65.831,0.0,0.0,0.0,64.73,0.02215,0.0,0.0,0.0
2020-08-25T03:12:06.247000Z,2020-08-25T03:12:06.404000Z,671.303,157.0,698.0,65.945,0.0,0.0,0.0,64.73,6.86151,0.0,0.0,0.0
2020-08-25T03:12:08.247000Z,2020-08-25T03:12:08.406000Z,752.092,159.0,720.0,65.494,0.0,0.0,0.0,64.73,7.113111,0.0,0.0,0.0
2020-08-25T03:12:10.247000Z,2020-08-25T03:12:10.399000Z,716.838,152.0,792.0,65.221,0.0,0.0,0.0,64.73,8.542009,0.0,0.0,0.0
2020-08-25T03:12:12.247000Z,2020-08-25T03:12:12.387000Z,669.2,140.0,848.0,65.134,0.0,0.0,0.0,64.73,9.163055,0.0,0.0,0.0
2020-08-25T03:12:14.247000Z,2020-08-25T03:12:14.390000Z,708.224,143.0,877.0,65.311,0.0,0.0,0.0,64.73,9.50085,0.0,0.0,0.0
2020-08-25T03:12:16.251000Z,2020-08-25T03:12:16.452000Z,701.655,201.0,916.0,66.091,0.0,0.0,0.0,64.73,8.884402,0.0,0.0,0.0
2020-08-25T03:12:18.246000Z,2020-08-25T03:12:18.389000Z,707.954,143.0,940.0,66.713,0.0,0.0,0.0,64.73,10.207429,0.0,0.0,0.0
2020-08-25T03:12:20.246000Z,2020-08-25T03:12:20.382000Z,683.425,136.0,940.0,66.754,0.0,0.0,0.0,64.73,8.985781,0.0,0.0,0.0
2020-08-25T03:12:22.246000Z,2020-08-25T03:12:22.375000Z,616.112,129.0,940.0,65.606,0.0,0.0,0.0,64.73,8.985781,0.0,0.0,0.0
2020-08-25T03:12:24.246000Z,2020-08-25T03:12:24.377999Z,508.2,132.0,940.0,65.349,0.0,0.0,0.0,64.722,8.985781,0.0,0.0,0.0
2020-08-25T03:12:26.246000Z,2020-08-25T03:12:26.371000Z,510.043,125.0,940.0,65.154,0.0,0.0,0.0,64.722,8.985781,0.0,0.0,0.0
2020-08-25T03:12:28.247000Z,2020-08-25T03:12:28.373000Z,583.633,126.0,940.0,65.89,0.0,0.0,0.0,64.722,8.985781,0.0,0.0,0.0
2020-08-25T03:12:30.246000Z,2020-08-25T03:12:30.359000Z,446.313,113.0,940.0,65.474,0.0,0.0,0.0,64.722,8.985781,0.0,0.0,0.0
2020-08-25T03:12:32.248000Z,2020-08-25T03:12:32.365000Z,492.206,117.0,940.0,65.122,0.0,0.0,0.0,64.722,8.985781,0.0,0.0,0.0
2020-08-25T03:12:34.246000Z,2020-08-25T03:12:34.360000Z,446.327,114.0,4.0,65.994,0.0,0.0,0.0,64.722,8.985781,0.0,0.0,0.0
2020-08-25T03:12:36.246000Z,2020-08-25T03:12:36.355000Z,398.351,109.0,938.0,65.522,0.0,0.0,0.0,64.722,8.985781,0.0,0.0,0.0
2020-08-25T03:12:38.246000Z,2020-08-25T03:12:38.356000Z,413.641,110.0,938.0,65.214,0.0,0.0,0.0,64.722,8.985781,0.0,0.0,0.0
2020-08-25T03:12:40.246000Z,2020-08-25T03:12:40.361000Z,501.168,115.0,938.0,65.47,0.0,0.0,0.0,64.722,8.985781,0.0,0.0,0.0
2020-08-25T03:12:42.246000Z,2020-08-25T03:12:42.377999Z,631.148,132.0,940.0,65.347,0.0,0.0,0.0,64.722,8.985781,0.0,0.0,0.0
2020-08-25T03:12:44.246000Z,2020-08-25T03:12:44.351000Z,378.489,105.0,940.0,65.865,0.0,0.0,0.0,64.722,8.985781,0.0,0.0,0.0
2020-08-25T03:12:46.245000Z,2020-08-25T03:12:46.357000Z,424.818,112.0,940.0,65.818,0.0,0.0,0.0,64.722,8.985781,0.0,0.0,0.0
2020-08-25T03:12:48.245000Z,2020-08-25T03:12:48.369000Z,405.62,124.0,940.0,65.727,0.0,0.0,0.0,64.722,8.985781,0.0,0.0,0.0
2020-08-25T03:12:50.246000Z,2020-08-25T03:12:50.360000Z,385.415,114.0,940.0,67.745,0.0,0.0,0.0,64.722,8.985781,0.0,0.0,0.0
2020-08-25T03:12:52.246000Z,2020-08-25T03:12:52.356000Z,419.988,110.0,4.0,65.235,0.0,0.0,0.0,64.722,8.985781,0.0,0.0,0.0
2020-08-25T03:12:54.245000Z,2020-08-25T03:12:54.352000Z,382.68,107.0,940.0,65.226,0.0,0.0,0.0,64.722,8.985781,0.0,0.0,0.0
2020-08-25T03:12:56.246000Z,2020-08-25T03:12:56.342000Z,290.758,96.0,940.0,65.447,0.0,0.0,0.0,64.722,8.985781,0.0,0.0,0.0
2020-08-25T03:12:58.245000Z,2020-08-25T03:12:58.345000Z,303.685,100.0,940.0,65.249,0.0,0.0,0.0,64.722,8.985781,0.0,0.0,0.0
2020-08-25T03:13:00.245000Z,2020-08-25T03:13:00.344000Z,317.398,99.0,940.0,65.68,0.0,0.0,0.0,64.722,8.985781,0.0,0.0,0.0
2020-08-25T03:13:02.245000Z,2020-08-25T03:13:02.350000Z,366.436,105.0,940.0,65.778,0.0,0.0,0.0,64.722,8.985781,0.0,0.0,0.0
2020-08-25T03:13:04.245000Z,2020-08-25T03:13:04.340000Z,292.372,95.0,940.0,65.756,0.0,0.0,0.0,64.722,8.985781,0.0,0.0,0.0
2020-08-25T03:13:06.245000Z,2020-08-25T03:13:06.342000Z,287.137,97.0,940.0,65.5,0.0,0.0,0.0,64.722,8.985781,0.0,0.0,0.0
2020-08-25T03:13:08.248999Z,2020-08-25T03:13:08.353000Z,358.754,104.0,938.0,65.527,0.0,0.0,0.0,64.722,8.985781,0.0,0.0,0.0
2020-08-25T03:13:10.246000Z,2020-08-25T03:13:10.349000Z,338.636,103.0,942.0,65.271,0.0,0.0,0.0,64.722,8.985781,0.0,0.0,0.0
2020-08-25T03:13:12.245000Z,2020-08-25T03:13:12.348000Z,343.402,103.0,942.0,65.544,0.0,0.0,0.0,64.722,8.985781,0.0,0.0,0.0
2020-08-25T03:13:14.245000Z,2020-08-25T03:13:14.353999Z,311.801,109.0,942.0,65.278,0.0,0.0,0.0,64.722,8.985781,0.0,0.0,0.0
2020-08-25T03:13:16.495000Z,2020-08-25T03:13:16.596000Z,330.59,101.0,942.0,65.482,0.0,0.0,0.0,64.722,8.985781,0.0,0.0,0.0
2020-08-25T03:13:18.495000Z,2020-08-25T03:13:18.675000Z,381.524,180.0,942.0,65.386,0.0,0.0,0.0,64.722,8.985781,0.0,0.0,0.0
2020-08-25T03:13:20.495000Z,2020-08-25T03:13:20.657000Z,313.521,162.0,942.0,65.455,0.0,0.0,0.0,64.722,8.985781,0.0,0.0,0.0
2020-08-25T03:13:22.495000Z,2020-08-25T03:13:22.606000Z,432.697,111.0,942.0,66.805,0.0,0.0,0.0,64.722,8.985781,0.0,0.0,0.0
2020-08-25T03:13:24.496000Z,2020-08-25T03:13:24.601000Z,356.654,105.0,942.0,65.22,0.0,0.0,0.0,64.722,8.985781,0.0,0.0,0.0
2020-08-25T03:13:26.495000Z,2020-08-25T03:13:26.597000Z,335.934,102.0,942.0,65.376,0.0,0.0,0.0,64.722,8.985781,0.0,0.0,0.0
2020-08-25T03:13:28.495000Z,2020-08-25T03:13:28.596000Z,320.46,101.0,942.0,66.165,0.0,0.0,0.0,64.722,8.985781,0.0,0.0,0.0
2020-08-25T03:13:30.495000Z,2020-08-25T03:13:30.592000Z,287.918,97.0,940.0,65.879,0.0,0.0,0.0,64.722,8.985781,0.0,0.0,0.0
2020-08-25T03:13:32.495000Z,2020-08-25T03:13:32.593999Z,317.06,99.0,940.0,65.316,0.0,0.0,0.0,64.722,8.985781,0.0,0.0,0.0
2020-08-25T03:13:34.495000Z,2020-08-25T03:13:34.703000Z,282.119,208.0,940.0,65.749,0.0,0.0,0.0,64.722,8.985781,0.0,0.0,0.0
2020-08-25T03:13:36.495000Z,2020-08-25T03:13:38.644000Z,349.257,2149.0,8.0,65.506,0.0,0.0,0.0,64.722,0.012748,0.0,0.0,0.0
2020-08-25T03:13:38.645000Z,2020-08-25T03:13:38.985000Z,310.365,340.0,72.0,65.291,0.0,0.0,0.0,64.722,0.699865,0.0,0.0,0.0
2020-08-25T03:13:40.495000Z,2020-08-25T03:13:40.748000Z,331.117,253.0,144.0,65.521,0.0,0.0,0.0,64.722,1.501473,0.0,0.0,0.0
2020-08-25T03:13:42.495000Z,2020-08-25T03:13:43.073000Z,419.737,578.0,192.0,65.459,0.0,0.0,0.0,64.722,1.999471,0.0,0.0,0.0
2020-08-25T03:13:44.495000Z,2020-08-25T03:13:44.717000Z,334.307,222.0,204.0,65.488,0.0,0.0,0.0,64.722,2.106537,0.0,0.0,0.0
2020-08-25T03:13:46.495000Z,2020-08-25T03:13:46.704000Z,362.323,209.0,210.0,66.02,0.0,0.0,0.0,64.722,2.009492,0.0,0.0,0.0
2020-08-25T03:13:48.495000Z,2020-08-25T03:13:48.660000Z,305.418,165.0,264.0,65.233,0.0,0.0,0.0,64.722,2.711967,0.0,0.0,0.0
2020-08-25T03:13:50.496000Z,2020-08-25T03:13:50.673999Z,383.913,178.0,300.0,65.222,0.0,0.0,0.0,64.722,3.242136,0.0,0.0,0.0
2020-08-25T03:13:52.494000Z,2020-08-25T03:13:52.652000Z,360.529,158.0,350.0,65.205,0.0,0.0,0.0,64.722,3.773162,0.0,0.0,0.0
2020-08-25T03:13:54.494000Z,2020-08-25T03:13:54.651000Z,381.038,157.0,388.0,65.883,0.0,0.0,0.0,64.722,4.205634,0.0,0.0,0.0
2020-08-25T03:13:56.494000Z,2020-08-25T03:13:56.629000Z,294.225,135.0,408.0,65.56,0.0,0.0,0.0,64.722,4.18643,0.0,0.0,0.0
2020-08-25T03:13:58.559000Z,2020-08-25T03:13:58.705999Z,350.916,147.0,408.0,65.727,0.0,0.0,0.0,64.722,4.358967,0.0,0.0,0.0
2020-08-25T03:14:00.560000Z,2020-08-25T03:14:00.729000Z,477.665,169.0,418.0,65.687,0.0,0.0,0.0,64.722,4.307175,0.0,0.0,0.0
2020-08-25T03:14:02.328000Z,2020-08-25T03:14:02.444000Z,248.074,116.0,468.0,65.449,0.0,0.0,0.0,64.722,5.040387,0.0,0.0,0.0
2020-08-25T03:14:04.494000Z,2020-08-25T03:14:04.632000Z,352.715,138.0,468.0,65.63,0.0,0.0,0.0,64.722,5.040387,0.0,0.0,0.0
2020-08-25T03:14:06.494000Z,2020-08-25T03:14:06.625999Z,322.49,132.0,480.0,65.3,0.0,0.0,0.0,64.722,5.189257,0.0,0.0,0.0
2020-08-25T03:14:08.494000Z,2020-08-25T03:14:08.629000Z,348.879,135.0,480.0,66.01,0.0,0.0,0.0,64.722,5.189257,0.0,0.0,0.0
2020-08-25T03:14:10.494000Z,2020-08-25T03:14:10.620000Z,308.966,126.0,482.0,65.754,0.0,0.0,0.0,64.722,5.231642,0.0,0.0,0.0
2020-08-25T03:14:12.499000Z,2020-08-25T03:14:12.735000Z,491.134,236.0,484.0,65.441,0.0,0.0,0.0,64.722,5.231642,0.0,0.0,0.0
2020-08-25T03:14:14.494000Z,2020-08-25T03:14:14.678000Z,390.463,184.0,530.0,65.646,0.0,0.0,0.0,64.722,5.704415,0.0,0.0,0.0
2020-08-25T03:14:16.494000Z,2020-08-25T03:14:16.686000Z,395.034,192.0,532.0,71.836,0.0,0.0,0.0,64.722,3.540797,0.0,0.0,0.0
2020-08-25T03:14:18.494000Z,2020-08-25T03:14:18.613000Z,301.157,119.0,532.0,65.778,0.0,0.0,0.0,64.722,0.022279,0.0,0.0,0.0
2020-08-25T03:14:20.494000Z,2020-08-25T03:14:20.615000Z,310.739,121.0,532.0,65.634,0.0,0.0,0.0,64.722,2.612702,0.0,0.0,0.0
2020-08-25T03:14:22.494000Z,2020-08-25T03:14:22.641999Z,454.74,148.0,532.0,65.35,0.0,0.0,0.0,64.722,2.661017,0.0,0.0,0.0
2020-08-25T03:14:24.494000Z,2020-08-25T03:14:24.620000Z,340.627,126.0,546.0,65.279,0.0,0.0,0.0,64.722,5.862436,0.0,0.0,0.0
2020-08-25T03:14:26.324000Z,2020-08-25T03:14:26.459000Z,390.616,135.0,546.0,65.972,0.0,0.0,0.0,64.722,5.862436,0.0,0.0,0.0
2020-08-25T03:14:28.494000Z,2020-08-25T03:14:28.638000Z,474.897,144.0,546.0,65.989,0.0,0.0,0.0,64.722,5.862436,0.0,0.0,0.0
2020-08-25T03:14:30.494000Z,2020-08-25T03:14:30.659000Z,529.087,165.0,578.0,65.6,0.0,0.0,0.0,64.722,5.979126,0.0,0.0,0.0
2020-08-25T03:14:32.494000Z,2020-08-25T03:14:32.629000Z,446.726,135.0,618.0,65.409,0.0,0.0,0.0,64.722,6.613872,0.0,0.0,0.0
2020-08-25T03:14:34.494000Z,2020-08-25T03:14:34.628000Z,433.228,134.0,4.0,65.354,0.0,0.0,0.0,64.722,6.613872,0.0,0.0,0.0
2020-08-25T03:14:36.494000Z,2020-08-25T03:14:36.646000Z,562.482,152.0,616.0,65.218,0.0,0.0,0.0,64.722,6.613872,0.0,0.0,0.0
2020-08-25T03:14:38.494000Z,2020-08-25T03:14:38.635000Z,504.038,141.0,630.0,65.181,0.0,0.0,0.0,64.722,6.816349,0.0,0.0,0.0
2020-08-25T03:14:40.494000Z,2020-08-25T03:14:40.620000Z,431.831,126.0,662.0,65.666,0.0,0.0,0.0,64.722,6.722267,0.0,0.0,0.0
2020-08-25T03:14:42.494000Z,2020-08-25T03:14:42.622000Z,438.523,128.0,662.0,65.603,0.0,0.0,0.0,64.722,6.722267,0.0,0.0,0.0
2020-08-25T03:14:44.494000Z,2020-08-25T03:14:44.625000Z,446.604,131.0,662.0,65.405,0.0,0.0,0.0,64.722,6.722267,0.0,0.0,0.0
2020-08-25T03:14:46.494000Z,2020-08-25T03:14:46.671000Z,808.123,177.0,662.0,65.281,0.0,0.0,0.0,64.722,6.722267,0.0,0.0,0.0
2020-08-25T03:14:48.495000Z,2020-08-25T03:14:48.606000Z,339.712,111.0,734.0,65.469,0.0,0.0,0.0,64.722,7.930405,0.0,0.0,0.0
2020-08-25T03:14:50.495000Z,2020-08-25T03:14:50.652000Z,757.55,157.0,734.0,65.468,0.0,0.0,0.0,64.722,7.930405,0.0,0.0,0.0
2020-08-25T03:14:52.494000Z,2020-08-25T03:14:52.616000Z,482.504,122.0,812.0,65.191,0.0,0.0,0.0,64.722,8.821853,0.0,0.0,0.0
2020-08-25T03:14:54.495000Z,2020-08-25T03:14:54.617999Z,488.306,123.0,812.0,65.045,0.0,0.0,0.0,64.722,8.821853,0.0,0.0,0.0
