start_time,end_time,size,trans_time,cwnd,rtt,rto,ssthresh,last_snd,min_rtt,delivery_rate,bytes_sent,bytes_retrans,client_trans_time
2020-08-25T03:59:11.493000Z,2020-08-25T03:59:11.695000Z,43.904,202.0,758.0,109.331,0.0,0.0,0.0,98.52,5.347106,0.0,0.0,0.0
2020-08-25T03:59:11.695000Z,2020-08-25T03:59:11.897999Z,113.504,203.0,758.0,107.281,0.0,0.0,0.0,98.52,0.635724,0.0,0.0,0.0
2020-08-25T03:59:11.897999Z,2020-08-25T03:59:12.038000Z,131.168,140.0,756.0,109.441,0.0,0.0,0.0,98.52,1.108159,0.0,0.0,0.0
2020-08-25T03:59:12.039000Z,2020-08-25T03:59:12.169000Z,114.438,130.0,756.0,109.332,0.0,0.0,0.0,98.52,1.108159,0.0,0.0,0.0
2020-08-25T03:59:12.169000Z,2020-08-25T03:59:12.382000Z,185.969,213.0,756.0,108.686,0.0,0.0,0.0,98.52,1.108159,0.0,0.0,0.0
2020-08-25T03:59:12.383000Z,2020-08-25T03:59:12.533000Z,222.314,150.0,756.0,112.395,0.0,0.0,0.0,98.52,1.743114,0.0,0.0,0.0
2020-08-25T03:59:12.534000Z,2020-08-25T03:59:12.761999Z,766.318,228.0,756.0,106.303,0.0,0.0,0.0,98.52,1.743114,0.0,0.0,0.0
2020-08-25T03:59:12.763000Z,2020-08-25T03:59:12.969999Z,566.418,207.0,810.0,120.28,0.0,0.0,0.0,98.52,6.619906,0.0,0.0,0.0
2020-08-25T03:59:12.972000Z,2020-08-25T03:59:13.236000Z,940.509,264.0,916.0,114.943,0.0,0.0,0.0,98.52,6.619906,0.0,0.0,0.0
2020-08-25T03:59:14.889999Z,2020-08-25T03:59:15.101000Z,591.666,211.0,938.0,114.544,0.0,0.0,0.0,98.52,6.581241,0.0,0.0,0.0
2020-08-25T03:59:16.887000Z,2020-08-25T03:59:17.089000Z,561.733,202.0,938.0,126.789,0.0,0.0,0.0,98.52,6.581241,0.0,0.0,0.0
2020-08-25T03:59:18.896000Z,2020-08-25T03:59:19.118000Z,641.944,222.0,940.0,110.069,0.0,0.0,0.0,98.52,6.581241,0.0,0.0,0.0
2020-08-25T03:59:20.885000Z,2020-08-25T03:59:21.080000Z,561.688,195.0,940.0,130.685,0.0,0.0,0.0,98.52,6.581241,0.0,0.0,0.0
2020-08-25T03:59:22.886000Z,2020-08-25T03:59:23.102000Z,510.631,216.0,940.0,110.689,0.0,0.0,0.0,98.52,6.581241,0.0,0.0,0.0
2020-08-25T03:59:24.886000Z,2020-08-25T03:59:25.113999Z,717.251,228.0,964.0,115.173,0.0,0.0,0.0,98.52,6.581241,0.0,0.0,0.0
2020-08-25T03:59:26.889999Z,2020-08-25T03:59:27.079000Z,492.781,189.0,964.0,116.717,0.0,0.0,0.0,98.52,6.260888,0.0,0.0,0.0
2020-08-25T03:59:28.891000Z,2020-08-25T03:59:29.081999Z,531.081,191.0,960.0,110.276,0.0,0.0,0.0,98.52,6.260888,0.0,0.0,0.0
2020-08-25T03:59:30.889999Z,2020-08-25T03:59:31.081999Z,518.523,192.0,958.0,110.317,0.0,0.0,0.0,98.52,6.260888,0.0,0.0,0.0
2020-08-25T03:59:32.891000Z,2020-08-25T03:59:33.145000Z,933.832,254.0,958.0,115.275,0.0,0.0,0.0,98.52,6.260888,0.0,0.0,0.0
2020-08-25T03:59:34.889000Z,2020-08-25T03:59:35.060000Z,393.998,171.0,952.0,120.978,0.0,0.0,0.0,98.52,7.146685,0.0,0.0,0.0
2020-08-25T03:59:36.885000Z,2020-08-25T03:59:37.060000Z,392.674,175.0,1012.0,118.718,0.0,0.0,0.0,98.52,7.146685,0.0,0.0,0.0
2020-08-25T03:59:38.889999Z,2020-08-25T03:59:39.061000Z,382.385,171.0,996.0,113.188,0.0,0.0,0.0,98.52,7.146685,0.0,0.0,0.0
2020-08-25T03:59:40.892000Z,2020-08-25T03:59:41.148000Z,707.274,256.0,996.0,122.754,0.0,0.0,0.0,98.52,7.146685,0.0,0.0,0.0
2020-08-25T03:59:42.892000Z,2020-08-25T03:59:43.140000Z,971.434,248.0,996.0,122.44,0.0,0.0,0.0,98.52,7.146685,0.0,0.0,0.0
2020-08-25T03:59:44.891000Z,2020-08-25T03:59:45.089999Z,613.492,199.0,996.0,118.926,0.0,0.0,0.0,98.52,7.096296,0.0,0.0,0.0
2020-08-25T03:59:46.889999Z,2020-08-25T03:59:47.134000Z,783.781,244.0,996.0,111.451,0.0,0.0,0.0,98.52,7.096296,0.0,0.0,0.0
2020-08-25T03:59:48.887000Z,2020-08-25T03:59:49.181000Z,1179.837,294.0,990.0,131.848,0.0,0.0,0.0,98.52,6.197899,0.0,0.0,0.0
2020-08-25T03:59:50.892000Z,2020-08-25T03:59:51.233000Z,1342.81,341.0,1000.0,139.036,0.0,0.0,0.0,98.52,6.723531,0.0,0.0,0.0
2020-08-25T03:59:52.889000Z,2020-08-25T03:59:53.176000Z,1189.478,287.0,982.0,125.648,0.0,0.0,0.0,98.52,5.637821,0.0,0.0,0.0
2020-08-25T03:59:54.889000Z,2020-08-25T03:59:55.059000Z,324.941,170.0,1002.0,129.71,0.0,0.0,0.0,98.52,7.182646,0.0,0.0,0.0
2020-08-25T03:59:56.892000Z,2020-08-25T03:59:57.152000Z,989.48,260.0,1002.0,112.249,0.0,0.0,0.0,98.52,7.182646,0.0,0.0,0.0
2020-08-25T03:59:58.892000Z,2020-08-25T03:59:59.108000Z,733.672,216.0,1002.0,131.3,0.0,0.0,0.0,98.52,6.394076,0.0,0.0,0.0
2020-08-25T04:00:00.889000Z,2020-08-25T04:00:01.489999Z,994.257,601.0,1002.0,114.946,0.0,0.0,0.0,98.52,6.591541,0.0,0.0,0.0
2020-08-25T04:00:02.884000Z,2020-08-25T04:00:03.089000Z,591.439,205.0,998.0,124.156,0.0,0.0,0.0,98.52,6.295987,0.0,0.0,0.0
2020-08-25T04:00:04.891000Z,2020-08-25T04:00:05.105000Z,749.827,214.0,998.0,123.478,0.0,0.0,0.0,98.52,6.295987,0.0,0.0,0.0
2020-08-25T04:00:06.886000Z,2020-08-25T04:00:07.096000Z,608.783,210.0,918.0,117.943,0.0,0.0,0.0,98.52,6.545025,0.0,0.0,0.0
2020-08-25T04:00:08.889999Z,2020-08-25T04:00:09.135000Z,859.701,245.0,918.0,121.221,0.0,0.0,0.0,98.52,6.545025,0.0,0.0,0.0
2020-08-25T04:00:10.892000Z,2020-08-25T04:00:11.261000Z,987.973,369.0,927.0,118.929,0.0,0.0,0.0,98.52,6.713608,0.0,0.0,0.0
2020-08-25T04:00:12.887000Z,2020-08-25T04:00:13.121000Z,796.81,234.0,932.0,140.988,0.0,0.0,0.0,98.52,1.574611,0.0,0.0,0.0
2020-08-25T04:00:14.892000Z,2020-08-25T04:00:15.148000Z,727.968,256.0,954.0,115.164,0.0,0.0,0.0,98.52,6.432639,0.0,0.0,0.0
2020-08-25T04:00:16.894000Z,2020-08-25T04:00:17.093000Z,518.501,199.0,958.0,119.978,0.0,0.0,0.0,98.52,6.432639,0.0,0.0,0.0
2020-08-25T04:00:18.891000Z,2020-08-25T04:00:19.096000Z,568.882,205.0,958.0,124.027,0.0,0.0,0.0,98.52,6.432639,0.0,0.0,0.0
2020-08-25T04:00:20.886000Z,2020-08-25T04:00:21.107000Z,653.027,221.0,958.0,115.174,0.0,0.0,0.0,98.52,6.432639,0.0,0.0,0.0
2020-08-25T04:00:22.895000Z,2020-08-25T04:00:23.148000Z,517.359,253.0,952.0,119.53,0.0,0.0,0.0,98.52,6.432639,0.0,0.0,0.0
2020-08-25T04:00:24.893000Z,2020-08-25T04:00:25.101000Z,471.628,208.0,952.0,179.112,0.0,0.0,0.0,98.52,6.432639,0.0,0.0,0.0
2020-08-25T04:00:26.892000Z,2020-08-25T04:00:27.089000Z,561.439,197.0,938.0,132.069,0.0,0.0,0.0,98.52,6.432639,0.0,0.0,0.0
2020-08-25T04:00:29.137999Z,2020-08-25T04:00:29.395000Z,883.136,257.0,938.0,114.452,0.0,0.0,0.0,98.52,6.432639,0.0,0.0,0.0
2020-08-25T04:00:31.151000Z,2020-08-25T04:00:31.407000Z,864.592,256.0,909.0,116.21,0.0,0.0,0.0,98.52,6.609687,0.0,0.0,0.0
2020-08-25T04:00:33.140000Z,2020-08-25T04:00:33.408000Z,1006.007,268.0,942.0,143.125,0.0,0.0,0.0,98.52,6.609687,0.0,0.0,0.0
2020-08-25T04:00:35.012000Z,2020-08-25T04:00:35.257999Z,475.457,246.0,998.0,111.194,0.0,0.0,0.0,98.52,6.834145,0.0,0.0,0.0
2020-08-25T04:00:37.149000Z,2020-08-25T04:00:37.339000Z,507.506,190.0,4.0,115.985,0.0,0.0,0.0,98.52,2.689961,0.0,0.0,0.0
2020-08-25T04:00:39.135000Z,2020-08-25T04:00:39.377999Z,811.752,243.0,998.0,117.875,0.0,0.0,0.0,98.52,2.689961,0.0,0.0,0.0
2020-08-25T04:00:41.148000Z,2020-08-25T04:00:41.447000Z,525.99,299.0,1004.0,114.32,0.0,0.0,0.0,98.52,6.146966,0.0,0.0,0.0
2020-08-25T04:00:43.150000Z,2020-08-25T04:00:43.361000Z,656.502,211.0,998.0,119.862,0.0,0.0,0.0,98.52,0.063028,0.0,0.0,0.0
2020-08-25T04:00:45.144000Z,2020-08-25T04:00:45.404000Z,929.318,260.0,998.0,116.95,0.0,0.0,0.0,98.52,3.210914,0.0,0.0,0.0
2020-08-25T04:00:47.141000Z,2020-08-25T04:00:47.497000Z,973.876,356.0,896.0,125.901,0.0,0.0,0.0,98.52,6.31418,0.0,0.0,0.0
2020-08-25T04:00:49.144000Z,2020-08-25T04:00:49.430000Z,859.42,286.0,910.0,184.756,0.0,0.0,0.0,98.52,4.006229,0.0,0.0,0.0
2020-08-25T04:00:51.143000Z,2020-08-25T04:00:51.351000Z,580.255,208.0,910.0,126.694,0.0,0.0,0.0,98.52,0.614385,0.0,0.0,0.0
2020-08-25T04:00:53.136999Z,2020-08-25T04:00:53.336000Z,534.185,199.0,910.0,113.256,0.0,0.0,0.0,98.52,2.888136,0.0,0.0,0.0
2020-08-25T04:00:55.136999Z,2020-08-25T04:00:55.356000Z,589.909,219.0,914.0,112.143,0.0,0.0,0.0,98.808,2.888136,0.0,0.0,0.0
2020-08-25T04:00:57.149000Z,2020-08-25T04:00:57.392000Z,793.235,243.0,914.0,111.826,0.0,0.0,0.0,98.808,2.931509,0.0,0.0,0.0
2020-08-25T04:00:59.025999Z,2020-08-25T04:00:59.312000Z,923.962,286.0,852.0,115.692,0.0,0.0,0.0,98.808,5.722368,0.0,0.0,0.0
2020-08-25T04:01:01.147000Z,2020-08-25T04:01:01.395000Z,639.64,248.0,852.0,142.047,0.0,0.0,0.0,98.808,5.133114,0.0,0.0,0.0
2020-08-25T04:01:03.146000Z,2020-08-25T04:01:03.342000Z,459.672,196.0,834.0,110.738,0.0,0.0,0.0,98.808,4.416159,0.0,0.0,0.0
2020-08-25T04:01:05.139000Z,2020-08-25T04:01:05.357000Z,564.701,218.0,834.0,108.819,0.0,0.0,0.0,98.808,4.416159,0.0,0.0,0.0
2020-08-25T04:01:07.148000Z,2020-08-25T04:01:07.372000Z,671.846,224.0,834.0,121.879,0.0,0.0,0.0,98.808,4.416159,0.0,0.0,0.0
2020-08-25T04:01:09.144000Z,2020-08-25T04:01:09.343000Z,495.179,199.0,838.0,111.52,0.0,0.0,0.0,98.808,5.908785,0.0,0.0,0.0
2020-08-25T04:01:11.136999Z,2020-08-25T04:01:11.340000Z,525.845,203.0,858.0,120.438,0.0,0.0,0.0,98.808,5.908785,0.0,0.0,0.0
2020-08-25T04:01:13.149000Z,2020-08-25T04:01:13.449999Z,1040.759,301.0,838.0,112.825,0.0,0.0,0.0,98.808,5.908785,0.0,0.0,0.0
2020-08-25T04:01:15.144000Z,2020-08-25T04:01:15.373000Z,647.046,229.0,862.0,111.133,0.0,0.0,0.0,98.808,5.416892,0.0,0.0,0.0
2020-08-25T04:01:17.142000Z,2020-08-25T04:01:17.488000Z,1035.032,346.0,862.0,124.671,0.0,0.0,0.0,98.808,5.416892,0.0,0.0,0.0
2020-08-25T04:01:19.141000Z,2020-08-25T04:01:19.420000Z,987.289,279.0,866.0,136.071,0.0,0.0,0.0,98.808,5.218739,0.0,0.0,0.0
2020-08-25T04:01:21.146000Z,2020-08-25T04:01:21.488000Z,768.569,342.0,866.0,128.188,0.0,0.0,0.0,98.808,6.03072,0.0,0.0,0.0
2020-08-25T04:01:23.024000Z,2020-08-25T04:01:23.241999Z,633.044,218.0,862.0,109.756,0.0,0.0,0.0,98.808,0.659337,0.0,0.0,0.0
2020-08-25T04:01:25.152000Z,2020-08-25T04:01:25.351000Z,438.931,199.0,862.0,112.702,0.0,0.0,0.0,98.808,5.732671,0.0,0.0,0.0
2020-08-25T04:01:27.147000Z,2020-08-25T04:01:27.351000Z,544.482,204.0,890.0,138.922,0.0,0.0,0.0,98.808,5.732671,0.0,0.0,0.0
2020-08-25T04:01:29.144000Z,2020-08-25T04:01:29.356000Z,552.269,212.0,878.0,108.532,0.0,0.0,0.0,98.808,5.732671,0.0,0.0,0.0
2020-08-25T04:01:31.145000Z,2020-08-25T04:01:31.395000Z,838.195,250.0,878.0,127.721,0.0,0.0,0.0,98.808,5.732671,0.0,0.0,0.0
2020-08-25T04:01:33.141000Z,2020-08-25T04:01:33.454000Z,1290.507,313.0,878.0,111.511,0.0,0.0,0.0,98.808,5.860112,0.0,0.0,0.0
2020-08-25T04:01:35.136000Z,2020-08-25T04:01:35.461000Z,1031.731,325.0,942.0,122.865,0.0,0.0,0.0,98.808,6.696789,0.0,0.0,0.0
2020-08-25T04:01:37.148000Z,2020-08-25T04:01:37.401000Z,853.54,253.0,942.0,174.197,0.0,0.0,0.0,98.808,4.986938,0.0,0.0,0.0
2020-08-25T04:01:39.141000Z,2020-08-25T04:01:39.423000Z,1083.951,282.0,942.0,117.736,0.0,0.0,0.0,98.808,6.537986,0.0,0.0,0.0
2020-08-25T04:01:41.150000Z,2020-08-25T04:01:41.504000Z,1029.015,354.0,955.0,126.997,0.0,0.0,0.0,98.808,6.859099,0.0,0.0,0.0
2020-08-25T04:01:43.148000Z,2020-08-25T04:01:43.428000Z,1094.12,280.0,956.0,114.865,0.0,0.0,0.0,98.808,2.47114,0.0,0.0,0.0
2020-08-25T04:01:45.141000Z,2020-08-25T04:01:45.545000Z,1297.321,404.0,974.0,123.588,0.0,0.0,0.0,98.808,6.930712,0.0,0.0,0.0
2020-08-25T04:01:47.020000Z,2020-08-25T04:01:47.332000Z,999.043,312.0,970.0,153.708,0.0,0.0,0.0,98.808,4.197584,0.0,0.0,0.0
2020-08-25T04:01:49.145000Z,2020-08-25T04:01:49.439000Z,907.99,294.0,970.0,155.965,0.0,0.0,0.0,98.808,5.109954,0.0,0.0,0.0
