start_time,end_time,size,trans_time,cwnd,rtt,rto,ssthresh,last_snd,min_rtt,delivery_rate,bytes_sent,bytes_retrans,client_trans_time
2020-08-24T11:34:45.222000Z,2020-08-24T11:34:46.353999Z,35.964,1132.0,81.0,124.575,0.0,0.0,0.0,80.0,0.763023,0.0,0.0,0.0
2020-08-24T11:34:46.353999Z,2020-08-24T11:34:46.518000Z,55.728,164.0,122.0,119.482,0.0,0.0,0.0,80.0,0.094827,0.0,0.0,0.0
2020-08-24T11:34:46.518000Z,2020-08-24T11:34:47.126000Z,357.001,608.0,122.0,103.533,0.0,0.0,0.0,80.0,0.354211,0.0,0.0,0.0
2020-08-24T11:34:47.126000Z,2020-08-24T11:34:47.270000Z,47.603,144.0,114.0,118.519,0.0,0.0,0.0,80.0,0.087471,0.0,0.0,0.0
2020-08-24T11:34:47.270000Z,2020-08-24T11:34:47.622000Z,177.873,352.0,114.0,101.621,0.0,0.0,0.0,80.0,0.342392,0.0,0.0,0.0
2020-08-24T11:34:47.622000Z,2020-08-24T11:34:48.233999Z,322.374,612.0,118.0,154.351,0.0,0.0,0.0,80.0,0.898846,0.0,0.0,0.0
2020-08-24T11:34:48.235000Z,2020-08-24T11:34:49.641999Z,992.235,1407.0,118.0,133.379,0.0,0.0,0.0,80.0,0.050983,0.0,0.0,0.0
2020-08-24T11:34:49.642000Z,2020-08-24T11:34:50.409999Z,496.576,768.0,128.0,155.396,0.0,0.0,0.0,80.0,0.174604,0.0,0.0,0.0
2020-08-24T11:34:50.409999Z,2020-08-24T11:34:51.161999Z,484.192,752.0,120.0,138.478,0.0,0.0,0.0,80.0,0.060367,0.0,0.0,0.0
2020-08-24T11:34:51.163000Z,2020-08-24T11:34:52.313999Z,766.407,1151.0,124.0,117.491,0.0,0.0,0.0,80.0,0.287216,0.0,0.0,0.0
2020-08-24T11:34:52.315000Z,2020-08-24T11:34:53.518000Z,927.462,1203.0,124.0,139.688,0.0,0.0,0.0,80.0,0.112223,0.0,0.0,0.0
2020-08-24T11:34:53.519000Z,2020-08-24T11:34:55.145999Z,958.483,1627.0,122.0,111.782,0.0,0.0,0.0,80.0,0.847833,0.0,0.0,0.0
2020-08-24T11:34:55.596000Z,2020-08-24T11:34:58.214000Z,2060.281,2618.0,130.0,126.523,0.0,0.0,0.0,80.0,0.102948,0.0,0.0,0.0
2020-08-24T11:34:58.215000Z,2020-08-24T11:34:59.822000Z,1172.348,1607.0,110.0,95.162,0.0,0.0,0.0,80.0,0.186002,0.0,0.0,0.0
2020-08-24T11:34:59.823000Z,2020-08-24T11:35:00.734000Z,652.426,911.0,48.0,130.282,0.0,0.0,0.0,80.0,0.446615,0.0,0.0,0.0
2020-08-24T11:35:01.587000Z,2020-08-24T11:35:02.654000Z,741.414,1067.0,116.0,126.47,0.0,0.0,0.0,80.0,0.774717,0.0,0.0,0.0
2020-08-24T11:35:03.551000Z,2020-08-24T11:35:04.550000Z,677.375,999.0,120.0,119.631,0.0,0.0,0.0,80.0,0.407675,0.0,0.0,0.0
2020-08-24T11:35:05.590000Z,2020-08-24T11:35:06.694000Z,769.454,1104.0,120.0,167.691,0.0,0.0,0.0,80.0,0.177772,0.0,0.0,0.0
2020-08-24T11:35:07.591000Z,2020-08-24T11:35:08.921999Z,747.479,1331.0,116.0,136.431,0.0,0.0,0.0,80.0,0.047665,0.0,0.0,0.0
2020-08-24T11:35:09.591000Z,2020-08-24T11:35:10.545999Z,645.266,955.0,132.0,133.88,0.0,0.0,0.0,80.0,0.01584,0.0,0.0,0.0
2020-08-24T11:35:11.601999Z,2020-08-24T11:35:12.761999Z,500.654,1160.0,120.0,143.489,0.0,0.0,0.0,80.0,0.032081,0.0,0.0,0.0
2020-08-24T11:35:13.599000Z,2020-08-24T11:35:14.369999Z,506.184,771.0,120.0,107.14,0.0,0.0,0.0,80.0,0.454279,0.0,0.0,0.0
2020-08-24T11:35:15.606000Z,2020-08-24T11:35:16.502000Z,590.021,896.0,121.0,127.285,0.0,0.0,0.0,80.0,0.186706,0.0,0.0,0.0
2020-08-24T11:35:17.611000Z,2020-08-24T11:35:18.470000Z,646.342,859.0,122.0,145.222,0.0,0.0,0.0,80.0,0.057577,0.0,0.0,0.0
2020-08-24T11:35:19.655000Z,2020-08-24T11:35:21.406000Z,1304.341,1751.0,116.0,138.191,0.0,0.0,0.0,80.0,0.008777,0.0,0.0,0.0
2020-08-24T11:35:21.616000Z,2020-08-24T11:35:24.113999Z,1933.853,2498.0,120.0,143.004,0.0,0.0,0.0,80.0,0.085754,0.0,0.0,0.0
2020-08-24T11:35:24.116000Z,2020-08-24T11:35:26.649999Z,1992.504,2534.0,138.0,125.306,0.0,0.0,0.0,80.0,0.231165,0.0,0.0,0.0
2020-08-24T11:35:26.651000Z,2020-08-24T11:35:27.745999Z,670.76,1095.0,114.0,118.538,0.0,0.0,0.0,80.0,0.503795,0.0,0.0,0.0
2020-08-24T11:35:27.747000Z,2020-08-24T11:35:28.705999Z,716.666,959.0,112.0,125.235,0.0,0.0,0.0,80.0,0.059923,0.0,0.0,0.0
2020-08-24T11:35:29.615000Z,2020-08-24T11:35:30.831000Z,834.035,1216.0,112.0,153.247,0.0,0.0,0.0,80.0,0.708237,0.0,0.0,0.0
2020-08-24T11:35:31.615000Z,2020-08-24T11:35:32.742000Z,772.185,1127.0,122.0,149.708,0.0,0.0,0.0,80.0,0.31096,0.0,0.0,0.0
2020-08-24T11:35:33.627000Z,2020-08-24T11:35:34.761999Z,770.656,1135.0,120.0,155.168,0.0,0.0,0.0,80.0,0.036349,0.0,0.0,0.0
2020-08-24T11:35:35.622000Z,2020-08-24T11:35:36.601999Z,689.06,980.0,4.0,132.465,0.0,0.0,0.0,80.0,0.066765,0.0,0.0,0.0
2020-08-24T11:35:37.617999Z,2020-08-24T11:35:37.862000Z,129.601,244.0,124.0,130.952,0.0,0.0,0.0,80.0,0.377476,0.0,0.0,0.0
2020-08-24T11:35:39.622000Z,2020-08-24T11:35:39.857999Z,127.213,236.0,124.0,106.824,0.0,0.0,0.0,80.0,0.832502,0.0,0.0,0.0
2020-08-24T11:35:41.627000Z,2020-08-24T11:35:42.689999Z,667.239,1063.0,120.0,117.099,0.0,0.0,0.0,80.0,0.943229,0.0,0.0,0.0
2020-08-24T11:35:43.627000Z,2020-08-24T11:35:45.505999Z,1428.064,1879.0,122.0,140.601,0.0,0.0,0.0,80.0,0.034102,0.0,0.0,0.0
2020-08-24T11:35:45.631000Z,2020-08-24T11:35:46.983000Z,925.511,1352.0,124.0,125.024,0.0,0.0,0.0,80.0,0.096022,0.0,0.0,0.0
2020-08-24T11:35:47.630000Z,2020-08-24T11:35:48.358000Z,475.096,728.0,126.0,132.524,0.0,0.0,0.0,80.0,0.109768,0.0,0.0,0.0
2020-08-24T11:35:49.631000Z,2020-08-24T11:35:50.993999Z,1012.377,1363.0,122.0,135.282,0.0,0.0,0.0,80.0,0.101752,0.0,0.0,0.0
2020-08-24T11:35:51.631000Z,2020-08-24T11:35:53.182000Z,1141.641,1551.0,126.0,112.867,0.0,0.0,0.0,80.0,0.438185,0.0,0.0,0.0
2020-08-24T11:35:53.631000Z,2020-08-24T11:35:54.766000Z,793.613,1135.0,120.0,121.003,0.0,0.0,0.0,80.0,0.188099,0.0,0.0,0.0
2020-08-24T11:35:55.647000Z,2020-08-24T11:35:56.697999Z,679.177,1051.0,124.0,120.187,0.0,0.0,0.0,80.0,0.062332,0.0,0.0,0.0
2020-08-24T11:35:57.643000Z,2020-08-24T11:35:58.710000Z,745.697,1067.0,116.0,120.942,0.0,0.0,0.0,80.0,0.046716,0.0,0.0,0.0
2020-08-24T11:35:59.642000Z,2020-08-24T11:36:00.862000Z,772.158,1220.0,122.0,117.84,0.0,0.0,0.0,80.0,0.072299,0.0,0.0,0.0
2020-08-24T11:36:01.647000Z,2020-08-24T11:36:02.950000Z,943.694,1303.0,126.0,135.265,0.0,0.0,0.0,80.0,0.390802,0.0,0.0,0.0
2020-08-24T11:36:03.643000Z,2020-08-24T11:36:05.454000Z,1364.996,1811.0,126.0,136.554,0.0,0.0,0.0,80.0,0.077742,0.0,0.0,0.0
2020-08-24T11:36:05.647000Z,2020-08-24T11:36:07.934000Z,1719.278,2287.0,126.0,132.712,0.0,0.0,0.0,80.0,0.17444,0.0,0.0,0.0
2020-08-24T11:36:07.935000Z,2020-08-24T11:36:09.710000Z,1318.158,1775.0,122.0,120.173,0.0,0.0,0.0,80.0,0.757253,0.0,0.0,0.0
2020-08-24T11:36:09.711000Z,2020-08-24T11:36:11.342000Z,1144.382,1631.0,126.0,134.229,0.0,0.0,0.0,80.0,0.064975,0.0,0.0,0.0
2020-08-24T11:36:11.667000Z,2020-08-24T11:36:12.497999Z,507.407,831.0,122.0,119.147,0.0,0.0,0.0,80.0,0.135428,0.0,0.0,0.0
2020-08-24T11:36:13.646000Z,2020-08-24T11:36:14.505999Z,508.061,860.0,124.0,131.027,0.0,0.0,0.0,80.0,0.109909,0.0,0.0,0.0
2020-08-24T11:36:15.655000Z,2020-08-24T11:36:16.609999Z,646.044,955.0,126.0,123.01,0.0,0.0,0.0,80.0,0.411069,0.0,0.0,0.0
2020-08-24T11:36:17.655000Z,2020-08-24T11:36:18.753999Z,723.459,1099.0,124.0,136.875,0.0,0.0,0.0,80.0,0.045045,0.0,0.0,0.0
2020-08-24T11:36:19.655000Z,2020-08-24T11:36:21.142000Z,1067.202,1487.0,120.0,121.525,0.0,0.0,0.0,80.0,0.118253,0.0,0.0,0.0
2020-08-24T11:36:21.664000Z,2020-08-24T11:36:25.134000Z,2708.668,3470.0,114.0,120.012,0.0,0.0,0.0,80.0,0.100785,0.0,0.0,0.0
2020-08-24T11:36:25.135000Z,2020-08-24T11:36:26.310000Z,777.985,1175.0,120.0,117.441,0.0,0.0,0.0,80.0,0.068301,0.0,0.0,0.0
2020-08-24T11:36:26.311000Z,2020-08-24T11:36:27.305999Z,660.906,995.0,122.0,136.718,0.0,0.0,0.0,80.0,0.398228,0.0,0.0,0.0
2020-08-24T11:36:27.682000Z,2020-08-24T11:36:28.622000Z,639.007,940.0,122.0,139.298,0.0,0.0,0.0,80.0,0.145954,0.0,0.0,0.0
2020-08-24T11:36:29.655000Z,2020-08-24T11:36:30.817999Z,707.244,1163.0,130.0,138.201,0.0,0.0,0.0,80.0,0.064957,0.0,0.0,0.0
2020-08-24T11:36:31.667000Z,2020-08-24T11:36:32.713999Z,695.341,1047.0,126.0,122.28,0.0,0.0,0.0,80.0,0.115058,0.0,0.0,0.0
2020-08-24T11:36:33.666000Z,2020-08-24T11:36:34.590000Z,681.349,924.0,116.0,135.795,0.0,0.0,0.0,80.0,0.030773,0.0,0.0,0.0
2020-08-24T11:36:35.675000Z,2020-08-24T11:36:37.313999Z,1233.895,1639.0,118.0,145.183,0.0,0.0,0.0,80.0,0.783657,0.0,0.0,0.0
2020-08-24T11:36:37.671000Z,2020-08-24T11:36:39.094000Z,1054.392,1423.0,122.0,131.009,0.0,0.0,0.0,80.0,0.089938,0.0,0.0,0.0
2020-08-24T11:36:39.671000Z,2020-08-24T11:36:41.126000Z,1017.67,1455.0,118.0,102.627,0.0,0.0,0.0,80.0,0.453244,0.0,0.0,0.0
2020-08-24T11:36:41.672000Z,2020-08-24T11:36:44.046000Z,1892.79,2374.0,120.0,137.424,0.0,0.0,0.0,80.0,0.062104,0.0,0.0,0.0
2020-08-24T11:36:44.048000Z,2020-08-24T11:36:46.846000Z,2161.096,2798.0,114.0,107.157,0.0,0.0,0.0,80.0,0.44208,0.0,0.0,0.0
2020-08-24T11:36:46.847000Z,2020-08-24T11:36:48.561999Z,1290.553,1715.0,112.0,112.423,0.0,0.0,0.0,80.0,0.059197,0.0,0.0,0.0
2020-08-24T11:36:48.563000Z,2020-08-24T11:36:49.750000Z,645.36,1187.0,120.0,125.48,0.0,0.0,0.0,80.0,0.065898,0.0,0.0,0.0
2020-08-24T11:36:49.751000Z,2020-08-24T11:36:50.782000Z,688.685,1031.0,124.0,146.867,0.0,0.0,0.0,80.0,0.77775,0.0,0.0,0.0
2020-08-24T11:36:51.683000Z,2020-08-24T11:36:52.705999Z,715.495,1022.9999999999999,124.0,137.533,0.0,0.0,0.0,80.0,0.107976,0.0,0.0,0.0
2020-08-24T11:36:53.691000Z,2020-08-24T11:36:54.809999Z,706.486,1119.0,124.0,118.273,0.0,0.0,0.0,80.0,0.08342,0.0,0.0,0.0
2020-08-24T11:36:55.687000Z,2020-08-24T11:36:56.574000Z,651.256,887.0,118.0,123.042,0.0,0.0,0.0,80.0,0.068916,0.0,0.0,0.0
2020-08-24T11:36:57.688000Z,2020-08-24T11:36:59.641999Z,1416.773,1954.0,120.0,126.47,0.0,0.0,0.0,80.0,0.715196,0.0,0.0,0.0
2020-08-24T11:36:59.644000Z,2020-08-24T11:37:02.721999Z,2163.314,3078.0,120.0,145.724,0.0,0.0,0.0,80.0,0.157386,0.0,0.0,0.0
2020-08-24T11:37:02.723000Z,2020-08-24T11:37:04.545999Z,1376.999,1823.0,122.0,115.317,0.0,0.0,0.0,80.0,0.100416,0.0,0.0,0.0
2020-08-24T11:37:04.547000Z,2020-08-24T11:37:06.345999Z,1319.423,1799.0,116.0,123.816,0.0,0.0,0.0,80.0,0.659345,0.0,0.0,0.0
2020-08-24T11:37:06.346000Z,2020-08-24T11:37:07.545999Z,845.5,1200.0,119.0,121.151,0.0,0.0,0.0,80.0,0.030206,0.0,0.0,0.0
2020-08-24T11:37:07.695000Z,2020-08-24T11:37:08.790000Z,764.543,1095.0,120.0,141.616,0.0,0.0,0.0,80.0,0.053201,0.0,0.0,0.0
2020-08-24T11:37:09.699000Z,2020-08-24T11:37:10.798000Z,739.811,1099.0,124.0,125.435,0.0,0.0,0.0,80.0,0.067913,0.0,0.0,0.0
2020-08-24T11:37:11.702000Z,2020-08-24T11:37:12.633999Z,633.312,932.0,126.0,132.965,0.0,0.0,0.0,80.0,0.050468,0.0,0.0,0.0
2020-08-24T11:37:13.702000Z,2020-08-24T11:37:14.366000Z,473.666,664.0,128.0,120.575,0.0,0.0,0.0,80.0,0.415811,0.0,0.0,0.0
2020-08-24T11:37:15.710000Z,2020-08-24T11:37:16.473999Z,496.813,764.0,128.0,140.663,0.0,0.0,0.0,80.0,0.714507,0.0,0.0,0.0
2020-08-24T11:37:17.711000Z,2020-08-24T11:37:18.982000Z,830.01,1271.0,126.0,139.805,0.0,0.0,0.0,80.0,0.031897,0.0,0.0,0.0
2020-08-24T11:37:19.705999Z,2020-08-24T11:37:20.809999Z,749.344,1104.0,126.0,144.237,0.0,0.0,0.0,80.0,0.08408,0.0,0.0,0.0
2020-08-24T11:37:21.705999Z,2020-08-24T11:37:22.734000Z,677.652,1028.0,4.0,141.368,0.0,0.0,0.0,80.0,0.31571,0.0,0.0,0.0
2020-08-24T11:37:23.707000Z,2020-08-24T11:37:24.830000Z,810.736,1123.0,130.0,136.688,0.0,0.0,0.0,80.0,0.428811,0.0,0.0,0.0
2020-08-24T11:37:25.715000Z,2020-08-24T11:37:28.022000Z,1785.198,2307.0,126.0,130.283,0.0,0.0,0.0,80.0,0.062325,0.0,0.0,0.0
2020-08-24T11:37:28.024000Z,2020-08-24T11:37:30.798000Z,2114.982,2774.0,114.0,109.322,0.0,0.0,0.0,80.0,0.496203,0.0,0.0,0.0
2020-08-24T11:37:30.800000Z,2020-08-24T11:37:33.590000Z,2157.024,2790.0,120.0,121.469,0.0,0.0,0.0,80.0,0.129132,0.0,0.0,0.0
2020-08-24T11:37:33.591000Z,2020-08-24T11:37:36.182000Z,1693.405,2591.0,117.0,115.079,0.0,0.0,0.0,80.0,0.037938,0.0,0.0,0.0
2020-08-24T11:37:36.183000Z,2020-08-24T11:37:37.969999Z,1293.294,1787.0,120.0,133.968,0.0,0.0,0.0,80.0,0.157278,0.0,0.0,0.0
2020-08-24T11:37:37.971000Z,2020-08-24T11:37:39.726000Z,1251.612,1755.0,122.0,146.94,0.0,0.0,0.0,80.0,0.08692,0.0,0.0,0.0
2020-08-24T11:37:39.727000Z,2020-08-24T11:37:40.841999Z,781.315,1115.0,134.0,150.804,0.0,0.0,0.0,80.0,0.120694,0.0,0.0,0.0
2020-08-24T11:37:40.843000Z,2020-08-24T11:37:42.113999Z,912.407,1271.0,116.0,128.928,0.0,0.0,0.0,80.0,0.093032,0.0,0.0,0.0
2020-08-24T11:37:42.113999Z,2020-08-24T11:37:42.897999Z,506.301,784.0,120.0,128.701,0.0,0.0,0.0,80.0,0.455996,0.0,0.0,0.0
2020-08-24T11:37:43.745999Z,2020-08-24T11:37:44.990000Z,709.082,1244.0,120.0,117.497,0.0,0.0,0.0,80.0,0.056635,0.0,0.0,0.0
2020-08-24T11:37:45.727000Z,2020-08-24T11:37:46.846000Z,738.125,1119.0,130.0,125.398,0.0,0.0,0.0,80.0,0.716576,0.0,0.0,0.0
2020-08-24T11:37:47.726000Z,2020-08-24T11:37:48.526000Z,490.107,800.0,134.0,161.856,0.0,0.0,0.0,80.0,0.092105,0.0,0.0,0.0
2020-08-24T11:37:49.767000Z,2020-08-24T11:37:50.574000Z,572.046,807.0,132.0,122.482,0.0,0.0,0.0,80.0,0.070023,0.0,0.0,0.0
2020-08-24T11:37:51.723000Z,2020-08-24T11:37:53.190000Z,1071.905,1467.0,118.0,116.097,0.0,0.0,0.0,80.0,0.771839,0.0,0.0,0.0
2020-08-24T11:37:53.731000Z,2020-08-24T11:37:55.174000Z,1042.757,1443.0,112.0,115.582,0.0,0.0,0.0,80.0,0.080586,0.0,0.0,0.0
2020-08-24T11:37:55.743000Z,2020-08-24T11:37:57.430000Z,1166.806,1687.0,124.0,129.56,0.0,0.0,0.0,80.0,0.060531,0.0,0.0,0.0
2020-08-24T11:37:57.735000Z,2020-08-24T11:37:59.462000Z,1058.81,1727.0,124.0,148.549,0.0,0.0,0.0,80.0,0.062406,0.0,0.0,0.0
2020-08-24T11:37:59.727000Z,2020-08-24T11:38:01.001999Z,831.148,1275.0,122.0,107.877,0.0,0.0,0.0,80.0,0.081936,0.0,0.0,0.0
2020-08-24T11:38:01.731000Z,2020-08-24T11:38:02.649999Z,606.931,919.0,118.0,123.473,0.0,0.0,0.0,80.0,0.063112,0.0,0.0,0.0
2020-08-24T11:38:03.735000Z,2020-08-24T11:38:04.790000Z,705.998,1055.0,118.0,132.646,0.0,0.0,0.0,80.0,0.060438,0.0,0.0,0.0
2020-08-24T11:38:05.671000Z,2020-08-24T11:38:06.790000Z,767.043,1119.0,122.0,107.7,0.0,0.0,0.0,80.0,0.442208,0.0,0.0,0.0
2020-08-24T11:38:07.739000Z,2020-08-24T11:38:08.894000Z,796.956,1155.0,112.0,133.183,0.0,0.0,0.0,80.0,0.041802,0.0,0.0,0.0
2020-08-24T11:38:09.743000Z,2020-08-24T11:38:11.873999Z,1384.355,2131.0,114.0,117.716,0.0,0.0,0.0,80.0,0.097166,0.0,0.0,0.0
2020-08-24T11:38:11.876000Z,2020-08-24T11:38:13.673999Z,1355.355,1798.0,122.0,135.872,0.0,0.0,0.0,80.0,0.327595,0.0,0.0,0.0
2020-08-24T11:38:13.675000Z,2020-08-24T11:38:15.585999Z,1432.879,1911.0,122.0,137.417,0.0,0.0,0.0,80.0,0.123187,0.0,0.0,0.0
2020-08-24T11:38:15.736000Z,2020-08-24T11:38:18.070000Z,1794.632,2334.0,122.0,122.711,0.0,0.0,0.0,80.0,0.085923,0.0,0.0,0.0
2020-08-24T11:38:18.071000Z,2020-08-24T11:38:20.510000Z,1969.027,2439.0,118.0,104.553,0.0,0.0,0.0,80.0,0.138363,0.0,0.0,0.0
2020-08-24T11:38:20.512000Z,2020-08-24T11:38:23.041999Z,1943.065,2530.0,112.0,128.717,0.0,0.0,0.0,80.0,0.725421,0.0,0.0,0.0
2020-08-24T11:38:23.044000Z,2020-08-24T11:38:25.209999Z,1630.311,2166.0,116.0,134.992,0.0,0.0,0.0,80.0,0.250755,0.0,0.0,0.0
2020-08-24T11:38:25.211000Z,2020-08-24T11:38:27.246000Z,1517.228,2035.0000000000002,120.0,125.204,0.0,0.0,0.0,80.0,0.017738,0.0,0.0,0.0
2020-08-24T11:38:27.247000Z,2020-08-24T11:38:29.518000Z,1470.05,2271.0,116.0,144.426,0.0,0.0,0.0,80.0,0.350794,0.0,0.0,0.0
2020-08-24T11:38:29.520000Z,2020-08-24T11:38:31.353999Z,1327.213,1834.0,130.0,153.441,0.0,0.0,0.0,80.0,0.044113,0.0,0.0,0.0
2020-08-24T11:38:31.355000Z,2020-08-24T11:38:33.065999Z,1308.833,1711.0,114.0,125.399,0.0,0.0,0.0,80.0,0.462133,0.0,0.0,0.0
2020-08-24T11:38:33.067000Z,2020-08-24T11:38:34.126000Z,760.119,1059.0,124.0,118.907,0.0,0.0,0.0,80.0,0.306722,0.0,0.0,0.0
2020-08-24T11:38:34.127000Z,2020-08-24T11:38:35.150000Z,679.511,1022.9999999999999,124.0,115.231,0.0,0.0,0.0,80.0,0.100275,0.0,0.0,0.0
2020-08-24T11:38:35.767000Z,2020-08-24T11:38:36.990000Z,858.21,1223.0,114.0,133.674,0.0,0.0,0.0,80.0,0.052874,0.0,0.0,0.0
2020-08-24T11:38:37.787000Z,2020-08-24T11:38:39.222000Z,1016.98,1435.0,120.0,123.198,0.0,0.0,0.0,80.0,0.036565,0.0,0.0,0.0
2020-08-24T11:38:39.771000Z,2020-08-24T11:38:41.073999Z,952.319,1303.0,120.0,102.948,0.0,0.0,0.0,80.0,0.443269,0.0,0.0,0.0
2020-08-24T11:38:41.775000Z,2020-08-24T11:38:43.057999Z,881.522,1283.0,126.0,134.199,0.0,0.0,0.0,80.0,0.075539,0.0,0.0,0.0
2020-08-24T11:38:43.787000Z,2020-08-24T11:38:44.934000Z,769.253,1147.0,116.0,180.55,0.0,0.0,0.0,80.0,0.126896,0.0,0.0,0.0
2020-08-24T11:38:45.775000Z,2020-08-24T11:38:46.945999Z,795.02,1171.0,138.0,142.392,0.0,0.0,0.0,80.0,0.057646,0.0,0.0,0.0
2020-08-24T11:38:47.775000Z,2020-08-24T11:38:48.815000Z,713.017,1040.0,130.0,147.195,0.0,0.0,0.0,80.0,0.044617,0.0,0.0,0.0
2020-08-24T11:38:49.807000Z,2020-08-24T11:38:50.822000Z,676.565,1014.9999999999999,138.0,118.995,0.0,0.0,0.0,80.0,0.42637,0.0,0.0,0.0
2020-08-24T11:38:51.791000Z,2020-08-24T11:38:53.582000Z,1396.634,1791.0,122.0,125.66,0.0,0.0,0.0,80.0,0.075335,0.0,0.0,0.0
2020-08-24T11:38:53.716000Z,2020-08-24T11:38:55.953999Z,1730.799,2238.0,118.0,113.147,0.0,0.0,0.0,80.0,0.563481,0.0,0.0,0.0
2020-08-24T11:38:55.956000Z,2020-08-24T11:38:58.022000Z,1586.893,2066.0,118.0,115.391,0.0,0.0,0.0,80.0,0.077395,0.0,0.0,0.0
2020-08-24T11:38:58.024000Z,2020-08-24T11:39:00.249999Z,1639.331,2226.0,122.0,124.868,0.0,0.0,0.0,80.0,0.060516,0.0,0.0,0.0
2020-08-24T11:39:00.251000Z,2020-08-24T11:39:02.273999Z,1556.577,2023.0000000000002,116.0,130.287,0.0,0.0,0.0,80.0,0.145149,0.0,0.0,0.0
2020-08-24T11:39:02.275000Z,2020-08-24T11:39:03.977999Z,1020.916,1703.0,118.0,137.059,0.0,0.0,0.0,80.0,0.076854,0.0,0.0,0.0
2020-08-24T11:39:03.978000Z,2020-08-24T11:39:04.534000Z,270.206,556.0,122.0,123.049,0.0,0.0,0.0,80.0,0.255922,0.0,0.0,0.0
2020-08-24T11:39:05.798000Z,2020-08-24T11:39:06.094000Z,171.559,296.0,124.0,145.719,0.0,0.0,0.0,80.0,0.008371,0.0,0.0,0.0
2020-08-24T11:39:07.795000Z,2020-08-24T11:39:08.246000Z,162.004,451.0,124.0,117.382,0.0,0.0,0.0,80.0,0.788645,0.0,0.0,0.0
2020-08-24T11:39:09.807000Z,2020-08-24T11:39:10.598000Z,520.115,791.0,120.0,118.766,0.0,0.0,0.0,80.0,0.013911,0.0,0.0,0.0
2020-08-24T11:39:11.806000Z,2020-08-24T11:39:12.534000Z,465.19,728.0,118.0,120.066,0.0,0.0,0.0,80.0,0.938933,0.0,0.0,0.0
2020-08-24T11:39:13.807000Z,2020-08-24T11:39:14.521999Z,483.382,715.0,118.0,102.068,0.0,0.0,0.0,80.0,0.443407,0.0,0.0,0.0
2020-08-24T11:39:15.815000Z,2020-08-24T11:39:16.601999Z,516.01,787.0,122.0,109.572,0.0,0.0,0.0,80.0,0.488291,0.0,0.0,0.0
2020-08-24T11:39:17.770000Z,2020-08-24T11:39:18.409999Z,450.244,640.0,122.0,122.604,0.0,0.0,0.0,80.0,0.397101,0.0,0.0,0.0
2020-08-24T11:39:19.814000Z,2020-08-24T11:39:20.566000Z,480.485,752.0,116.0,132.253,0.0,0.0,0.0,80.0,0.716018,0.0,0.0,0.0
2020-08-24T11:39:21.807000Z,2020-08-24T11:39:22.926000Z,750.957,1119.0,114.0,150.781,0.0,0.0,0.0,80.0,0.545538,0.0,0.0,0.0
2020-08-24T11:39:23.823000Z,2020-08-24T11:39:24.969999Z,811.11,1147.0,116.0,128.257,0.0,0.0,0.0,80.0,0.028469,0.0,0.0,0.0
2020-08-24T11:39:25.815000Z,2020-08-24T11:39:26.966000Z,804.609,1151.0,116.0,137.038,0.0,0.0,0.0,80.0,0.072719,0.0,0.0,0.0
2020-08-24T11:39:27.819000Z,2020-08-24T11:39:28.801999Z,679.834,983.0,120.0,138.063,0.0,0.0,0.0,80.0,0.36883,0.0,0.0,0.0
2020-08-24T11:39:29.826000Z,2020-08-24T11:39:30.873999Z,695.645,1048.0,126.0,139.57,0.0,0.0,0.0,80.0,0.031432,0.0,0.0,0.0
2020-08-24T11:39:31.847000Z,2020-08-24T11:39:32.726000Z,641.721,879.0,122.0,149.326,0.0,0.0,0.0,80.0,0.042642,0.0,0.0,0.0
2020-08-24T11:39:33.819000Z,2020-08-24T11:39:34.990000Z,830.413,1171.0,124.0,138.247,0.0,0.0,0.0,81.0,0.798387,0.0,0.0,0.0
2020-08-24T11:39:35.827000Z,2020-08-24T11:39:37.390000Z,1146.6,1563.0,128.0,139.164,0.0,0.0,0.0,81.0,0.032976,0.0,0.0,0.0
2020-08-24T11:39:37.823000Z,2020-08-24T11:39:39.246000Z,1037.712,1423.0,124.0,129.229,0.0,0.0,0.0,81.0,0.056833,0.0,0.0,0.0
2020-08-24T11:39:39.837000Z,2020-08-24T11:39:41.993999Z,1646.009,2157.0,122.0,121.515,0.0,0.0,0.0,81.0,0.064948,0.0,0.0,0.0
2020-08-24T11:39:41.995000Z,2020-08-24T11:39:43.505999Z,1123.724,1511.0,124.0,133.903,0.0,0.0,0.0,81.0,0.333504,0.0,0.0,0.0
2020-08-24T11:39:43.832000Z,2020-08-24T11:39:46.161999Z,1745.168,2330.0,116.0,113.624,0.0,0.0,0.0,81.0,0.114482,0.0,0.0,0.0
2020-08-24T11:39:46.164000Z,2020-08-24T11:39:48.726000Z,2057.699,2562.0,114.0,123.97,0.0,0.0,0.0,81.0,0.066849,0.0,0.0,0.0
2020-08-24T11:39:48.728000Z,2020-08-24T11:39:51.222000Z,1946.639,2494.0,112.0,119.388,0.0,0.0,0.0,81.0,0.803049,0.0,0.0,0.0
2020-08-24T11:39:51.224000Z,2020-08-24T11:39:54.006000Z,2008.362,2782.0,114.0,108.802,0.0,0.0,0.0,81.0,0.120538,0.0,0.0,0.0
2020-08-24T11:39:54.008000Z,2020-08-24T11:39:56.305999Z,1783.014,2298.0,124.0,97.237,0.0,0.0,0.0,81.0,0.663537,0.0,0.0,0.0
2020-08-24T11:39:56.308000Z,2020-08-24T11:39:58.369999Z,1562.864,2062.0,118.0,122.612,0.0,0.0,0.0,81.0,0.072366,0.0,0.0,0.0
2020-08-24T11:39:58.371000Z,2020-08-24T11:40:00.393999Z,1508.499,2023.0000000000002,124.0,151.237,0.0,0.0,0.0,81.0,0.096331,0.0,0.0,0.0
2020-08-24T11:40:00.395000Z,2020-08-24T11:40:02.014000Z,1161.071,1619.0,116.0,134.527,0.0,0.0,0.0,81.0,0.25539,0.0,0.0,0.0
2020-08-24T11:40:02.015000Z,2020-08-24T11:40:03.910000Z,1364.796,1895.0,122.0,148.252,0.0,0.0,0.0,81.0,0.112428,0.0,0.0,0.0
2020-08-24T11:40:03.911000Z,2020-08-24T11:40:05.969999Z,1562.65,2059.0,110.0,126.599,0.0,0.0,0.0,81.0,0.175107,0.0,0.0,0.0
2020-08-24T11:40:05.971000Z,2020-08-24T11:40:07.881999Z,1099.175,1911.0,116.0,116.362,0.0,0.0,0.0,81.0,0.134891,0.0,0.0,0.0
2020-08-24T11:40:07.883000Z,2020-08-24T11:40:09.390000Z,1070.778,1507.0,132.0,162.214,0.0,0.0,0.0,81.0,0.045251,0.0,0.0,0.0
2020-08-24T11:40:09.392000Z,2020-08-24T11:40:12.062000Z,2101.556,2670.0,130.0,132.276,0.0,0.0,0.0,81.0,0.072707,0.0,0.0,0.0
2020-08-24T11:40:12.063000Z,2020-08-24T11:40:14.150000Z,1515.595,2087.0,126.0,113.804,0.0,0.0,0.0,81.0,0.120764,0.0,0.0,0.0
2020-08-24T11:40:14.151000Z,2020-08-24T11:40:15.486000Z,962.903,1335.0,134.0,139.258,0.0,0.0,0.0,81.0,0.135812,0.0,0.0,0.0
2020-08-24T11:40:15.487000Z,2020-08-24T11:40:16.414000Z,640.544,927.0,124.0,133.273,0.0,0.0,0.0,81.0,0.116451,0.0,0.0,0.0
2020-08-24T11:40:16.415000Z,2020-08-24T11:40:17.414000Z,703.661,999.0,120.0,135.498,0.0,0.0,0.0,81.0,0.848447,0.0,0.0,0.0
2020-08-24T11:40:17.851000Z,2020-08-24T11:40:18.945999Z,760.648,1095.0,116.0,139.45,0.0,0.0,0.0,81.0,0.053486,0.0,0.0,0.0
2020-08-24T11:40:19.867000Z,2020-08-24T11:40:20.809999Z,688.451,943.0,114.0,115.035,0.0,0.0,0.0,81.0,0.093577,0.0,0.0,0.0
2020-08-24T11:40:21.863000Z,2020-08-24T11:40:23.022000Z,804.387,1159.0,120.0,164.964,0.0,0.0,0.0,81.0,0.007765,0.0,0.0,0.0
2020-08-24T11:40:23.859000Z,2020-08-24T11:40:25.129999Z,805.768,1271.0,126.0,131.474,0.0,0.0,0.0,81.0,0.072578,0.0,0.0,0.0
2020-08-24T11:40:25.863000Z,2020-08-24T11:40:27.313999Z,1042.825,1451.0,116.0,130.117,0.0,0.0,0.0,81.0,0.090602,0.0,0.0,0.0
2020-08-24T11:40:27.867000Z,2020-08-24T11:40:29.390000Z,1089.255,1523.0,122.0,118.021,0.0,0.0,0.0,81.0,0.135039,0.0,0.0,0.0
2020-08-24T11:40:29.875000Z,2020-08-24T11:40:31.233999Z,980.347,1359.0,122.0,126.452,0.0,0.0,0.0,81.0,0.391297,0.0,0.0,0.0
2020-08-24T11:40:31.867000Z,2020-08-24T11:40:32.926000Z,732.639,1059.0,124.0,142.945,0.0,0.0,0.0,81.0,0.848756,0.0,0.0,0.0
2020-08-24T11:40:33.866000Z,2020-08-24T11:40:34.705999Z,542.455,840.0,124.0,134.593,0.0,0.0,0.0,81.0,0.045325,0.0,0.0,0.0
2020-08-24T11:40:35.871000Z,2020-08-24T11:40:36.806000Z,653.192,935.0,114.0,124.379,0.0,0.0,0.0,81.0,0.036175,0.0,0.0,0.0
2020-08-24T11:40:37.871000Z,2020-08-24T11:40:39.062000Z,818.002,1191.0,118.0,123.814,0.0,0.0,0.0,81.0,0.247938,0.0,0.0,0.0
2020-08-24T11:40:39.883000Z,2020-08-24T11:40:40.849999Z,646.38,967.0,118.0,115.059,0.0,0.0,0.0,81.0,0.442545,0.0,0.0,0.0
2020-08-24T11:40:41.887000Z,2020-08-24T11:40:42.662000Z,530.977,775.0,120.0,129.745,0.0,0.0,0.0,81.0,0.041399,0.0,0.0,0.0
2020-08-24T11:40:43.873999Z,2020-08-24T11:40:44.846000Z,624.125,972.0,128.0,146.799,0.0,0.0,0.0,81.0,0.596565,0.0,0.0,0.0
2020-08-24T11:40:45.875000Z,2020-08-24T11:40:47.182000Z,903.889,1307.0,128.0,134.933,0.0,0.0,0.0,81.0,0.057082,0.0,0.0,0.0
2020-08-24T11:40:47.892000Z,2020-08-24T11:40:49.254000Z,987.145,1362.0,117.0,130.868,0.0,0.0,0.0,81.0,0.057082,0.0,0.0,0.0
2020-08-24T11:40:49.879000Z,2020-08-24T11:40:50.721999Z,624.575,843.0,118.0,133.466,0.0,0.0,0.0,81.0,0.157487,0.0,0.0,0.0
2020-08-24T11:40:51.886000Z,2020-08-24T11:40:52.886000Z,676.597,1000.0,120.0,114.439,0.0,0.0,0.0,81.0,0.74739,0.0,0.0,0.0
2020-08-24T11:40:53.902000Z,2020-08-24T11:40:54.814000Z,622.226,912.0,124.0,108.302,0.0,0.0,0.0,81.0,0.45345,0.0,0.0,0.0
2020-08-24T11:40:55.889999Z,2020-08-24T11:40:56.841999Z,641.713,952.0,116.0,129.114,0.0,0.0,0.0,81.0,0.042575,0.0,0.0,0.0
2020-08-24T11:40:57.895000Z,2020-08-24T11:40:59.337999Z,815.576,1443.0,116.0,135.105,0.0,0.0,0.0,81.0,0.03106,0.0,0.0,0.0
2020-08-24T11:40:59.895000Z,2020-08-24T11:41:00.785999Z,604.866,891.0,112.0,126.945,0.0,0.0,0.0,81.0,0.625578,0.0,0.0,0.0
2020-08-24T11:41:01.889999Z,2020-08-24T11:41:02.713999Z,534.729,824.0,132.0,142.595,0.0,0.0,0.0,81.0,0.041572,0.0,0.0,0.0
2020-08-24T11:41:03.895000Z,2020-08-24T11:41:04.513999Z,407.322,619.0,132.0,107.824,0.0,0.0,0.0,81.0,0.452749,0.0,0.0,0.0
2020-08-24T11:41:05.895000Z,2020-08-24T11:41:06.542000Z,409.744,647.0,112.0,106.043,0.0,0.0,0.0,81.0,0.326012,0.0,0.0,0.0
2020-08-24T11:41:07.895000Z,2020-08-24T11:41:08.873999Z,666.719,979.0,110.0,145.68,0.0,0.0,0.0,81.0,0.145113,0.0,0.0,0.0
2020-08-24T11:41:09.903000Z,2020-08-24T11:41:10.822000Z,685.486,919.0,114.0,137.339,0.0,0.0,0.0,81.0,0.038097,0.0,0.0,0.0
2020-08-24T11:41:11.897999Z,2020-08-24T11:41:12.329999Z,251.432,432.0,132.0,119.877,0.0,0.0,0.0,81.0,0.810666,0.0,0.0,0.0
2020-08-24T11:41:13.906000Z,2020-08-24T11:41:14.358000Z,246.046,452.0,134.0,111.86,0.0,0.0,0.0,81.0,0.67047,0.0,0.0,0.0
2020-08-24T11:41:15.906000Z,2020-08-24T11:41:16.401999Z,251.887,496.0,124.0,121.992,0.0,0.0,0.0,81.0,0.12475,0.0,0.0,0.0
2020-08-24T11:41:17.907000Z,2020-08-24T11:41:18.385999Z,269.518,479.0,124.0,105.053,0.0,0.0,0.0,81.0,0.442838,0.0,0.0,0.0
2020-08-24T11:41:19.906000Z,2020-08-24T11:41:20.385999Z,267.695,480.0,124.0,128.673,0.0,0.0,0.0,81.0,0.341562,0.0,0.0,0.0
2020-08-24T11:41:21.918000Z,2020-08-24T11:41:22.366000Z,255.596,448.0,125.0,129.467,0.0,0.0,0.0,81.0,0.172978,0.0,0.0,0.0
2020-08-24T11:41:23.911000Z,2020-08-24T11:41:24.841999Z,610.501,931.0,128.0,119.644,0.0,0.0,0.0,81.0,0.427818,0.0,0.0,0.0
2020-08-24T11:41:25.915000Z,2020-08-24T11:41:27.014000Z,775.792,1099.0,128.0,132.393,0.0,0.0,0.0,81.0,0.085197,0.0,0.0,0.0
2020-08-24T11:41:27.927000Z,2020-08-24T11:41:28.934000Z,637.341,1006.9999999999999,128.0,114.432,0.0,0.0,0.0,81.0,0.415616,0.0,0.0,0.0
2020-08-24T11:41:29.927000Z,2020-08-24T11:41:30.713999Z,592.003,787.0,122.0,143.044,0.0,0.0,0.0,81.0,0.008427,0.0,0.0,0.0
2020-08-24T11:41:31.927000Z,2020-08-24T11:41:32.662000Z,531.687,735.0,122.0,118.355,0.0,0.0,0.0,81.0,0.803532,0.0,0.0,0.0
2020-08-24T11:41:33.927000Z,2020-08-24T11:41:34.870000Z,655.058,943.0,124.0,134.887,0.0,0.0,0.0,81.0,0.065372,0.0,0.0,0.0
2020-08-24T11:41:35.931000Z,2020-08-24T11:41:36.929999Z,666.253,999.0,124.0,124.295,0.0,0.0,0.0,81.0,0.045166,0.0,0.0,0.0
2020-08-24T11:41:37.935000Z,2020-08-24T11:41:38.750000Z,611.302,815.0,122.0,132.267,0.0,0.0,0.0,81.0,0.015097,0.0,0.0,0.0
2020-08-24T11:41:39.935000Z,2020-08-24T11:41:40.846000Z,604.105,911.0,122.0,127.163,0.0,0.0,0.0,81.0,0.800368,0.0,0.0,0.0
2020-08-24T11:41:41.889999Z,2020-08-24T11:41:43.022000Z,595.326,1132.0,122.0,118.89,0.0,0.0,0.0,81.0,0.422788,0.0,0.0,0.0
2020-08-24T11:41:43.935000Z,2020-08-24T11:41:45.089999Z,806.03,1155.0,118.0,100.945,0.0,0.0,0.0,81.0,0.56296,0.0,0.0,0.0
2020-08-24T11:41:45.934000Z,2020-08-24T11:41:46.446000Z,355.151,512.0,116.0,123.952,0.0,0.0,0.0,81.0,0.056351,0.0,0.0,0.0
