start_time,end_time,size,trans_time,cwnd,rtt,rto,ssthresh,last_snd,min_rtt,delivery_rate,bytes_sent,bytes_retrans,client_trans_time
2020-08-25T05:28:06.010000Z,2020-08-25T05:28:06.182000Z,30.318,172.0,54.0,96.973,0.0,0.0,0.0,26.03,0.457673,0.0,0.0,0.0
2020-08-25T05:28:06.183000Z,2020-08-25T05:28:06.612000Z,239.16,429.0,54.0,78.69,0.0,0.0,0.0,26.03,0.360658,0.0,0.0,0.0
2020-08-25T05:28:06.613000Z,2020-08-25T05:28:06.728000Z,80.171,115.0,54.0,89.071,0.0,0.0,0.0,26.03,0.808147,0.0,0.0,0.0
2020-08-25T05:28:06.728000Z,2020-08-25T05:28:06.804000Z,23.696,76.0,60.0,54.9,0.0,0.0,0.0,26.03,1.0721,0.0,0.0,0.0
2020-08-25T05:28:06.804000Z,2020-08-25T05:28:06.873999Z,28.775,70.0,58.0,46.323,0.0,0.0,0.0,26.03,1.0721,0.0,0.0,0.0
2020-08-25T05:28:06.873999Z,2020-08-25T05:28:07.014000Z,68.447,140.0,58.0,43.805,0.0,0.0,0.0,26.03,1.0721,0.0,0.0,0.0
2020-08-25T05:28:07.015000Z,2020-08-25T05:28:07.225999Z,202.046,211.0,58.0,49.454,0.0,0.0,0.0,26.03,0.863631,0.0,0.0,0.0
2020-08-25T05:28:07.228000Z,2020-08-25T05:28:08.697000Z,1462.929,1469.0,66.0,47.631,0.0,0.0,0.0,26.03,1.24222,0.0,0.0,0.0
2020-08-25T05:28:08.700000Z,2020-08-25T05:28:11.008000Z,1533.834,2308.0,70.0,102.181,0.0,0.0,0.0,26.03,0.5976,0.0,0.0,0.0
2020-08-25T05:28:11.010000Z,2020-08-25T05:28:12.289999Z,1541.31,1280.0,66.0,59.083,0.0,0.0,0.0,26.03,1.363074,0.0,0.0,0.0
2020-08-25T05:28:12.292000Z,2020-08-25T05:28:13.152000Z,1004.271,860.0,74.0,85.599,0.0,0.0,0.0,26.03,0.81549,0.0,0.0,0.0
2020-08-25T05:28:13.493000Z,2020-08-25T05:28:14.024000Z,576.274,531.0,78.0,90.052,0.0,0.0,0.0,26.03,1.086341,0.0,0.0,0.0
2020-08-25T05:28:15.489999Z,2020-08-25T05:28:15.833999Z,521.086,344.0,72.0,93.915,0.0,0.0,0.0,26.03,0.399401,0.0,0.0,0.0
2020-08-25T05:28:17.495000Z,2020-08-25T05:28:18.009999Z,570.071,515.0,88.0,74.031,0.0,0.0,0.0,26.03,1.878526,0.0,0.0,0.0
2020-08-25T05:28:19.487000Z,2020-08-25T05:28:19.849000Z,545.12,362.0,114.0,122.079,0.0,0.0,0.0,26.03,1.389878,0.0,0.0,0.0
2020-08-25T05:28:21.487000Z,2020-08-25T05:28:21.912000Z,651.224,425.0,104.0,59.052,0.0,0.0,0.0,26.03,1.452433,0.0,0.0,0.0
2020-08-25T05:28:23.488999Z,2020-08-25T05:28:23.921999Z,584.143,433.0,104.0,83.663,0.0,0.0,0.0,26.03,1.63324,0.0,0.0,0.0
2020-08-25T05:28:25.488999Z,2020-08-25T05:28:25.824000Z,494.265,335.0,72.0,63.125,0.0,0.0,0.0,26.03,1.023519,0.0,0.0,0.0
2020-08-25T05:28:27.488999Z,2020-08-25T05:28:28.118000Z,1057.464,629.0,90.0,58.887,0.0,0.0,0.0,26.03,1.309496,0.0,0.0,0.0
2020-08-25T05:28:29.497000Z,2020-08-25T05:28:30.036000Z,960.444,539.0,100.0,54.878,0.0,0.0,0.0,26.03,1.87417,0.0,0.0,0.0
2020-08-25T05:28:31.501000Z,2020-08-25T05:28:32.654000Z,942.755,1153.0,108.0,60.308,0.0,0.0,0.0,26.03,1.914305,0.0,0.0,0.0
2020-08-25T05:28:33.493000Z,2020-08-25T05:28:34.180000Z,969.045,687.0,108.0,193.822,0.0,0.0,0.0,26.03,0.672618,0.0,0.0,0.0
2020-08-25T05:28:35.488999Z,2020-08-25T05:28:36.560000Z,994.368,1071.0,82.0,69.783,0.0,0.0,0.0,26.03,0.973634,0.0,0.0,0.0
2020-08-25T05:28:37.486000Z,2020-08-25T05:28:38.191000Z,435.319,705.0,140.0,185.131,0.0,0.0,0.0,26.03,0.970274,0.0,0.0,0.0
2020-08-25T05:28:39.487000Z,2020-08-25T05:28:39.957000Z,553.144,470.0,66.0,68.876,0.0,0.0,0.0,26.03,1.046787,0.0,0.0,0.0
2020-08-25T05:28:41.487000Z,2020-08-25T05:28:42.967000Z,1156.182,1480.0,74.0,67.71,0.0,0.0,0.0,26.03,1.259978,0.0,0.0,0.0
2020-08-25T05:28:43.489999Z,2020-08-25T05:28:45.280000Z,2022.297,1790.0,78.0,58.712,0.0,0.0,0.0,26.03,1.438565,0.0,0.0,0.0
2020-08-25T05:28:45.488999Z,2020-08-25T05:28:47.140000Z,1958.179,1651.0,70.0,78.827,0.0,0.0,0.0,26.03,0.970854,0.0,0.0,0.0
2020-08-25T05:28:47.488999Z,2020-08-25T05:28:48.990000Z,1947.61,1501.0,92.0,53.522,0.0,0.0,0.0,26.03,1.795163,0.0,0.0,0.0
2020-08-25T05:28:49.489999Z,2020-08-25T05:28:50.984000Z,1299.301,1494.0,88.0,90.062,0.0,0.0,0.0,26.03,1.200345,0.0,0.0,0.0
2020-08-25T05:28:51.488000Z,2020-08-25T05:28:51.876000Z,604.967,388.0,84.0,46.692,0.0,0.0,0.0,26.03,1.389652,0.0,0.0,0.0
2020-08-25T05:28:53.488000Z,2020-08-25T05:28:54.288000Z,834.235,800.0,92.0,62.413,0.0,0.0,0.0,26.03,1.589088,0.0,0.0,0.0
2020-08-25T05:28:55.486000Z,2020-08-25T05:28:55.630000Z,169.062,144.0,88.0,106.004,0.0,0.0,0.0,26.03,1.189448,0.0,0.0,0.0
2020-08-25T05:28:57.487000Z,2020-08-25T05:28:57.852000Z,396.324,365.0,78.0,64.2,0.0,0.0,0.0,26.03,1.381218,0.0,0.0,0.0
2020-08-25T05:28:59.488000Z,2020-08-25T05:28:59.889000Z,547.23,401.0,78.0,53.897,0.0,0.0,0.0,26.03,1.310147,0.0,0.0,0.0
2020-08-25T05:29:01.488000Z,2020-08-25T05:29:02.284000Z,1070.551,796.0,76.0,50.258,0.0,0.0,0.0,26.03,1.275633,0.0,0.0,0.0
2020-08-25T05:29:03.488000Z,2020-08-25T05:29:04.027000Z,812.837,539.0,86.0,48.104,0.0,0.0,0.0,26.03,1.524551,0.0,0.0,0.0
2020-08-25T05:29:05.737000Z,2020-08-25T05:29:06.469000Z,1184.047,732.0,84.0,61.983,0.0,0.0,0.0,26.03,1.458522,0.0,0.0,0.0
2020-08-25T05:29:07.737000Z,2020-08-25T05:29:08.809000Z,1038.288,1072.0,90.0,52.379,0.0,0.0,0.0,26.03,1.923619,0.0,0.0,0.0
2020-08-25T05:29:09.737000Z,2020-08-25T05:29:10.196000Z,652.014,459.0,70.0,83.339,0.0,0.0,0.0,26.03,1.222815,0.0,0.0,0.0
2020-08-25T05:29:11.741000Z,2020-08-25T05:29:12.496000Z,606.218,755.0,88.0,77.224,0.0,0.0,0.0,26.03,1.041301,0.0,0.0,0.0
2020-08-25T05:29:13.737000Z,2020-08-25T05:29:14.185999Z,585.34,449.0,88.0,116.98,0.0,0.0,0.0,26.03,0.824404,0.0,0.0,0.0
2020-08-25T05:29:15.744000Z,2020-08-25T05:29:16.881999Z,1237.813,1138.0,86.0,111.114,0.0,0.0,0.0,26.03,0.79787,0.0,0.0,0.0
2020-08-25T05:29:17.743000Z,2020-08-25T05:29:19.485000Z,1183.357,1742.0,76.0,50.398,0.0,0.0,0.0,26.03,1.082845,0.0,0.0,0.0
2020-08-25T05:29:19.740000Z,2020-08-25T05:29:21.169999Z,1153.881,1430.0,90.0,46.41,0.0,0.0,0.0,26.03,1.224476,0.0,0.0,0.0
2020-08-25T05:29:21.737000Z,2020-08-25T05:29:23.804000Z,1018.8,2067.0,68.0,239.453,0.0,0.0,0.0,26.03,0.548033,0.0,0.0,0.0
2020-08-25T05:29:23.804999Z,2020-08-25T05:29:24.544000Z,204.488,739.0,44.0,98.336,0.0,0.0,0.0,26.03,0.455469,0.0,0.0,0.0
2020-08-25T05:29:26.238000Z,2020-08-25T05:29:28.439000Z,1208.637,2201.0,40.0,93.092,0.0,0.0,0.0,26.03,0.372669,0.0,0.0,0.0
2020-08-25T05:29:28.441000Z,2020-08-25T05:29:29.636000Z,1269.663,1195.0,42.0,129.694,0.0,0.0,0.0,26.03,0.445281,0.0,0.0,0.0
2020-08-25T05:29:29.638000Z,2020-08-25T05:29:30.712000Z,1273.223,1074.0,66.0,45.244,0.0,0.0,0.0,26.03,1.373379,0.0,0.0,0.0
2020-08-25T05:29:32.225999Z,2020-08-25T05:29:34.334000Z,2731.548,2108.0,74.0,65.379,0.0,0.0,0.0,26.03,1.101371,0.0,0.0,0.0
2020-08-25T05:29:34.339000Z,2020-08-25T05:29:36.232000Z,3055.911,1893.0,108.0,220.777,0.0,0.0,0.0,26.03,0.691012,0.0,0.0,0.0
2020-08-25T05:29:36.233000Z,2020-08-25T05:29:36.661000Z,736.751,428.0,84.0,45.68,0.0,0.0,0.0,26.03,1.783911,0.0,0.0,0.0
2020-08-25T05:29:38.227000Z,2020-08-25T05:29:38.697000Z,718.211,470.0,98.0,68.54,0.0,0.0,0.0,26.03,1.940084,0.0,0.0,0.0
2020-08-25T05:29:40.227000Z,2020-08-25T05:29:40.568000Z,491.338,341.0,98.0,104.106,0.0,0.0,0.0,26.03,1.05153,0.0,0.0,0.0
2020-08-25T05:29:42.228999Z,2020-08-25T05:29:42.752000Z,650.941,523.0,98.0,65.91,0.0,0.0,0.0,26.03,1.535103,0.0,0.0,0.0
2020-08-25T05:29:44.223000Z,2020-08-25T05:29:44.750000Z,764.152,527.0,82.0,45.086,0.0,0.0,0.0,26.03,1.32621,0.0,0.0,0.0
2020-08-25T05:29:46.223000Z,2020-08-25T05:29:46.699000Z,756.756,476.0,82.0,86.887,0.0,0.0,0.0,26.03,1.497415,0.0,0.0,0.0
2020-08-25T05:29:48.225999Z,2020-08-25T05:29:49.084000Z,1195.591,858.0,100.0,53.926,0.0,0.0,0.0,26.03,1.901237,0.0,0.0,0.0
2020-08-25T05:29:50.236000Z,2020-08-25T05:29:50.989000Z,820.15,753.0,96.0,70.308,0.0,0.0,0.0,26.03,1.189655,0.0,0.0,0.0
2020-08-25T05:29:52.224000Z,2020-08-25T05:29:52.952000Z,1154.484,728.0,78.0,57.989,0.0,0.0,0.0,26.03,1.632587,0.0,0.0,0.0
2020-08-25T05:29:54.228999Z,2020-08-25T05:29:55.025999Z,942.856,797.0,104.0,98.533,0.0,0.0,0.0,26.03,1.176372,0.0,0.0,0.0
2020-08-25T05:29:56.225000Z,2020-08-25T05:29:57.383000Z,1580.185,1158.0,80.0,142.2,0.0,0.0,0.0,26.03,0.957787,0.0,0.0,0.0
2020-08-25T05:29:58.231000Z,2020-08-25T05:29:58.734000Z,412.184,503.0,102.0,49.787,0.0,0.0,0.0,26.03,2.131386,0.0,0.0,0.0
2020-08-25T05:30:00.222000Z,2020-08-25T05:30:00.625000Z,497.552,403.0,102.0,111.316,0.0,0.0,0.0,26.03,1.01568,0.0,0.0,0.0
2020-08-25T05:30:02.225000Z,2020-08-25T05:30:03.428000Z,1307.429,1203.0,102.0,88.801,0.0,0.0,0.0,26.03,1.875294,0.0,0.0,0.0
2020-08-25T05:30:04.224000Z,2020-08-25T05:30:04.921000Z,1201.906,697.0,86.0,50.573,0.0,0.0,0.0,26.03,1.81023,0.0,0.0,0.0
2020-08-25T05:30:06.225000Z,2020-08-25T05:30:08.558000Z,1183.139,2333.0,94.0,47.14,0.0,0.0,0.0,26.03,1.779247,0.0,0.0,0.0
2020-08-25T05:30:08.560000Z,2020-08-25T05:30:10.494000Z,1320.435,1934.0,46.0,72.63,0.0,0.0,0.0,26.03,0.624779,0.0,0.0,0.0
2020-08-25T05:30:10.496000Z,2020-08-25T05:30:12.038000Z,959.42,1542.0,44.0,100.383,0.0,0.0,0.0,26.03,0.761987,0.0,0.0,0.0
2020-08-25T05:30:12.040000Z,2020-08-25T05:30:14.252000Z,1221.355,2212.0,48.0,79.87,0.0,0.0,0.0,26.03,0.651457,0.0,0.0,0.0
2020-08-25T05:30:14.254000Z,2020-08-25T05:30:15.214000Z,1105.422,960.0,52.0,54.389,0.0,0.0,0.0,26.03,0.892458,0.0,0.0,0.0
2020-08-25T05:30:16.225000Z,2020-08-25T05:30:18.780000Z,1803.341,2555.0,76.0,46.618,0.0,0.0,0.0,26.03,1.680812,0.0,0.0,0.0
2020-08-25T05:30:18.782000Z,2020-08-25T05:30:20.126000Z,1511.344,1344.0,98.0,436.932,0.0,0.0,0.0,26.03,0.061846,0.0,0.0,0.0
2020-08-25T05:30:20.128000Z,2020-08-25T05:30:23.720000Z,1694.625,3592.0,180.0,90.393,0.0,0.0,0.0,26.03,1.894725,0.0,0.0,0.0
2020-08-25T05:30:23.722000Z,2020-08-25T05:30:25.880000Z,1452.905,2158.0,180.0,408.436,0.0,0.0,0.0,26.03,0.134524,0.0,0.0,0.0
2020-08-25T05:30:25.884000Z,2020-08-25T05:30:27.507000Z,2084.863,1623.0,94.0,127.812,0.0,0.0,0.0,26.03,0.779019,0.0,0.0,0.0
2020-08-25T05:30:27.510000Z,2020-08-25T05:30:28.311000Z,1202.008,801.0,104.0,51.277,0.0,0.0,0.0,26.03,2.33813,0.0,0.0,0.0
2020-08-25T05:30:28.313000Z,2020-08-25T05:30:30.129999Z,1434.454,1817.0,104.0,51.686,0.0,0.0,0.0,26.03,1.814898,0.0,0.0,0.0
2020-08-25T05:30:30.132000Z,2020-08-25T05:30:32.492000Z,1737.659,2360.0,102.0,188.543,0.0,0.0,0.0,26.03,0.929864,0.0,0.0,0.0
2020-08-25T05:30:32.493000Z,2020-08-25T05:30:32.968000Z,560.998,475.0,54.0,40.721,0.0,0.0,0.0,26.03,0.966159,0.0,0.0,0.0
2020-08-25T05:30:34.223000Z,2020-08-25T05:30:34.844000Z,581.31,621.0,68.0,47.101,0.0,0.0,0.0,26.03,1.119884,0.0,0.0,0.0
2020-08-25T05:30:36.224000Z,2020-08-25T05:30:36.694000Z,562.103,470.0,60.0,62.462,0.0,0.0,0.0,26.03,1.275422,0.0,0.0,0.0
2020-08-25T05:30:38.223000Z,2020-08-25T05:30:38.638000Z,567.073,415.0,66.0,41.092,0.0,0.0,0.0,26.03,1.047839,0.0,0.0,0.0
2020-08-25T05:30:40.221000Z,2020-08-25T05:30:40.625999Z,651.251,405.0,72.0,46.576,0.0,0.0,0.0,26.03,1.143304,0.0,0.0,0.0
2020-08-25T05:30:42.223000Z,2020-08-25T05:30:42.809999Z,574.383,587.0,94.0,43.384,0.0,0.0,0.0,26.03,2.11564,0.0,0.0,0.0
2020-08-25T05:30:44.228000Z,2020-08-25T05:30:45.420000Z,1021.592,1192.0,96.0,53.644,0.0,0.0,0.0,26.03,1.376212,0.0,0.0,0.0
2020-08-25T05:30:46.223000Z,2020-08-25T05:30:47.077000Z,1221.504,854.0,70.0,59.599,0.0,0.0,0.0,26.03,0.468581,0.0,0.0,0.0
2020-08-25T05:30:48.223000Z,2020-08-25T05:30:48.725000Z,533.382,502.0,98.0,41.682,0.0,0.0,0.0,26.03,1.724899,0.0,0.0,0.0
2020-08-25T05:30:50.224000Z,2020-08-25T05:30:50.751000Z,649.55,527.0,98.0,106.403,0.0,0.0,0.0,26.03,1.350539,0.0,0.0,0.0
2020-08-25T05:30:52.223000Z,2020-08-25T05:30:52.686000Z,788.631,463.0,78.0,79.368,0.0,0.0,0.0,26.03,1.192726,0.0,0.0,0.0
2020-08-25T05:30:54.227000Z,2020-08-25T05:30:54.744000Z,579.174,517.0,90.0,47.19,0.0,0.0,0.0,26.03,1.78064,0.0,0.0,0.0
2020-08-25T05:30:56.227000Z,2020-08-25T05:30:56.863000Z,730.126,636.0,90.0,79.361,0.0,0.0,0.0,26.03,1.700068,0.0,0.0,0.0
2020-08-25T05:30:58.224000Z,2020-08-25T05:30:58.763000Z,863.396,539.0,4.0,41.535,0.0,0.0,0.0,26.03,1.25112,0.0,0.0,0.0
2020-08-25T05:31:00.237000Z,2020-08-25T05:31:00.992000Z,1165.549,755.0,94.0,73.172,0.0,0.0,0.0,26.03,1.119794,0.0,0.0,0.0
2020-08-25T05:31:02.225000Z,2020-08-25T05:31:03.084000Z,1204.919,859.0,92.0,61.708,0.0,0.0,0.0,26.03,1.974845,0.0,0.0,0.0
2020-08-25T05:31:04.227000Z,2020-08-25T05:31:05.174000Z,672.843,947.0,116.0,72.739,0.0,0.0,0.0,26.03,1.307828,0.0,0.0,0.0
2020-08-25T05:31:06.223000Z,2020-08-25T05:31:06.821000Z,395.27,598.0,116.0,122.989,0.0,0.0,0.0,26.03,1.430608,0.0,0.0,0.0
2020-08-25T05:31:08.225999Z,2020-08-25T05:31:09.212000Z,129.154,986.0,116.0,207.62,0.0,0.0,0.0,26.03,0.5719,0.0,0.0,0.0
2020-08-25T05:31:10.223000Z,2020-08-25T05:31:11.406000Z,606.998,1183.0,62.0,460.988,0.0,0.0,0.0,26.03,0.013178,0.0,0.0,0.0
2020-08-25T05:31:12.225999Z,2020-08-25T05:31:13.225000Z,1310.078,999.0,94.0,151.379,0.0,0.0,0.0,26.03,0.433363,0.0,0.0,0.0
2020-08-25T05:31:14.222000Z,2020-08-25T05:31:14.941000Z,1161.54,719.0,80.0,42.268,0.0,0.0,0.0,26.03,1.936339,0.0,0.0,0.0
2020-08-25T05:31:16.224000Z,2020-08-25T05:31:16.943000Z,1238.031,719.0,86.0,52.289,0.0,0.0,0.0,26.03,2.099338,0.0,0.0,0.0
2020-08-25T05:31:18.224000Z,2020-08-25T05:31:19.273999Z,1372.954,1050.0,92.0,41.792,0.0,0.0,0.0,26.03,1.675873,0.0,0.0,0.0
2020-08-25T05:31:20.223000Z,2020-08-25T05:31:20.745999Z,707.169,523.0,72.0,46.797,0.0,0.0,0.0,26.03,1.258566,0.0,0.0,0.0
2020-08-25T05:31:22.221000Z,2020-08-25T05:31:22.723000Z,710.779,502.0,74.0,42.178,0.0,0.0,0.0,26.03,1.683212,0.0,0.0,0.0
2020-08-25T05:31:24.225999Z,2020-08-25T05:31:24.929999Z,502.217,704.0,82.0,49.061,0.0,0.0,0.0,26.03,1.293036,0.0,0.0,0.0
2020-08-25T05:31:26.714000Z,2020-08-25T05:31:27.024000Z,480.34,310.0,144.0,259.477,0.0,0.0,0.0,26.03,0.597431,0.0,0.0,0.0
2020-08-25T05:31:28.223000Z,2020-08-25T05:31:28.728000Z,753.838,505.0,100.0,66.298,0.0,0.0,0.0,26.03,1.639649,0.0,0.0,0.0
2020-08-25T05:31:30.223000Z,2020-08-25T05:31:30.756000Z,873.136,533.0,94.0,70.088,0.0,0.0,0.0,26.059,0.921935,0.0,0.0,0.0
2020-08-25T05:31:32.223000Z,2020-08-25T05:31:32.665999Z,870.012,443.0,104.0,62.59,0.0,0.0,0.0,26.059,1.709472,0.0,0.0,0.0
2020-08-25T05:31:34.225000Z,2020-08-25T05:31:34.633999Z,689.679,409.0,114.0,43.001,0.0,0.0,0.0,26.059,2.538499,0.0,0.0,0.0
2020-08-25T05:31:36.246000Z,2020-08-25T05:31:36.702000Z,549.619,456.0,114.0,67.99,0.0,0.0,0.0,26.059,2.324947,0.0,0.0,0.0
2020-08-25T05:31:38.228999Z,2020-08-25T05:31:38.536000Z,411.908,307.0,100.0,108.403,0.0,0.0,0.0,26.059,1.346549,0.0,0.0,0.0
2020-08-25T05:31:40.225999Z,2020-08-25T05:31:40.526000Z,388.135,300.0,100.0,91.351,0.0,0.0,0.0,26.059,1.628087,0.0,0.0,0.0
2020-08-25T05:31:42.223000Z,2020-08-25T05:31:42.444000Z,381.103,221.0,88.0,53.758,0.0,0.0,0.0,26.059,1.703171,0.0,0.0,0.0
2020-08-25T05:31:44.225000Z,2020-08-25T05:31:44.456000Z,418.529,231.0,96.0,42.142,0.0,0.0,0.0,26.059,1.923872,0.0,0.0,0.0
2020-08-25T05:31:46.222000Z,2020-08-25T05:31:46.455000Z,438.779,233.0,100.0,50.001,0.0,0.0,0.0,26.059,2.409012,0.0,0.0,0.0
2020-08-25T05:31:48.228999Z,2020-08-25T05:31:48.472000Z,441.077,243.0,100.0,55.08,0.0,0.0,0.0,26.059,1.301553,0.0,0.0,0.0
2020-08-25T05:31:50.231000Z,2020-08-25T05:31:50.742000Z,457.626,511.0,104.0,49.014,0.0,0.0,0.0,26.059,1.71046,0.0,0.0,0.0
2020-08-25T05:31:52.223000Z,2020-08-25T05:31:52.817999Z,445.623,595.0,104.0,71.296,0.0,0.0,0.0,26.059,1.590344,0.0,0.0,0.0
2020-08-25T05:31:54.222000Z,2020-08-25T05:31:54.568000Z,435.634,346.0,118.0,101.606,0.0,0.0,0.0,26.059,1.178068,0.0,0.0,0.0
2020-08-25T05:31:56.224000Z,2020-08-25T05:31:56.724000Z,457.586,500.0,74.0,114.823,0.0,0.0,0.0,26.059,1.088509,0.0,0.0,0.0
2020-08-25T05:31:58.223000Z,2020-08-25T05:31:58.721999Z,455.926,499.0,76.0,65.61,0.0,0.0,0.0,26.059,0.897742,0.0,0.0,0.0
2020-08-25T05:32:00.232000Z,2020-08-25T05:32:00.869000Z,646.87,637.0,76.0,87.787,0.0,0.0,0.0,26.059,1.054946,0.0,0.0,0.0
2020-08-25T05:32:02.228999Z,2020-08-25T05:32:02.796000Z,574.442,567.0,96.0,67.027,0.0,0.0,0.0,26.059,1.368094,0.0,0.0,0.0
2020-08-25T05:32:04.222000Z,2020-08-25T05:32:04.480000Z,426.034,258.0,96.0,97.315,0.0,0.0,0.0,26.059,1.426002,0.0,0.0,0.0
2020-08-25T05:32:06.234000Z,2020-08-25T05:32:06.597000Z,249.137,363.0,104.0,51.288,0.0,0.0,0.0,26.059,1.73307,0.0,0.0,0.0
2020-08-25T05:32:08.222000Z,2020-08-25T05:32:08.373000Z,239.049,151.0,104.0,165.443,0.0,0.0,0.0,26.059,0.61303,0.0,0.0,0.0
2020-08-25T05:32:10.222000Z,2020-08-25T05:32:10.400000Z,265.793,178.0,104.0,53.751,0.0,0.0,0.0,26.059,1.982576,0.0,0.0,0.0
2020-08-25T05:32:12.222000Z,2020-08-25T05:32:12.611000Z,321.031,389.0,106.0,75.581,0.0,0.0,0.0,26.059,1.394149,0.0,0.0,0.0
2020-08-25T05:32:14.220000Z,2020-08-25T05:32:14.433999Z,267.107,214.0,106.0,153.36,0.0,0.0,0.0,26.059,0.750364,0.0,0.0,0.0
2020-08-25T05:32:16.224000Z,2020-08-25T05:32:17.313000Z,1302.12,1089.0,98.0,59.385,0.0,0.0,0.0,26.059,1.397619,0.0,0.0,0.0
2020-08-25T05:32:18.227000Z,2020-08-25T05:32:19.381000Z,1839.903,1154.0,84.0,61.995,0.0,0.0,0.0,26.059,1.164679,0.0,0.0,0.0
2020-08-25T05:32:20.227000Z,2020-08-25T05:32:21.944000Z,1754.136,1717.0,96.0,68.263,0.0,0.0,0.0,26.059,2.091623,0.0,0.0,0.0
2020-08-25T05:32:21.947000Z,2020-08-25T05:32:23.236000Z,1803.051,1289.0,70.0,86.748,0.0,0.0,0.0,26.059,0.494248,0.0,0.0,0.0
2020-08-25T05:32:24.244000Z,2020-08-25T05:32:25.117000Z,1409.279,873.0,92.0,58.156,0.0,0.0,0.0,26.059,1.933681,0.0,0.0,0.0
2020-08-25T05:32:26.227000Z,2020-08-25T05:32:26.496000Z,457.019,269.0,94.0,98.575,0.0,0.0,0.0,26.059,1.176438,0.0,0.0,0.0
2020-08-25T05:32:28.223000Z,2020-08-25T05:32:28.510000Z,455.1,287.0,98.0,62.385,0.0,0.0,0.0,26.059,1.793739,0.0,0.0,0.0
2020-08-25T05:32:30.222000Z,2020-08-25T05:32:30.576000Z,447.519,354.0,92.0,53.874,0.0,0.0,0.0,26.059,1.62277,0.0,0.0,0.0
2020-08-25T05:32:32.224000Z,2020-08-25T05:32:32.748000Z,622.607,524.0,92.0,84.514,0.0,0.0,0.0,26.059,1.165947,0.0,0.0,0.0
2020-08-25T05:32:34.223000Z,2020-08-25T05:32:34.984000Z,1027.17,761.0,70.0,64.442,0.0,0.0,0.0,26.059,1.076184,0.0,0.0,0.0
2020-08-25T05:32:36.224000Z,2020-08-25T05:32:37.011000Z,1310.209,787.0,78.0,46.598,0.0,0.0,0.0,26.059,1.58989,0.0,0.0,0.0
2020-08-25T05:32:38.224000Z,2020-08-25T05:32:39.113999Z,1369.276,890.0,100.0,81.238,0.0,0.0,0.0,26.059,1.461427,0.0,0.0,0.0
2020-08-25T05:32:40.225000Z,2020-08-25T05:32:41.380000Z,1902.318,1155.0,80.0,74.222,0.0,0.0,0.0,26.059,1.570964,0.0,0.0,0.0
2020-08-25T05:32:42.227000Z,2020-08-25T05:32:43.472000Z,1743.662,1245.0,96.0,58.341,0.0,0.0,0.0,26.059,1.997824,0.0,0.0,0.0
2020-08-25T05:32:44.222000Z,2020-08-25T05:32:44.409999Z,163.607,188.0,88.0,88.001,0.0,0.0,0.0,26.059,1.091476,0.0,0.0,0.0
2020-08-25T05:32:46.222000Z,2020-08-25T05:32:46.358000Z,183.466,136.0,88.0,61.993,0.0,0.0,0.0,26.059,1.509043,0.0,0.0,0.0
2020-08-25T05:32:48.236000Z,2020-08-25T05:32:48.381000Z,165.124,145.0,88.0,46.484,0.0,0.0,0.0,26.059,1.51661,0.0,0.0,0.0
2020-08-25T05:32:50.224000Z,2020-08-25T05:32:50.990000Z,1211.526,766.0,88.0,44.015,0.0,0.0,0.0,26.059,1.701787,0.0,0.0,0.0
2020-08-25T05:32:52.223000Z,2020-08-25T05:32:53.256000Z,1446.682,1033.0,90.0,69.278,0.0,0.0,0.0,26.059,1.058331,0.0,0.0,0.0
2020-08-25T05:32:54.227000Z,2020-08-25T05:32:55.341000Z,1614.67,1114.0,100.0,52.126,0.0,0.0,0.0,26.059,1.043905,0.0,0.0,0.0
2020-08-25T05:32:56.233000Z,2020-08-25T05:32:56.932000Z,1392.189,699.0,110.0,83.05,0.0,0.0,0.0,26.059,1.606722,0.0,0.0,0.0
2020-08-25T05:32:58.230000Z,2020-08-25T05:32:58.971000Z,1114.167,741.0,110.0,70.992,0.0,0.0,0.0,26.059,1.666518,0.0,0.0,0.0
2020-08-25T05:33:00.223000Z,2020-08-25T05:33:00.901000Z,1108.836,678.0,100.0,89.401,0.0,0.0,0.0,26.059,1.466143,0.0,0.0,0.0
2020-08-25T05:33:02.223000Z,2020-08-25T05:33:02.924000Z,1038.078,701.0,100.0,52.685,0.0,0.0,0.0,26.059,1.29951,0.0,0.0,0.0
2020-08-25T05:33:04.223000Z,2020-08-25T05:33:04.460000Z,268.31,237.0,84.0,68.65,0.0,0.0,0.0,26.059,1.306378,0.0,0.0,0.0
2020-08-25T05:33:06.238000Z,2020-08-25T05:33:07.433000Z,1603.231,1195.0,84.0,69.81,0.0,0.0,0.0,26.059,1.003264,0.0,0.0,0.0
2020-08-25T05:33:08.224000Z,2020-08-25T05:33:09.703000Z,2247.101,1479.0,86.0,112.828,0.0,0.0,0.0,26.059,0.778951,0.0,0.0,0.0
2020-08-25T05:33:10.225999Z,2020-08-25T05:33:11.302000Z,2245.538,1076.0,122.0,82.232,0.0,0.0,0.0,26.059,1.579181,0.0,0.0,0.0
2020-08-25T05:33:12.224000Z,2020-08-25T05:33:13.374000Z,2082.599,1150.0,122.0,83.624,0.0,0.0,0.0,26.059,2.066757,0.0,0.0,0.0
2020-08-25T05:33:14.227000Z,2020-08-25T05:33:15.165000Z,1809.327,938.0,114.0,61.122,0.0,0.0,0.0,26.059,1.550455,0.0,0.0,0.0
2020-08-25T05:33:16.223000Z,2020-08-25T05:33:16.340000Z,173.583,117.0,116.0,109.977,0.0,0.0,0.0,26.059,1.204436,0.0,0.0,0.0
2020-08-25T05:33:18.227000Z,2020-08-25T05:33:18.424000Z,120.751,197.0,106.0,53.849,0.0,0.0,0.0,26.059,2.12707,0.0,0.0,0.0
2020-08-25T05:33:20.223000Z,2020-08-25T05:33:20.958000Z,1012.705,735.0,106.0,103.222,0.0,0.0,0.0,26.059,0.698885,0.0,0.0,0.0
2020-08-25T05:33:22.221000Z,2020-08-25T05:33:22.851000Z,794.5,630.0,108.0,104.753,0.0,0.0,0.0,26.059,0.904286,0.0,0.0,0.0
2020-08-25T05:33:24.225999Z,2020-08-25T05:33:24.861000Z,1248.769,635.0,78.0,61.794,0.0,0.0,0.0,26.059,1.635584,0.0,0.0,0.0
2020-08-25T05:33:26.224000Z,2020-08-25T05:33:26.676000Z,842.572,452.0,110.0,61.884,0.0,0.0,0.0,26.059,2.279047,0.0,0.0,0.0
2020-08-25T05:33:28.221000Z,2020-08-25T05:33:28.632000Z,751.494,411.0,4.0,48.46,0.0,0.0,0.0,26.059,2.200961,0.0,0.0,0.0
2020-08-25T05:33:30.222000Z,2020-08-25T05:33:30.625000Z,770.073,403.0,116.0,70.297,0.0,0.0,0.0,26.059,2.309421,0.0,0.0,0.0
2020-08-25T05:33:32.222000Z,2020-08-25T05:33:32.348000Z,133.657,126.0,110.0,59.48,0.0,0.0,0.0,26.059,2.176124,0.0,0.0,0.0
2020-08-25T05:33:34.222000Z,2020-08-25T05:33:34.345999Z,119.651,124.0,110.0,46.1,0.0,0.0,0.0,26.059,1.916175,0.0,0.0,0.0
2020-08-25T05:33:36.220000Z,2020-08-25T05:33:36.340000Z,162.122,120.0,110.0,54.514,0.0,0.0,0.0,26.059,1.916175,0.0,0.0,0.0
2020-08-25T05:33:38.221000Z,2020-08-25T05:33:38.365000Z,179.132,144.0,110.0,46.681,0.0,0.0,0.0,26.059,1.98952,0.0,0.0,0.0
2020-08-25T05:33:40.227000Z,2020-08-25T05:33:41.344000Z,1464.735,1117.0,110.0,58.789,0.0,0.0,0.0,26.059,1.524353,0.0,0.0,0.0
2020-08-25T05:33:42.225999Z,2020-08-25T05:33:43.377000Z,1737.379,1151.0,88.0,82.092,0.0,0.0,0.0,26.059,1.095135,0.0,0.0,0.0
2020-08-25T05:33:44.227000Z,2020-08-25T05:33:45.036000Z,1421.732,809.0,92.0,43.635,0.0,0.0,0.0,26.059,1.817398,0.0,0.0,0.0
2020-08-25T05:33:46.225000Z,2020-08-25T05:33:46.831000Z,1021.65,606.0,104.0,70.49,0.0,0.0,0.0,26.059,1.645819,0.0,0.0,0.0
2020-08-25T05:33:48.228000Z,2020-08-25T05:33:48.833999Z,719.153,606.0,104.0,71.239,0.0,0.0,0.0,26.059,1.698726,0.0,0.0,0.0
2020-08-25T05:33:50.223000Z,2020-08-25T05:33:50.763000Z,811.655,540.0,90.0,96.781,0.0,0.0,0.0,26.059,1.214228,0.0,0.0,0.0
2020-08-25T05:33:52.224000Z,2020-08-25T05:33:53.100000Z,1072.874,876.0,98.0,60.035,0.0,0.0,0.0,26.059,1.380397,0.0,0.0,0.0
2020-08-25T05:33:54.225999Z,2020-08-25T05:33:55.214000Z,1187.727,988.0,92.0,57.955,0.0,0.0,0.0,26.059,1.094121,0.0,0.0,0.0
2020-08-25T05:33:56.224000Z,2020-08-25T05:33:57.097999Z,1172.204,874.0,194.0,175.217,0.0,0.0,0.0,26.059,1.520471,0.0,0.0,0.0
2020-08-25T05:33:58.223000Z,2020-08-25T05:33:58.924000Z,796.421,701.0,90.0,58.798,0.0,0.0,0.0,26.059,1.824969,0.0,0.0,0.0
2020-08-25T05:34:00.224000Z,2020-08-25T05:34:00.633999Z,403.279,410.0,90.0,92.621,0.0,0.0,0.0,26.059,1.131663,0.0,0.0,0.0
2020-08-25T05:34:02.223000Z,2020-08-25T05:34:02.543000Z,394.672,320.0,76.0,85.425,0.0,0.0,0.0,26.059,1.014202,0.0,0.0,0.0
2020-08-25T05:34:04.224000Z,2020-08-25T05:34:05.011000Z,854.892,787.0,82.0,70.131,0.0,0.0,0.0,26.059,1.211553,0.0,0.0,0.0
2020-08-25T05:34:06.228000Z,2020-08-25T05:34:07.324000Z,1787.214,1096.0,78.0,53.195,0.0,0.0,0.0,26.059,1.509395,0.0,0.0,0.0
2020-08-25T05:34:08.235000Z,2020-08-25T05:34:09.350000Z,1459.799,1115.0,96.0,50.606,0.0,0.0,0.0,26.059,2.149941,0.0,0.0,0.0
2020-08-25T05:34:10.223000Z,2020-08-25T05:34:10.685000Z,440.456,462.0,86.0,46.779,0.0,0.0,0.0,26.059,0.929755,0.0,0.0,0.0
2020-08-25T05:34:12.224000Z,2020-08-25T05:34:12.489000Z,407.54,265.0,86.0,100.705,0.0,0.0,0.0,26.059,1.008856,0.0,0.0,0.0
2020-08-25T05:34:14.235000Z,2020-08-25T05:34:15.289999Z,543.616,1055.0,88.0,44.457,0.0,0.0,0.0,26.059,1.825338,0.0,0.0,0.0
2020-08-25T05:34:16.223000Z,2020-08-25T05:34:16.783000Z,521.44,560.0,82.0,89.432,0.0,0.0,0.0,26.059,0.302294,0.0,0.0,0.0
2020-08-25T05:34:18.223000Z,2020-08-25T05:34:19.540000Z,532.763,1317.0,84.0,57.088,0.0,0.0,0.0,26.059,1.652307,0.0,0.0,0.0
2020-08-25T05:34:20.228000Z,2020-08-25T05:34:21.337000Z,550.324,1109.0,52.0,266.407,0.0,0.0,0.0,26.059,0.528452,0.0,0.0,0.0
2020-08-25T05:34:22.227000Z,2020-08-25T05:34:22.912000Z,587.704,685.0,82.0,104.376,0.0,0.0,0.0,26.059,1.252068,0.0,0.0,0.0
2020-08-25T05:34:24.225000Z,2020-08-25T05:34:25.176000Z,577.289,951.0,84.0,131.797,0.0,0.0,0.0,26.059,0.728108,0.0,0.0,0.0
2020-08-25T05:34:26.221000Z,2020-08-25T05:34:26.616000Z,504.013,395.0,84.0,79.206,0.0,0.0,0.0,26.059,1.295037,0.0,0.0,0.0
2020-08-25T05:34:28.223000Z,2020-08-25T05:34:28.841999Z,457.645,619.0,84.0,51.608,0.0,0.0,0.0,26.059,1.551772,0.0,0.0,0.0
2020-08-25T05:34:30.225999Z,2020-08-25T05:34:30.753999Z,655.041,528.0,84.0,87.93,0.0,0.0,0.0,26.059,0.99841,0.0,0.0,0.0
2020-08-25T05:34:32.228999Z,2020-08-25T05:34:32.958000Z,895.263,729.0,86.0,63.575,0.0,0.0,0.0,26.059,0.794557,0.0,0.0,0.0
2020-08-25T05:34:34.222000Z,2020-08-25T05:34:35.213000Z,1139.833,991.0,82.0,75.653,0.0,0.0,0.0,26.059,1.337472,0.0,0.0,0.0
2020-08-25T05:34:36.225000Z,2020-08-25T05:34:37.510000Z,1636.203,1285.0,70.0,95.122,0.0,0.0,0.0,26.059,0.661796,0.0,0.0,0.0
2020-08-25T05:34:38.225000Z,2020-08-25T05:34:42.429000Z,825.602,4204.0,94.0,103.276,0.0,0.0,0.0,26.059,0.016183,0.0,0.0,0.0
2020-08-25T05:34:42.432000Z,2020-08-25T05:34:47.246000Z,1824.127,4814.0,58.0,413.317,0.0,0.0,0.0,26.059,0.101841,0.0,0.0,0.0
2020-08-25T05:34:47.247000Z,2020-08-25T05:34:48.889000Z,558.037,1642.0,64.0,104.802,0.0,0.0,0.0,26.059,0.718999,0.0,0.0,0.0
2020-08-25T05:34:48.891000Z,2020-08-25T05:34:49.839000Z,966.335,948.0,46.0,451.518,0.0,0.0,0.0,26.059,0.168678,0.0,0.0,0.0
2020-08-25T05:34:49.840000Z,2020-08-25T05:34:50.169000Z,205.303,329.0,66.0,66.131,0.0,0.0,0.0,26.059,0.613258,0.0,0.0,0.0
2020-08-25T05:34:50.171000Z,2020-08-25T05:34:51.062000Z,940.566,891.0,66.0,110.016,0.0,0.0,0.0,26.059,0.631135,0.0,0.0,0.0
2020-08-25T05:34:51.064000Z,2020-08-25T05:34:51.716000Z,961.327,652.0,82.0,52.148,0.0,0.0,0.0,26.059,1.642634,0.0,0.0,0.0
2020-08-25T05:34:52.223000Z,2020-08-25T05:34:52.686000Z,683.652,463.0,104.0,96.664,0.0,0.0,0.0,26.059,1.291077,0.0,0.0,0.0
2020-08-25T05:34:54.224000Z,2020-08-25T05:34:54.636000Z,407.901,412.0,104.0,59.264,0.0,0.0,0.0,26.059,1.940358,0.0,0.0,0.0
2020-08-25T05:34:56.232000Z,2020-08-25T05:34:56.715000Z,523.436,483.0,92.0,110.134,0.0,0.0,0.0,26.059,0.970092,0.0,0.0,0.0
2020-08-25T05:34:58.223000Z,2020-08-25T05:34:58.589000Z,466.941,366.0,80.0,127.134,0.0,0.0,0.0,26.059,0.559634,0.0,0.0,0.0
2020-08-25T05:35:00.224000Z,2020-08-25T05:35:00.913999Z,730.823,690.0,82.0,80.3,0.0,0.0,0.0,26.059,1.016735,0.0,0.0,0.0
2020-08-25T05:35:02.225000Z,2020-08-25T05:35:02.716000Z,668.861,491.0,102.0,99.416,0.0,0.0,0.0,26.059,1.436949,0.0,0.0,0.0
2020-08-25T05:35:04.222000Z,2020-08-25T05:35:04.713000Z,426.638,491.0,98.0,58.037,0.0,0.0,0.0,26.059,1.184025,0.0,0.0,0.0
2020-08-25T05:35:06.225000Z,2020-08-25T05:35:06.694000Z,320.448,469.0,98.0,116.157,0.0,0.0,0.0,26.059,0.823905,0.0,0.0,0.0
2020-08-25T05:35:08.223000Z,2020-08-25T05:35:09.037000Z,291.743,814.0,58.0,182.089,0.0,0.0,0.0,26.059,0.620861,0.0,0.0,0.0
2020-08-25T05:35:10.225000Z,2020-08-25T05:35:11.037000Z,600.174,812.0,50.0,177.136,0.0,0.0,0.0,26.059,0.359392,0.0,0.0,0.0
2020-08-25T05:35:12.222000Z,2020-08-25T05:35:12.886000Z,518.221,664.0,46.0,65.222,0.0,0.0,0.0,26.059,0.416518,0.0,0.0,0.0
2020-08-25T05:35:14.223000Z,2020-08-25T05:35:14.583000Z,402.688,360.0,52.0,41.781,0.0,0.0,0.0,26.059,0.995864,0.0,0.0,0.0
2020-08-25T05:35:16.224000Z,2020-08-25T05:35:16.651000Z,556.138,427.0,64.0,47.46,0.0,0.0,0.0,26.059,1.384761,0.0,0.0,0.0
2020-08-25T05:35:18.240000Z,2020-08-25T05:35:18.620000Z,550.934,380.0,80.0,46.576,0.0,0.0,0.0,26.059,1.788349,0.0,0.0,0.0
2020-08-25T05:35:20.223000Z,2020-08-25T05:35:20.622000Z,439.68,399.0,80.0,46.216,0.0,0.0,0.0,26.059,1.692475,0.0,0.0,0.0
2020-08-25T05:35:22.224000Z,2020-08-25T05:35:22.585999Z,499.254,362.0,80.0,97.519,0.0,0.0,0.0,26.059,0.398331,0.0,0.0,0.0
2020-08-25T05:35:24.222000Z,2020-08-25T05:35:24.845000Z,509.691,623.0,80.0,51.51,0.0,0.0,0.0,26.059,1.855431,0.0,0.0,0.0
2020-08-25T05:35:26.224000Z,2020-08-25T05:35:26.640000Z,603.818,416.0,164.0,266.096,0.0,0.0,0.0,26.059,0.734764,0.0,0.0,0.0
2020-08-25T05:35:28.237000Z,2020-08-25T05:35:28.343000Z,129.152,106.0,100.0,50.751,0.0,0.0,0.0,26.059,2.079269,0.0,0.0,0.0
2020-08-25T05:35:30.230000Z,2020-08-25T05:35:31.865000Z,366.997,1635.0,100.0,51.166,0.0,0.0,0.0,26.059,1.640717,0.0,0.0,0.0
2020-08-25T05:35:32.130000Z,2020-08-25T05:35:32.556000Z,228.437,426.0,100.0,376.872,0.0,0.0,0.0,26.059,0.198236,0.0,0.0,0.0
2020-08-25T05:35:34.221000Z,2020-08-25T05:35:34.469000Z,218.663,248.0,94.0,216.925,0.0,0.0,0.0,26.106,0.538362,0.0,0.0,0.0
2020-08-25T05:35:36.228999Z,2020-08-25T05:35:37.007000Z,646.67,778.0,78.0,113.034,0.0,0.0,0.0,26.106,0.972711,0.0,0.0,0.0
2020-08-25T05:35:38.225000Z,2020-08-25T05:35:39.222000Z,1096.735,997.0,60.0,89.217,0.0,0.0,0.0,26.766,0.637458,0.0,0.0,0.0
2020-08-25T05:35:40.221000Z,2020-08-25T05:35:40.621000Z,370.563,400.0,78.0,88.13,0.0,0.0,0.0,26.766,1.081769,0.0,0.0,0.0
2020-08-25T05:35:42.759000Z,2020-08-25T05:35:43.041000Z,356.742,282.0,66.0,60.144,0.0,0.0,0.0,26.766,1.220803,0.0,0.0,0.0
2020-08-25T05:35:44.223000Z,2020-08-25T05:35:44.556000Z,389.541,333.0,72.0,43.091,0.0,0.0,0.0,26.766,1.463427,0.0,0.0,0.0
2020-08-25T05:35:46.223000Z,2020-08-25T05:35:46.468000Z,331.812,245.0,72.0,62.296,0.0,0.0,0.0,26.766,1.358528,0.0,0.0,0.0
2020-08-25T05:35:48.223000Z,2020-08-25T05:35:48.865999Z,329.404,643.0,82.0,73.081,0.0,0.0,0.0,26.766,0.871137,0.0,0.0,0.0
2020-08-25T05:35:50.221000Z,2020-08-25T05:35:50.728000Z,634.659,507.0,4.0,257.016,0.0,0.0,0.0,26.766,0.429056,0.0,0.0,0.0
2020-08-25T05:35:52.235000Z,2020-08-25T05:35:52.713999Z,710.334,479.0,84.0,70.564,0.0,0.0,0.0,26.766,1.285976,0.0,0.0,0.0
2020-08-25T05:35:54.225000Z,2020-08-25T05:35:54.700000Z,611.511,475.0,96.0,48.556,0.0,0.0,0.0,26.766,1.526914,0.0,0.0,0.0
2020-08-25T05:35:56.225000Z,2020-08-25T05:35:56.481999Z,363.499,257.0,96.0,63.35,0.0,0.0,0.0,26.766,1.596417,0.0,0.0,0.0
2020-08-25T05:35:58.222000Z,2020-08-25T05:35:58.747000Z,373.127,525.0,98.0,43.57,0.0,0.0,0.0,26.766,1.692017,0.0,0.0,0.0
2020-08-25T05:36:00.221000Z,2020-08-25T05:36:00.472000Z,302.094,251.0,98.0,195.219,0.0,0.0,0.0,26.766,0.614745,0.0,0.0,0.0
2020-08-25T05:36:02.220000Z,2020-08-25T05:36:02.820000Z,714.737,600.0,98.0,91.519,0.0,0.0,0.0,26.766,1.029185,0.0,0.0,0.0
2020-08-25T05:36:04.225000Z,2020-08-25T05:36:04.726000Z,751.029,501.0,72.0,41.7,0.0,0.0,0.0,26.766,1.722562,0.0,0.0,0.0
2020-08-25T05:36:06.225000Z,2020-08-25T05:36:06.592000Z,561.377,367.0,82.0,51.344,0.0,0.0,0.0,26.766,1.215496,0.0,0.0,0.0
2020-08-25T05:36:08.221000Z,2020-08-25T05:36:08.544000Z,337.492,323.0,94.0,55.453,0.0,0.0,0.0,26.766,1.243171,0.0,0.0,0.0
2020-08-25T05:36:10.225999Z,2020-08-25T05:36:10.473999Z,335.639,248.0,94.0,91.158,0.0,0.0,0.0,26.766,1.043474,0.0,0.0,0.0
2020-08-25T05:36:12.225000Z,2020-08-25T05:36:12.500000Z,367.058,275.0,94.0,84.166,0.0,0.0,0.0,26.766,1.14542,0.0,0.0,0.0
2020-08-25T05:36:14.223000Z,2020-08-25T05:36:14.880000Z,398.798,657.0,88.0,64.205,0.0,0.0,0.0,26.766,2.143696,0.0,0.0,0.0
2020-08-25T05:36:16.222000Z,2020-08-25T05:36:17.494000Z,333.857,1272.0,106.0,103.621,0.0,0.0,0.0,26.766,1.180887,0.0,0.0,0.0
2020-08-25T05:36:18.225000Z,2020-08-25T05:36:18.518000Z,362.195,293.0,106.0,359.658,0.0,0.0,0.0,26.766,0.464654,0.0,0.0,0.0
2020-08-25T05:36:20.220000Z,2020-08-25T05:36:21.081000Z,162.576,861.0,94.0,79.145,0.0,0.0,0.0,26.766,1.072823,0.0,0.0,0.0
2020-08-25T05:36:22.228000Z,2020-08-25T05:36:23.155000Z,214.221,927.0,92.0,167.708,0.0,0.0,0.0,26.766,0.566304,0.0,0.0,0.0
2020-08-25T05:36:24.224000Z,2020-08-25T05:36:24.371000Z,94.984,147.0,92.0,307.102,0.0,0.0,0.0,26.766,0.13133,0.0,0.0,0.0
2020-08-25T05:36:26.223000Z,2020-08-25T05:36:26.408000Z,138.396,185.0,92.0,144.478,0.0,0.0,0.0,26.766,0.781996,0.0,0.0,0.0
2020-08-25T05:36:28.224000Z,2020-08-25T05:36:30.169000Z,331.937,1945.0,54.0,109.479,0.0,0.0,0.0,26.766,0.931488,0.0,0.0,0.0
2020-08-25T05:36:30.169999Z,2020-08-25T05:36:36.293000Z,336.414,6123.0,50.0,482.191,0.0,0.0,0.0,26.766,0.076585,0.0,0.0,0.0
2020-08-25T05:36:36.293000Z,2020-08-25T05:36:36.404000Z,33.188,111.0,106.0,810.913,0.0,0.0,0.0,26.766,0.539026,0.0,0.0,0.0
2020-08-25T05:36:36.404000Z,2020-08-25T05:36:36.606000Z,117.679,202.0,92.0,567.505,0.0,0.0,0.0,26.766,0.539026,0.0,0.0,0.0
2020-08-25T05:36:36.607000Z,2020-08-25T05:36:41.508000Z,823.444,4901.0,68.0,107.945,0.0,0.0,0.0,26.766,0.843443,0.0,0.0,0.0
2020-08-25T05:36:41.508000Z,2020-08-25T05:36:42.052000Z,132.333,544.0,52.0,1434.601,0.0,0.0,0.0,26.766,0.037369,0.0,0.0,0.0
2020-08-25T05:36:42.053000Z,2020-08-25T05:36:43.275000Z,597.51,1222.0,42.0,336.27,0.0,0.0,0.0,26.766,0.09089,0.0,0.0,0.0
2020-08-25T05:36:43.277000Z,2020-08-25T05:36:44.569000Z,812.307,1292.0,50.0,46.375,0.0,0.0,0.0,26.766,1.034589,0.0,0.0,0.0
2020-08-25T05:36:44.570000Z,2020-08-25T05:36:45.295000Z,814.284,725.0,52.0,98.155,0.0,0.0,0.0,26.766,0.765065,0.0,0.0,0.0
2020-08-25T05:36:46.221000Z,2020-08-25T05:36:46.945999Z,771.302,725.0,72.0,81.032,0.0,0.0,0.0,26.766,0.582452,0.0,0.0,0.0
2020-08-25T05:36:48.225000Z,2020-08-25T05:36:48.790000Z,733.742,565.0,70.0,71.79,0.0,0.0,0.0,26.766,1.344626,0.0,0.0,0.0
2020-08-25T05:36:50.225000Z,2020-08-25T05:36:50.878000Z,777.411,653.0,80.0,61.26,0.0,0.0,0.0,26.766,1.286508,0.0,0.0,0.0
2020-08-25T05:36:52.221000Z,2020-08-25T05:36:52.636000Z,626.327,415.0,82.0,77.126,0.0,0.0,0.0,26.766,0.87905,0.0,0.0,0.0
2020-08-25T05:36:54.223000Z,2020-08-25T05:36:54.518000Z,554.165,295.0,88.0,62.921,0.0,0.0,0.0,26.051,0.89653,0.0,0.0,0.0
2020-08-25T05:36:56.227000Z,2020-08-25T05:36:57.342000Z,503.487,1115.0,102.0,54.072,0.0,0.0,0.0,26.051,2.427937,0.0,0.0,0.0
2020-08-25T05:36:58.222000Z,2020-08-25T05:36:58.582000Z,456.119,360.0,102.0,167.691,0.0,0.0,0.0,26.051,0.910247,0.0,0.0,0.0
2020-08-25T05:37:00.221000Z,2020-08-25T05:37:00.449999Z,304.681,229.0,102.0,89.887,0.0,0.0,0.0,26.051,1.295175,0.0,0.0,0.0
2020-08-25T05:37:02.222000Z,2020-08-25T05:37:02.641999Z,338.688,420.0,94.0,84.341,0.0,0.0,0.0,26.051,1.347571,0.0,0.0,0.0
2020-08-25T05:37:04.222000Z,2020-08-25T05:37:04.489000Z,317.699,267.0,112.0,97.869,0.0,0.0,0.0,26.051,1.637221,0.0,0.0,0.0
2020-08-25T05:37:06.221000Z,2020-08-25T05:37:06.745000Z,322.697,524.0,106.0,73.664,0.0,0.0,0.0,26.051,1.392804,0.0,0.0,0.0
2020-08-25T05:37:08.223000Z,2020-08-25T05:37:08.576000Z,508.611,353.0,106.0,206.809,0.0,0.0,0.0,26.051,0.654985,0.0,0.0,0.0
2020-08-25T05:37:10.225000Z,2020-08-25T05:37:10.944000Z,746.422,719.0,120.0,84.122,0.0,0.0,0.0,26.051,1.809403,0.0,0.0,0.0
2020-08-25T05:37:12.225999Z,2020-08-25T05:37:12.773000Z,335.973,547.0,116.0,100.315,0.0,0.0,0.0,26.051,1.274904,0.0,0.0,0.0
2020-08-25T05:37:14.221000Z,2020-08-25T05:37:16.071000Z,601.241,1850.0,90.0,155.112,0.0,0.0,0.0,26.051,0.514193,0.0,0.0,0.0
2020-08-25T05:37:16.072000Z,2020-08-25T05:37:17.092000Z,658.362,1020.0,44.0,299.231,0.0,0.0,0.0,26.051,0.088038,0.0,0.0,0.0
2020-08-25T05:37:18.225999Z,2020-08-25T05:37:19.905000Z,543.912,1679.0,50.0,50.876,0.0,0.0,0.0,26.051,0.724312,0.0,0.0,0.0
2020-08-25T05:37:20.221000Z,2020-08-25T05:37:20.936000Z,557.001,715.0,50.0,173.463,0.0,0.0,0.0,26.051,0.228692,0.0,0.0,0.0
2020-08-25T05:37:22.228000Z,2020-08-25T05:37:22.895000Z,523.86,667.0,54.0,47.019,0.0,0.0,0.0,26.051,0.857706,0.0,0.0,0.0
2020-08-25T05:37:24.347000Z,2020-08-25T05:37:25.167000Z,514.939,820.0,68.0,69.368,0.0,0.0,0.0,26.051,0.091472,0.0,0.0,0.0
2020-08-25T05:37:26.220000Z,2020-08-25T05:37:26.585999Z,544.428,366.0,74.0,60.715,0.0,0.0,0.0,26.051,1.635204,0.0,0.0,0.0
2020-08-25T05:37:28.223000Z,2020-08-25T05:37:28.915000Z,1039.237,692.0,84.0,41.634,0.0,0.0,0.0,26.051,1.63084,0.0,0.0,0.0
2020-08-25T05:37:30.225000Z,2020-08-25T05:37:30.510000Z,487.77,285.0,92.0,71.334,0.0,0.0,0.0,26.051,0.921042,0.0,0.0,0.0
2020-08-25T05:37:32.221000Z,2020-08-25T05:37:32.929999Z,545.782,709.0,92.0,58.034,0.0,0.0,0.0,26.051,2.256651,0.0,0.0,0.0
2020-08-25T05:37:34.222000Z,2020-08-25T05:37:34.617999Z,579.092,396.0,104.0,96.421,0.0,0.0,0.0,26.051,1.56355,0.0,0.0,0.0
2020-08-25T05:37:36.225000Z,2020-08-25T05:37:37.433000Z,1680.704,1208.0,104.0,64.39,0.0,0.0,0.0,26.051,1.918683,0.0,0.0,0.0
2020-08-25T05:37:38.225000Z,2020-08-25T05:37:38.815000Z,852.244,590.0,98.0,89.419,0.0,0.0,0.0,26.051,1.405609,0.0,0.0,0.0
2020-08-25T05:37:40.221000Z,2020-08-25T05:37:40.969999Z,718.602,749.0,98.0,68.573,0.0,0.0,0.0,26.051,1.943144,0.0,0.0,0.0
2020-08-25T05:37:42.352000Z,2020-08-25T05:37:46.752000Z,720.992,4400.0,86.0,120.436,0.0,0.0,0.0,26.051,0.24447,0.0,0.0,0.0
2020-08-25T05:37:46.755000Z,2020-08-25T05:37:53.175000Z,2221.825,6420.0,58.0,440.834,0.0,0.0,0.0,26.051,0.208955,0.0,0.0,0.0
2020-08-25T05:37:53.176000Z,2020-08-25T05:37:53.657000Z,457.515,481.0,58.0,58.664,0.0,0.0,0.0,26.051,0.726225,0.0,0.0,0.0
2020-08-25T05:37:53.657999Z,2020-08-25T05:37:54.227000Z,433.314,569.0,70.0,63.378,0.0,0.0,0.0,26.051,1.085293,0.0,0.0,0.0
2020-08-25T05:37:54.228000Z,2020-08-25T05:37:54.675000Z,663.502,447.0,70.0,74.674,0.0,0.0,0.0,26.051,0.824469,0.0,0.0,0.0
2020-08-25T05:37:54.677000Z,2020-08-25T05:37:55.243000Z,978.872,566.0,84.0,52.139,0.0,0.0,0.0,26.051,1.494288,0.0,0.0,0.0
2020-08-25T05:37:55.246000Z,2020-08-25T05:37:56.245000Z,1310.734,999.0,88.0,55.073,0.0,0.0,0.0,26.051,1.818287,0.0,0.0,0.0
2020-08-25T05:37:56.246000Z,2020-08-25T05:37:56.580000Z,417.368,334.0,72.0,48.747,0.0,0.0,0.0,26.051,1.406916,0.0,0.0,0.0
2020-08-25T05:37:58.225000Z,2020-08-25T05:37:58.581000Z,443.01,356.0,80.0,64.44,0.0,0.0,0.0,26.051,1.344349,0.0,0.0,0.0
2020-08-25T05:38:00.222000Z,2020-08-25T05:38:00.814000Z,389.376,592.0,80.0,60.722,0.0,0.0,0.0,26.051,1.184842,0.0,0.0,0.0
2020-08-25T05:38:02.261000Z,2020-08-25T05:38:02.806000Z,625.653,545.0,80.0,150.668,0.0,0.0,0.0,26.051,0.480327,0.0,0.0,0.0
2020-08-25T05:38:04.262000Z,2020-08-25T05:38:05.825999Z,93.661,1564.0,78.0,55.167,0.0,0.0,0.0,26.051,1.159077,0.0,0.0,0.0
2020-08-25T05:38:06.359000Z,2020-08-25T05:38:07.731000Z,320.635,1372.0,134.0,170.499,0.0,0.0,0.0,26.051,0.749084,0.0,0.0,0.0
2020-08-25T05:38:08.230000Z,2020-08-25T05:38:08.381000Z,95.067,151.0,122.0,753.368,0.0,0.0,0.0,26.051,0.127377,0.0,0.0,0.0
2020-08-25T05:38:10.221000Z,2020-08-25T05:38:10.547000Z,97.037,326.0,82.0,373.498,0.0,0.0,0.0,26.051,0.726428,0.0,0.0,0.0
2020-08-25T05:38:12.225000Z,2020-08-25T05:38:14.489999Z,563.365,2265.0,42.0,216.241,0.0,0.0,0.0,26.051,0.567138,0.0,0.0,0.0
2020-08-25T05:38:14.491000Z,2020-08-25T05:38:15.900000Z,854.082,1409.0,42.0,225.437,0.0,0.0,0.0,26.051,0.250154,0.0,0.0,0.0
2020-08-25T05:38:16.231000Z,2020-08-25T05:38:16.837000Z,601.403,606.0,58.0,72.983,0.0,0.0,0.0,26.051,0.731731,0.0,0.0,0.0
2020-08-25T05:38:18.221000Z,2020-08-25T05:38:21.636000Z,736.291,3415.0,64.0,66.003,0.0,0.0,0.0,26.051,0.779612,0.0,0.0,0.0
2020-08-25T05:38:21.636999Z,2020-08-25T05:38:23.511000Z,385.613,1874.0,42.0,217.462,0.0,0.0,0.0,26.051,0.850643,0.0,0.0,0.0
2020-08-25T05:38:23.513000Z,2020-08-25T05:38:25.508000Z,1010.151,1995.0,44.0,291.252,0.0,0.0,0.0,26.051,0.14602,0.0,0.0,0.0
2020-08-25T05:38:25.510000Z,2020-08-25T05:38:26.484000Z,1284.361,974.0,54.0,50.237,0.0,0.0,0.0,26.051,0.875359,0.0,0.0,0.0
2020-08-25T05:38:26.488000Z,2020-08-25T05:38:28.305999Z,2030.521,1818.0,80.0,79.585,0.0,0.0,0.0,26.051,1.108726,0.0,0.0,0.0
2020-08-25T05:38:28.309000Z,2020-08-25T05:38:29.676000Z,1825.019,1367.0,66.0,70.764,0.0,0.0,0.0,26.051,1.05366,0.0,0.0,0.0
2020-08-25T05:38:30.225000Z,2020-08-25T05:38:30.788000Z,817.232,563.0,84.0,50.595,0.0,0.0,0.0,26.051,1.39602,0.0,0.0,0.0
2020-08-25T05:38:32.224000Z,2020-08-25T05:38:32.728000Z,776.905,504.0,84.0,66.128,0.0,0.0,0.0,26.051,1.201827,0.0,0.0,0.0
2020-08-25T05:38:34.228000Z,2020-08-25T05:38:34.764000Z,758.473,536.0,88.0,61.736,0.0,0.0,0.0,26.051,2.104686,0.0,0.0,0.0
2020-08-25T05:38:36.227000Z,2020-08-25T05:38:36.476000Z,372.824,249.0,92.0,65.772,0.0,0.0,0.0,26.051,1.599857,0.0,0.0,0.0
2020-08-25T05:38:38.221000Z,2020-08-25T05:38:38.689999Z,853.745,469.0,92.0,60.514,0.0,0.0,0.0,26.051,2.155759,0.0,0.0,0.0
2020-08-25T05:38:40.222000Z,2020-08-25T05:38:40.657000Z,395.695,435.0,4.0,56.069,0.0,0.0,0.0,26.051,1.022092,0.0,0.0,0.0
2020-08-25T05:38:42.225999Z,2020-08-25T05:38:42.656000Z,624.589,430.0,112.0,143.881,0.0,0.0,0.0,26.051,1.144243,0.0,0.0,0.0
2020-08-25T05:38:44.222000Z,2020-08-25T05:38:44.759000Z,672.985,537.0,96.0,79.475,0.0,0.0,0.0,26.051,1.437055,0.0,0.0,0.0
2020-08-25T05:38:46.224000Z,2020-08-25T05:38:47.793999Z,609.482,1570.0,96.0,93.618,0.0,0.0,0.0,26.051,1.049666,0.0,0.0,0.0
2020-08-25T05:38:48.228000Z,2020-08-25T05:38:50.497999Z,782.848,2270.0,94.0,570.506,0.0,0.0,0.0,26.051,0.045325,0.0,0.0,0.0
2020-08-25T05:38:50.499000Z,2020-08-25T05:38:53.692000Z,540.355,3193.0,30.0,216.043,0.0,0.0,0.0,26.051,0.100201,0.0,0.0,0.0
2020-08-25T05:38:53.692999Z,2020-08-25T05:38:54.326000Z,463.119,633.0,38.0,43.596,0.0,0.0,0.0,26.051,0.614074,0.0,0.0,0.0
2020-08-25T05:38:54.327000Z,2020-08-25T05:38:55.289999Z,582.708,963.0,56.0,40.916,0.0,0.0,0.0,26.051,1.211529,0.0,0.0,0.0
2020-08-25T05:38:56.221000Z,2020-08-25T05:38:56.726000Z,717.322,505.0,58.0,158.721,0.0,0.0,0.0,26.051,0.332153,0.0,0.0,0.0
2020-08-25T05:38:58.223000Z,2020-08-25T05:38:58.683000Z,469.664,460.0,82.0,47.127,0.0,0.0,0.0,26.051,1.560179,0.0,0.0,0.0
2020-08-25T05:39:00.225999Z,2020-08-25T05:39:00.632000Z,336.241,406.0,82.0,59.819,0.0,0.0,0.0,26.051,1.187738,0.0,0.0,0.0
2020-08-25T05:39:02.221000Z,2020-08-25T05:39:02.654000Z,660.804,433.0,82.0,126.245,0.0,0.0,0.0,26.051,0.591179,0.0,0.0,0.0
2020-08-25T05:39:04.223000Z,2020-08-25T05:39:05.236000Z,917.293,1012.9999999999999,86.0,48.686,0.0,0.0,0.0,26.051,1.68459,0.0,0.0,0.0
2020-08-25T05:39:06.225000Z,2020-08-25T05:39:06.881000Z,361.899,656.0,76.0,134.068,0.0,0.0,0.0,26.051,0.718494,0.0,0.0,0.0
2020-08-25T05:39:08.228999Z,2020-08-25T05:39:08.560000Z,185.26,331.0,70.0,46.059,0.0,0.0,0.0,26.051,1.056463,0.0,0.0,0.0
2020-08-25T05:39:10.221000Z,2020-08-25T05:39:10.929000Z,754.922,708.0,70.0,60.383,0.0,0.0,0.0,26.051,0.49311,0.0,0.0,0.0
2020-08-25T05:39:12.245000Z,2020-08-25T05:39:14.428000Z,2346.81,2183.0,80.0,76.309,0.0,0.0,0.0,26.051,0.368889,0.0,0.0,0.0
2020-08-25T05:39:14.429000Z,2020-08-25T05:39:15.036000Z,682.92,607.0,86.0,52.35,0.0,0.0,0.0,26.051,1.94183,0.0,0.0,0.0
2020-08-25T05:39:16.223000Z,2020-08-25T05:39:17.523000Z,680.149,1300.0,92.0,51.101,0.0,0.0,0.0,26.051,0.833679,0.0,0.0,0.0
2020-08-25T05:39:18.224000Z,2020-08-25T05:39:18.789000Z,957.602,565.0,92.0,143.737,0.0,0.0,0.0,26.051,0.67265,0.0,0.0,0.0
2020-08-25T05:39:20.221000Z,2020-08-25T05:39:21.022000Z,645.36,801.0,92.0,54.694,0.0,0.0,0.0,26.051,2.090395,0.0,0.0,0.0
2020-08-25T05:39:22.222000Z,2020-08-25T05:39:22.713999Z,540.649,492.0,90.0,156.818,0.0,0.0,0.0,26.051,0.72552,0.0,0.0,0.0
2020-08-25T05:39:24.225999Z,2020-08-25T05:39:26.019000Z,595.712,1793.0,72.0,90.929,0.0,0.0,0.0,26.051,0.741664,0.0,0.0,0.0
2020-08-25T05:39:26.224000Z,2020-08-25T05:39:27.867000Z,844.254,1643.0,138.0,508.637,0.0,0.0,0.0,26.051,0.168169,0.0,0.0,0.0
2020-08-25T05:39:28.222000Z,2020-08-25T05:39:28.889999Z,772.813,668.0,54.0,47.701,0.0,0.0,0.0,26.051,1.005564,0.0,0.0,0.0
2020-08-25T05:39:30.224000Z,2020-08-25T05:39:31.159000Z,1001.158,935.0,78.0,42.57,0.0,0.0,0.0,26.051,1.767364,0.0,0.0,0.0
2020-08-25T05:39:32.223000Z,2020-08-25T05:39:32.799000Z,927.049,576.0,86.0,101.974,0.0,0.0,0.0,26.051,0.772398,0.0,0.0,0.0
2020-08-25T05:39:34.221000Z,2020-08-25T05:39:34.678000Z,527.282,457.0,96.0,45.329,0.0,0.0,0.0,26.051,1.843797,0.0,0.0,0.0
2020-08-25T05:39:36.225000Z,2020-08-25T05:39:36.747000Z,627.759,522.0,96.0,93.79,0.0,0.0,0.0,26.051,1.485987,0.0,0.0,0.0
2020-08-25T05:39:38.225999Z,2020-08-25T05:39:38.776000Z,868.088,550.0,80.0,91.871,0.0,0.0,0.0,26.051,0.896812,0.0,0.0,0.0
2020-08-25T05:39:40.224000Z,2020-08-25T05:39:41.065999Z,1208.719,842.0,106.0,100.383,0.0,0.0,0.0,26.051,1.036969,0.0,0.0,0.0
2020-08-25T05:39:42.221000Z,2020-08-25T05:39:42.656000Z,769.19,435.0,94.0,54.953,0.0,0.0,0.0,26.051,1.435594,0.0,0.0,0.0
2020-08-25T05:39:44.223000Z,2020-08-25T05:39:44.592000Z,505.185,369.0,104.0,44.668,0.0,0.0,0.0,26.051,1.724112,0.0,0.0,0.0
2020-08-25T05:39:46.221000Z,2020-08-25T05:39:46.508000Z,421.34,287.0,104.0,88.693,0.0,0.0,0.0,26.051,1.389708,0.0,0.0,0.0
2020-08-25T05:39:48.235000Z,2020-08-25T05:39:48.841000Z,868.415,606.0,102.0,64.652,0.0,0.0,0.0,26.051,2.220271,0.0,0.0,0.0
2020-08-25T05:39:50.223000Z,2020-08-25T05:39:51.485000Z,1595.229,1262.0,102.0,84.866,0.0,0.0,0.0,26.051,1.015259,0.0,0.0,0.0
2020-08-25T05:39:52.222000Z,2020-08-25T05:39:52.756000Z,946.688,534.0,82.0,72.408,0.0,0.0,0.0,26.051,1.706213,0.0,0.0,0.0
2020-08-25T05:39:54.221000Z,2020-08-25T05:39:55.448000Z,865.17,1227.0,92.0,49.211,0.0,0.0,0.0,26.051,1.719604,0.0,0.0,0.0
2020-08-25T05:39:56.224000Z,2020-08-25T05:39:56.517000Z,330.761,293.0,92.0,213.494,0.0,0.0,0.0,26.051,0.04421,0.0,0.0,0.0
2020-08-25T05:39:58.307000Z,2020-08-25T05:39:59.718000Z,1155.998,1411.0,88.0,62.073,0.0,0.0,0.0,26.051,0.806775,0.0,0.0,0.0
2020-08-25T05:40:00.225999Z,2020-08-25T05:40:01.340000Z,1003.545,1114.0,64.0,78.308,0.0,0.0,0.0,26.051,1.100554,0.0,0.0,0.0
2020-08-25T05:40:02.223000Z,2020-08-25T05:40:03.639000Z,1629.08,1416.0,70.0,88.846,0.0,0.0,0.0,26.051,1.028382,0.0,0.0,0.0
2020-08-25T05:40:04.225999Z,2020-08-25T05:40:04.876000Z,1060.977,650.0,90.0,67.914,0.0,0.0,0.0,26.051,1.26074,0.0,0.0,0.0
2020-08-25T05:40:06.225999Z,2020-08-25T05:40:07.100000Z,1343.227,874.0,124.0,49.798,0.0,0.0,0.0,26.051,1.734702,0.0,0.0,0.0
2020-08-25T05:40:08.223000Z,2020-08-25T05:40:09.149000Z,1262.443,926.0,96.0,123.447,0.0,0.0,0.0,26.051,1.008341,0.0,0.0,0.0
2020-08-25T05:40:10.228999Z,2020-08-25T05:40:12.208000Z,1951.69,1979.0,88.0,114.784,0.0,0.0,0.0,26.051,0.863697,0.0,0.0,0.0
2020-08-25T05:40:12.212000Z,2020-08-25T05:40:14.412000Z,2238.705,2200.0,72.0,67.439,0.0,0.0,0.0,26.051,1.212092,0.0,0.0,0.0
2020-08-25T05:40:14.415000Z,2020-08-25T05:40:16.369999Z,1628.267,1955.0,60.0,44.667,0.0,0.0,0.0,26.051,0.664124,0.0,0.0,0.0
2020-08-25T05:40:16.372000Z,2020-08-25T05:40:17.436000Z,1223.204,1064.0,50.0,64.815,0.0,0.0,0.0,26.051,0.648234,0.0,0.0,0.0
2020-08-25T05:40:18.222000Z,2020-08-25T05:40:18.748000Z,697.196,526.0,82.0,56.74,0.0,0.0,0.0,26.051,1.382903,0.0,0.0,0.0
2020-08-25T05:40:20.223000Z,2020-08-25T05:40:20.804000Z,583.608,581.0,82.0,46.725,0.0,0.0,0.0,26.051,1.822773,0.0,0.0,0.0
2020-08-25T05:40:22.228000Z,2020-08-25T05:40:22.899000Z,107.46,671.0,82.0,79.35,0.0,0.0,0.0,26.051,1.174992,0.0,0.0,0.0
2020-08-25T05:40:24.225000Z,2020-08-25T05:40:24.500000Z,364.912,275.0,80.0,110.388,0.0,0.0,0.0,26.051,0.002549,0.0,0.0,0.0
2020-08-25T05:40:26.222000Z,2020-08-25T05:40:26.543000Z,414.414,321.0,78.0,62.915,0.0,0.0,0.0,26.051,0.780059,0.0,0.0,0.0
2020-08-25T05:40:28.223000Z,2020-08-25T05:40:28.519000Z,389.981,296.0,90.0,67.88,0.0,0.0,0.0,26.051,1.239513,0.0,0.0,0.0
2020-08-25T05:40:30.221000Z,2020-08-25T05:40:30.492000Z,389.93,271.0,90.0,61.466,0.0,0.0,0.0,26.051,1.555288,0.0,0.0,0.0
2020-08-25T05:40:32.221000Z,2020-08-25T05:40:32.523000Z,367.987,302.0,90.0,59.226,0.0,0.0,0.0,26.051,1.645577,0.0,0.0,0.0
2020-08-25T05:40:34.222000Z,2020-08-25T05:40:34.505000Z,337.006,283.0,82.0,79.36,0.0,0.0,0.0,26.051,1.201128,0.0,0.0,0.0
2020-08-25T05:40:36.225000Z,2020-08-25T05:40:36.961999Z,357.417,737.0,88.0,60.161,0.0,0.0,0.0,26.051,1.539726,0.0,0.0,0.0
2020-08-25T05:40:38.220000Z,2020-08-25T05:40:38.509000Z,405.1,289.0,88.0,234.734,0.0,0.0,0.0,26.051,0.48019,0.0,0.0,0.0
2020-08-25T05:40:40.222000Z,2020-08-25T05:40:40.579000Z,575.253,357.0,94.0,49.31,0.0,0.0,0.0,26.051,1.985477,0.0,0.0,0.0
2020-08-25T05:40:42.225000Z,2020-08-25T05:40:42.513999Z,381.007,289.0,94.0,76.694,0.0,0.0,0.0,26.051,1.651961,0.0,0.0,0.0
2020-08-25T05:40:44.221000Z,2020-08-25T05:40:44.383000Z,174.323,162.0,126.0,98.295,0.0,0.0,0.0,26.051,1.585787,0.0,0.0,0.0
2020-08-25T05:40:46.220000Z,2020-08-25T05:40:46.384000Z,186.722,164.0,120.0,48.427,0.0,0.0,0.0,26.051,1.752339,0.0,0.0,0.0
2020-08-25T05:40:48.225000Z,2020-08-25T05:40:48.388000Z,196.84,163.0,120.0,63.829,0.0,0.0,0.0,26.051,1.184688,0.0,0.0,0.0
2020-08-25T05:40:50.221000Z,2020-08-25T05:40:50.390000Z,202.145,169.0,120.0,59.516,0.0,0.0,0.0,26.051,1.980395,0.0,0.0,0.0
2020-08-25T05:40:52.234000Z,2020-08-25T05:40:52.409999Z,191.08,176.0,114.0,66.924,0.0,0.0,0.0,26.051,0.997088,0.0,0.0,0.0
2020-08-25T05:40:54.225000Z,2020-08-25T05:40:54.360000Z,187.951,135.0,106.0,66.5,0.0,0.0,0.0,26.051,1.104751,0.0,0.0,0.0
2020-08-25T05:40:56.220000Z,2020-08-25T05:40:56.356000Z,189.966,136.0,106.0,53.177,0.0,0.0,0.0,26.051,2.139821,0.0,0.0,0.0
2020-08-25T05:40:58.220000Z,2020-08-25T05:40:58.429000Z,190.592,209.0,106.0,47.067,0.0,0.0,0.0,26.051,1.95981,0.0,0.0,0.0
2020-08-25T05:41:00.231000Z,2020-08-25T05:41:00.465000Z,304.037,234.0,98.0,70.674,0.0,0.0,0.0,26.051,1.571061,0.0,0.0,0.0
2020-08-25T05:41:02.221000Z,2020-08-25T05:41:02.896000Z,400.045,675.0,98.0,82.534,0.0,0.0,0.0,26.051,1.420217,0.0,0.0,0.0
2020-08-25T05:41:04.221000Z,2020-08-25T05:41:05.037000Z,604.905,816.0,90.0,129.378,0.0,0.0,0.0,26.051,1.029272,0.0,0.0,0.0
2020-08-25T05:41:06.221000Z,2020-08-25T05:41:08.091000Z,584.268,1870.0,68.0,72.011,0.0,0.0,0.0,26.051,1.003843,0.0,0.0,0.0
2020-08-25T05:41:08.223000Z,2020-08-25T05:41:09.121000Z,574.559,898.0,84.0,1151.617,0.0,0.0,0.0,26.051,0.049182,0.0,0.0,0.0
2020-08-25T05:41:10.218000Z,2020-08-25T05:41:10.651000Z,391.004,433.0,230.0,220.979,0.0,0.0,0.0,26.051,1.16267,0.0,0.0,0.0
2020-08-25T05:41:12.225000Z,2020-08-25T05:41:12.630000Z,422.42,405.0,90.0,144.866,0.0,0.0,0.0,26.051,0.65895,0.0,0.0,0.0
2020-08-25T05:41:14.220000Z,2020-08-25T05:41:14.590000Z,364.802,370.0,96.0,89.284,0.0,0.0,0.0,26.051,1.242427,0.0,0.0,0.0
2020-08-25T05:41:16.221000Z,2020-08-25T05:41:16.488000Z,387.871,267.0,84.0,80.046,0.0,0.0,0.0,26.051,1.054151,0.0,0.0,0.0
2020-08-25T05:41:18.220000Z,2020-08-25T05:41:18.661000Z,389.677,441.0,80.0,58.089,0.0,0.0,0.0,26.051,1.246734,0.0,0.0,0.0
2020-08-25T05:41:21.222000Z,2020-08-25T05:41:21.697999Z,439.565,476.0,80.0,102.634,0.0,0.0,0.0,26.051,0.72973,0.0,0.0,0.0
2020-08-25T05:41:22.333000Z,2020-08-25T05:41:22.587000Z,331.113,254.0,76.0,79.229,0.0,0.0,0.0,26.051,1.044757,0.0,0.0,0.0
2020-08-25T05:41:25.220000Z,2020-08-25T05:41:25.622000Z,392.227,402.0,76.0,58.127,0.0,0.0,0.0,26.051,1.629865,0.0,0.0,0.0
2020-08-25T05:41:27.225000Z,2020-08-25T05:41:27.550000Z,376.978,325.0,86.0,114.695,0.0,0.0,0.0,26.051,0.435529,0.0,0.0,0.0
2020-08-25T05:41:29.221000Z,2020-08-25T05:41:29.547000Z,560.156,326.0,98.0,112.082,0.0,0.0,0.0,26.051,0.925172,0.0,0.0,0.0
2020-08-25T05:41:31.225000Z,2020-08-25T05:41:32.038000Z,347.252,813.0,104.0,46.058,0.0,0.0,0.0,26.051,1.455586,0.0,0.0,0.0
2020-08-25T05:41:33.220000Z,2020-08-25T05:41:33.484000Z,331.287,264.0,104.0,268.646,0.0,0.0,0.0,26.051,0.759454,0.0,0.0,0.0
2020-08-25T05:41:35.230000Z,2020-08-25T05:41:35.460000Z,242.781,230.0,104.0,80.461,0.0,0.0,0.0,26.051,1.097165,0.0,0.0,0.0
2020-08-25T05:41:37.220000Z,2020-08-25T05:41:37.342000Z,75.312,122.0,100.0,107.912,0.0,0.0,0.0,26.051,1.44206,0.0,0.0,0.0
2020-08-25T05:41:39.220000Z,2020-08-25T05:41:39.304000Z,76.365,84.0,100.0,83.675,0.0,0.0,0.0,26.051,1.44206,0.0,0.0,0.0
2020-08-25T05:41:41.223000Z,2020-08-25T05:41:41.571000Z,77.577,348.0,118.0,65.321,0.0,0.0,0.0,26.051,1.44206,0.0,0.0,0.0
2020-08-25T05:41:43.220000Z,2020-08-25T05:41:43.337999Z,76.164,118.0,118.0,166.615,0.0,0.0,0.0,26.051,0.012379,0.0,0.0,0.0
2020-08-25T05:41:45.225000Z,2020-08-25T05:41:45.467000Z,74.618,242.0,118.0,152.321,0.0,0.0,0.0,26.051,0.685452,0.0,0.0,0.0
2020-08-25T05:41:46.395000Z,2020-08-25T05:41:46.561999Z,73.555,167.0,80.0,146.186,0.0,0.0,0.0,26.051,0.508189,0.0,0.0,0.0
2020-08-25T05:41:49.219000Z,2020-08-25T05:41:49.545000Z,76.357,326.0,80.0,133.585,0.0,0.0,0.0,26.051,0.508189,0.0,0.0,0.0
2020-08-25T05:41:51.221000Z,2020-08-25T05:41:51.377000Z,72.973,156.0,133.0,170.405,0.0,0.0,0.0,26.051,0.508189,0.0,0.0,0.0
2020-08-25T05:41:53.220000Z,2020-08-25T05:41:53.368000Z,75.569,148.0,54.0,84.245,0.0,0.0,0.0,26.051,1.131288,0.0,0.0,0.0
2020-08-25T05:41:55.221000Z,2020-08-25T05:41:55.856000Z,487.269,635.0,54.0,69.665,0.0,0.0,0.0,26.692,0.550026,0.0,0.0,0.0
2020-08-25T05:41:57.223000Z,2020-08-25T05:41:58.166000Z,1276.484,943.0,52.0,69.462,0.0,0.0,0.0,26.692,0.770425,0.0,0.0,0.0
2020-08-25T05:41:59.224000Z,2020-08-25T05:41:59.836000Z,964.991,612.0,86.0,41.724,0.0,0.0,0.0,26.493,1.676823,0.0,0.0,0.0
2020-08-25T05:42:01.221000Z,2020-08-25T05:42:01.576000Z,503.674,355.0,88.0,57.713,0.0,0.0,0.0,26.493,1.956145,0.0,0.0,0.0
2020-08-25T05:42:03.225999Z,2020-08-25T05:42:03.871000Z,562.421,645.0,88.0,70.271,0.0,0.0,0.0,26.493,1.403901,0.0,0.0,0.0
2020-08-25T05:42:05.227000Z,2020-08-25T05:42:06.313000Z,1073.148,1086.0,82.0,171.755,0.0,0.0,0.0,26.493,0.539358,0.0,0.0,0.0
2020-08-25T05:42:06.315000Z,2020-08-25T05:42:08.164000Z,964.245,1849.0,84.0,56.158,0.0,0.0,0.0,26.493,1.827315,0.0,0.0,0.0
2020-08-25T05:42:09.227000Z,2020-08-25T05:42:09.815000Z,820.407,588.0,82.0,144.949,0.0,0.0,0.0,26.493,1.247863,0.0,0.0,0.0
2020-08-25T05:42:10.297000Z,2020-08-25T05:42:10.743000Z,720.434,446.0,88.0,42.245,0.0,0.0,0.0,26.493,1.466548,0.0,0.0,0.0
2020-08-25T05:42:13.220000Z,2020-08-25T05:42:13.774000Z,730.292,554.0,98.0,52.953,0.0,0.0,0.0,26.493,1.101533,0.0,0.0,0.0
2020-08-25T05:42:15.220000Z,2020-08-25T05:42:15.705000Z,700.698,485.0,98.0,110.725,0.0,0.0,0.0,26.493,1.210064,0.0,0.0,0.0
2020-08-25T05:42:17.370000Z,2020-08-25T05:42:18.565000Z,715.533,1195.0,98.0,109.061,0.0,0.0,0.0,26.493,0.833031,0.0,0.0,0.0
2020-08-25T05:42:18.567000Z,2020-08-25T05:42:19.356000Z,747.891,789.0,98.0,176.083,0.0,0.0,0.0,26.493,0.743977,0.0,0.0,0.0
2020-08-25T05:42:20.414000Z,2020-08-25T05:42:21.929999Z,806.308,1516.0,63.0,75.376,0.0,0.0,0.0,26.493,0.199188,0.0,0.0,0.0
2020-08-25T05:42:23.221000Z,2020-08-25T05:42:23.822000Z,825.773,601.0,150.0,378.989,0.0,0.0,0.0,26.493,0.572784,0.0,0.0,0.0
2020-08-25T05:42:25.320999Z,2020-08-25T05:42:26.107000Z,843.607,786.0,84.0,64.678,0.0,0.0,0.0,26.493,1.650142,0.0,0.0,0.0
2020-08-25T05:42:27.221000Z,2020-08-25T05:42:27.833999Z,654.981,613.0,88.0,73.916,0.0,0.0,0.0,26.493,0.90817,0.0,0.0,0.0
2020-08-25T05:42:29.221000Z,2020-08-25T05:42:29.638000Z,615.724,417.0,88.0,83.019,0.0,0.0,0.0,26.493,1.501709,0.0,0.0,0.0
2020-08-25T05:42:31.219000Z,2020-08-25T05:42:31.577000Z,529.493,358.0,88.0,52.618,0.0,0.0,0.0,26.493,1.521101,0.0,0.0,0.0
2020-08-25T05:42:33.220000Z,2020-08-25T05:42:33.780000Z,824.362,560.0,88.0,62.574,0.0,0.0,0.0,26.493,1.416422,0.0,0.0,0.0
2020-08-25T05:42:34.324000Z,2020-08-25T05:42:34.976000Z,1002.202,652.0,90.0,55.123,0.0,0.0,0.0,26.493,1.266742,0.0,0.0,0.0
2020-08-25T05:42:37.221000Z,2020-08-25T05:42:37.717000Z,624.667,496.0,98.0,49.627,0.0,0.0,0.0,26.493,1.631911,0.0,0.0,0.0
2020-08-25T05:42:39.219000Z,2020-08-25T05:42:39.798000Z,572.053,579.0,98.0,93.025,0.0,0.0,0.0,26.493,1.081662,0.0,0.0,0.0
2020-08-25T05:42:41.222000Z,2020-08-25T05:42:42.420000Z,690.982,1198.0,116.0,66.179,0.0,0.0,0.0,26.493,1.356373,0.0,0.0,0.0
2020-08-25T05:42:42.421000Z,2020-08-25T05:42:44.496000Z,780.382,2075.0,116.0,431.426,0.0,0.0,0.0,26.493,0.307147,0.0,0.0,0.0
2020-08-25T05:42:44.497000Z,2020-08-25T05:42:45.859000Z,617.714,1362.0,116.0,472.705,0.0,0.0,0.0,26.493,0.165441,0.0,0.0,0.0
2020-08-25T05:42:47.224000Z,2020-08-25T05:42:50.232000Z,1064.933,3008.0,46.0,74.005,0.0,0.0,0.0,26.493,0.710775,0.0,0.0,0.0
2020-08-25T05:42:50.233000Z,2020-08-25T05:42:51.345999Z,851.236,1113.0,36.0,44.404,0.0,0.0,0.0,26.493,0.675092,0.0,0.0,0.0
2020-08-25T05:42:51.348000Z,2020-08-25T05:42:52.766000Z,922.078,1418.0,56.0,49.48,0.0,0.0,0.0,26.493,1.167416,0.0,0.0,0.0
2020-08-25T05:42:52.768000Z,2020-08-25T05:42:53.777999Z,842.694,1010.0,56.0,60.965,0.0,0.0,0.0,26.493,1.020496,0.0,0.0,0.0
2020-08-25T05:42:55.222000Z,2020-08-25T05:42:57.336000Z,735.208,2114.0,60.0,67.295,0.0,0.0,0.0,26.493,1.026178,0.0,0.0,0.0
2020-08-25T05:42:57.337000Z,2020-08-25T05:42:57.969000Z,418.45,632.0,74.0,79.772,0.0,0.0,0.0,26.493,0.917021,0.0,0.0,0.0
2020-08-25T05:42:59.221000Z,2020-08-25T05:43:00.224000Z,594.042,1002.9999999999999,74.0,131.272,0.0,0.0,0.0,26.493,0.382653,0.0,0.0,0.0
2020-08-25T05:43:01.221000Z,2020-08-25T05:43:02.121999Z,600.162,901.0,70.0,150.94,0.0,0.0,0.0,26.493,0.41436,0.0,0.0,0.0
2020-08-25T05:43:03.221000Z,2020-08-25T05:43:03.598000Z,454.45,377.0,64.0,160.436,0.0,0.0,0.0,26.493,0.422818,0.0,0.0,0.0
2020-08-25T05:43:05.220000Z,2020-08-25T05:43:05.732000Z,622.974,512.0,72.0,60.097,0.0,0.0,0.0,26.493,1.513506,0.0,0.0,0.0
2020-08-25T05:43:07.225000Z,2020-08-25T05:43:09.268000Z,1219.446,2043.0000000000002,86.0,88.674,0.0,0.0,0.0,26.493,0.894994,0.0,0.0,0.0
2020-08-25T05:43:09.271000Z,2020-08-25T05:43:12.055000Z,1294.414,2784.0,48.0,102.844,0.0,0.0,0.0,26.493,0.566788,0.0,0.0,0.0
2020-08-25T05:43:12.057000Z,2020-08-25T05:43:12.958000Z,1264.422,901.0,52.0,43.134,0.0,0.0,0.0,26.493,0.756138,0.0,0.0,0.0
2020-08-25T05:43:12.959000Z,2020-08-25T05:43:13.406000Z,668.575,447.0,84.0,51.128,0.0,0.0,0.0,26.493,1.635311,0.0,0.0,0.0
2020-08-25T05:43:15.220000Z,2020-08-25T05:43:15.710000Z,749.817,490.0,88.0,55.346,0.0,0.0,0.0,26.493,1.62685,0.0,0.0,0.0
2020-08-25T05:43:17.221000Z,2020-08-25T05:43:17.828000Z,733.088,607.0,96.0,69.397,0.0,0.0,0.0,26.493,1.713946,0.0,0.0,0.0
2020-08-25T05:43:19.221000Z,2020-08-25T05:43:20.273999Z,631.151,1053.0,96.0,111.569,0.0,0.0,0.0,26.493,1.176896,0.0,0.0,0.0
2020-08-25T05:43:21.220000Z,2020-08-25T05:43:22.097000Z,614.915,877.0,64.0,109.597,0.0,0.0,0.0,26.493,0.785589,0.0,0.0,0.0
2020-08-25T05:43:23.222000Z,2020-08-25T05:43:23.913000Z,501.351,691.0,70.0,141.485,0.0,0.0,0.0,26.493,0.478009,0.0,0.0,0.0
2020-08-25T05:43:25.218000Z,2020-08-25T05:43:25.400000Z,170.962,182.0,86.0,112.405,0.0,0.0,0.0,26.493,1.09433,0.0,0.0,0.0
2020-08-25T05:43:27.221000Z,2020-08-25T05:43:27.293000Z,35.318,72.0,70.0,55.045,0.0,0.0,0.0,26.493,0.874265,0.0,0.0,0.0
2020-08-25T05:43:29.221000Z,2020-08-25T05:43:29.488000Z,334.317,267.0,70.0,84.584,0.0,0.0,0.0,26.493,0.521584,0.0,0.0,0.0
2020-08-25T05:43:31.219000Z,2020-08-25T05:43:32.047000Z,490.376,828.0,74.0,49.06,0.0,0.0,0.0,26.493,1.24733,0.0,0.0,0.0
2020-08-25T05:43:33.221000Z,2020-08-25T05:43:33.831000Z,402.579,610.0,64.0,224.154,0.0,0.0,0.0,26.493,0.021238,0.0,0.0,0.0
2020-08-25T05:43:35.225000Z,2020-08-25T05:43:36.039000Z,597.923,814.0,64.0,133.453,0.0,0.0,0.0,26.493,0.429503,0.0,0.0,0.0
2020-08-25T05:43:37.221000Z,2020-08-25T05:43:37.732000Z,411.276,511.0,46.0,84.525,0.0,0.0,0.0,26.493,0.503728,0.0,0.0,0.0
2020-08-25T05:43:39.225999Z,2020-08-25T05:43:40.470000Z,380.257,1244.0,60.0,61.497,0.0,0.0,0.0,26.223,1.006968,0.0,0.0,0.0
2020-08-25T05:43:40.471000Z,2020-08-25T05:43:41.020000Z,435.621,549.0,60.0,198.364,0.0,0.0,0.0,26.223,0.248506,0.0,0.0,0.0
2020-08-25T05:43:43.221000Z,2020-08-25T05:43:45.200000Z,586.883,1979.0,58.0,136.404,0.0,0.0,0.0,26.223,0.544604,0.0,0.0,0.0
2020-08-25T05:43:45.201000Z,2020-08-25T05:43:46.328000Z,518.917,1127.0,24.0,255.783,0.0,0.0,0.0,26.223,0.350329,0.0,0.0,0.0
2020-08-25T05:43:46.468999Z,2020-08-25T05:43:48.389000Z,543.102,1920.0,40.0,118.056,0.0,0.0,0.0,26.223,0.032133,0.0,0.0,0.0
2020-08-25T05:43:48.390000Z,2020-08-25T05:43:49.441999Z,481.399,1052.0,36.0,74.501,0.0,0.0,0.0,26.223,0.565494,0.0,0.0,0.0
2020-08-25T05:43:51.228000Z,2020-08-25T05:43:52.100000Z,517.303,872.0,40.0,100.547,0.0,0.0,0.0,26.223,0.491296,0.0,0.0,0.0
2020-08-25T05:43:53.221000Z,2020-08-25T05:43:53.820000Z,656.142,599.0,46.0,130.999,0.0,0.0,0.0,26.223,0.598516,0.0,0.0,0.0
2020-08-25T05:43:55.221000Z,2020-08-25T05:43:56.553000Z,751.669,1332.0,62.0,47.232,0.0,0.0,0.0,26.223,1.065673,0.0,0.0,0.0
2020-08-25T05:43:56.553000Z,2020-08-25T05:43:57.078000Z,472.226,525.0,62.0,83.713,0.0,0.0,0.0,26.223,1.055404,0.0,0.0,0.0
2020-08-25T05:43:59.218000Z,2020-08-25T05:43:59.399000Z,166.742,181.0,56.0,61.742,0.0,0.0,0.0,26.223,0.918522,0.0,0.0,0.0
2020-08-25T05:44:01.219000Z,2020-08-25T05:44:01.632000Z,161.223,413.0,56.0,53.624,0.0,0.0,0.0,26.223,1.000765,0.0,0.0,0.0
2020-08-25T05:44:03.219000Z,2020-08-25T05:44:03.422000Z,202.14,203.0,56.0,114.698,0.0,0.0,0.0,26.223,0.541449,0.0,0.0,0.0
2020-08-25T05:44:05.220000Z,2020-08-25T05:44:05.360000Z,65.503,140.0,62.0,54.99,0.0,0.0,0.0,26.223,1.451559,0.0,0.0,0.0
2020-08-25T05:44:07.221000Z,2020-08-25T05:44:07.511000Z,380.903,290.0,72.0,55.086,0.0,0.0,0.0,26.223,1.042431,0.0,0.0,0.0
2020-08-25T05:44:09.225000Z,2020-08-25T05:44:09.516000Z,266.604,291.0,76.0,41.348,0.0,0.0,0.0,26.223,1.362267,0.0,0.0,0.0
2020-08-25T05:44:11.219000Z,2020-08-25T05:44:11.921000Z,290.396,702.0,76.0,61.211,0.0,0.0,0.0,26.223,1.059206,0.0,0.0,0.0
2020-08-25T05:44:13.220000Z,2020-08-25T05:44:13.560000Z,269.954,340.0,72.0,222.575,0.0,0.0,0.0,26.223,0.016205,0.0,0.0,0.0
2020-08-25T05:44:15.219000Z,2020-08-25T05:44:15.542000Z,230.005,323.0,56.0,79.17,0.0,0.0,0.0,26.223,0.74329,0.0,0.0,0.0
2020-08-25T05:44:17.223000Z,2020-08-25T05:44:17.804000Z,220.541,581.0,48.0,87.617,0.0,0.0,0.0,26.223,0.577832,0.0,0.0,0.0
2020-08-25T05:44:19.219000Z,2020-08-25T05:44:19.478000Z,222.877,259.0,4.0,85.483,0.0,0.0,0.0,26.223,0.403611,0.0,0.0,0.0
2020-08-25T05:44:20.407000Z,2020-08-25T05:44:20.918000Z,326.79,511.0,58.0,60.5,0.0,0.0,0.0,26.223,0.401128,0.0,0.0,0.0
2020-08-25T05:44:23.221000Z,2020-08-25T05:44:23.446000Z,225.669,225.0,58.0,74.075,0.0,0.0,0.0,26.223,0.462021,0.0,0.0,0.0
2020-08-25T05:44:25.219000Z,2020-08-25T05:44:25.345999Z,44.102,127.0,60.0,47.531,0.0,0.0,0.0,26.16,0.96097,0.0,0.0,0.0
2020-08-25T05:44:27.221000Z,2020-08-25T05:44:27.300000Z,34.501,79.0,62.0,43.641,0.0,0.0,0.0,26.16,1.397965,0.0,0.0,0.0
2020-08-25T05:44:29.222000Z,2020-08-25T05:44:30.353999Z,996.801,1132.0,62.0,43.284,0.0,0.0,0.0,26.16,1.397965,0.0,0.0,0.0
2020-08-25T05:44:30.416999Z,2020-08-25T05:44:31.126000Z,941.818,709.0,62.0,50.172,0.0,0.0,0.0,26.16,1.082153,0.0,0.0,0.0
2020-08-25T05:44:33.220000Z,2020-08-25T05:44:34.331000Z,1264.927,1111.0,86.0,55.106,0.0,0.0,0.0,26.16,1.061437,0.0,0.0,0.0
2020-08-25T05:44:35.221000Z,2020-08-25T05:44:36.638000Z,1736.969,1417.0,88.0,65.689,0.0,0.0,0.0,26.16,0.963345,0.0,0.0,0.0
2020-08-25T05:44:36.641000Z,2020-08-25T05:44:39.025999Z,1827.672,2385.0,84.0,94.052,0.0,0.0,0.0,26.16,0.84557,0.0,0.0,0.0
2020-08-25T05:44:39.030000Z,2020-08-25T05:44:41.196000Z,1720.022,2166.0,68.0,111.055,0.0,0.0,0.0,26.16,0.503801,0.0,0.0,0.0
2020-08-25T05:44:41.199000Z,2020-08-25T05:44:42.593999Z,1886.1,1395.0,80.0,148.664,0.0,0.0,0.0,26.16,0.56925,0.0,0.0,0.0
2020-08-25T05:44:42.598000Z,2020-08-25T05:44:44.425000Z,2336.478,1827.0,84.0,79.448,0.0,0.0,0.0,26.16,0.822124,0.0,0.0,0.0
2020-08-25T05:44:44.489999Z,2020-08-25T05:44:45.789000Z,2090.704,1299.0,96.0,166.534,0.0,0.0,0.0,26.16,0.831507,0.0,0.0,0.0
2020-08-25T05:44:47.223000Z,2020-08-25T05:44:48.905999Z,1739.708,1683.0,98.0,54.267,0.0,0.0,0.0,26.16,1.12985,0.0,0.0,0.0
2020-08-25T05:44:48.909000Z,2020-08-25T05:44:50.176000Z,1896.032,1267.0,86.0,53.214,0.0,0.0,0.0,26.16,1.301887,0.0,0.0,0.0
2020-08-25T05:44:51.221000Z,2020-08-25T05:44:52.766000Z,1587.881,1545.0,110.0,162.754,0.0,0.0,0.0,26.16,1.032408,0.0,0.0,0.0
2020-08-25T05:44:52.769000Z,2020-08-25T05:44:53.712000Z,1562.963,943.0,112.0,129.759,0.0,0.0,0.0,26.16,0.796006,0.0,0.0,0.0
2020-08-25T05:44:55.220000Z,2020-08-25T05:44:56.997000Z,1415.272,1777.0,98.0,69.496,0.0,0.0,0.0,26.16,1.395728,0.0,0.0,0.0
2020-08-25T05:44:56.999000Z,2020-08-25T05:44:57.806000Z,791.219,807.0,62.0,125.876,0.0,0.0,0.0,26.16,0.701842,0.0,0.0,0.0
2020-08-25T05:44:59.225999Z,2020-08-25T05:45:00.260000Z,1211.051,1034.0,66.0,102.671,0.0,0.0,0.0,26.16,0.691888,0.0,0.0,0.0
2020-08-25T05:45:01.219000Z,2020-08-25T05:45:01.902000Z,831.492,683.0,68.0,111.352,0.0,0.0,0.0,26.16,0.783011,0.0,0.0,0.0
2020-08-25T05:45:03.219000Z,2020-08-25T05:45:03.432000Z,263.349,213.0,72.0,69.24,0.0,0.0,0.0,26.16,0.916388,0.0,0.0,0.0
2020-08-25T05:45:05.218000Z,2020-08-25T05:45:05.345999Z,148.562,128.0,80.0,48.134,0.0,0.0,0.0,26.16,1.681465,0.0,0.0,0.0
2020-08-25T05:45:06.487000Z,2020-08-25T05:45:06.752000Z,132.94,265.0,82.0,42.775,0.0,0.0,0.0,26.16,1.292282,0.0,0.0,0.0
2020-08-25T05:45:08.481999Z,2020-08-25T05:45:08.685000Z,146.662,203.0,82.0,131.089,0.0,0.0,0.0,26.16,0.064148,0.0,0.0,0.0
2020-08-25T05:45:10.484000Z,2020-08-25T05:45:10.791000Z,147.781,307.0,82.0,103.848,0.0,0.0,0.0,26.16,0.87784,0.0,0.0,0.0
