start_time,end_time,size,trans_time,cwnd,rtt,rto,ssthresh,last_snd,min_rtt,delivery_rate,bytes_sent,bytes_retrans,client_trans_time
2020-08-24T15:56:08.438000Z,2020-08-24T15:56:08.779000Z,151.327,341.0,14.0,74.646,0.0,0.0,0.0,70.204,0.040176,0.0,0.0,0.0
2020-08-24T15:56:08.780000Z,2020-08-24T15:56:08.934000Z,201.612,154.0,136.0,73.619,0.0,0.0,0.0,69.742,0.94715,0.0,0.0,0.0
2020-08-24T15:56:08.935000Z,2020-08-24T15:56:09.044000Z,189.222,109.0,240.0,71.176,0.0,0.0,0.0,69.742,2.763512,0.0,0.0,0.0
2020-08-24T15:56:09.044999Z,2020-08-24T15:56:09.260000Z,328.673,215.0,372.0,76.882,0.0,0.0,0.0,69.742,2.763512,0.0,0.0,0.0
2020-08-24T15:56:09.260000Z,2020-08-24T15:56:09.405000Z,393.215,145.0,404.0,75.176,0.0,0.0,0.0,69.0,2.763512,0.0,0.0,0.0
2020-08-24T15:56:09.405000Z,2020-08-24T15:56:09.593000Z,132.192,188.0,405.0,80.935,0.0,0.0,0.0,69.0,4.946431,0.0,0.0,0.0
2020-08-24T15:56:09.593999Z,2020-08-24T15:56:09.843000Z,313.73,249.0,488.0,79.015,0.0,0.0,0.0,69.0,0.052444,0.0,0.0,0.0
2020-08-24T15:56:09.844000Z,2020-08-24T15:56:10.068000Z,451.571,224.0,575.0,75.863,0.0,0.0,0.0,69.0,1.728773,0.0,0.0,0.0
2020-08-24T15:56:11.505999Z,2020-08-24T15:56:11.684000Z,453.303,178.0,484.0,74.797,0.0,0.0,0.0,69.0,1.545575,0.0,0.0,0.0
