start_time,end_time,size,trans_time,cwnd,rtt,rto,ssthresh,last_snd,min_rtt,delivery_rate,bytes_sent,bytes_retrans,client_trans_time
2020-08-25T02:42:19.958000Z,2020-08-25T02:42:20.505999Z,15.377,548.0,352.0,72.368,0.0,0.0,0.0,59.785,1.012524,0.0,0.0,0.0
2020-08-25T02:42:20.505999Z,2020-08-25T02:42:20.605000Z,28.094,99.0,352.0,100.922,0.0,0.0,0.0,59.785,1.012524,0.0,0.0,0.0
2020-08-25T02:42:20.606000Z,2020-08-25T02:42:20.849999Z,206.998,244.0,356.0,84.508,0.0,0.0,0.0,59.785,1.012524,0.0,0.0,0.0
2020-08-25T02:42:20.852000Z,2020-08-25T02:42:21.204000Z,812.068,352.0,356.0,84.88,0.0,0.0,0.0,59.785,2.063884,0.0,0.0,0.0
2020-08-25T02:42:21.205000Z,2020-08-25T02:42:21.697000Z,365.565,492.0,388.0,73.632,0.0,0.0,0.0,59.785,4.112189,0.0,0.0,0.0
2020-08-25T02:42:21.698000Z,2020-08-25T02:42:22.224000Z,640.94,526.0,388.0,81.939,0.0,0.0,0.0,59.785,3.248688,0.0,0.0,0.0
2020-08-25T02:42:22.225999Z,2020-08-25T02:42:22.968000Z,1172.452,742.0,388.0,80.043,0.0,0.0,0.0,59.785,2.992013,0.0,0.0,0.0
2020-08-25T02:42:22.968999Z,2020-08-25T02:42:23.267000Z,397.835,298.0,422.0,80.784,0.0,0.0,0.0,59.785,3.461874,0.0,0.0,0.0
2020-08-25T02:42:23.268000Z,2020-08-25T02:42:23.662000Z,786.715,394.0,420.0,79.451,0.0,0.0,0.0,59.785,2.514267,0.0,0.0,0.0
