start_time,end_time,size,trans_time,cwnd,rtt,rto,ssthresh,last_snd,min_rtt,delivery_rate,bytes_sent,bytes_retrans,client_trans_time
2020-08-24T11:30:28.066000Z,2020-08-24T11:30:28.337000Z,92.83,271.0,916.0,177.294,0.0,0.0,0.0,108.967,3.62564,0.0,0.0,0.0
2020-08-24T11:30:28.337000Z,2020-08-24T11:30:28.487000Z,45.113,150.0,917.0,155.557,0.0,0.0,0.0,108.967,0.803702,0.0,0.0,0.0
2020-08-24T11:30:28.488000Z,2020-08-24T11:30:28.779000Z,160.54,291.0,918.0,145.284,0.0,0.0,0.0,108.967,0.803702,0.0,0.0,0.0
2020-08-24T11:30:28.780000Z,2020-08-24T11:30:28.980000Z,210.02,200.0,700.0,145.329,0.0,0.0,0.0,108.967,0.976648,0.0,0.0,0.0
2020-08-24T11:30:28.980000Z,2020-08-24T11:30:29.433000Z,551.36,453.0,696.0,143.092,0.0,0.0,0.0,108.967,1.154166,0.0,0.0,0.0
2020-08-24T11:30:29.432999Z,2020-08-24T11:30:29.681000Z,433.652,248.0,680.0,138.12,0.0,0.0,0.0,108.967,2.953913,0.0,0.0,0.0
2020-08-24T11:30:29.682000Z,2020-08-24T11:30:30.022000Z,660.962,340.0,644.0,152.148,0.0,0.0,0.0,108.967,2.843381,0.0,0.0,0.0
2020-08-24T11:30:30.023000Z,2020-08-24T11:30:30.294000Z,520.621,271.0,702.0,136.209,0.0,0.0,0.0,108.967,3.762579,0.0,0.0,0.0
2020-08-24T11:30:30.295000Z,2020-08-24T11:30:30.575000Z,510.817,280.0,702.0,154.414,0.0,0.0,0.0,108.967,3.762579,0.0,0.0,0.0
2020-08-24T11:30:31.687000Z,2020-08-24T11:30:32.069000Z,999.014,382.0,702.0,132.183,0.0,0.0,0.0,108.967,3.762579,0.0,0.0,0.0
2020-08-24T11:30:33.678000Z,2020-08-24T11:30:34.216000Z,1844.844,538.0,812.0,142.396,0.0,0.0,0.0,108.967,4.278313,0.0,0.0,0.0
2020-08-24T11:30:35.691000Z,2020-08-24T11:30:36.217999Z,2006.255,527.0,920.0,155.28,0.0,0.0,0.0,108.967,5.291726,0.0,0.0,0.0
2020-08-24T11:30:37.689000Z,2020-08-24T11:30:38.269000Z,2071.907,580.0,990.0,151.561,0.0,0.0,0.0,108.967,4.834392,0.0,0.0,0.0
2020-08-24T11:30:39.691000Z,2020-08-24T11:30:40.670000Z,1428.895,979.0,988.0,157.868,0.0,0.0,0.0,108.967,4.64048,0.0,0.0,0.0
2020-08-24T11:30:41.692999Z,2020-08-24T11:30:42.054000Z,826.248,361.0,970.0,260.885,0.0,0.0,0.0,108.967,4.214604,0.0,0.0,0.0
2020-08-24T11:30:43.676000Z,2020-08-24T11:30:43.993999Z,835.611,318.0,920.0,206.27,0.0,0.0,0.0,108.967,4.303916,0.0,0.0,0.0
2020-08-24T11:30:45.677000Z,2020-08-24T11:30:46.012000Z,835.176,335.0,920.0,158.12,0.0,0.0,0.0,108.967,4.819167,0.0,0.0,0.0
2020-08-24T11:30:47.696000Z,2020-08-24T11:30:48.041999Z,930.135,346.0,850.0,134.771,0.0,0.0,0.0,108.967,4.954948,0.0,0.0,0.0
2020-08-24T11:30:49.681000Z,2020-08-24T11:30:50.067000Z,1223.549,386.0,856.0,154.804,0.0,0.0,0.0,108.967,5.008723,0.0,0.0,0.0
2020-08-24T11:30:51.685000Z,2020-08-24T11:30:51.953000Z,553.254,268.0,906.0,136.317,0.0,0.0,0.0,108.967,4.392863,0.0,0.0,0.0
2020-08-24T11:30:53.677000Z,2020-08-24T11:30:53.960000Z,549.394,283.0,908.0,163.08,0.0,0.0,0.0,108.967,4.392863,0.0,0.0,0.0
2020-08-24T11:30:55.675000Z,2020-08-24T11:30:55.937000Z,518.191,262.0,908.0,175.946,0.0,0.0,0.0,108.967,4.392863,0.0,0.0,0.0
2020-08-24T11:30:57.697000Z,2020-08-24T11:30:57.999000Z,435.559,302.0,908.0,139.271,0.0,0.0,0.0,108.967,4.392863,0.0,0.0,0.0
2020-08-24T11:30:59.686000Z,2020-08-24T11:30:59.923000Z,474.002,237.0,908.0,191.034,0.0,0.0,0.0,108.967,4.392863,0.0,0.0,0.0
2020-08-24T11:31:01.678000Z,2020-08-24T11:31:01.905999Z,442.204,228.0,908.0,146.278,0.0,0.0,0.0,108.967,4.392863,0.0,0.0,0.0
2020-08-24T11:31:03.716000Z,2020-08-24T11:31:04.019000Z,559.327,303.0,960.0,141.871,0.0,0.0,0.0,108.967,4.392863,0.0,0.0,0.0
2020-08-24T11:31:05.671000Z,2020-08-24T11:31:05.926000Z,513.329,255.0,960.0,173.057,0.0,0.0,0.0,108.967,4.392863,0.0,0.0,0.0
2020-08-24T11:31:07.680000Z,2020-08-24T11:31:08.136000Z,1355.906,456.0,952.0,137.229,0.0,0.0,0.0,108.967,4.392863,0.0,0.0,0.0
2020-08-24T11:31:09.669000Z,2020-08-24T11:31:10.057999Z,1047.215,389.0,852.0,189.049,0.0,0.0,0.0,108.967,4.054944,0.0,0.0,0.0
2020-08-24T11:31:11.680000Z,2020-08-24T11:31:12.048000Z,918.442,368.0,848.0,141.661,0.0,0.0,0.0,108.967,3.965724,0.0,0.0,0.0
2020-08-24T11:31:13.682000Z,2020-08-24T11:31:13.985999Z,672.363,304.0,852.0,171.624,0.0,0.0,0.0,108.967,4.339692,0.0,0.0,0.0
2020-08-24T11:31:15.686000Z,2020-08-24T11:31:16.000000Z,730.458,314.0,810.0,139.432,0.0,0.0,0.0,108.967,3.408516,0.0,0.0,0.0
2020-08-24T11:31:17.677000Z,2020-08-24T11:31:18.189000Z,1085.56,512.0,806.0,150.268,0.0,0.0,0.0,108.967,3.675097,0.0,0.0,0.0
2020-08-24T11:31:19.689999Z,2020-08-24T11:31:20.225000Z,1524.502,535.0,788.0,264.262,0.0,0.0,0.0,108.967,3.271407,0.0,0.0,0.0
2020-08-24T11:31:21.681000Z,2020-08-24T11:31:22.115000Z,1448.242,434.0,878.0,211.284,0.0,0.0,0.0,108.967,5.290106,0.0,0.0,0.0
2020-08-24T11:31:23.671000Z,2020-08-24T11:31:24.477000Z,1401.457,806.0,958.0,146.421,0.0,0.0,0.0,108.967,5.268843,0.0,0.0,0.0
2020-08-24T11:31:25.669000Z,2020-08-24T11:31:26.067000Z,1331.84,398.0,1008.0,137.625,0.0,0.0,0.0,108.967,4.860901,0.0,0.0,0.0
2020-08-24T11:31:27.681000Z,2020-08-24T11:31:28.147000Z,1625.729,466.0,1054.0,152.456,0.0,0.0,0.0,108.967,5.495631,0.0,0.0,0.0
2020-08-24T11:31:29.670000Z,2020-08-24T11:31:30.137000Z,1210.993,467.0,1054.0,202.852,0.0,0.0,0.0,108.967,4.605565,0.0,0.0,0.0
2020-08-24T11:31:31.679000Z,2020-08-24T11:31:32.160000Z,1612.233,481.0,1054.0,226.121,0.0,0.0,0.0,108.967,3.994634,0.0,0.0,0.0
2020-08-24T11:31:33.695000Z,2020-08-24T11:31:34.072000Z,1363.264,377.0,1130.0,200.08,0.0,0.0,0.0,108.967,4.750412,0.0,0.0,0.0
2020-08-24T11:31:35.676000Z,2020-08-24T11:31:36.135000Z,1466.653,459.0,1140.0,140.857,0.0,0.0,0.0,108.967,6.071017,0.0,0.0,0.0
2020-08-24T11:31:37.688000Z,2020-08-24T11:31:38.158000Z,1515.187,470.0,1140.0,226.995,0.0,0.0,0.0,108.967,4.436575,0.0,0.0,0.0
2020-08-24T11:31:39.671000Z,2020-08-24T11:31:40.088000Z,1472.676,417.0,1140.0,167.109,0.0,0.0,0.0,108.967,4.247105,0.0,0.0,0.0
2020-08-24T11:31:41.681000Z,2020-08-24T11:31:42.136000Z,1723.878,455.0,1140.0,174.88,0.0,0.0,0.0,108.967,5.845665,0.0,0.0,0.0
2020-08-24T11:31:43.692000Z,2020-08-24T11:31:44.185000Z,1436.938,493.0,1140.0,200.28,0.0,0.0,0.0,108.967,5.371568,0.0,0.0,0.0
2020-08-24T11:31:45.688000Z,2020-08-24T11:31:46.136000Z,1542.552,448.0,1224.0,256.11,0.0,0.0,0.0,108.967,0.100837,0.0,0.0,0.0
2020-08-24T11:31:47.678000Z,2020-08-24T11:31:48.094000Z,1135.96,416.0,1112.0,196.974,0.0,0.0,0.0,108.967,5.289643,0.0,0.0,0.0
2020-08-24T11:31:49.669000Z,2020-08-24T11:31:49.977000Z,748.939,308.0,1108.0,194.403,0.0,0.0,0.0,108.967,4.205628,0.0,0.0,0.0
2020-08-24T11:31:51.669000Z,2020-08-24T11:31:51.935000Z,625.892,266.0,1108.0,163.596,0.0,0.0,0.0,108.967,4.205628,0.0,0.0,0.0
2020-08-24T11:31:53.686000Z,2020-08-24T11:31:53.977000Z,648.874,291.0,1112.0,153.876,0.0,0.0,0.0,108.967,4.205628,0.0,0.0,0.0
2020-08-24T11:31:55.683000Z,2020-08-24T11:31:55.947000Z,681.708,264.0,1112.0,146.874,0.0,0.0,0.0,108.967,4.205628,0.0,0.0,0.0
2020-08-24T11:31:57.686000Z,2020-08-24T11:31:57.983000Z,659.582,297.0,4.0,146.931,0.0,0.0,0.0,108.967,4.205628,0.0,0.0,0.0
2020-08-24T11:31:59.679000Z,2020-08-24T11:31:59.981000Z,695.66,302.0,1084.0,138.257,0.0,0.0,0.0,108.967,4.205628,0.0,0.0,0.0
2020-08-24T11:32:01.689000Z,2020-08-24T11:32:01.955000Z,697.394,266.0,1084.0,176.981,0.0,0.0,0.0,108.967,4.205628,0.0,0.0,0.0
2020-08-24T11:32:03.676000Z,2020-08-24T11:32:03.985000Z,796.009,309.0,1084.0,139.911,0.0,0.0,0.0,108.967,4.205628,0.0,0.0,0.0
2020-08-24T11:32:05.697000Z,2020-08-24T11:32:05.982000Z,604.38,285.0,734.0,168.397,0.0,0.0,0.0,108.967,4.212138,0.0,0.0,0.0
2020-08-24T11:32:07.688000Z,2020-08-24T11:32:08.252000Z,1576.685,564.0,706.0,132.855,0.0,0.0,0.0,108.678,4.286667,0.0,0.0,0.0
2020-08-24T11:32:09.677000Z,2020-08-24T11:32:09.981000Z,720.08,304.0,714.0,151.161,0.0,0.0,0.0,108.678,3.549698,0.0,0.0,0.0
2020-08-24T11:32:11.676000Z,2020-08-24T11:32:11.985000Z,807.869,309.0,752.0,162.552,0.0,0.0,0.0,108.678,4.590652,0.0,0.0,0.0
2020-08-24T11:32:13.677000Z,2020-08-24T11:32:14.142000Z,1353.518,465.0,800.0,135.923,0.0,0.0,0.0,108.678,4.700614,0.0,0.0,0.0
2020-08-24T11:32:15.689999Z,2020-08-24T11:32:15.990000Z,810.241,300.0,896.0,148.035,0.0,0.0,0.0,108.678,3.270507,0.0,0.0,0.0
2020-08-24T11:32:17.672999Z,2020-08-24T11:32:18.019000Z,813.207,346.0,4.0,156.701,0.0,0.0,0.0,108.678,4.594669,0.0,0.0,0.0
2020-08-24T11:32:19.677000Z,2020-08-24T11:32:19.987000Z,818.166,310.0,1014.0,198.154,0.0,0.0,0.0,108.678,4.355808,0.0,0.0,0.0
2020-08-24T11:32:21.685000Z,2020-08-24T11:32:22.004000Z,793.432,319.0,1012.0,155.907,0.0,0.0,0.0,108.678,5.344272,0.0,0.0,0.0
2020-08-24T11:32:23.679000Z,2020-08-24T11:32:24.621000Z,3927.757,942.0,964.0,134.073,0.0,0.0,0.0,108.678,4.651843,0.0,0.0,0.0
2020-08-24T11:32:25.680000Z,2020-08-24T11:32:26.337000Z,2653.281,657.0,994.0,175.348,0.0,0.0,0.0,108.678,4.101426,0.0,0.0,0.0
2020-08-24T11:32:27.679000Z,2020-08-24T11:32:28.444000Z,2535.121,765.0,1152.0,156.998,0.0,0.0,0.0,108.678,4.375932,0.0,0.0,0.0
2020-08-24T11:32:29.689000Z,2020-08-24T11:32:30.296000Z,2507.836,607.0,1142.0,357.898,0.0,0.0,0.0,108.678,3.892457,0.0,0.0,0.0
2020-08-24T11:32:31.689000Z,2020-08-24T11:32:32.316000Z,2544.383,627.0,1140.0,219.354,0.0,0.0,0.0,108.678,6.201274,0.0,0.0,0.0
2020-08-24T11:32:33.680000Z,2020-08-24T11:32:34.256000Z,2484.511,576.0,1276.0,219.883,0.0,0.0,0.0,108.678,5.584601,0.0,0.0,0.0
2020-08-24T11:32:35.681000Z,2020-08-24T11:32:36.286000Z,2588.986,605.0,1288.0,207.06,0.0,0.0,0.0,108.678,5.888275,0.0,0.0,0.0
2020-08-24T11:32:37.678000Z,2020-08-24T11:32:38.313999Z,2556.899,636.0,1288.0,179.994,0.0,0.0,0.0,108.678,5.387822,0.0,0.0,0.0
2020-08-24T11:32:39.727000Z,2020-08-24T11:32:40.409000Z,2549.505,682.0,1292.0,283.601,0.0,0.0,0.0,108.678,6.581077,0.0,0.0,0.0
2020-08-24T11:32:41.689000Z,2020-08-24T11:32:42.358000Z,2569.891,669.0,1444.0,259.113,0.0,0.0,0.0,108.678,2.684955,0.0,0.0,0.0
2020-08-24T11:32:43.684000Z,2020-08-24T11:32:44.443000Z,2518.137,759.0,1222.0,279.795,0.0,0.0,0.0,108.678,4.751226,0.0,0.0,0.0
2020-08-24T11:32:45.681000Z,2020-08-24T11:32:46.336000Z,2549.223,655.0,1190.0,232.724,0.0,0.0,0.0,108.678,1.784432,0.0,0.0,0.0
2020-08-24T11:32:47.934000Z,2020-08-24T11:32:48.631000Z,2491.258,697.0,1194.0,189.748,0.0,0.0,0.0,108.678,4.731903,0.0,0.0,0.0
2020-08-24T11:32:49.961000Z,2020-08-24T11:32:50.542000Z,2056.251,581.0,1108.0,216.773,0.0,0.0,0.0,108.678,4.586351,0.0,0.0,0.0
2020-08-24T11:32:51.932000Z,2020-08-24T11:32:52.193999Z,628.361,262.0,1122.0,177.101,0.0,0.0,0.0,108.678,5.021458,0.0,0.0,0.0
2020-08-24T11:32:53.927000Z,2020-08-24T11:32:54.166000Z,605.129,239.0,1186.0,150.656,0.0,0.0,0.0,108.678,5.021458,0.0,0.0,0.0
2020-08-24T11:32:55.945999Z,2020-08-24T11:32:56.209000Z,676.189,263.0,1114.0,146.006,0.0,0.0,0.0,108.678,5.021458,0.0,0.0,0.0
2020-08-24T11:32:57.943000Z,2020-08-24T11:32:58.209000Z,651.771,266.0,1114.0,154.178,0.0,0.0,0.0,108.678,5.021458,0.0,0.0,0.0
2020-08-24T11:32:59.941000Z,2020-08-24T11:33:00.247000Z,625.932,306.0,1114.0,148.713,0.0,0.0,0.0,108.678,5.021458,0.0,0.0,0.0
2020-08-24T11:33:01.959000Z,2020-08-24T11:33:02.208000Z,586.428,249.0,1114.0,158.638,0.0,0.0,0.0,108.678,5.021458,0.0,0.0,0.0
2020-08-24T11:33:03.935000Z,2020-08-24T11:33:04.166000Z,471.982,231.0,1112.0,157.041,0.0,0.0,0.0,108.678,5.021458,0.0,0.0,0.0
2020-08-24T11:33:05.840000Z,2020-08-24T11:33:06.095000Z,491.979,255.0,1112.0,141.021,0.0,0.0,0.0,108.678,5.021458,0.0,0.0,0.0
2020-08-24T11:33:07.966000Z,2020-08-24T11:33:08.205000Z,495.364,239.0,1112.0,162.184,0.0,0.0,0.0,108.678,5.021458,0.0,0.0,0.0
2020-08-24T11:33:09.958000Z,2020-08-24T11:33:10.184000Z,440.402,226.0,1112.0,153.809,0.0,0.0,0.0,108.678,5.021458,0.0,0.0,0.0
2020-08-24T11:33:11.928000Z,2020-08-24T11:33:12.147000Z,446.337,219.0,1112.0,139.127,0.0,0.0,0.0,108.678,5.021458,0.0,0.0,0.0
2020-08-24T11:33:13.935000Z,2020-08-24T11:33:14.153999Z,491.321,219.0,4.0,138.613,0.0,0.0,0.0,108.678,5.021458,0.0,0.0,0.0
2020-08-24T11:33:15.964000Z,2020-08-24T11:33:16.213000Z,533.737,249.0,1160.0,143.619,0.0,0.0,0.0,108.678,5.021458,0.0,0.0,0.0
2020-08-24T11:33:17.926000Z,2020-08-24T11:33:18.166000Z,583.876,240.0,1158.0,159.77,0.0,0.0,0.0,108.678,5.021458,0.0,0.0,0.0
2020-08-24T11:33:19.957000Z,2020-08-24T11:33:20.240000Z,591.118,283.0,1146.0,155.362,0.0,0.0,0.0,108.678,5.021458,0.0,0.0,0.0
2020-08-24T11:33:21.927000Z,2020-08-24T11:33:22.164000Z,549.749,237.0,1142.0,154.249,0.0,0.0,0.0,108.678,5.021458,0.0,0.0,0.0
2020-08-24T11:33:23.958000Z,2020-08-24T11:33:24.244000Z,578.168,286.0,1142.0,149.337,0.0,0.0,0.0,108.678,5.021458,0.0,0.0,0.0
2020-08-24T11:33:25.929000Z,2020-08-24T11:33:26.324000Z,476.287,395.0,1142.0,161.532,0.0,0.0,0.0,108.678,5.021458,0.0,0.0,0.0
2020-08-24T11:33:27.964000Z,2020-08-24T11:33:34.286000Z,1477.685,6322.0,8.0,149.885,0.0,0.0,0.0,108.678,0.014279,0.0,0.0,0.0
2020-08-24T11:33:34.286000Z,2020-08-24T11:33:34.929000Z,507.367,643.0,150.0,135.487,0.0,0.0,0.0,108.678,0.863362,0.0,0.0,0.0
2020-08-24T11:33:34.929000Z,2020-08-24T11:33:35.617999Z,645.65,689.0,190.0,132.174,0.0,0.0,0.0,108.678,1.091426,0.0,0.0,0.0
2020-08-24T11:33:35.619000Z,2020-08-24T11:33:36.295000Z,648.648,676.0,228.0,145.035,0.0,0.0,0.0,108.678,1.238936,0.0,0.0,0.0
2020-08-24T11:33:36.296000Z,2020-08-24T11:33:36.934000Z,795.114,638.0,240.0,192.619,0.0,0.0,0.0,108.678,1.065286,0.0,0.0,0.0
2020-08-24T11:33:37.961000Z,2020-08-24T11:33:38.526000Z,825.626,565.0,328.0,152.054,0.0,0.0,0.0,108.678,1.969232,0.0,0.0,0.0
2020-08-24T11:33:39.929999Z,2020-08-24T11:33:40.480000Z,916.818,550.0,374.0,136.303,0.0,0.0,0.0,108.678,2.246809,0.0,0.0,0.0
2020-08-24T11:33:41.939000Z,2020-08-24T11:33:42.441000Z,892.731,502.0,416.0,134.371,0.0,0.0,0.0,108.678,2.381392,0.0,0.0,0.0
2020-08-24T11:33:43.931000Z,2020-08-24T11:33:44.393999Z,863.742,463.0,454.0,141.042,0.0,0.0,0.0,108.678,2.610774,0.0,0.0,0.0
2020-08-24T11:33:45.929000Z,2020-08-24T11:33:46.461000Z,852.657,532.0,536.0,144.508,0.0,0.0,0.0,108.678,2.565436,0.0,0.0,0.0
2020-08-24T11:33:47.937000Z,2020-08-24T11:33:48.368000Z,1025.753,431.0,562.0,136.034,0.0,0.0,0.0,108.678,1.021673,0.0,0.0,0.0
2020-08-24T11:33:49.932000Z,2020-08-24T11:33:50.348000Z,945.018,416.0,676.0,136.296,0.0,0.0,0.0,108.678,3.479784,0.0,0.0,0.0
2020-08-24T11:33:51.945999Z,2020-08-24T11:33:52.345000Z,886.244,399.0,694.0,193.38,0.0,0.0,0.0,108.678,4.001286,0.0,0.0,0.0
2020-08-24T11:33:53.901000Z,2020-08-24T11:33:54.278000Z,876.676,377.0,694.0,158.476,0.0,0.0,0.0,108.678,3.875422,0.0,0.0,0.0
2020-08-24T11:33:55.931000Z,2020-08-24T11:33:56.688000Z,1715.537,757.0,694.0,172.721,0.0,0.0,0.0,108.678,3.403918,0.0,0.0,0.0
2020-08-24T11:33:57.941000Z,2020-08-24T11:33:58.383000Z,1003.34,442.0,694.0,291.062,0.0,0.0,0.0,108.678,2.67038,0.0,0.0,0.0
2020-08-24T11:33:59.932999Z,2020-08-24T11:34:00.359000Z,1070.384,426.0,4.0,176.892,0.0,0.0,0.0,108.678,3.421225,0.0,0.0,0.0
2020-08-24T11:34:01.928000Z,2020-08-24T11:34:02.347000Z,1208.859,419.0,810.0,136.049,0.0,0.0,0.0,108.678,3.580314,0.0,0.0,0.0
2020-08-24T11:34:03.961000Z,2020-08-24T11:34:04.294000Z,700.76,333.0,840.0,133.949,0.0,0.0,0.0,108.678,4.44744,0.0,0.0,0.0
2020-08-24T11:34:05.929000Z,2020-08-24T11:34:06.408000Z,844.572,479.0,842.0,162.301,0.0,0.0,0.0,108.678,3.945458,0.0,0.0,0.0
2020-08-24T11:34:07.947000Z,2020-08-24T11:34:08.284000Z,780.462,337.0,840.0,170.192,0.0,0.0,0.0,108.678,1.365851,0.0,0.0,0.0
2020-08-24T11:34:09.957000Z,2020-08-24T11:34:10.281000Z,800.873,324.0,840.0,168.567,0.0,0.0,0.0,108.678,0.473234,0.0,0.0,0.0
2020-08-24T11:34:11.937000Z,2020-08-24T11:34:12.265999Z,780.298,329.0,832.0,152.46,0.0,0.0,0.0,108.678,4.018484,0.0,0.0,0.0
2020-08-24T11:34:13.927000Z,2020-08-24T11:34:14.305000Z,743.662,378.0,832.0,142.529,0.0,0.0,0.0,108.678,3.825253,0.0,0.0,0.0
2020-08-24T11:34:15.966000Z,2020-08-24T11:34:16.368000Z,827.228,402.0,838.0,208.615,0.0,0.0,0.0,108.678,3.099639,0.0,0.0,0.0
2020-08-24T11:34:17.892000Z,2020-08-24T11:34:18.262000Z,750.812,370.0,834.0,168.666,0.0,0.0,0.0,108.678,3.359486,0.0,0.0,0.0
2020-08-24T11:34:19.937000Z,2020-08-24T11:34:20.289000Z,774.344,352.0,834.0,207.332,0.0,0.0,0.0,108.678,3.142709,0.0,0.0,0.0
2020-08-24T11:34:21.965000Z,2020-08-24T11:34:22.309000Z,712.841,344.0,716.0,168.268,0.0,0.0,0.0,108.678,4.134922,0.0,0.0,0.0
2020-08-24T11:34:23.959000Z,2020-08-24T11:34:24.533000Z,1462.505,574.0,732.0,141.035,0.0,0.0,0.0,108.678,3.170483,0.0,0.0,0.0
2020-08-24T11:34:25.961000Z,2020-08-24T11:34:26.371000Z,825.084,410.0,776.0,210.01,0.0,0.0,0.0,108.678,4.001867,0.0,0.0,0.0
2020-08-24T11:34:27.967000Z,2020-08-24T11:34:28.377999Z,878.893,411.0,772.0,165.325,0.0,0.0,0.0,108.678,3.296846,0.0,0.0,0.0
2020-08-24T11:34:29.928000Z,2020-08-24T11:34:30.416000Z,899.945,488.0,772.0,186.62,0.0,0.0,0.0,108.678,3.215799,0.0,0.0,0.0
2020-08-24T11:34:31.939000Z,2020-08-24T11:34:32.444000Z,904.121,505.0,776.0,255.873,0.0,0.0,0.0,108.678,2.731148,0.0,0.0,0.0
2020-08-24T11:34:33.926000Z,2020-08-24T11:34:34.275000Z,817.537,349.0,742.0,271.498,0.0,0.0,0.0,108.678,2.777209,0.0,0.0,0.0
2020-08-24T11:34:35.922000Z,2020-08-24T11:34:36.232000Z,700.358,310.0,792.0,151.216,0.0,0.0,0.0,108.678,3.440681,0.0,0.0,0.0
2020-08-24T11:34:37.919000Z,2020-08-24T11:34:38.321999Z,635.207,403.0,772.0,140.171,0.0,0.0,0.0,108.678,3.923684,0.0,0.0,0.0
2020-08-24T11:34:39.929999Z,2020-08-24T11:34:40.252000Z,759.718,322.0,772.0,219.276,0.0,0.0,0.0,108.678,2.625513,0.0,0.0,0.0
2020-08-24T11:34:41.841999Z,2020-08-24T11:34:42.233999Z,1028.53,392.0,770.0,136.429,0.0,0.0,0.0,108.678,3.909236,0.0,0.0,0.0
2020-08-24T11:34:43.972000Z,2020-08-24T11:34:44.371000Z,944.03,399.0,818.0,155.365,0.0,0.0,0.0,108.678,3.453632,0.0,0.0,0.0
2020-08-24T11:34:45.926000Z,2020-08-24T11:34:46.406000Z,907.743,480.0,822.0,192.585,0.0,0.0,0.0,108.678,3.292945,0.0,0.0,0.0
2020-08-24T11:34:47.956000Z,2020-08-24T11:34:48.377999Z,929.436,422.0,860.0,211.318,0.0,0.0,0.0,108.678,2.457031,0.0,0.0,0.0
2020-08-24T11:34:49.941000Z,2020-08-24T11:34:50.377000Z,790.412,436.0,860.0,212.901,0.0,0.0,0.0,108.678,4.16497,0.0,0.0,0.0
2020-08-24T11:34:51.925000Z,2020-08-24T11:34:52.273999Z,600.092,349.0,840.0,173.083,0.0,0.0,0.0,108.678,4.16497,0.0,0.0,0.0
2020-08-24T11:34:53.937000Z,2020-08-24T11:34:54.548000Z,1315.401,611.0,840.0,197.236,0.0,0.0,0.0,108.678,4.16497,0.0,0.0,0.0
2020-08-24T11:34:55.971000Z,2020-08-24T11:34:56.639000Z,1506.886,668.0,732.0,290.968,0.0,0.0,0.0,108.678,3.227219,0.0,0.0,0.0
2020-08-24T11:34:57.939000Z,2020-08-24T11:34:58.331000Z,635.324,392.0,733.0,150.182,0.0,0.0,0.0,108.678,1.110647,0.0,0.0,0.0
2020-08-24T11:34:59.940000Z,2020-08-24T11:35:00.225999Z,553.484,286.0,750.0,211.763,0.0,0.0,0.0,108.678,1.771584,0.0,0.0,0.0
2020-08-24T11:35:01.959000Z,2020-08-24T11:35:02.265999Z,698.213,307.0,750.0,151.216,0.0,0.0,0.0,108.678,2.186034,0.0,0.0,0.0
2020-08-24T11:35:03.957000Z,2020-08-24T11:35:04.350000Z,656.684,393.0,762.0,134.951,0.0,0.0,0.0,108.678,4.106154,0.0,0.0,0.0
2020-08-24T11:35:05.856999Z,2020-08-24T11:35:06.135000Z,641.505,278.0,762.0,167.461,0.0,0.0,0.0,108.678,2.477187,0.0,0.0,0.0
2020-08-24T11:35:07.932000Z,2020-08-24T11:35:08.230000Z,580.641,298.0,794.0,142.15,0.0,0.0,0.0,108.678,3.947053,0.0,0.0,0.0
2020-08-24T11:35:09.939000Z,2020-08-24T11:35:10.360000Z,606.905,421.0,794.0,176.47,0.0,0.0,0.0,108.678,3.947053,0.0,0.0,0.0
2020-08-24T11:35:11.940000Z,2020-08-24T11:35:12.848000Z,773.497,908.0,794.0,191.766,0.0,0.0,0.0,108.678,3.947053,0.0,0.0,0.0
2020-08-24T11:35:13.966000Z,2020-08-24T11:35:14.365000Z,895.613,399.0,842.0,148.979,0.0,0.0,0.0,108.678,1.907744,0.0,0.0,0.0
2020-08-24T11:35:15.943000Z,2020-08-24T11:35:16.319000Z,815.602,376.0,846.0,155.547,0.0,0.0,0.0,108.678,3.06406,0.0,0.0,0.0
2020-08-24T11:35:17.939000Z,2020-08-24T11:35:18.287000Z,638.743,348.0,842.0,199.563,0.0,0.0,0.0,108.678,3.06406,0.0,0.0,0.0
2020-08-24T11:35:19.937000Z,2020-08-24T11:35:20.334000Z,671.592,397.0,736.0,186.999,0.0,0.0,0.0,108.678,3.141105,0.0,0.0,0.0
2020-08-24T11:35:21.922000Z,2020-08-24T11:35:22.229000Z,620.783,307.0,640.0,193.456,0.0,0.0,0.0,108.678,2.648713,0.0,0.0,0.0
2020-08-24T11:35:23.939000Z,2020-08-24T11:35:24.301000Z,809.708,362.0,654.0,151.824,0.0,0.0,0.0,108.678,3.243938,0.0,0.0,0.0
2020-08-24T11:35:25.928000Z,2020-08-24T11:35:26.316000Z,907.832,388.0,732.0,133.556,0.0,0.0,0.0,108.678,3.254508,0.0,0.0,0.0
2020-08-24T11:35:27.964000Z,2020-08-24T11:35:28.435000Z,1009.384,471.0,764.0,157.809,0.0,0.0,0.0,108.678,3.67594,0.0,0.0,0.0
2020-08-24T11:35:29.840999Z,2020-08-24T11:35:30.177000Z,837.791,336.0,768.0,172.644,0.0,0.0,0.0,108.678,3.463306,0.0,0.0,0.0
2020-08-24T11:35:31.916999Z,2020-08-24T11:35:32.241999Z,840.939,325.0,738.0,155.25,0.0,0.0,0.0,108.678,4.06445,0.0,0.0,0.0
2020-08-24T11:35:33.927000Z,2020-08-24T11:35:34.317000Z,869.572,390.0,794.0,143.356,0.0,0.0,0.0,108.678,4.488929,0.0,0.0,0.0
2020-08-24T11:35:35.929000Z,2020-08-24T11:35:36.246000Z,723.264,317.0,796.0,159.902,0.0,0.0,0.0,108.678,3.691861,0.0,0.0,0.0
2020-08-24T11:35:37.937000Z,2020-08-24T11:35:38.225000Z,665.862,288.0,794.0,170.051,0.0,0.0,0.0,108.678,3.947222,0.0,0.0,0.0
2020-08-24T11:35:39.958000Z,2020-08-24T11:35:40.256000Z,717.781,298.0,794.0,143.398,0.0,0.0,0.0,108.678,3.781109,0.0,0.0,0.0
2020-08-24T11:35:41.969999Z,2020-08-24T11:35:42.297000Z,684.583,327.0,844.0,153.569,0.0,0.0,0.0,108.678,4.716103,0.0,0.0,0.0
2020-08-24T11:35:43.959000Z,2020-08-24T11:35:44.265000Z,656.0,306.0,848.0,177.162,0.0,0.0,0.0,108.678,4.716103,0.0,0.0,0.0
2020-08-24T11:35:45.926000Z,2020-08-24T11:35:46.260000Z,604.381,334.0,796.0,149.133,0.0,0.0,0.0,108.678,3.838617,0.0,0.0,0.0
2020-08-24T11:35:47.959000Z,2020-08-24T11:35:48.228000Z,527.151,269.0,768.0,175.324,0.0,0.0,0.0,107.653,2.995308,0.0,0.0,0.0
2020-08-24T11:35:49.979000Z,2020-08-24T11:35:50.447000Z,1328.057,468.0,768.0,135.65,0.0,0.0,0.0,107.653,2.995308,0.0,0.0,0.0
2020-08-24T11:35:51.960000Z,2020-08-24T11:35:52.302000Z,587.71,342.0,794.0,141.495,0.0,0.0,0.0,107.653,3.823408,0.0,0.0,0.0
2020-08-24T11:35:53.925000Z,2020-08-24T11:35:54.198000Z,639.375,273.0,794.0,164.059,0.0,0.0,0.0,107.653,3.823408,0.0,0.0,0.0
2020-08-24T11:35:55.928000Z,2020-08-24T11:35:56.214000Z,741.292,286.0,798.0,140.961,0.0,0.0,0.0,107.653,3.823408,0.0,0.0,0.0
2020-08-24T11:35:57.919000Z,2020-08-24T11:35:58.475000Z,1861.768,556.0,880.0,148.0,0.0,0.0,0.0,107.653,4.538504,0.0,0.0,0.0
2020-08-24T11:35:59.920000Z,2020-08-24T11:36:00.287000Z,1063.169,367.0,844.0,146.519,0.0,0.0,0.0,107.653,4.647844,0.0,0.0,0.0
2020-08-24T11:36:01.929000Z,2020-08-24T11:36:02.336000Z,1414.443,407.0,870.0,138.224,0.0,0.0,0.0,107.653,3.750803,0.0,0.0,0.0
2020-08-24T11:36:03.924000Z,2020-08-24T11:36:04.296000Z,1186.253,372.0,1070.0,133.629,0.0,0.0,0.0,107.653,6.204978,0.0,0.0,0.0
2020-08-24T11:36:05.966000Z,2020-08-24T11:36:06.595000Z,1599.88,629.0,1070.0,147.517,0.0,0.0,0.0,107.653,6.076279,0.0,0.0,0.0
2020-08-24T11:36:07.940000Z,2020-08-24T11:36:08.415000Z,1374.622,475.0,1118.0,176.858,0.0,0.0,0.0,107.653,0.012253,0.0,0.0,0.0
2020-08-24T11:36:09.964000Z,2020-08-24T11:36:10.315000Z,1068.509,351.0,1137.0,162.533,0.0,0.0,0.0,107.653,3.946958,0.0,0.0,0.0
2020-08-24T11:36:11.927000Z,2020-08-24T11:36:12.432000Z,1407.813,505.0,1120.0,184.333,0.0,0.0,0.0,107.653,4.601035,0.0,0.0,0.0
2020-08-24T11:36:13.929999Z,2020-08-24T11:36:14.307000Z,1325.258,377.0,1126.0,170.436,0.0,0.0,0.0,107.653,3.572005,0.0,0.0,0.0
2020-08-24T11:36:15.937000Z,2020-08-24T11:36:16.416000Z,876.131,479.0,1120.0,190.34,0.0,0.0,0.0,107.653,5.636175,0.0,0.0,0.0
2020-08-24T11:36:17.931000Z,2020-08-24T11:36:18.230000Z,680.714,299.0,1026.0,149.977,0.0,0.0,0.0,107.653,1.512767,0.0,0.0,0.0
2020-08-24T11:36:19.937000Z,2020-08-24T11:36:20.220000Z,702.696,283.0,1028.0,168.232,0.0,0.0,0.0,107.653,2.472761,0.0,0.0,0.0
2020-08-24T11:36:21.929000Z,2020-08-24T11:36:22.185999Z,638.855,257.0,1028.0,162.63,0.0,0.0,0.0,107.653,2.507411,0.0,0.0,0.0
2020-08-24T11:36:23.956000Z,2020-08-24T11:36:24.204000Z,670.493,248.0,1028.0,173.106,0.0,0.0,0.0,107.653,2.748581,0.0,0.0,0.0
2020-08-24T11:36:25.920000Z,2020-08-24T11:36:26.339000Z,627.984,419.0,1028.0,145.036,0.0,0.0,0.0,107.653,2.748581,0.0,0.0,0.0
2020-08-24T11:36:27.968000Z,2020-08-24T11:36:28.235000Z,674.846,267.0,1024.0,140.023,0.0,0.0,0.0,107.653,0.529084,0.0,0.0,0.0
2020-08-24T11:36:29.960000Z,2020-08-24T11:36:30.217999Z,581.28,258.0,1024.0,156.998,0.0,0.0,0.0,107.653,2.677749,0.0,0.0,0.0
2020-08-24T11:36:31.947000Z,2020-08-24T11:36:32.249000Z,554.051,302.0,1024.0,164.53,0.0,0.0,0.0,107.653,2.677749,0.0,0.0,0.0
2020-08-24T11:36:33.927000Z,2020-08-24T11:36:34.173000Z,563.853,246.0,1026.0,170.881,0.0,0.0,0.0,107.653,2.677749,0.0,0.0,0.0
2020-08-24T11:36:35.976000Z,2020-08-24T11:36:36.237000Z,655.092,261.0,1026.0,154.211,0.0,0.0,0.0,107.653,2.677749,0.0,0.0,0.0
2020-08-24T11:36:37.939000Z,2020-08-24T11:36:38.364000Z,1047.652,425.0,1060.0,147.288,0.0,0.0,0.0,107.653,2.677749,0.0,0.0,0.0
2020-08-24T11:36:39.958000Z,2020-08-24T11:36:40.320000Z,1114.281,362.0,1056.0,238.836,0.0,0.0,0.0,107.653,2.677749,0.0,0.0,0.0
2020-08-24T11:36:41.918000Z,2020-08-24T11:36:42.190000Z,678.136,272.0,1058.0,142.48,0.0,0.0,0.0,107.653,4.627937,0.0,0.0,0.0
2020-08-24T11:36:43.960000Z,2020-08-24T11:36:44.229000Z,659.231,269.0,1046.0,143.065,0.0,0.0,0.0,107.653,4.627937,0.0,0.0,0.0
2020-08-24T11:36:45.926000Z,2020-08-24T11:36:46.260000Z,735.554,334.0,1048.0,152.863,0.0,0.0,0.0,107.653,4.627937,0.0,0.0,0.0
2020-08-24T11:36:47.959000Z,2020-08-24T11:36:48.233000Z,731.467,274.0,1048.0,148.947,0.0,0.0,0.0,107.653,4.627937,0.0,0.0,0.0
2020-08-24T11:36:49.928000Z,2020-08-24T11:36:50.215000Z,721.837,287.0,1048.0,158.259,0.0,0.0,0.0,107.653,4.627937,0.0,0.0,0.0
2020-08-24T11:36:51.936000Z,2020-08-24T11:36:52.237000Z,853.291,301.0,1048.0,149.85,0.0,0.0,0.0,107.653,4.627937,0.0,0.0,0.0
2020-08-24T11:36:53.973000Z,2020-08-24T11:36:54.269000Z,681.558,296.0,1078.0,148.672,0.0,0.0,0.0,107.653,5.699932,0.0,0.0,0.0
2020-08-24T11:36:56.166000Z,2020-08-24T11:36:56.456000Z,785.458,290.0,1078.0,167.998,0.0,0.0,0.0,107.653,5.699932,0.0,0.0,0.0
2020-08-24T11:36:58.191000Z,2020-08-24T11:36:58.493000Z,819.092,302.0,1012.0,146.387,0.0,0.0,0.0,107.653,4.573838,0.0,0.0,0.0
2020-08-24T11:37:00.172999Z,2020-08-24T11:37:00.448000Z,778.042,275.0,1012.0,162.656,0.0,0.0,0.0,107.653,4.573838,0.0,0.0,0.0
2020-08-24T11:37:02.177000Z,2020-08-24T11:37:02.638000Z,977.458,461.0,978.0,136.468,0.0,0.0,0.0,107.653,5.253928,0.0,0.0,0.0
2020-08-24T11:37:04.169999Z,2020-08-24T11:37:04.644000Z,1219.961,474.0,974.0,261.536,0.0,0.0,0.0,107.653,2.948827,0.0,0.0,0.0
2020-08-24T11:37:06.171000Z,2020-08-24T11:37:06.527000Z,1117.299,356.0,896.0,158.04,0.0,0.0,0.0,107.653,3.754167,0.0,0.0,0.0
2020-08-24T11:37:08.182000Z,2020-08-24T11:37:08.566000Z,629.197,384.0,940.0,160.926,0.0,0.0,0.0,107.653,5.129301,0.0,0.0,0.0
2020-08-24T11:37:10.179000Z,2020-08-24T11:37:10.465000Z,707.152,286.0,940.0,256.793,0.0,0.0,0.0,107.653,5.129301,0.0,0.0,0.0
2020-08-24T11:37:12.178000Z,2020-08-24T11:37:12.529000Z,1128.564,351.0,940.0,148.346,0.0,0.0,0.0,107.653,4.208201,0.0,0.0,0.0
2020-08-24T11:37:14.180000Z,2020-08-24T11:37:14.577000Z,1364.12,397.0,1047.0,144.253,0.0,0.0,0.0,107.653,6.13712,0.0,0.0,0.0
2020-08-24T11:37:16.179000Z,2020-08-24T11:37:16.468000Z,878.438,289.0,1046.0,151.247,0.0,0.0,0.0,107.653,5.486375,0.0,0.0,0.0
2020-08-24T11:37:18.177000Z,2020-08-24T11:37:18.455000Z,644.93,278.0,1050.0,148.701,0.0,0.0,0.0,107.653,5.529969,0.0,0.0,0.0
2020-08-24T11:37:20.089000Z,2020-08-24T11:37:20.356000Z,778.452,267.0,1050.0,138.554,0.0,0.0,0.0,107.653,5.529969,0.0,0.0,0.0
2020-08-24T11:37:22.206000Z,2020-08-24T11:37:22.654000Z,873.403,448.0,1050.0,148.156,0.0,0.0,0.0,107.653,5.529969,0.0,0.0,0.0
2020-08-24T11:37:24.179000Z,2020-08-24T11:37:24.516000Z,831.888,337.0,1046.0,149.135,0.0,0.0,0.0,107.653,1.904876,0.0,0.0,0.0
2020-08-24T11:37:26.197000Z,2020-08-24T11:37:26.555000Z,1104.134,358.0,982.0,146.231,0.0,0.0,0.0,107.653,4.508996,0.0,0.0,0.0
2020-08-24T11:37:28.172000Z,2020-08-24T11:37:28.571000Z,1362.869,399.0,1046.0,152.11,0.0,0.0,0.0,107.653,5.358035,0.0,0.0,0.0
2020-08-24T11:37:30.179000Z,2020-08-24T11:37:30.625999Z,1843.432,447.0,1134.0,140.209,0.0,0.0,0.0,107.653,3.892123,0.0,0.0,0.0
2020-08-24T11:37:32.175000Z,2020-08-24T11:37:32.497999Z,830.661,323.0,1178.0,159.628,0.0,0.0,0.0,107.653,6.547394,0.0,0.0,0.0
2020-08-24T11:37:34.178000Z,2020-08-24T11:37:34.447000Z,718.835,269.0,1180.0,174.338,0.0,0.0,0.0,107.653,6.547394,0.0,0.0,0.0
2020-08-24T11:37:36.178000Z,2020-08-24T11:37:36.439000Z,733.442,261.0,1180.0,141.537,0.0,0.0,0.0,107.653,6.547394,0.0,0.0,0.0
2020-08-24T11:37:38.185000Z,2020-08-24T11:37:38.439000Z,645.616,254.0,1180.0,153.722,0.0,0.0,0.0,107.653,6.547394,0.0,0.0,0.0
2020-08-24T11:37:40.179000Z,2020-08-24T11:37:40.429000Z,690.846,250.0,1239.0,150.507,0.0,0.0,0.0,107.653,6.547394,0.0,0.0,0.0
2020-08-24T11:37:42.197000Z,2020-08-24T11:37:42.584000Z,1326.839,387.0,1274.0,147.104,0.0,0.0,0.0,107.653,6.547394,0.0,0.0,0.0
2020-08-24T11:37:44.090000Z,2020-08-24T11:37:44.415000Z,875.605,325.0,1192.0,152.979,0.0,0.0,0.0,107.653,5.157971,0.0,0.0,0.0
2020-08-24T11:37:46.169999Z,2020-08-24T11:37:46.430000Z,605.985,260.0,1192.0,181.612,0.0,0.0,0.0,107.653,5.157971,0.0,0.0,0.0
2020-08-24T11:37:48.197000Z,2020-08-24T11:37:48.473000Z,615.323,276.0,1194.0,150.747,0.0,0.0,0.0,107.653,5.157971,0.0,0.0,0.0
2020-08-24T11:37:50.176000Z,2020-08-24T11:37:50.419000Z,542.104,243.0,1188.0,140.801,0.0,0.0,0.0,107.653,5.157971,0.0,0.0,0.0
2020-08-24T11:37:52.176000Z,2020-08-24T11:37:52.553000Z,522.089,377.0,1188.0,155.402,0.0,0.0,0.0,107.653,5.157971,0.0,0.0,0.0
2020-08-24T11:37:54.189000Z,2020-08-24T11:37:54.438000Z,529.684,249.0,974.0,142.929,0.0,0.0,0.0,107.653,1.351168,0.0,0.0,0.0
2020-08-24T11:37:56.185999Z,2020-08-24T11:37:56.417999Z,511.117,232.0,942.0,134.245,0.0,0.0,0.0,107.653,2.366246,0.0,0.0,0.0
2020-08-24T11:37:58.188000Z,2020-08-24T11:37:58.456000Z,611.916,268.0,942.0,136.616,0.0,0.0,0.0,107.653,2.366246,0.0,0.0,0.0
2020-08-24T11:38:00.179000Z,2020-08-24T11:38:00.412000Z,549.003,233.0,946.0,142.205,0.0,0.0,0.0,107.653,3.084221,0.0,0.0,0.0
2020-08-24T11:38:02.205000Z,2020-08-24T11:38:02.473999Z,467.89,269.0,946.0,144.514,0.0,0.0,0.0,107.653,3.084221,0.0,0.0,0.0
2020-08-24T11:38:04.177000Z,2020-08-24T11:38:04.461000Z,584.187,284.0,946.0,153.083,0.0,0.0,0.0,107.653,3.084221,0.0,0.0,0.0
2020-08-24T11:38:06.177000Z,2020-08-24T11:38:06.412000Z,531.081,235.0,4.0,169.099,0.0,0.0,0.0,107.653,3.084221,0.0,0.0,0.0
2020-08-24T11:38:08.092000Z,2020-08-24T11:38:08.327000Z,503.415,235.0,942.0,135.311,0.0,0.0,0.0,107.653,3.084221,0.0,0.0,0.0
2020-08-24T11:38:10.172000Z,2020-08-24T11:38:10.465999Z,705.765,294.0,942.0,144.986,0.0,0.0,0.0,107.653,3.084221,0.0,0.0,0.0
2020-08-24T11:38:12.199000Z,2020-08-24T11:38:12.534000Z,922.575,335.0,942.0,159.804,0.0,0.0,0.0,107.653,3.084221,0.0,0.0,0.0
2020-08-24T11:38:14.206000Z,2020-08-24T11:38:14.487000Z,733.768,281.0,908.0,139.055,0.0,0.0,0.0,107.653,4.36194,0.0,0.0,0.0
2020-08-24T11:38:16.178000Z,2020-08-24T11:38:16.479000Z,753.577,301.0,930.0,141.27,0.0,0.0,0.0,107.653,5.515829,0.0,0.0,0.0
2020-08-24T11:38:18.169999Z,2020-08-24T11:38:18.448000Z,692.677,278.0,1070.0,146.863,0.0,0.0,0.0,107.653,4.382093,0.0,0.0,0.0
2020-08-24T11:38:20.171000Z,2020-08-24T11:38:20.443000Z,697.254,272.0,1028.0,139.558,0.0,0.0,0.0,107.653,4.382093,0.0,0.0,0.0
2020-08-24T11:38:22.195000Z,2020-08-24T11:38:22.547000Z,717.175,352.0,996.0,149.227,0.0,0.0,0.0,107.653,4.538513,0.0,0.0,0.0
2020-08-24T11:38:24.168000Z,2020-08-24T11:38:24.525000Z,723.048,357.0,996.0,166.299,0.0,0.0,0.0,107.653,0.57283,0.0,0.0,0.0
2020-08-24T11:38:26.179000Z,2020-08-24T11:38:26.457000Z,702.096,278.0,996.0,202.026,0.0,0.0,0.0,107.653,2.042498,0.0,0.0,0.0
2020-08-24T11:38:28.185999Z,2020-08-24T11:38:28.440000Z,591.49,254.0,996.0,145.7,0.0,0.0,0.0,107.653,2.532651,0.0,0.0,0.0
2020-08-24T11:38:30.187000Z,2020-08-24T11:38:30.535000Z,1123.13,348.0,976.0,152.05,0.0,0.0,0.0,107.653,2.532651,0.0,0.0,0.0
2020-08-24T11:38:32.124000Z,2020-08-24T11:38:32.469000Z,800.985,345.0,1078.0,140.585,0.0,0.0,0.0,107.653,5.777548,0.0,0.0,0.0
2020-08-24T11:38:34.179000Z,2020-08-24T11:38:34.539000Z,878.212,360.0,1078.0,192.602,0.0,0.0,0.0,107.653,3.608841,0.0,0.0,0.0
2020-08-24T11:38:36.180000Z,2020-08-24T11:38:36.475000Z,853.792,295.0,1082.0,198.106,0.0,0.0,0.0,107.653,3.678969,0.0,0.0,0.0
2020-08-24T11:38:38.177000Z,2020-08-24T11:38:38.587000Z,1500.105,410.0,1064.0,136.824,0.0,0.0,0.0,107.653,6.065679,0.0,0.0,0.0
2020-08-24T11:38:40.176000Z,2020-08-24T11:38:40.412000Z,571.632,236.0,1062.0,155.392,0.0,0.0,0.0,107.653,5.281743,0.0,0.0,0.0
2020-08-24T11:38:42.181000Z,2020-08-24T11:38:42.629000Z,614.152,448.0,1062.0,146.071,0.0,0.0,0.0,107.653,5.281743,0.0,0.0,0.0
2020-08-24T11:38:44.171000Z,2020-08-24T11:38:44.445000Z,557.189,274.0,1050.0,196.088,0.0,0.0,0.0,107.653,0.453832,0.0,0.0,0.0
2020-08-24T11:38:46.197000Z,2020-08-24T11:38:46.440000Z,502.921,243.0,1054.0,166.361,0.0,0.0,0.0,107.653,2.204636,0.0,0.0,0.0
2020-08-24T11:38:48.178000Z,2020-08-24T11:38:48.493000Z,565.866,315.0,1054.0,152.214,0.0,0.0,0.0,107.653,2.204636,0.0,0.0,0.0
2020-08-24T11:38:50.183000Z,2020-08-24T11:38:50.491000Z,783.186,308.0,1138.0,193.503,0.0,0.0,0.0,107.653,2.204636,0.0,0.0,0.0
2020-08-24T11:38:52.179000Z,2020-08-24T11:38:52.446000Z,752.307,267.0,1122.0,158.697,0.0,0.0,0.0,107.653,2.554573,0.0,0.0,0.0
2020-08-24T11:38:54.169999Z,2020-08-24T11:38:54.473000Z,597.872,303.0,912.0,159.917,0.0,0.0,0.0,107.653,5.085932,0.0,0.0,0.0
2020-08-24T11:38:56.097000Z,2020-08-24T11:38:56.337000Z,555.521,240.0,880.0,145.152,0.0,0.0,0.0,107.653,5.085932,0.0,0.0,0.0
2020-08-24T11:38:58.195000Z,2020-08-24T11:38:58.495000Z,761.621,300.0,872.0,133.261,0.0,0.0,0.0,107.653,5.085932,0.0,0.0,0.0
2020-08-24T11:39:00.168000Z,2020-08-24T11:39:00.516000Z,929.683,348.0,872.0,150.267,0.0,0.0,0.0,107.653,4.662946,0.0,0.0,0.0
2020-08-24T11:39:02.176000Z,2020-08-24T11:39:02.443000Z,656.857,267.0,844.0,140.924,0.0,0.0,0.0,107.653,4.942944,0.0,0.0,0.0
2020-08-24T11:39:04.177000Z,2020-08-24T11:39:04.558000Z,1186.298,381.0,844.0,146.724,0.0,0.0,0.0,107.653,4.445116,0.0,0.0,0.0
2020-08-24T11:39:06.169999Z,2020-08-24T11:39:06.766000Z,2311.17,596.0,904.0,136.587,0.0,0.0,0.0,107.653,5.107198,0.0,0.0,0.0
2020-08-24T11:39:08.179000Z,2020-08-24T11:39:08.776000Z,2659.235,597.0,978.0,143.469,0.0,0.0,0.0,107.653,4.966299,0.0,0.0,0.0
2020-08-24T11:39:10.188000Z,2020-08-24T11:39:10.757000Z,2682.528,569.0,1166.0,151.674,0.0,0.0,0.0,107.653,6.300764,0.0,0.0,0.0
2020-08-24T11:39:12.181000Z,2020-08-24T11:39:14.155000Z,2565.051,1974.0,1380.0,150.017,0.0,0.0,0.0,107.653,6.301422,0.0,0.0,0.0
2020-08-24T11:39:14.158000Z,2020-08-24T11:39:14.815000Z,2636.505,657.0,1314.0,126.723,0.0,0.0,0.0,107.653,0.17623,0.0,0.0,0.0
2020-08-24T11:39:16.182000Z,2020-08-24T11:39:16.579000Z,1126.076,397.0,1074.0,208.817,0.0,0.0,0.0,107.653,5.129385,0.0,0.0,0.0
2020-08-24T11:39:18.205000Z,2020-08-24T11:39:18.545999Z,1162.987,341.0,1074.0,206.588,0.0,0.0,0.0,107.653,5.129385,0.0,0.0,0.0
2020-08-24T11:39:20.106000Z,2020-08-24T11:39:20.515000Z,1446.681,409.0,1074.0,145.478,0.0,0.0,0.0,107.653,6.01864,0.0,0.0,0.0
2020-08-24T11:39:22.181000Z,2020-08-24T11:39:22.497000Z,915.377,316.0,1124.0,151.801,0.0,0.0,0.0,107.653,5.354447,0.0,0.0,0.0
2020-08-24T11:39:24.177000Z,2020-08-24T11:39:24.701000Z,1062.621,524.0,1124.0,174.195,0.0,0.0,0.0,107.653,5.044022,0.0,0.0,0.0
2020-08-24T11:39:26.182000Z,2020-08-24T11:39:26.585000Z,1482.095,403.0,1198.0,167.958,0.0,0.0,0.0,107.653,0.506918,0.0,0.0,0.0
2020-08-24T11:39:28.178000Z,2020-08-24T11:39:28.798000Z,1776.636,620.0,1274.0,161.95,0.0,0.0,0.0,107.653,5.463892,0.0,0.0,0.0
2020-08-24T11:39:30.184000Z,2020-08-24T11:39:30.429000Z,617.685,245.0,1268.0,149.663,0.0,0.0,0.0,107.653,1.155256,0.0,0.0,0.0
2020-08-24T11:39:32.176000Z,2020-08-24T11:39:32.409999Z,502.694,234.0,1246.0,143.219,0.0,0.0,0.0,107.653,2.634063,0.0,0.0,0.0
2020-08-24T11:39:34.169000Z,2020-08-24T11:39:34.615000Z,1657.136,446.0,1246.0,150.999,0.0,0.0,0.0,107.653,2.634063,0.0,0.0,0.0
2020-08-24T11:39:36.185999Z,2020-08-24T11:39:36.468000Z,791.306,282.0,1242.0,163.944,0.0,0.0,0.0,107.653,5.608582,0.0,0.0,0.0
2020-08-24T11:39:38.176000Z,2020-08-24T11:39:38.635000Z,1561.311,459.0,1242.0,163.282,0.0,0.0,0.0,107.653,5.608582,0.0,0.0,0.0
2020-08-24T11:39:40.176000Z,2020-08-24T11:39:40.419000Z,636.914,243.0,1134.0,162.564,0.0,0.0,0.0,107.653,4.790351,0.0,0.0,0.0
2020-08-24T11:39:42.169000Z,2020-08-24T11:39:42.417999Z,541.711,249.0,1134.0,147.742,0.0,0.0,0.0,107.653,4.790351,0.0,0.0,0.0
2020-08-24T11:39:44.122000Z,2020-08-24T11:39:44.724000Z,1415.219,602.0,1086.0,140.477,0.0,0.0,0.0,107.653,4.790351,0.0,0.0,0.0
2020-08-24T11:39:46.169000Z,2020-08-24T11:39:46.429000Z,634.97,260.0,1080.0,208.494,0.0,0.0,0.0,107.653,1.117484,0.0,0.0,0.0
2020-08-24T11:39:48.187000Z,2020-08-24T11:39:48.681999Z,1429.32,495.0,1080.0,160.348,0.0,0.0,0.0,107.653,2.449073,0.0,0.0,0.0
2020-08-24T11:39:50.179000Z,2020-08-24T11:39:50.464000Z,816.522,285.0,988.0,160.557,0.0,0.0,0.0,107.653,2.658965,0.0,0.0,0.0
2020-08-24T11:39:52.169000Z,2020-08-24T11:39:52.606000Z,1449.236,437.0,988.0,148.406,0.0,0.0,0.0,107.653,3.103698,0.0,0.0,0.0
2020-08-24T11:39:54.178000Z,2020-08-24T11:39:54.419000Z,503.026,241.0,932.0,155.829,0.0,0.0,0.0,107.653,5.606849,0.0,0.0,0.0
2020-08-24T11:39:56.179000Z,2020-08-24T11:39:56.400000Z,333.847,221.0,1128.0,152.477,0.0,0.0,0.0,107.653,5.606849,0.0,0.0,0.0
2020-08-24T11:39:58.202000Z,2020-08-24T11:39:58.476000Z,628.909,274.0,1068.0,148.512,0.0,0.0,0.0,107.653,5.606849,0.0,0.0,0.0
2020-08-24T11:40:00.172000Z,2020-08-24T11:40:00.580000Z,1047.257,408.0,992.0,148.07,0.0,0.0,0.0,107.653,5.606849,0.0,0.0,0.0
2020-08-24T11:40:02.178000Z,2020-08-24T11:40:02.435000Z,709.239,257.0,970.0,215.279,0.0,0.0,0.0,107.653,4.023001,0.0,0.0,0.0
2020-08-24T11:40:04.187000Z,2020-08-24T11:40:04.479000Z,811.742,292.0,970.0,133.028,0.0,0.0,0.0,107.653,4.023001,0.0,0.0,0.0
2020-08-24T11:40:06.176000Z,2020-08-24T11:40:06.390000Z,397.526,214.0,990.0,127.218,0.0,0.0,0.0,107.653,5.248681,0.0,0.0,0.0
2020-08-24T11:40:08.175000Z,2020-08-24T11:40:08.385000Z,369.575,210.0,990.0,135.536,0.0,0.0,0.0,107.653,5.248681,0.0,0.0,0.0
2020-08-24T11:40:10.177000Z,2020-08-24T11:40:10.383000Z,413.898,206.0,990.0,145.689,0.0,0.0,0.0,107.653,5.248681,0.0,0.0,0.0
2020-08-24T11:40:12.176000Z,2020-08-24T11:40:12.609000Z,1510.249,433.0,990.0,138.851,0.0,0.0,0.0,107.653,5.248681,0.0,0.0,0.0
2020-08-24T11:40:14.188000Z,2020-08-24T11:40:14.595000Z,1395.561,407.0,1048.0,131.549,0.0,0.0,0.0,107.653,4.497146,0.0,0.0,0.0
2020-08-24T11:40:16.197000Z,2020-08-24T11:40:16.580000Z,1184.547,383.0,4.0,167.592,0.0,0.0,0.0,107.653,5.423647,0.0,0.0,0.0
2020-08-24T11:40:18.171000Z,2020-08-24T11:40:18.542000Z,1084.948,371.0,1096.0,150.137,0.0,0.0,0.0,107.653,5.427825,0.0,0.0,0.0
2020-08-24T11:40:20.177000Z,2020-08-24T11:40:20.413000Z,540.284,236.0,1092.0,187.706,0.0,0.0,0.0,107.653,4.696932,0.0,0.0,0.0
2020-08-24T11:40:22.169999Z,2020-08-24T11:40:22.391000Z,513.314,221.0,1084.0,136.893,0.0,0.0,0.0,107.653,4.696932,0.0,0.0,0.0
2020-08-24T11:40:24.197000Z,2020-08-24T11:40:24.427000Z,527.505,230.0,1084.0,136.202,0.0,0.0,0.0,107.653,4.696932,0.0,0.0,0.0
2020-08-24T11:40:26.204000Z,2020-08-24T11:40:26.525000Z,1145.427,321.0,1084.0,146.306,0.0,0.0,0.0,107.653,4.696932,0.0,0.0,0.0
2020-08-24T11:40:28.199000Z,2020-08-24T11:40:28.625000Z,1312.287,426.0,1158.0,140.725,0.0,0.0,0.0,107.653,6.598303,0.0,0.0,0.0
2020-08-24T11:40:30.188000Z,2020-08-24T11:40:30.557000Z,1269.38,369.0,1154.0,208.132,0.0,0.0,0.0,107.653,4.199288,0.0,0.0,0.0
2020-08-24T11:40:32.171000Z,2020-08-24T11:40:32.645000Z,1883.481,474.0,1154.0,147.466,0.0,0.0,0.0,107.653,5.271534,0.0,0.0,0.0
2020-08-24T11:40:34.179000Z,2020-08-24T11:40:34.865999Z,3125.178,687.0,1164.0,203.312,0.0,0.0,0.0,107.653,6.604064,0.0,0.0,0.0
2020-08-24T11:40:36.178000Z,2020-08-24T11:40:36.627000Z,1734.594,449.0,1166.0,225.279,0.0,0.0,0.0,107.653,5.138052,0.0,0.0,0.0
2020-08-24T11:40:38.178000Z,2020-08-24T11:40:38.769000Z,1970.429,591.0,1192.0,143.846,0.0,0.0,0.0,107.653,0.235226,0.0,0.0,0.0
2020-08-24T11:40:40.199000Z,2020-08-24T11:40:40.785999Z,2435.694,587.0,1194.0,259.066,0.0,0.0,0.0,107.653,4.436698,0.0,0.0,0.0
2020-08-24T11:40:42.181000Z,2020-08-24T11:40:42.655000Z,1635.631,474.0,1130.0,157.47,0.0,0.0,0.0,107.653,5.918921,0.0,0.0,0.0
2020-08-24T11:40:44.177000Z,2020-08-24T11:40:44.460000Z,834.66,283.0,1116.0,216.797,0.0,0.0,0.0,107.653,5.561682,0.0,0.0,0.0
2020-08-24T11:40:46.197000Z,2020-08-24T11:40:46.487000Z,798.547,290.0,1116.0,154.098,0.0,0.0,0.0,107.653,5.561682,0.0,0.0,0.0
2020-08-24T11:40:48.178000Z,2020-08-24T11:40:48.495000Z,1025.614,317.0,1116.0,145.235,0.0,0.0,0.0,109.88,5.561682,0.0,0.0,0.0
2020-08-24T11:40:50.176000Z,2020-08-24T11:40:50.508000Z,1072.555,332.0,1116.0,151.613,0.0,0.0,0.0,109.88,5.923136,0.0,0.0,0.0
2020-08-24T11:40:52.177000Z,2020-08-24T11:40:52.534000Z,1278.477,357.0,1084.0,138.858,0.0,0.0,0.0,109.88,5.257209,0.0,0.0,0.0
2020-08-24T11:40:54.177000Z,2020-08-24T11:40:54.615000Z,1111.02,438.0,1186.0,150.958,0.0,0.0,0.0,109.88,5.984891,0.0,0.0,0.0
2020-08-24T11:40:56.177000Z,2020-08-24T11:40:56.737000Z,2021.124,560.0,1192.0,176.158,0.0,0.0,0.0,109.88,3.620141,0.0,0.0,0.0
2020-08-24T11:40:58.198000Z,2020-08-24T11:40:59.097000Z,3515.349,899.0,1186.0,226.085,0.0,0.0,0.0,109.88,4.366955,0.0,0.0,0.0
2020-08-24T11:41:00.427000Z,2020-08-24T11:41:00.931000Z,1789.182,504.0,1060.0,205.698,0.0,0.0,0.0,109.88,1.269934,0.0,0.0,0.0
2020-08-24T11:41:02.171000Z,2020-08-24T11:41:02.616000Z,1776.89,445.0,1000.0,176.56,0.0,0.0,0.0,109.719,5.270523,0.0,0.0,0.0
2020-08-24T11:41:04.189000Z,2020-08-24T11:41:04.917000Z,2867.215,728.0,1066.0,158.483,0.0,0.0,0.0,109.719,5.41692,0.0,0.0,0.0
2020-08-24T11:41:06.182000Z,2020-08-24T11:41:07.016000Z,3580.166,834.0,1060.0,178.816,0.0,0.0,0.0,109.719,5.664503,0.0,0.0,0.0
2020-08-24T11:41:08.422000Z,2020-08-24T11:41:09.105999Z,2806.544,684.0,1172.0,251.061,0.0,0.0,0.0,109.719,5.733054,0.0,0.0,0.0
2020-08-24T11:41:10.430000Z,2020-08-24T11:41:10.909000Z,1477.06,479.0,1174.0,257.366,0.0,0.0,0.0,109.719,4.325869,0.0,0.0,0.0
2020-08-24T11:41:12.428000Z,2020-08-24T11:41:12.814000Z,1193.685,386.0,1502.0,209.672,0.0,0.0,0.0,109.719,0.186578,0.0,0.0,0.0
2020-08-24T11:41:14.421000Z,2020-08-24T11:41:14.741000Z,1186.262,320.0,1238.0,192.927,0.0,0.0,0.0,109.719,4.704412,0.0,0.0,0.0
2020-08-24T11:41:16.437000Z,2020-08-24T11:41:16.925000Z,1248.401,488.0,1196.0,141.612,0.0,0.0,0.0,109.719,6.161569,0.0,0.0,0.0
2020-08-24T11:41:18.436000Z,2020-08-24T11:41:18.880000Z,1472.63,444.0,1164.0,273.497,0.0,0.0,0.0,109.719,4.050343,0.0,0.0,0.0
2020-08-24T11:41:20.427000Z,2020-08-24T11:41:20.681999Z,830.018,255.0,1164.0,150.285,0.0,0.0,0.0,109.719,4.782403,0.0,0.0,0.0
2020-08-24T11:41:22.436000Z,2020-08-24T11:41:22.657000Z,512.413,221.0,1168.0,134.483,0.0,0.0,0.0,109.719,4.782403,0.0,0.0,0.0
2020-08-24T11:41:24.439000Z,2020-08-24T11:41:24.679000Z,121.673,240.0,1168.0,150.668,0.0,0.0,0.0,109.719,4.782403,0.0,0.0,0.0
2020-08-24T11:41:26.427000Z,2020-08-24T11:41:26.653000Z,402.575,226.0,1232.0,154.443,0.0,0.0,0.0,109.719,4.782403,0.0,0.0,0.0
2020-08-24T11:41:28.430000Z,2020-08-24T11:41:28.593000Z,186.863,163.0,1232.0,156.247,0.0,0.0,0.0,109.719,4.782403,0.0,0.0,0.0
2020-08-24T11:41:30.429000Z,2020-08-24T11:41:30.619000Z,212.392,190.0,1160.0,138.552,0.0,0.0,0.0,109.719,4.782403,0.0,0.0,0.0
2020-08-24T11:41:32.427000Z,2020-08-24T11:41:32.597000Z,139.86,170.0,1160.0,144.067,0.0,0.0,0.0,109.719,4.782403,0.0,0.0,0.0
2020-08-24T11:41:34.441000Z,2020-08-24T11:41:34.894000Z,1353.981,453.0,1160.0,143.8,0.0,0.0,0.0,109.719,4.782403,0.0,0.0,0.0
2020-08-24T11:41:36.428000Z,2020-08-24T11:41:36.917000Z,1658.962,489.0,894.0,222.073,0.0,0.0,0.0,109.719,0.302318,0.0,0.0,0.0
2020-08-24T11:41:38.428000Z,2020-08-24T11:41:38.649999Z,462.632,222.0,908.0,160.145,0.0,0.0,0.0,109.719,4.864003,0.0,0.0,0.0
2020-08-24T11:41:40.419000Z,2020-08-24T11:41:40.852000Z,1328.765,433.0,914.0,137.83,0.0,0.0,0.0,109.719,4.864003,0.0,0.0,0.0
2020-08-24T11:41:42.420000Z,2020-08-24T11:41:42.857000Z,1507.957,437.0,912.0,157.843,0.0,0.0,0.0,109.719,4.705935,0.0,0.0,0.0
2020-08-24T11:41:44.420000Z,2020-08-24T11:41:45.115000Z,2656.284,695.0,984.0,141.815,0.0,0.0,0.0,109.719,4.446319,0.0,0.0,0.0
2020-08-24T11:41:46.423000Z,2020-08-24T11:41:47.156000Z,2832.276,733.0,996.0,201.668,0.0,0.0,0.0,109.719,4.613985,0.0,0.0,0.0
2020-08-24T11:41:48.430000Z,2020-08-24T11:41:48.884000Z,1688.285,454.0,1032.0,224.123,0.0,0.0,0.0,109.719,5.024546,0.0,0.0,0.0
2020-08-24T11:41:50.420000Z,2020-08-24T11:41:50.819000Z,1544.593,399.0,1028.0,159.104,0.0,0.0,0.0,109.719,5.844056,0.0,0.0,0.0
2020-08-24T11:41:52.435000Z,2020-08-24T11:41:52.801000Z,1192.368,366.0,1128.0,139.56,0.0,0.0,0.0,109.719,6.034355,0.0,0.0,0.0
2020-08-24T11:41:54.420000Z,2020-08-24T11:41:54.823000Z,1283.704,403.0,1134.0,152.129,0.0,0.0,0.0,109.719,5.417684,0.0,0.0,0.0
2020-08-24T11:41:56.428000Z,2020-08-24T11:41:56.775000Z,1317.446,347.0,1128.0,176.145,0.0,0.0,0.0,109.719,5.294974,0.0,0.0,0.0
2020-08-24T11:41:58.420000Z,2020-08-24T11:41:58.767000Z,1320.796,347.0,1168.0,155.353,0.0,0.0,0.0,109.719,5.552236,0.0,0.0,0.0
2020-08-24T11:42:00.442000Z,2020-08-24T11:42:00.869000Z,1446.636,427.0,1266.0,139.366,0.0,0.0,0.0,109.719,6.679083,0.0,0.0,0.0
2020-08-24T11:42:02.432000Z,2020-08-24T11:42:02.987000Z,2305.62,555.0,4.0,216.4,0.0,0.0,0.0,109.719,6.252727,0.0,0.0,0.0
2020-08-24T11:42:04.426000Z,2020-08-24T11:42:04.965000Z,1671.593,539.0,1382.0,178.861,0.0,0.0,0.0,109.719,5.656224,0.0,0.0,0.0
2020-08-24T11:42:06.420000Z,2020-08-24T11:42:06.766000Z,1092.316,346.0,1376.0,289.932,0.0,0.0,0.0,109.719,5.334707,0.0,0.0,0.0
2020-08-24T11:42:08.425000Z,2020-08-24T11:42:08.799000Z,709.331,374.0,1344.0,143.955,0.0,0.0,0.0,109.719,5.07065,0.0,0.0,0.0
2020-08-24T11:42:10.420000Z,2020-08-24T11:42:10.821000Z,1575.26,401.0,1350.0,239.586,0.0,0.0,0.0,109.719,5.07065,0.0,0.0,0.0
2020-08-24T11:42:12.431000Z,2020-08-24T11:42:13.060000Z,2020.616,629.0,1284.0,208.839,0.0,0.0,0.0,109.719,6.317338,0.0,0.0,0.0
2020-08-24T11:42:14.420000Z,2020-08-24T11:42:14.796000Z,1402.058,376.0,1140.0,325.763,0.0,0.0,0.0,109.719,4.795592,0.0,0.0,0.0
2020-08-24T11:42:16.435000Z,2020-08-24T11:42:16.990000Z,1683.352,555.0,1238.0,140.147,0.0,0.0,0.0,109.719,5.817015,0.0,0.0,0.0
2020-08-24T11:42:18.432000Z,2020-08-24T11:42:18.732000Z,856.766,300.0,1236.0,181.613,0.0,0.0,0.0,109.719,5.716167,0.0,0.0,0.0
2020-08-24T11:42:20.430000Z,2020-08-24T11:42:20.740000Z,858.654,310.0,1236.0,152.962,0.0,0.0,0.0,109.719,5.716167,0.0,0.0,0.0
2020-08-24T11:42:22.429000Z,2020-08-24T11:42:22.885000Z,1760.119,456.0,1238.0,175.331,0.0,0.0,0.0,109.719,5.716167,0.0,0.0,0.0
2020-08-24T11:42:24.420000Z,2020-08-24T11:42:24.699000Z,638.202,279.0,1232.0,132.717,0.0,0.0,0.0,109.719,5.932193,0.0,0.0,0.0
2020-08-24T11:42:26.421000Z,2020-08-24T11:42:26.956000Z,2122.697,535.0,1232.0,156.222,0.0,0.0,0.0,109.719,5.932193,0.0,0.0,0.0
2020-08-24T11:42:28.431000Z,2020-08-24T11:42:28.856000Z,1176.631,425.0,1306.0,164.428,0.0,0.0,0.0,109.719,4.847821,0.0,0.0,0.0
2020-08-24T11:42:30.429000Z,2020-08-24T11:42:30.733000Z,947.584,304.0,1304.0,256.969,0.0,0.0,0.0,109.719,4.847821,0.0,0.0,0.0
2020-08-24T11:42:32.418000Z,2020-08-24T11:42:32.729000Z,957.841,311.0,1286.0,151.844,0.0,0.0,0.0,109.719,4.847821,0.0,0.0,0.0
2020-08-24T11:42:34.419000Z,2020-08-24T11:42:34.713000Z,823.972,294.0,1288.0,167.051,0.0,0.0,0.0,109.719,4.942581,0.0,0.0,0.0
2020-08-24T11:42:36.429000Z,2020-08-24T11:42:36.717000Z,918.69,288.0,1288.0,173.68,0.0,0.0,0.0,109.719,4.942581,0.0,0.0,0.0
2020-08-24T11:42:38.420000Z,2020-08-24T11:42:38.813000Z,762.674,393.0,1288.0,141.376,0.0,0.0,0.0,109.719,4.942581,0.0,0.0,0.0
2020-08-24T11:42:40.431000Z,2020-08-24T11:42:40.827000Z,929.439,396.0,1288.0,257.447,0.0,0.0,0.0,109.719,4.942581,0.0,0.0,0.0
2020-08-24T11:42:42.420000Z,2020-08-24T11:42:42.856000Z,1418.191,436.0,894.0,165.475,0.0,0.0,0.0,109.719,3.348591,0.0,0.0,0.0
2020-08-24T11:42:44.432000Z,2020-08-24T11:42:44.980000Z,1704.452,548.0,854.0,130.074,0.0,0.0,0.0,109.719,4.051089,0.0,0.0,0.0
2020-08-24T11:42:46.419000Z,2020-08-24T11:42:46.708000Z,696.221,289.0,854.0,222.951,0.0,0.0,0.0,109.719,4.363649,0.0,0.0,0.0
2020-08-24T11:42:48.420000Z,2020-08-24T11:42:49.046000Z,2329.888,626.0,856.0,156.979,0.0,0.0,0.0,109.719,4.538989,0.0,0.0,0.0
2020-08-24T11:42:50.427000Z,2020-08-24T11:42:51.095000Z,3145.131,668.0,960.0,133.947,0.0,0.0,0.0,109.719,5.3743,0.0,0.0,0.0
2020-08-24T11:42:52.426000Z,2020-08-24T11:42:53.648000Z,3068.367,1222.0,1172.0,141.322,0.0,0.0,0.0,109.719,6.306158,0.0,0.0,0.0
2020-08-24T11:42:54.422000Z,2020-08-24T11:42:55.247000Z,2955.786,825.0,1248.0,151.035,0.0,0.0,0.0,109.719,4.073314,0.0,0.0,0.0
2020-08-24T11:42:56.422000Z,2020-08-24T11:42:57.038000Z,2938.037,616.0,1202.0,195.092,0.0,0.0,0.0,109.719,4.00497,0.0,0.0,0.0
2020-08-24T11:42:58.423000Z,2020-08-24T11:42:59.088000Z,2941.029,665.0,1196.0,174.128,0.0,0.0,0.0,109.719,6.452749,0.0,0.0,0.0
2020-08-24T11:43:00.421000Z,2020-08-24T11:43:00.996000Z,2700.037,575.0,1194.0,218.573,0.0,0.0,0.0,109.719,5.721242,0.0,0.0,0.0
2020-08-24T11:43:02.432000Z,2020-08-24T11:43:03.024000Z,2927.364,592.0,1248.0,177.729,0.0,0.0,0.0,109.719,7.00659,0.0,0.0,0.0
2020-08-24T11:43:04.426000Z,2020-08-24T11:43:04.827000Z,1455.845,401.0,1246.0,183.676,0.0,0.0,0.0,109.719,6.568506,0.0,0.0,0.0
2020-08-24T11:43:06.430000Z,2020-08-24T11:43:06.679000Z,812.704,249.0,1248.0,153.202,0.0,0.0,0.0,109.719,5.644165,0.0,0.0,0.0
2020-08-24T11:43:08.426000Z,2020-08-24T11:43:08.673999Z,630.985,248.0,1304.0,145.724,0.0,0.0,0.0,109.719,5.644165,0.0,0.0,0.0
2020-08-24T11:43:10.419000Z,2020-08-24T11:43:10.676000Z,623.841,257.0,1304.0,159.969,0.0,0.0,0.0,109.719,5.644165,0.0,0.0,0.0
2020-08-24T11:43:12.420000Z,2020-08-24T11:43:12.664000Z,578.471,244.0,1292.0,148.24,0.0,0.0,0.0,109.719,5.644165,0.0,0.0,0.0
2020-08-24T11:43:14.427000Z,2020-08-24T11:43:14.625000Z,367.628,198.0,1292.0,157.872,0.0,0.0,0.0,109.719,5.644165,0.0,0.0,0.0
2020-08-24T11:43:16.419000Z,2020-08-24T11:43:16.620000Z,359.579,201.0,1292.0,137.659,0.0,0.0,0.0,109.719,5.644165,0.0,0.0,0.0
2020-08-24T11:43:18.419000Z,2020-08-24T11:43:18.633000Z,372.156,214.0,1288.0,142.428,0.0,0.0,0.0,109.719,5.644165,0.0,0.0,0.0
2020-08-24T11:43:20.419000Z,2020-08-24T11:43:20.639000Z,487.446,220.0,1288.0,137.838,0.0,0.0,0.0,109.719,5.644165,0.0,0.0,0.0
2020-08-24T11:43:22.418000Z,2020-08-24T11:43:22.776000Z,880.478,358.0,1262.0,139.948,0.0,0.0,0.0,109.719,5.644165,0.0,0.0,0.0
2020-08-24T11:43:24.424000Z,2020-08-24T11:43:24.635000Z,503.576,211.0,1262.0,208.171,0.0,0.0,0.0,109.719,5.644165,0.0,0.0,0.0
2020-08-24T11:43:26.419000Z,2020-08-24T11:43:26.657999Z,523.05,239.0,1262.0,137.832,0.0,0.0,0.0,109.719,5.644165,0.0,0.0,0.0
2020-08-24T11:43:28.429000Z,2020-08-24T11:43:28.845000Z,492.875,416.0,1262.0,155.181,0.0,0.0,0.0,109.719,5.644165,0.0,0.0,0.0
2020-08-24T11:43:30.420000Z,2020-08-24T11:43:35.028000Z,478.169,4608.0,8.0,142.81,0.0,0.0,0.0,109.719,0.011987,0.0,0.0,0.0
2020-08-24T11:43:35.028000Z,2020-08-24T11:43:35.815000Z,334.621,787.0,82.0,124.198,0.0,0.0,0.0,108.792,0.444144,0.0,0.0,0.0
2020-08-24T11:43:35.815000Z,2020-08-24T11:43:36.606000Z,345.393,791.0,106.0,124.454,0.0,0.0,0.0,108.792,0.605689,0.0,0.0,0.0
2020-08-24T11:43:36.606000Z,2020-08-24T11:43:37.494000Z,556.97,888.0,122.0,127.016,0.0,0.0,0.0,108.116,0.03181,0.0,0.0,0.0
2020-08-24T11:43:38.429000Z,2020-08-24T11:43:39.105999Z,526.902,677.0,162.0,121.621,0.0,0.0,0.0,108.116,0.904372,0.0,0.0,0.0
2020-08-24T11:43:40.430000Z,2020-08-24T11:43:41.086000Z,566.28,656.0,176.0,128.359,0.0,0.0,0.0,108.116,0.988636,0.0,0.0,0.0
2020-08-24T11:43:42.420000Z,2020-08-24T11:43:43.025000Z,623.678,605.0,208.0,124.234,0.0,0.0,0.0,108.116,1.151978,0.0,0.0,0.0
2020-08-24T11:43:44.421000Z,2020-08-24T11:43:44.923000Z,557.883,502.0,258.0,125.788,0.0,0.0,0.0,108.116,1.433379,0.0,0.0,0.0
2020-08-24T11:43:46.418000Z,2020-08-24T11:43:46.926000Z,634.327,508.0,280.0,128.751,0.0,0.0,0.0,108.116,1.571205,0.0,0.0,0.0
2020-08-24T11:43:48.424000Z,2020-08-24T11:43:48.879000Z,542.916,455.0,306.0,129.243,0.0,0.0,0.0,108.116,1.584212,0.0,0.0,0.0
2020-08-24T11:43:50.419000Z,2020-08-24T11:43:50.855000Z,533.4,436.0,316.0,136.215,0.0,0.0,0.0,108.116,1.641283,0.0,0.0,0.0
2020-08-24T11:43:52.427000Z,2020-08-24T11:43:52.807000Z,470.562,380.0,338.0,127.533,0.0,0.0,0.0,108.116,1.584559,0.0,0.0,0.0
2020-08-24T11:43:54.435000Z,2020-08-24T11:43:54.756000Z,403.067,321.0,358.0,135.251,0.0,0.0,0.0,108.116,1.744805,0.0,0.0,0.0
2020-08-24T11:43:56.419000Z,2020-08-24T11:43:56.755000Z,397.174,336.0,360.0,136.65,0.0,0.0,0.0,108.035,1.865988,0.0,0.0,0.0
2020-08-24T11:43:58.433999Z,2020-08-24T11:43:58.957000Z,818.966,523.0,380.0,141.972,0.0,0.0,0.0,108.035,1.849847,0.0,0.0,0.0
2020-08-24T11:44:00.420000Z,2020-08-24T11:44:00.872000Z,819.478,452.0,410.0,135.244,0.0,0.0,0.0,108.035,2.406697,0.0,0.0,0.0
2020-08-24T11:44:02.438000Z,2020-08-24T11:44:03.097000Z,1411.273,659.0,477.0,131.408,0.0,0.0,0.0,108.035,2.80061,0.0,0.0,0.0
2020-08-24T11:44:04.429000Z,2020-08-24T11:44:05.355000Z,1287.939,926.0,508.0,136.169,0.0,0.0,0.0,108.035,2.221275,0.0,0.0,0.0
2020-08-24T11:44:06.429000Z,2020-08-24T11:44:06.817000Z,835.681,388.0,618.0,139.458,0.0,0.0,0.0,108.035,2.912738,0.0,0.0,0.0
2020-08-24T11:44:08.432999Z,2020-08-24T11:44:08.904000Z,1081.903,471.0,640.0,131.857,0.0,0.0,0.0,108.035,3.140597,0.0,0.0,0.0
2020-08-24T11:44:10.421000Z,2020-08-24T11:44:10.942000Z,1381.624,521.0,634.0,143.618,0.0,0.0,0.0,108.035,2.5526,0.0,0.0,0.0
2020-08-24T11:44:12.427000Z,2020-08-24T11:44:12.788000Z,914.408,361.0,698.0,142.649,0.0,0.0,0.0,108.035,3.620052,0.0,0.0,0.0
2020-08-24T11:44:14.428000Z,2020-08-24T11:44:14.699000Z,595.102,271.0,734.0,144.511,0.0,0.0,0.0,108.035,0.606048,0.0,0.0,0.0
2020-08-24T11:44:16.419000Z,2020-08-24T11:44:16.700000Z,578.102,281.0,734.0,137.689,0.0,0.0,0.0,108.035,4.027764,0.0,0.0,0.0
2020-08-24T11:44:18.426000Z,2020-08-24T11:44:18.705000Z,594.029,279.0,734.0,135.86,0.0,0.0,0.0,108.035,3.531637,0.0,0.0,0.0
2020-08-24T11:44:20.419000Z,2020-08-24T11:44:20.713000Z,494.487,294.0,734.0,142.642,0.0,0.0,0.0,108.035,3.591402,0.0,0.0,0.0
2020-08-24T11:44:22.445000Z,2020-08-24T11:44:22.721000Z,520.414,276.0,812.0,159.577,0.0,0.0,0.0,108.035,3.591402,0.0,0.0,0.0
2020-08-24T11:44:24.433999Z,2020-08-24T11:44:24.736000Z,561.567,302.0,672.0,144.367,0.0,0.0,0.0,108.035,3.654652,0.0,0.0,0.0
2020-08-24T11:44:26.428000Z,2020-08-24T11:44:26.760000Z,742.963,332.0,672.0,162.515,0.0,0.0,0.0,108.035,3.654652,0.0,0.0,0.0
2020-08-24T11:44:28.429000Z,2020-08-24T11:44:28.749000Z,546.502,320.0,714.0,142.59,0.0,0.0,0.0,108.035,3.925355,0.0,0.0,0.0
2020-08-24T11:44:30.427000Z,2020-08-24T11:44:30.678000Z,507.433,251.0,714.0,193.221,0.0,0.0,0.0,108.035,3.925355,0.0,0.0,0.0
2020-08-24T11:44:32.422000Z,2020-08-24T11:44:32.717000Z,484.785,295.0,718.0,142.75,0.0,0.0,0.0,108.035,3.925355,0.0,0.0,0.0
2020-08-24T11:44:34.429000Z,2020-08-24T11:44:34.745999Z,756.011,317.0,4.0,176.668,0.0,0.0,0.0,108.035,3.925355,0.0,0.0,0.0
2020-08-24T11:44:36.427000Z,2020-08-24T11:44:36.756000Z,790.07,329.0,832.0,163.905,0.0,0.0,0.0,108.035,4.317018,0.0,0.0,0.0
2020-08-24T11:44:38.420000Z,2020-08-24T11:44:38.697000Z,719.703,277.0,778.0,138.291,0.0,0.0,0.0,108.035,3.999666,0.0,0.0,0.0
2020-08-24T11:44:40.428000Z,2020-08-24T11:44:40.668000Z,466.892,240.0,774.0,137.47,0.0,0.0,0.0,108.035,4.532568,0.0,0.0,0.0
2020-08-24T11:44:42.418000Z,2020-08-24T11:44:42.660000Z,478.228,242.0,774.0,126.368,0.0,0.0,0.0,108.035,4.532568,0.0,0.0,0.0
2020-08-24T11:44:44.431000Z,2020-08-24T11:44:44.695000Z,589.065,264.0,774.0,139.751,0.0,0.0,0.0,108.035,4.532568,0.0,0.0,0.0
2020-08-24T11:44:46.420000Z,2020-08-24T11:44:46.785999Z,722.629,366.0,774.0,140.172,0.0,0.0,0.0,108.035,4.532568,0.0,0.0,0.0
2020-08-24T11:44:48.429000Z,2020-08-24T11:44:48.696000Z,575.483,267.0,772.0,172.334,0.0,0.0,0.0,108.035,3.94763,0.0,0.0,0.0
2020-08-24T11:44:50.431000Z,2020-08-24T11:44:50.731000Z,636.171,300.0,810.0,140.664,0.0,0.0,0.0,108.035,3.94763,0.0,0.0,0.0
2020-08-24T11:44:52.429000Z,2020-08-24T11:44:52.696000Z,562.99,267.0,792.0,135.186,0.0,0.0,0.0,108.035,4.135024,0.0,0.0,0.0
2020-08-24T11:44:54.421000Z,2020-08-24T11:44:54.691000Z,595.776,270.0,794.0,138.028,0.0,0.0,0.0,108.035,4.135024,0.0,0.0,0.0
2020-08-24T11:44:56.430000Z,2020-08-24T11:44:56.696000Z,567.11,266.0,774.0,131.091,0.0,0.0,0.0,108.035,4.552253,0.0,0.0,0.0
2020-08-24T11:44:58.429000Z,2020-08-24T11:44:58.686000Z,573.596,257.0,774.0,126.605,0.0,0.0,0.0,108.035,4.552253,0.0,0.0,0.0
2020-08-24T11:45:00.420000Z,2020-08-24T11:45:00.749000Z,819.713,329.0,774.0,144.989,0.0,0.0,0.0,108.035,4.552253,0.0,0.0,0.0
2020-08-24T11:45:02.431000Z,2020-08-24T11:45:03.119000Z,2252.832,688.0,840.0,127.592,0.0,0.0,0.0,108.035,4.723783,0.0,0.0,0.0
2020-08-24T11:45:04.430000Z,2020-08-24T11:45:04.697000Z,685.947,267.0,882.0,222.972,0.0,0.0,0.0,108.035,4.525116,0.0,0.0,0.0
2020-08-24T11:45:06.416000Z,2020-08-24T11:45:06.720000Z,632.505,304.0,920.0,135.902,0.0,0.0,0.0,108.035,4.594459,0.0,0.0,0.0
2020-08-24T11:45:08.421000Z,2020-08-24T11:45:08.693000Z,629.282,272.0,920.0,159.863,0.0,0.0,0.0,108.035,4.594459,0.0,0.0,0.0
2020-08-24T11:45:10.601999Z,2020-08-24T11:45:10.958000Z,901.287,356.0,916.0,132.39,0.0,0.0,0.0,108.035,4.594459,0.0,0.0,0.0
2020-08-24T11:45:12.678000Z,2020-08-24T11:45:12.979000Z,752.561,301.0,902.0,182.359,0.0,0.0,0.0,108.035,3.8038,0.0,0.0,0.0
2020-08-24T11:45:14.420000Z,2020-08-24T11:45:14.708000Z,710.863,288.0,872.0,143.751,0.0,0.0,0.0,108.035,4.222958,0.0,0.0,0.0
2020-08-24T11:45:16.421000Z,2020-08-24T11:45:16.721000Z,734.279,300.0,876.0,135.081,0.0,0.0,0.0,108.035,4.221531,0.0,0.0,0.0
2020-08-24T11:45:18.677000Z,2020-08-24T11:45:18.953999Z,704.178,277.0,822.0,155.41,0.0,0.0,0.0,108.035,4.556199,0.0,0.0,0.0
2020-08-24T11:45:20.677000Z,2020-08-24T11:45:21.023000Z,710.674,346.0,822.0,143.205,0.0,0.0,0.0,108.035,4.430609,0.0,0.0,0.0
2020-08-24T11:45:22.679000Z,2020-08-24T11:45:23.112000Z,1343.096,433.0,906.0,192.744,0.0,0.0,0.0,108.035,3.30227,0.0,0.0,0.0
2020-08-24T11:45:24.678000Z,2020-08-24T11:45:24.985999Z,804.737,308.0,928.0,167.151,0.0,0.0,0.0,108.035,4.447718,0.0,0.0,0.0
2020-08-24T11:45:26.684000Z,2020-08-24T11:45:26.965000Z,712.181,281.0,914.0,135.655,0.0,0.0,0.0,108.035,4.885016,0.0,0.0,0.0
2020-08-24T11:45:28.688000Z,2020-08-24T11:45:29.008000Z,755.783,320.0,916.0,152.139,0.0,0.0,0.0,108.035,4.885016,0.0,0.0,0.0
2020-08-24T11:45:30.679000Z,2020-08-24T11:45:30.992000Z,685.206,313.0,902.0,148.75,0.0,0.0,0.0,108.035,3.898478,0.0,0.0,0.0
2020-08-24T11:45:32.677000Z,2020-08-24T11:45:33.022000Z,715.963,345.0,902.0,191.946,0.0,0.0,0.0,108.035,3.574572,0.0,0.0,0.0
2020-08-24T11:45:34.599000Z,2020-08-24T11:45:34.921000Z,711.853,322.0,902.0,150.57,0.0,0.0,0.0,108.035,3.897866,0.0,0.0,0.0
2020-08-24T11:45:36.676000Z,2020-08-24T11:45:36.969000Z,573.177,293.0,902.0,164.143,0.0,0.0,0.0,108.035,3.897866,0.0,0.0,0.0
2020-08-24T11:45:38.678000Z,2020-08-24T11:45:39.496000Z,1383.928,818.0,902.0,178.278,0.0,0.0,0.0,108.035,3.897866,0.0,0.0,0.0
2020-08-24T11:45:40.677000Z,2020-08-24T11:45:41.105000Z,1038.761,428.0,840.0,131.259,0.0,0.0,0.0,108.035,4.670365,0.0,0.0,0.0
2020-08-24T11:45:42.676000Z,2020-08-24T11:45:42.960000Z,669.1,284.0,852.0,161.806,0.0,0.0,0.0,108.035,3.620065,0.0,0.0,0.0
2020-08-24T11:45:44.672999Z,2020-08-24T11:45:45.001000Z,834.883,328.0,852.0,139.935,0.0,0.0,0.0,108.035,3.982496,0.0,0.0,0.0
2020-08-24T11:45:46.672999Z,2020-08-24T11:45:47.205000Z,1704.794,532.0,852.0,133.848,0.0,0.0,0.0,108.035,4.104635,0.0,0.0,0.0
2020-08-24T11:45:48.672000Z,2020-08-24T11:45:48.965000Z,543.819,293.0,848.0,157.546,0.0,0.0,0.0,108.035,4.221647,0.0,0.0,0.0
2020-08-24T11:45:50.679000Z,2020-08-24T11:45:51.177000Z,1474.634,498.0,848.0,147.128,0.0,0.0,0.0,108.035,4.221647,0.0,0.0,0.0
2020-08-24T11:45:52.669000Z,2020-08-24T11:45:52.911000Z,376.119,242.0,850.0,206.184,0.0,0.0,0.0,108.035,3.91846,0.0,0.0,0.0
2020-08-24T11:45:54.684000Z,2020-08-24T11:45:55.057999Z,872.788,374.0,850.0,153.174,0.0,0.0,0.0,108.035,3.91846,0.0,0.0,0.0
2020-08-24T11:45:56.684000Z,2020-08-24T11:45:57.075000Z,911.245,391.0,926.0,198.44,0.0,0.0,0.0,108.035,3.590223,0.0,0.0,0.0
