start_time,end_time,size,trans_time,cwnd,rtt,rto,ssthresh,last_snd,min_rtt,delivery_rate,bytes_sent,bytes_retrans,client_trans_time
2020-08-24T23:50:42.055000Z,2020-08-24T23:50:42.318000Z,16.397,263.0,24.0,126.206,0.0,0.0,0.0,118.355,0.094185,0.0,0.0,0.0
2020-08-24T23:50:42.318000Z,2020-08-24T23:50:42.557000Z,76.078,239.0,50.0,122.603,0.0,0.0,0.0,117.454,0.273111,0.0,0.0,0.0
2020-08-24T23:50:42.558000Z,2020-08-24T23:50:42.752000Z,109.679,194.0,110.0,125.384,0.0,0.0,0.0,117.454,0.629638,0.0,0.0,0.0
2020-08-24T23:50:42.752000Z,2020-08-24T23:50:42.927000Z,92.729,175.0,154.0,123.802,0.0,0.0,0.0,117.454,0.629638,0.0,0.0,0.0
2020-08-24T23:50:42.928000Z,2020-08-24T23:50:43.173000Z,128.035,245.0,154.0,122.847,0.0,0.0,0.0,117.243,0.629638,0.0,0.0,0.0
2020-08-24T23:50:43.174000Z,2020-08-24T23:50:43.372000Z,166.634,198.0,207.0,124.601,0.0,0.0,0.0,117.243,1.021332,0.0,0.0,0.0
2020-08-24T23:50:43.372000Z,2020-08-24T23:50:43.613000Z,246.458,241.0,247.0,135.103,0.0,0.0,0.0,117.243,1.021332,0.0,0.0,0.0
2020-08-24T23:50:43.613000Z,2020-08-24T23:50:43.831000Z,377.581,218.0,307.0,127.019,0.0,0.0,0.0,117.243,1.957104,0.0,0.0,0.0
2020-08-24T23:50:44.390000Z,2020-08-24T23:50:45.080000Z,1366.132,690.0,470.0,137.872,0.0,0.0,0.0,117.243,1.957104,0.0,0.0,0.0
