start_time,end_time,size,trans_time,cwnd,rtt,rto,ssthresh,last_snd,min_rtt,delivery_rate,bytes_sent,bytes_retrans,client_trans_time
2020-08-24T19:04:58.508999Z,2020-08-24T19:04:59.390000Z,17.308,881.0,54.0,233.384,0.0,0.0,0.0,231.303,0.124805,0.0,0.0,0.0
2020-08-24T19:04:59.390000Z,2020-08-24T19:04:59.703000Z,17.922,313.0,78.0,233.523,0.0,0.0,0.0,231.303,0.213652,0.0,0.0,0.0
2020-08-24T19:04:59.703000Z,2020-08-24T19:05:00.073999Z,38.742,371.0,78.0,233.308,0.0,0.0,0.0,231.303,0.213652,0.0,0.0,0.0
2020-08-24T19:05:00.074000Z,2020-08-24T19:05:00.616000Z,82.505,542.0,78.0,233.253,0.0,0.0,0.0,231.303,0.213652,0.0,0.0,0.0
2020-08-24T19:05:00.616000Z,2020-08-24T19:05:01.204000Z,107.318,588.0,92.0,233.257,0.0,0.0,0.0,231.303,0.279006,0.0,0.0,0.0
2020-08-24T19:05:01.205000Z,2020-08-24T19:05:01.796000Z,154.758,591.0,110.0,232.956,0.0,0.0,0.0,231.303,0.318122,0.0,0.0,0.0
2020-08-24T19:05:01.796000Z,2020-08-24T19:05:02.459000Z,211.652,663.0,150.0,233.553,0.0,0.0,0.0,231.303,0.432157,0.0,0.0,0.0
2020-08-24T19:05:02.459000Z,2020-08-24T19:05:03.079000Z,272.661,620.0,180.0,233.187,0.0,0.0,0.0,231.303,0.54042,0.0,0.0,0.0
2020-08-24T19:05:03.080000Z,2020-08-24T19:05:03.588000Z,236.575,508.0,234.0,233.3,0.0,0.0,0.0,231.303,0.708798,0.0,0.0,0.0
