start_time,end_time,size,trans_time,cwnd,rtt,rto,ssthresh,last_snd,min_rtt,delivery_rate,bytes_sent,bytes_retrans,client_trans_time
2020-08-25T02:37:07.416999Z,2020-08-25T02:37:07.561000Z,25.023,144.0,1302.0,66.447,0.0,0.0,0.0,55.821,16.081309,0.0,0.0,0.0
2020-08-25T02:37:07.560999Z,2020-08-25T02:37:07.711000Z,34.076,150.0,1312.0,67.886,0.0,0.0,0.0,55.821,0.173535,0.0,0.0,0.0
2020-08-25T02:37:07.711000Z,2020-08-25T02:37:07.852000Z,131.165,141.0,1312.0,71.314,0.0,0.0,0.0,55.821,0.021858,0.0,0.0,0.0
2020-08-25T02:37:07.853000Z,2020-08-25T02:37:08.116000Z,318.862,263.0,144.0,73.905,0.0,0.0,0.0,55.821,1.714912,0.0,0.0,0.0
2020-08-25T02:37:08.116999Z,2020-08-25T02:37:08.419000Z,422.593,302.0,152.0,72.449,0.0,0.0,0.0,55.821,1.525431,0.0,0.0,0.0
2020-08-25T02:37:08.420000Z,2020-08-25T02:37:08.776000Z,557.927,356.0,154.0,78.338,0.0,0.0,0.0,55.821,1.859767,0.0,0.0,0.0
2020-08-25T02:37:08.777000Z,2020-08-25T02:37:09.143000Z,678.939,366.0,182.0,74.59,0.0,0.0,0.0,55.821,1.906783,0.0,0.0,0.0
2020-08-25T02:37:09.143000Z,2020-08-25T02:37:09.283000Z,182.308,139.999999,212.0,71.31,0.0,0.0,0.0,55.821,2.522148,0.0,0.0,0.0
2020-08-25T02:37:09.283000Z,2020-08-25T02:37:09.499000Z,347.498,216.0,212.0,70.414,0.0,0.0,0.0,55.821,2.364347,0.0,0.0,0.0
2020-08-25T02:37:10.848000Z,2020-08-25T02:37:11.055000Z,368.691,207.0,232.0,74.864,0.0,0.0,0.0,55.821,1.995518,0.0,0.0,0.0
2020-08-25T02:37:12.839000Z,2020-08-25T02:37:13.083000Z,371.372,244.0,242.0,71.792,0.0,0.0,0.0,55.821,2.569941,0.0,0.0,0.0
2020-08-25T02:37:14.840999Z,2020-08-25T02:37:15.102000Z,385.972,261.0,242.0,78.695,0.0,0.0,0.0,55.821,2.931051,0.0,0.0,0.0
2020-08-25T02:37:16.866000Z,2020-08-25T02:37:17.080000Z,420.185,214.0,242.0,88.986,0.0,0.0,0.0,55.821,0.692012,0.0,0.0,0.0
2020-08-25T02:37:18.839000Z,2020-08-25T02:37:19.039000Z,422.072,200.0,242.0,73.704,0.0,0.0,0.0,55.821,2.692625,0.0,0.0,0.0
2020-08-25T02:37:20.848000Z,2020-08-25T02:37:21.102000Z,597.54,254.0,268.0,72.861,0.0,0.0,0.0,55.821,3.044914,0.0,0.0,0.0
2020-08-25T02:37:22.843000Z,2020-08-25T02:37:23.047000Z,450.824,204.0,276.0,71.892,0.0,0.0,0.0,55.821,2.866705,0.0,0.0,0.0
2020-08-25T02:37:24.839000Z,2020-08-25T02:37:25.051000Z,437.421,212.0,268.0,73.16,0.0,0.0,0.0,55.708,3.194501,0.0,0.0,0.0
2020-08-25T02:37:26.840999Z,2020-08-25T02:37:27.085000Z,439.727,244.0,268.0,70.356,0.0,0.0,0.0,55.708,2.669348,0.0,0.0,0.0
2020-08-25T02:37:28.840999Z,2020-08-25T02:37:29.031000Z,402.228,190.0,268.0,76.979,0.0,0.0,0.0,55.708,1.007285,0.0,0.0,0.0
2020-08-25T02:37:30.837000Z,2020-08-25T02:37:31.041000Z,392.728,204.0,256.0,71.567,0.0,0.0,0.0,55.708,3.085103,0.0,0.0,0.0
2020-08-25T02:37:32.837000Z,2020-08-25T02:37:33.081999Z,516.51,245.0,256.0,84.006,0.0,0.0,0.0,55.622,2.699177,0.0,0.0,0.0
2020-08-25T02:37:34.838000Z,2020-08-25T02:37:35.016000Z,310.084,178.0,262.0,74.595,0.0,0.0,0.0,55.622,2.663179,0.0,0.0,0.0
2020-08-25T02:37:36.841999Z,2020-08-25T02:37:37.097999Z,378.112,256.0,262.0,73.89,0.0,0.0,0.0,55.622,2.691781,0.0,0.0,0.0
2020-08-25T02:37:38.840999Z,2020-08-25T02:37:39.032000Z,380.464,191.0,266.0,73.35,0.0,0.0,0.0,55.622,2.788382,0.0,0.0,0.0
2020-08-25T02:37:40.838000Z,2020-08-25T02:37:41.396000Z,427.503,558.0,266.0,72.131,0.0,0.0,0.0,55.622,3.109931,0.0,0.0,0.0
2020-08-25T02:37:42.837000Z,2020-08-25T02:37:43.056000Z,488.055,219.0,270.0,81.257,0.0,0.0,0.0,55.622,1.46477,0.0,0.0,0.0
2020-08-25T02:37:44.837000Z,2020-08-25T02:37:45.025000Z,378.875,188.0,280.0,70.558,0.0,0.0,0.0,55.622,3.092827,0.0,0.0,0.0
2020-08-25T02:37:46.836000Z,2020-08-25T02:37:47.035000Z,427.423,199.0,294.0,75.359,0.0,0.0,0.0,55.622,2.727027,0.0,0.0,0.0
2020-08-25T02:37:48.840000Z,2020-08-25T02:37:49.040000Z,495.069,200.0,318.0,71.682,0.0,0.0,0.0,55.622,3.337738,0.0,0.0,0.0
2020-08-25T02:37:50.839000Z,2020-08-25T02:37:51.007000Z,386.855,168.0,320.0,73.52,0.0,0.0,0.0,55.622,3.266432,0.0,0.0,0.0
2020-08-25T02:37:52.837000Z,2020-08-25T02:37:52.995000Z,364.593,158.0,328.0,72.038,0.0,0.0,0.0,55.622,3.755488,0.0,0.0,0.0
2020-08-25T02:37:54.837000Z,2020-08-25T02:37:55.001999Z,360.155,165.0,328.0,76.246,0.0,0.0,0.0,55.622,3.470088,0.0,0.0,0.0
2020-08-25T02:37:56.837000Z,2020-08-25T02:37:57.025999Z,482.635,189.0,330.0,73.953,0.0,0.0,0.0,55.622,3.585064,0.0,0.0,0.0
2020-08-25T02:37:58.852000Z,2020-08-25T02:37:59.045000Z,476.382,193.0,334.0,67.38,0.0,0.0,0.0,55.622,3.508444,0.0,0.0,0.0
2020-08-25T02:38:00.838000Z,2020-08-25T02:38:01.315000Z,406.071,477.0,334.0,92.216,0.0,0.0,0.0,55.622,3.508444,0.0,0.0,0.0
2020-08-25T02:38:02.835000Z,2020-08-25T02:38:02.985000Z,335.31,150.0,334.0,116.616,0.0,0.0,0.0,55.622,0.045653,0.0,0.0,0.0
2020-08-25T02:38:04.840999Z,2020-08-25T02:38:05.023000Z,439.259,182.0,4.0,83.375,0.0,0.0,0.0,55.622,4.527493,0.0,0.0,0.0
2020-08-25T02:38:06.838000Z,2020-08-25T02:38:07.017000Z,493.86,179.0,366.0,74.071,0.0,0.0,0.0,55.622,4.396038,0.0,0.0,0.0
2020-08-25T02:38:08.840999Z,2020-08-25T02:38:09.009999Z,471.145,169.0,366.0,73.116,0.0,0.0,0.0,55.622,4.241491,0.0,0.0,0.0
2020-08-25T02:38:10.839000Z,2020-08-25T02:38:10.999000Z,482.398,160.0,380.0,69.599,0.0,0.0,0.0,55.622,4.117399,0.0,0.0,0.0
2020-08-25T02:38:12.843000Z,2020-08-25T02:38:13.030000Z,515.776,187.0,378.0,70.09,0.0,0.0,0.0,55.622,4.181396,0.0,0.0,0.0
2020-08-25T02:38:14.848000Z,2020-08-25T02:38:15.009999Z,418.67,162.0,378.0,71.635,0.0,0.0,0.0,55.622,3.740761,0.0,0.0,0.0
2020-08-25T02:38:16.836000Z,2020-08-25T02:38:17.006000Z,441.426,170.0,392.0,71.544,0.0,0.0,0.0,55.622,4.390369,0.0,0.0,0.0
2020-08-25T02:38:18.846000Z,2020-08-25T02:38:19.006000Z,404.83,160.0,380.0,73.246,0.0,0.0,0.0,55.622,4.040167,0.0,0.0,0.0
2020-08-25T02:38:20.840999Z,2020-08-25T02:38:20.996000Z,404.291,155.0,376.0,82.01,0.0,0.0,0.0,55.622,4.385,0.0,0.0,0.0
2020-08-25T02:38:22.843000Z,2020-08-25T02:38:23.007000Z,430.268,164.0,376.0,75.16,0.0,0.0,0.0,55.622,3.995727,0.0,0.0,0.0
2020-08-25T02:38:24.841999Z,2020-08-25T02:38:25.041999Z,458.838,200.0,376.0,74.204,0.0,0.0,0.0,55.622,4.100598,0.0,0.0,0.0
2020-08-25T02:38:26.837000Z,2020-08-25T02:38:26.992000Z,374.443,155.0,394.0,73.77,0.0,0.0,0.0,55.622,3.8171,0.0,0.0,0.0
2020-08-25T02:38:28.838000Z,2020-08-25T02:38:29.005000Z,474.263,167.0,392.0,71.647,0.0,0.0,0.0,55.622,3.996587,0.0,0.0,0.0
2020-08-25T02:38:30.840000Z,2020-08-25T02:38:31.009000Z,475.114,169.0,398.0,72.255,0.0,0.0,0.0,55.622,4.514389,0.0,0.0,0.0
2020-08-25T02:38:32.839000Z,2020-08-25T02:38:33.016000Z,471.798,177.0,396.0,73.613,0.0,0.0,0.0,55.622,4.707331,0.0,0.0,0.0
2020-08-25T02:38:34.837000Z,2020-08-25T02:38:35.001000Z,447.386,164.0,394.0,74.894,0.0,0.0,0.0,55.622,4.320263,0.0,0.0,0.0
2020-08-25T02:38:36.839000Z,2020-08-25T02:38:36.996000Z,464.624,157.0,410.0,71.081,0.0,0.0,0.0,55.622,5.077418,0.0,0.0,0.0
2020-08-25T02:38:38.852000Z,2020-08-25T02:38:39.001999Z,445.603,150.0,436.0,67.247,0.0,0.0,0.0,55.622,5.091062,0.0,0.0,0.0
2020-08-25T02:38:40.841999Z,2020-08-25T02:38:40.990000Z,449.709,148.0,448.0,71.764,0.0,0.0,0.0,55.622,5.224907,0.0,0.0,0.0
2020-08-25T02:38:42.841999Z,2020-08-25T02:38:43.006000Z,522.271,164.0,448.0,71.388,0.0,0.0,0.0,55.622,5.038196,0.0,0.0,0.0
2020-08-25T02:38:44.840000Z,2020-08-25T02:38:44.993000Z,483.261,153.0,472.0,70.244,0.0,0.0,0.0,55.622,5.114364,0.0,0.0,0.0
2020-08-25T02:38:46.839000Z,2020-08-25T02:38:46.982000Z,450.768,143.0,478.0,70.343,0.0,0.0,0.0,55.622,5.494726,0.0,0.0,0.0
2020-08-25T02:38:48.845000Z,2020-08-25T02:38:49.011000Z,473.697,166.0,478.0,73.021,0.0,0.0,0.0,55.622,5.548701,0.0,0.0,0.0
2020-08-25T02:38:50.840000Z,2020-08-25T02:38:51.041999Z,452.148,202.0,476.0,71.936,0.0,0.0,0.0,55.622,4.881606,0.0,0.0,0.0
2020-08-25T02:38:52.846000Z,2020-08-25T02:38:53.001000Z,445.729,155.0,476.0,70.555,0.0,0.0,0.0,55.622,2.024853,0.0,0.0,0.0
2020-08-25T02:38:54.846000Z,2020-08-25T02:38:54.991000Z,404.564,145.0,466.0,67.9,0.0,0.0,0.0,55.622,5.653489,0.0,0.0,0.0
2020-08-25T02:38:56.837000Z,2020-08-25T02:38:56.975000Z,401.166,138.0,4.0,71.547,0.0,0.0,0.0,55.622,5.097883,0.0,0.0,0.0
2020-08-25T02:38:58.929999Z,2020-08-25T02:38:59.112000Z,419.077,182.0,488.0,113.894,0.0,0.0,0.0,55.622,0.095464,0.0,0.0,0.0
2020-08-25T02:39:00.945999Z,2020-08-25T02:39:01.126000Z,457.285,180.0,488.0,131.51,0.0,0.0,0.0,55.622,2.343784,0.0,0.0,0.0
2020-08-25T02:39:02.840000Z,2020-08-25T02:39:02.992000Z,457.623,152.0,486.0,138.688,0.0,0.0,0.0,55.622,2.553976,0.0,0.0,0.0
2020-08-25T02:39:04.843000Z,2020-08-25T02:39:04.982000Z,422.972,139.0,478.0,81.583,0.0,0.0,0.0,55.622,5.080122,0.0,0.0,0.0
2020-08-25T02:39:06.837000Z,2020-08-25T02:39:06.981000Z,419.761,144.0,456.0,71.362,0.0,0.0,0.0,55.622,5.231563,0.0,0.0,0.0
2020-08-25T02:39:08.841999Z,2020-08-25T02:39:08.987000Z,425.056,145.0,460.0,72.268,0.0,0.0,0.0,55.622,4.821672,0.0,0.0,0.0
2020-08-25T02:39:10.840000Z,2020-08-25T02:39:10.982000Z,437.924,142.0,456.0,70.48,0.0,0.0,0.0,55.622,5.008422,0.0,0.0,0.0
2020-08-25T02:39:12.840000Z,2020-08-25T02:39:12.998000Z,444.988,158.0,456.0,70.233,0.0,0.0,0.0,55.622,5.121496,0.0,0.0,0.0
2020-08-25T02:39:14.841999Z,2020-08-25T02:39:14.982000Z,413.477,140.0,462.0,70.926,0.0,0.0,0.0,55.622,5.682265,0.0,0.0,0.0
2020-08-25T02:39:16.840999Z,2020-08-25T02:39:16.976000Z,419.81,135.0,462.0,70.665,0.0,0.0,0.0,55.622,4.868699,0.0,0.0,0.0
2020-08-25T02:39:18.843000Z,2020-08-25T02:39:18.990000Z,416.152,147.0,462.0,69.174,0.0,0.0,0.0,55.622,5.403438,0.0,0.0,0.0
2020-08-25T02:39:20.840999Z,2020-08-25T02:39:21.011000Z,534.189,170.0,4.0,69.047,0.0,0.0,0.0,55.622,4.950262,0.0,0.0,0.0
2020-08-25T02:39:22.846000Z,2020-08-25T02:39:23.011000Z,398.253,165.0,472.0,69.345,0.0,0.0,0.0,55.622,5.382487,0.0,0.0,0.0
2020-08-25T02:39:24.836000Z,2020-08-25T02:39:24.977000Z,394.608,141.0,472.0,92.453,0.0,0.0,0.0,55.622,5.382487,0.0,0.0,0.0
2020-08-25T02:39:26.840000Z,2020-08-25T02:39:27.007000Z,455.676,167.0,468.0,76.621,0.0,0.0,0.0,55.622,5.382487,0.0,0.0,0.0
2020-08-25T02:39:28.838000Z,2020-08-25T02:39:28.996000Z,432.045,158.0,464.0,89.254,0.0,0.0,0.0,55.622,5.382487,0.0,0.0,0.0
2020-08-25T02:39:30.840999Z,2020-08-25T02:39:31.017000Z,595.222,176.0,446.0,69.523,0.0,0.0,0.0,55.622,5.194714,0.0,0.0,0.0
2020-08-25T02:39:32.850000Z,2020-08-25T02:39:32.996000Z,398.163,146.0,448.0,68.297,0.0,0.0,0.0,55.622,4.952181,0.0,0.0,0.0
2020-08-25T02:39:34.838000Z,2020-08-25T02:39:34.980000Z,424.91,142.0,436.0,70.131,0.0,0.0,0.0,55.622,4.901182,0.0,0.0,0.0
2020-08-25T02:39:36.846000Z,2020-08-25T02:39:37.027000Z,487.671,181.0,436.0,70.637,0.0,0.0,0.0,55.622,4.889106,0.0,0.0,0.0
2020-08-25T02:39:38.850000Z,2020-08-25T02:39:39.006000Z,430.611,156.0,432.0,70.77,0.0,0.0,0.0,55.622,4.145132,0.0,0.0,0.0
2020-08-25T02:39:40.840000Z,2020-08-25T02:39:40.985999Z,412.657,146.0,432.0,71.681,0.0,0.0,0.0,55.622,4.67389,0.0,0.0,0.0
2020-08-25T02:39:42.838000Z,2020-08-25T02:39:42.995000Z,446.509,157.0,424.0,70.563,0.0,0.0,0.0,55.622,4.414634,0.0,0.0,0.0
2020-08-25T02:39:44.845000Z,2020-08-25T02:39:45.025000Z,479.18,180.0,420.0,69.901,0.0,0.0,0.0,55.622,5.101804,0.0,0.0,0.0
2020-08-25T02:39:46.835000Z,2020-08-25T02:39:46.991000Z,412.324,156.0,416.0,90.832,0.0,0.0,0.0,55.622,5.101804,0.0,0.0,0.0
2020-08-25T02:39:48.841999Z,2020-08-25T02:39:49.008000Z,491.248,166.0,4.0,76.042,0.0,0.0,0.0,55.622,4.022738,0.0,0.0,0.0
2020-08-25T02:39:50.840999Z,2020-08-25T02:39:50.999000Z,377.64,158.0,430.0,74.942,0.0,0.0,0.0,55.622,4.957772,0.0,0.0,0.0
2020-08-25T02:39:52.841999Z,2020-08-25T02:39:53.004000Z,475.624,162.0,422.0,71.705,0.0,0.0,0.0,55.622,4.052521,0.0,0.0,0.0
2020-08-25T02:39:54.837000Z,2020-08-25T02:39:54.985999Z,415.386,149.0,414.0,70.725,0.0,0.0,0.0,55.622,5.002649,0.0,0.0,0.0
2020-08-25T02:39:56.841999Z,2020-08-25T02:39:57.001999Z,462.002,160.0,412.0,70.193,0.0,0.0,0.0,55.622,4.407976,0.0,0.0,0.0
2020-08-25T02:39:58.863000Z,2020-08-25T02:39:59.029000Z,453.18,166.0,432.0,69.618,0.0,0.0,0.0,55.622,4.367332,0.0,0.0,0.0
2020-08-25T02:40:00.839000Z,2020-08-25T02:40:01.190000Z,550.714,351.0,428.0,83.638,0.0,0.0,0.0,55.622,4.367332,0.0,0.0,0.0
2020-08-25T02:40:02.849000Z,2020-08-25T02:40:03.040000Z,654.786,191.0,428.0,113.23,0.0,0.0,0.0,55.622,2.443998,0.0,0.0,0.0
2020-08-25T02:40:04.840000Z,2020-08-25T02:40:05.001999Z,588.462,162.0,480.0,78.128,0.0,0.0,0.0,55.622,5.987301,0.0,0.0,0.0
2020-08-25T02:40:06.846000Z,2020-08-25T02:40:07.019000Z,624.081,173.0,482.0,70.625,0.0,0.0,0.0,55.622,5.969951,0.0,0.0,0.0
2020-08-25T02:40:09.088000Z,2020-08-25T02:40:09.286000Z,657.662,198.0,486.0,69.878,0.0,0.0,0.0,55.622,5.254471,0.0,0.0,0.0
2020-08-25T02:40:11.096000Z,2020-08-25T02:40:11.286000Z,713.038,190.0,482.0,72.902,0.0,0.0,0.0,55.622,4.603463,0.0,0.0,0.0
2020-08-25T02:40:13.091000Z,2020-08-25T02:40:13.291000Z,699.666,200.0,486.0,70.217,0.0,0.0,0.0,55.622,4.992286,0.0,0.0,0.0
2020-08-25T02:40:15.088000Z,2020-08-25T02:40:15.297999Z,780.324,210.0,482.0,72.685,0.0,0.0,0.0,55.622,4.255538,0.0,0.0,0.0
2020-08-25T02:40:17.091000Z,2020-08-25T02:40:17.265999Z,587.351,175.0,482.0,69.756,0.0,0.0,0.0,55.622,5.33893,0.0,0.0,0.0
2020-08-25T02:40:19.092000Z,2020-08-25T02:40:19.289999Z,757.062,198.0,480.0,69.402,0.0,0.0,0.0,55.622,5.315528,0.0,0.0,0.0
2020-08-25T02:40:21.091000Z,2020-08-25T02:40:21.281000Z,747.792,190.0,514.0,68.859,0.0,0.0,0.0,55.622,5.60146,0.0,0.0,0.0
2020-08-25T02:40:23.092000Z,2020-08-25T02:40:23.281000Z,738.869,189.0,516.0,70.722,0.0,0.0,0.0,55.622,5.378809,0.0,0.0,0.0
2020-08-25T02:40:24.924000Z,2020-08-25T02:40:25.113000Z,739.416,189.0,518.0,71.733,0.0,0.0,0.0,55.622,5.181362,0.0,0.0,0.0
2020-08-25T02:40:27.089000Z,2020-08-25T02:40:27.287000Z,802.142,198.0,532.0,69.857,0.0,0.0,0.0,55.622,4.830882,0.0,0.0,0.0
2020-08-25T02:40:29.086000Z,2020-08-25T02:40:29.268000Z,726.506,182.0,550.0,71.294,0.0,0.0,0.0,55.622,5.589228,0.0,0.0,0.0
2020-08-25T02:40:31.095000Z,2020-08-25T02:40:31.270000Z,720.765,175.0,556.0,70.195,0.0,0.0,0.0,55.622,5.845123,0.0,0.0,0.0
2020-08-25T02:40:33.089000Z,2020-08-25T02:40:33.560000Z,746.175,471.0,550.0,72.1,0.0,0.0,0.0,55.622,6.905342,0.0,0.0,0.0
2020-08-25T02:40:35.087000Z,2020-08-25T02:40:35.256000Z,701.334,169.0,600.0,78.203,0.0,0.0,0.0,55.622,3.32829,0.0,0.0,0.0
2020-08-25T02:40:37.091000Z,2020-08-25T02:40:37.249999Z,669.402,159.0,626.0,73.877,0.0,0.0,0.0,55.622,7.406426,0.0,0.0,0.0
2020-08-25T02:40:39.086000Z,2020-08-25T02:40:39.251000Z,729.135,165.0,686.0,72.674,0.0,0.0,0.0,55.622,8.208147,0.0,0.0,0.0
2020-08-25T02:40:41.087000Z,2020-08-25T02:40:41.252000Z,873.57,165.0,676.0,71.734,0.0,0.0,0.0,55.622,6.383167,0.0,0.0,0.0
2020-08-25T02:40:43.100000Z,2020-08-25T02:40:43.269000Z,930.218,169.0,684.0,68.893,0.0,0.0,0.0,55.622,8.103359,0.0,0.0,0.0
2020-08-25T02:40:45.090000Z,2020-08-25T02:40:45.215000Z,409.436,125.0,712.0,67.742,0.0,0.0,0.0,55.622,8.268961,0.0,0.0,0.0
2020-08-25T02:40:47.097000Z,2020-08-25T02:40:47.217000Z,376.263,120.0,712.0,70.228,0.0,0.0,0.0,55.622,8.268961,0.0,0.0,0.0
2020-08-25T02:40:48.916000Z,2020-08-25T02:40:49.035000Z,403.944,119.0,712.0,73.957,0.0,0.0,0.0,55.622,8.268961,0.0,0.0,0.0
2020-08-25T02:40:51.086000Z,2020-08-25T02:40:51.231000Z,667.651,145.0,712.0,72.224,0.0,0.0,0.0,55.622,8.268961,0.0,0.0,0.0
2020-08-25T02:40:53.099000Z,2020-08-25T02:40:53.261000Z,726.056,162.0,714.0,72.074,0.0,0.0,0.0,55.622,8.268961,0.0,0.0,0.0
2020-08-25T02:40:55.092000Z,2020-08-25T02:40:55.245000Z,741.874,153.0,714.0,78.432,0.0,0.0,0.0,55.622,8.268961,0.0,0.0,0.0
2020-08-25T02:40:57.097999Z,2020-08-25T02:40:57.241999Z,700.384,144.0,718.0,72.814,0.0,0.0,0.0,55.622,7.643354,0.0,0.0,0.0
2020-08-25T02:40:59.116000Z,2020-08-25T02:40:59.297000Z,764.22,181.0,720.0,68.949,0.0,0.0,0.0,55.622,7.873527,0.0,0.0,0.0
2020-08-25T02:41:01.099000Z,2020-08-25T02:41:01.297999Z,719.611,199.0,718.0,103.996,0.0,0.0,0.0,55.622,7.873527,0.0,0.0,0.0
2020-08-25T02:41:03.093000Z,2020-08-25T02:41:03.261000Z,736.073,168.0,1217.0,130.635,0.0,0.0,0.0,55.622,7.873527,0.0,0.0,0.0
2020-08-25T02:41:05.092000Z,2020-08-25T02:41:05.253000Z,760.964,161.0,718.0,86.866,0.0,0.0,0.0,55.622,8.837001,0.0,0.0,0.0
2020-08-25T02:41:07.097000Z,2020-08-25T02:41:07.241999Z,720.071,145.0,720.0,72.835,0.0,0.0,0.0,55.622,8.028929,0.0,0.0,0.0
2020-08-25T02:41:09.087000Z,2020-08-25T02:41:09.251000Z,742.01,164.0,722.0,70.417,0.0,0.0,0.0,55.622,8.958056,0.0,0.0,0.0
2020-08-25T02:41:11.088000Z,2020-08-25T02:41:11.241000Z,686.503,153.0,724.0,70.209,0.0,0.0,0.0,55.622,6.970665,0.0,0.0,0.0
2020-08-25T02:41:12.922000Z,2020-08-25T02:41:13.089000Z,742.419,167.0,724.0,70.876,0.0,0.0,0.0,55.622,7.857567,0.0,0.0,0.0
2020-08-25T02:41:15.089000Z,2020-08-25T02:41:15.248000Z,706.911,159.0,720.0,69.986,0.0,0.0,0.0,55.622,7.430596,0.0,0.0,0.0
2020-08-25T02:41:17.089000Z,2020-08-25T02:41:17.236000Z,695.706,147.0,720.0,90.201,0.0,0.0,0.0,55.622,7.430596,0.0,0.0,0.0
2020-08-25T02:41:19.097000Z,2020-08-25T02:41:19.237000Z,702.109,140.0,732.0,74.124,0.0,0.0,0.0,55.622,8.586424,0.0,0.0,0.0
2020-08-25T02:41:21.100999Z,2020-08-25T02:41:21.251000Z,697.76,150.0,728.0,70.072,0.0,0.0,0.0,55.622,9.064333,0.0,0.0,0.0
2020-08-25T02:41:23.083000Z,2020-08-25T02:41:23.225000Z,590.139,142.0,800.0,71.752,0.0,0.0,0.0,55.622,9.933915,0.0,0.0,0.0
2020-08-25T02:41:25.088000Z,2020-08-25T02:41:25.207000Z,431.011,119.0,800.0,71.916,0.0,0.0,0.0,55.622,9.933915,0.0,0.0,0.0
2020-08-25T02:41:27.100000Z,2020-08-25T02:41:27.220000Z,490.987,120.0,800.0,73.368,0.0,0.0,0.0,55.622,9.933915,0.0,0.0,0.0
2020-08-25T02:41:29.087000Z,2020-08-25T02:41:29.236000Z,800.433,149.0,800.0,73.922,0.0,0.0,0.0,55.622,9.933915,0.0,0.0,0.0
2020-08-25T02:41:31.089000Z,2020-08-25T02:41:31.227000Z,676.029,138.0,4.0,71.985,0.0,0.0,0.0,55.622,9.13947,0.0,0.0,0.0
2020-08-25T02:41:33.088000Z,2020-08-25T02:41:33.241000Z,703.268,153.0,816.0,73.379,0.0,0.0,0.0,55.622,9.13947,0.0,0.0,0.0
2020-08-25T02:41:35.091000Z,2020-08-25T02:41:35.235000Z,753.404,144.0,746.0,72.279,0.0,0.0,0.0,55.622,7.247117,0.0,0.0,0.0
2020-08-25T02:41:37.089000Z,2020-08-25T02:41:37.252000Z,833.91,163.0,774.0,71.342,0.0,0.0,0.0,55.622,9.547473,0.0,0.0,0.0
2020-08-25T02:41:39.089000Z,2020-08-25T02:41:39.267000Z,1016.255,178.0,766.0,69.871,0.0,0.0,0.0,55.622,7.268682,0.0,0.0,0.0
2020-08-25T02:41:41.087000Z,2020-08-25T02:41:41.230000Z,713.149,143.0,780.0,71.539,0.0,0.0,0.0,55.622,7.556123,0.0,0.0,0.0
2020-08-25T02:41:43.089000Z,2020-08-25T02:41:43.219000Z,589.251,130.0,786.0,72.753,0.0,0.0,0.0,55.622,9.168326,0.0,0.0,0.0
2020-08-25T02:41:45.090000Z,2020-08-25T02:41:45.222000Z,634.8,132.0,786.0,69.53,0.0,0.0,0.0,55.622,9.168326,0.0,0.0,0.0
2020-08-25T02:41:47.091000Z,2020-08-25T02:41:47.217999Z,517.502,127.0,786.0,67.865,0.0,0.0,0.0,55.622,9.168326,0.0,0.0,0.0
2020-08-25T02:41:49.091000Z,2020-08-25T02:41:49.211000Z,463.12,120.0,786.0,68.48,0.0,0.0,0.0,55.622,9.168326,0.0,0.0,0.0
2020-08-25T02:41:51.100999Z,2020-08-25T02:41:51.246000Z,640.615,145.0,4.0,71.164,0.0,0.0,0.0,55.622,9.168326,0.0,0.0,0.0
2020-08-25T02:41:53.092000Z,2020-08-25T02:41:53.201000Z,415.107,109.0,798.0,72.591,0.0,0.0,0.0,55.622,9.168326,0.0,0.0,0.0
2020-08-25T02:41:55.096000Z,2020-08-25T02:41:55.206000Z,426.293,110.0,788.0,68.597,0.0,0.0,0.0,55.622,9.168326,0.0,0.0,0.0
2020-08-25T02:41:57.097999Z,2020-08-25T02:41:57.225999Z,568.04,128.0,794.0,69.568,0.0,0.0,0.0,55.622,9.168326,0.0,0.0,0.0
2020-08-25T02:41:59.122000Z,2020-08-25T02:41:59.391000Z,403.846,269.0,790.0,69.173,0.0,0.0,0.0,55.622,9.168326,0.0,0.0,0.0
2020-08-25T02:42:01.055000Z,2020-08-25T02:42:01.529999Z,308.716,475.0,88.0,197.42,0.0,0.0,0.0,55.622,1.015633,0.0,0.0,0.0
2020-08-25T02:42:03.103000Z,2020-08-25T02:42:03.985000Z,950.508,882.0,88.0,135.228,0.0,0.0,0.0,55.622,0.759512,0.0,0.0,0.0
2020-08-25T02:42:05.094000Z,2020-08-25T02:42:06.471000Z,2188.429,1377.0,114.0,72.928,0.0,0.0,0.0,55.622,1.310194,0.0,0.0,0.0
2020-08-25T02:42:07.090000Z,2020-08-25T02:42:07.702000Z,1510.065,612.0,200.0,72.755,0.0,0.0,0.0,55.622,2.10058,0.0,0.0,0.0
2020-08-25T02:42:09.087000Z,2020-08-25T02:42:09.351000Z,634.093,264.0,262.0,74.651,0.0,0.0,0.0,55.622,2.748772,0.0,0.0,0.0
2020-08-25T02:42:11.087000Z,2020-08-25T02:42:11.336000Z,698.473,249.0,312.0,70.946,0.0,0.0,0.0,55.622,2.645624,0.0,0.0,0.0
2020-08-25T02:42:13.090000Z,2020-08-25T02:42:13.294000Z,582.905,204.0,324.0,74.753,0.0,0.0,0.0,55.622,4.048537,0.0,0.0,0.0
2020-08-25T02:42:15.087000Z,2020-08-25T02:42:15.291000Z,531.575,204.0,366.0,72.567,0.0,0.0,0.0,55.622,4.381211,0.0,0.0,0.0
2020-08-25T02:42:17.088000Z,2020-08-25T02:42:17.272000Z,509.191,184.0,366.0,72.64,0.0,0.0,0.0,55.622,4.299065,0.0,0.0,0.0
2020-08-25T02:42:19.100000Z,2020-08-25T02:42:19.271000Z,486.888,171.0,366.0,71.35,0.0,0.0,0.0,55.622,4.187113,0.0,0.0,0.0
2020-08-25T02:42:21.088000Z,2020-08-25T02:42:21.411000Z,507.151,323.0,366.0,71.172,0.0,0.0,0.0,55.622,4.410709,0.0,0.0,0.0
2020-08-25T02:42:23.090000Z,2020-08-25T02:42:23.281999Z,524.194,192.0,4.0,77.472,0.0,0.0,0.0,55.622,1.926542,0.0,0.0,0.0
2020-08-25T02:42:25.106000Z,2020-08-25T02:42:25.291000Z,503.158,185.0,358.0,71.994,0.0,0.0,0.0,55.622,3.813086,0.0,0.0,0.0
2020-08-25T02:42:27.091000Z,2020-08-25T02:42:27.279000Z,536.868,188.0,358.0,70.367,0.0,0.0,0.0,55.622,3.858935,0.0,0.0,0.0
2020-08-25T02:42:29.087000Z,2020-08-25T02:42:29.351000Z,824.872,264.0,358.0,72.48,0.0,0.0,0.0,55.622,4.392432,0.0,0.0,0.0
2020-08-25T02:42:31.110000Z,2020-08-25T02:42:31.276000Z,437.795,166.0,384.0,70.715,0.0,0.0,0.0,55.622,3.961814,0.0,0.0,0.0
2020-08-25T02:42:33.088000Z,2020-08-25T02:42:33.275000Z,555.106,187.0,384.0,69.737,0.0,0.0,0.0,56.028,3.795161,0.0,0.0,0.0
2020-08-25T02:42:35.097000Z,2020-08-25T02:42:35.260000Z,446.304,163.0,388.0,71.414,0.0,0.0,0.0,56.028,4.134109,0.0,0.0,0.0
2020-08-25T02:42:37.096000Z,2020-08-25T02:42:37.265999Z,492.107,170.0,410.0,70.471,0.0,0.0,0.0,56.028,4.48571,0.0,0.0,0.0
2020-08-25T02:42:39.091000Z,2020-08-25T02:42:39.260000Z,488.627,169.0,410.0,74.396,0.0,0.0,0.0,56.028,4.277578,0.0,0.0,0.0
2020-08-25T02:42:41.119000Z,2020-08-25T02:42:41.271000Z,454.79,152.0,406.0,77.712,0.0,0.0,0.0,55.688,4.942938,0.0,0.0,0.0
2020-08-25T02:42:43.086000Z,2020-08-25T02:42:43.244000Z,419.44,158.0,408.0,73.19,0.0,0.0,0.0,55.688,4.917903,0.0,0.0,0.0
2020-08-25T02:42:45.086000Z,2020-08-25T02:42:45.246000Z,441.2,160.0,406.0,72.958,0.0,0.0,0.0,55.688,4.487394,0.0,0.0,0.0
2020-08-25T02:42:47.090000Z,2020-08-25T02:42:47.361000Z,972.121,271.0,392.0,73.622,0.0,0.0,0.0,55.688,4.781402,0.0,0.0,0.0
2020-08-25T02:42:49.088000Z,2020-08-25T02:42:49.257000Z,508.361,169.0,402.0,68.384,0.0,0.0,0.0,55.688,4.782677,0.0,0.0,0.0
2020-08-25T02:42:51.092000Z,2020-08-25T02:42:51.271000Z,569.644,179.0,4.0,68.847,0.0,0.0,0.0,55.688,4.160231,0.0,0.0,0.0
2020-08-25T02:42:53.091000Z,2020-08-25T02:42:53.270000Z,569.994,179.0,470.0,70.785,0.0,0.0,0.0,55.688,4.764961,0.0,0.0,0.0
2020-08-25T02:42:55.087000Z,2020-08-25T02:42:55.257000Z,547.062,170.0,466.0,83.749,0.0,0.0,0.0,55.688,4.397642,0.0,0.0,0.0
2020-08-25T02:42:57.089000Z,2020-08-25T02:42:57.317000Z,887.324,228.0,460.0,72.491,0.0,0.0,0.0,55.688,5.24317,0.0,0.0,0.0
2020-08-25T02:42:59.140000Z,2020-08-25T02:42:59.661000Z,991.986,521.0,464.0,71.82,0.0,0.0,0.0,55.688,5.371629,0.0,0.0,0.0
2020-08-25T02:43:01.142000Z,2020-08-25T02:43:01.633000Z,1022.449,491.0,460.0,171.553,0.0,0.0,0.0,55.688,0.996268,0.0,0.0,0.0
2020-08-25T02:43:03.092000Z,2020-08-25T02:43:03.360000Z,1089.945,268.0,460.0,185.682,0.0,0.0,0.0,55.688,1.293621,0.0,0.0,0.0
2020-08-25T02:43:05.087000Z,2020-08-25T02:43:05.332000Z,1135.246,245.0,540.0,76.543,0.0,0.0,0.0,55.688,4.155501,0.0,0.0,0.0
2020-08-25T02:43:07.097999Z,2020-08-25T02:43:07.332000Z,1132.08,234.0,540.0,72.261,0.0,0.0,0.0,55.688,5.451593,0.0,0.0,0.0
2020-08-25T02:43:09.097999Z,2020-08-25T02:43:09.299000Z,1071.346,201.0,610.0,70.997,0.0,0.0,0.0,55.688,5.898208,0.0,0.0,0.0
2020-08-25T02:43:11.089000Z,2020-08-25T02:43:11.283000Z,1080.479,194.0,622.0,70.174,0.0,0.0,0.0,55.688,7.793801,0.0,0.0,0.0
2020-08-25T02:43:13.097999Z,2020-08-25T02:43:13.237000Z,506.804,139.0,640.0,69.417,0.0,0.0,0.0,55.688,7.974646,0.0,0.0,0.0
2020-08-25T02:43:15.088000Z,2020-08-25T02:43:15.225999Z,546.838,138.0,640.0,70.516,0.0,0.0,0.0,55.688,7.579095,0.0,0.0,0.0
2020-08-25T02:43:17.092000Z,2020-08-25T02:43:17.240000Z,588.803,148.0,4.0,70.232,0.0,0.0,0.0,55.688,7.579095,0.0,0.0,0.0
2020-08-25T02:43:19.091000Z,2020-08-25T02:43:19.225000Z,512.649,134.0,638.0,73.382,0.0,0.0,0.0,55.688,7.579095,0.0,0.0,0.0
2020-08-25T02:43:21.089000Z,2020-08-25T02:43:21.231000Z,550.115,142.0,640.0,70.403,0.0,0.0,0.0,55.688,7.579095,0.0,0.0,0.0
2020-08-25T02:43:23.088000Z,2020-08-25T02:43:23.217000Z,516.315,129.0,640.0,71.408,0.0,0.0,0.0,55.688,7.579095,0.0,0.0,0.0
2020-08-25T02:43:25.088000Z,2020-08-25T02:43:25.231000Z,544.12,143.0,640.0,69.521,0.0,0.0,0.0,55.688,7.579095,0.0,0.0,0.0
2020-08-25T02:43:27.089000Z,2020-08-25T02:43:27.230000Z,542.034,141.0,640.0,68.423,0.0,0.0,0.0,55.688,7.579095,0.0,0.0,0.0
2020-08-25T02:43:29.088000Z,2020-08-25T02:43:29.233999Z,526.392,146.0,626.0,66.787,0.0,0.0,0.0,55.688,7.623406,0.0,0.0,0.0
2020-08-25T02:43:31.088000Z,2020-08-25T02:43:31.240000Z,607.998,152.0,626.0,69.895,0.0,0.0,0.0,55.688,7.623406,0.0,0.0,0.0
2020-08-25T02:43:33.092000Z,2020-08-25T02:43:33.230000Z,547.183,138.0,626.0,74.487,0.0,0.0,0.0,55.688,6.31437,0.0,0.0,0.0
2020-08-25T02:43:35.089000Z,2020-08-25T02:43:35.240000Z,645.403,151.0,626.0,74.902,0.0,0.0,0.0,55.688,6.31437,0.0,0.0,0.0
2020-08-25T02:43:37.092000Z,2020-08-25T02:43:37.225999Z,498.241,134.0,620.0,71.237,0.0,0.0,0.0,55.688,7.432916,0.0,0.0,0.0
2020-08-25T02:43:39.088000Z,2020-08-25T02:43:39.225999Z,450.46,138.0,620.0,72.381,0.0,0.0,0.0,55.688,7.432916,0.0,0.0,0.0
2020-08-25T02:43:41.087000Z,2020-08-25T02:43:41.240000Z,497.532,153.0,620.0,69.405,0.0,0.0,0.0,55.688,7.432916,0.0,0.0,0.0
2020-08-25T02:43:43.091000Z,2020-08-25T02:43:43.231000Z,547.027,140.0,622.0,70.336,0.0,0.0,0.0,55.688,7.432916,0.0,0.0,0.0
2020-08-25T02:43:45.088000Z,2020-08-25T02:43:45.235000Z,599.615,147.0,598.0,67.953,0.0,0.0,0.0,55.688,6.361914,0.0,0.0,0.0
2020-08-25T02:43:47.087000Z,2020-08-25T02:43:47.220000Z,451.216,133.0,594.0,73.214,0.0,0.0,0.0,55.688,6.361914,0.0,0.0,0.0
2020-08-25T02:43:49.100999Z,2020-08-25T02:43:49.228000Z,460.449,127.0,594.0,72.146,0.0,0.0,0.0,55.688,6.361914,0.0,0.0,0.0
2020-08-25T02:43:51.089000Z,2020-08-25T02:43:51.239000Z,491.235,150.0,594.0,71.764,0.0,0.0,0.0,55.688,6.361914,0.0,0.0,0.0
2020-08-25T02:43:53.086000Z,2020-08-25T02:43:53.225999Z,444.979,140.0,594.0,70.518,0.0,0.0,0.0,55.688,6.361914,0.0,0.0,0.0
2020-08-25T02:43:55.096000Z,2020-08-25T02:43:55.241000Z,535.184,145.0,594.0,69.278,0.0,0.0,0.0,55.688,6.361914,0.0,0.0,0.0
2020-08-25T02:43:57.092000Z,2020-08-25T02:43:57.219000Z,395.839,127.0,520.0,73.174,0.0,0.0,0.0,55.688,5.9714,0.0,0.0,0.0
2020-08-25T02:43:59.088000Z,2020-08-25T02:43:59.224000Z,395.56,136.0,520.0,71.93,0.0,0.0,0.0,55.688,5.9714,0.0,0.0,0.0
2020-08-25T02:44:01.087000Z,2020-08-25T02:44:01.246000Z,575.959,159.0,520.0,84.459,0.0,0.0,0.0,55.688,5.9714,0.0,0.0,0.0
2020-08-25T02:44:03.096000Z,2020-08-25T02:44:03.231000Z,387.137,135.0,518.0,87.687,0.0,0.0,0.0,55.688,5.9714,0.0,0.0,0.0
2020-08-25T02:44:05.091000Z,2020-08-25T02:44:05.225999Z,415.708,135.0,518.0,79.589,0.0,0.0,0.0,55.688,5.9714,0.0,0.0,0.0
2020-08-25T02:44:07.088000Z,2020-08-25T02:44:07.222000Z,401.576,134.0,512.0,70.792,0.0,0.0,0.0,55.688,5.9714,0.0,0.0,0.0
2020-08-25T02:44:09.091000Z,2020-08-25T02:44:09.230000Z,427.345,139.0,510.0,70.279,0.0,0.0,0.0,55.688,5.9714,0.0,0.0,0.0
2020-08-25T02:44:11.092000Z,2020-08-25T02:44:11.277000Z,676.805,185.0,426.0,70.869,0.0,0.0,0.0,55.688,5.27815,0.0,0.0,0.0
2020-08-25T02:44:13.088000Z,2020-08-25T02:44:13.263000Z,593.726,175.0,472.0,68.96,0.0,0.0,0.0,55.688,5.853835,0.0,0.0,0.0
2020-08-25T02:44:15.102000Z,2020-08-25T02:44:15.286000Z,596.382,184.0,474.0,71.4,0.0,0.0,0.0,55.688,5.897378,0.0,0.0,0.0
2020-08-25T02:44:17.096000Z,2020-08-25T02:44:17.665000Z,566.485,569.0,474.0,73.881,0.0,0.0,0.0,55.688,5.734954,0.0,0.0,0.0
2020-08-25T02:44:19.340000Z,2020-08-25T02:44:19.505999Z,565.122,166.0,478.0,88.797,0.0,0.0,0.0,55.688,2.572943,0.0,0.0,0.0
2020-08-25T02:44:21.339000Z,2020-08-25T02:44:21.497000Z,532.243,158.0,494.0,70.186,0.0,0.0,0.0,55.688,5.025817,0.0,0.0,0.0
2020-08-25T02:44:23.337000Z,2020-08-25T02:44:23.500000Z,591.946,163.0,524.0,69.266,0.0,0.0,0.0,55.688,5.15606,0.0,0.0,0.0
2020-08-25T02:44:25.351000Z,2020-08-25T02:44:25.520000Z,660.575,169.0,524.0,69.328,0.0,0.0,0.0,55.688,5.321653,0.0,0.0,0.0
2020-08-25T02:44:27.337999Z,2020-08-25T02:44:27.496000Z,572.601,158.0,524.0,70.302,0.0,0.0,0.0,55.688,5.653556,0.0,0.0,0.0
2020-08-25T02:44:29.337000Z,2020-08-25T02:44:29.481000Z,455.122,144.0,548.0,71.705,0.0,0.0,0.0,55.688,6.78873,0.0,0.0,0.0
2020-08-25T02:44:31.337999Z,2020-08-25T02:44:31.541000Z,927.641,203.0,548.0,74.322,0.0,0.0,0.0,55.688,5.471182,0.0,0.0,0.0
2020-08-25T02:44:33.339000Z,2020-08-25T02:44:33.555000Z,963.764,216.0,544.0,71.418,0.0,0.0,0.0,55.688,6.361875,0.0,0.0,0.0
2020-08-25T02:44:35.349000Z,2020-08-25T02:44:35.579000Z,1095.114,230.0,544.0,69.892,0.0,0.0,0.0,55.688,6.314781,0.0,0.0,0.0
2020-08-25T02:44:37.339000Z,2020-08-25T02:44:37.555000Z,1085.027,216.0,614.0,70.363,0.0,0.0,0.0,55.688,6.824353,0.0,0.0,0.0
2020-08-25T02:44:39.172999Z,2020-08-25T02:44:39.409999Z,964.184,237.0,614.0,70.154,0.0,0.0,0.0,55.688,6.361297,0.0,0.0,0.0
2020-08-25T02:44:41.340000Z,2020-08-25T02:44:41.551000Z,979.891,211.0,616.0,64.885,0.0,0.0,0.0,55.688,3.323121,0.0,0.0,0.0
2020-08-25T02:44:43.347000Z,2020-08-25T02:44:43.537000Z,973.46,190.0,644.0,69.906,0.0,0.0,0.0,55.688,5.775899,0.0,0.0,0.0
2020-08-25T02:44:45.352000Z,2020-08-25T02:44:45.521999Z,862.281,170.0,722.0,70.059,0.0,0.0,0.0,55.688,7.31276,0.0,0.0,0.0
2020-08-25T02:44:47.358000Z,2020-08-25T02:44:47.526000Z,795.897,168.0,722.0,74.386,0.0,0.0,0.0,55.688,7.31276,0.0,0.0,0.0
2020-08-25T02:44:49.337000Z,2020-08-25T02:44:49.484000Z,696.591,147.0,754.0,70.985,0.0,0.0,0.0,55.688,6.840848,0.0,0.0,0.0
2020-08-25T02:44:51.340999Z,2020-08-25T02:44:51.486000Z,660.799,145.0,768.0,69.779,0.0,0.0,0.0,55.688,6.840848,0.0,0.0,0.0
2020-08-25T02:44:53.336000Z,2020-08-25T02:44:53.491000Z,721.573,155.0,754.0,69.995,0.0,0.0,0.0,55.688,7.687175,0.0,0.0,0.0
2020-08-25T02:44:55.346000Z,2020-08-25T02:44:55.491000Z,624.869,145.0,800.0,74.458,0.0,0.0,0.0,55.688,8.620338,0.0,0.0,0.0
2020-08-25T02:44:57.348000Z,2020-08-25T02:44:57.477000Z,636.303,129.0,806.0,72.141,0.0,0.0,0.0,55.688,8.620338,0.0,0.0,0.0
2020-08-25T02:44:59.342000Z,2020-08-25T02:44:59.500000Z,575.259,158.0,806.0,67.674,0.0,0.0,0.0,55.688,8.620338,0.0,0.0,0.0
2020-08-25T02:45:01.403000Z,2020-08-25T02:45:01.556000Z,533.256,153.0,806.0,101.399,0.0,0.0,0.0,55.688,8.620338,0.0,0.0,0.0
2020-08-25T02:45:03.233000Z,2020-08-25T02:45:03.545000Z,491.1,312.0,1231.0,121.647,0.0,0.0,0.0,55.688,8.620338,0.0,0.0,0.0
2020-08-25T02:45:05.337000Z,2020-08-25T02:45:05.465999Z,543.224,129.0,1406.0,229.816,0.0,0.0,0.0,55.688,8.620338,0.0,0.0,0.0
2020-08-25T02:45:07.336000Z,2020-08-25T02:45:07.469000Z,548.818,133.0,800.0,119.953,0.0,0.0,0.0,55.688,8.620338,0.0,0.0,0.0
2020-08-25T02:45:09.346000Z,2020-08-25T02:45:09.471000Z,484.017,125.0,800.0,79.002,0.0,0.0,0.0,55.688,8.620338,0.0,0.0,0.0
2020-08-25T02:45:11.337999Z,2020-08-25T02:45:11.463000Z,512.346,125.0,800.0,77.277,0.0,0.0,0.0,55.688,8.620338,0.0,0.0,0.0
2020-08-25T02:45:13.337000Z,2020-08-25T02:45:13.456000Z,518.872,119.0,800.0,71.123,0.0,0.0,0.0,55.688,8.620338,0.0,0.0,0.0
2020-08-25T02:45:15.336000Z,2020-08-25T02:45:15.467000Z,569.474,131.0,800.0,68.865,0.0,0.0,0.0,55.688,8.620338,0.0,0.0,0.0
2020-08-25T02:45:17.340999Z,2020-08-25T02:45:17.489999Z,657.946,149.0,4.0,69.996,0.0,0.0,0.0,55.688,8.620338,0.0,0.0,0.0
2020-08-25T02:45:19.348000Z,2020-08-25T02:45:19.488000Z,655.52,140.0,812.0,75.131,0.0,0.0,0.0,55.688,8.620338,0.0,0.0,0.0
2020-08-25T02:45:21.342000Z,2020-08-25T02:45:21.499000Z,822.992,157.0,802.0,81.889,0.0,0.0,0.0,55.688,8.620338,0.0,0.0,0.0
2020-08-25T02:45:23.337000Z,2020-08-25T02:45:23.496000Z,714.108,159.0,738.0,72.142,0.0,0.0,0.0,55.688,8.571198,0.0,0.0,0.0
2020-08-25T02:45:25.352000Z,2020-08-25T02:45:25.500000Z,597.466,148.0,734.0,71.724,0.0,0.0,0.0,55.688,9.087502,0.0,0.0,0.0
2020-08-25T02:45:27.172000Z,2020-08-25T02:45:27.305999Z,526.685,134.0,728.0,66.273,0.0,0.0,0.0,55.688,7.802218,0.0,0.0,0.0
2020-08-25T02:45:29.336000Z,2020-08-25T02:45:29.465000Z,483.251,129.0,728.0,68.976,0.0,0.0,0.0,55.688,7.802218,0.0,0.0,0.0
2020-08-25T02:45:31.347000Z,2020-08-25T02:45:31.476000Z,524.061,129.0,732.0,68.915,0.0,0.0,0.0,55.688,7.802218,0.0,0.0,0.0
2020-08-25T02:45:33.337999Z,2020-08-25T02:45:33.489999Z,704.932,152.0,732.0,70.724,0.0,0.0,0.0,55.688,7.802218,0.0,0.0,0.0
2020-08-25T02:45:35.340999Z,2020-08-25T02:45:35.465999Z,586.363,125.0,730.0,69.162,0.0,0.0,0.0,55.688,7.926653,0.0,0.0,0.0
2020-08-25T02:45:37.344000Z,2020-08-25T02:45:37.489999Z,666.274,146.0,784.0,69.374,0.0,0.0,0.0,55.688,7.926653,0.0,0.0,0.0
2020-08-25T02:45:39.340999Z,2020-08-25T02:45:39.489999Z,687.581,149.0,736.0,69.21,0.0,0.0,0.0,55.688,7.926653,0.0,0.0,0.0
2020-08-25T02:45:41.337999Z,2020-08-25T02:45:41.481000Z,652.656,143.0,736.0,70.42,0.0,0.0,0.0,55.688,8.206273,0.0,0.0,0.0
2020-08-25T02:45:43.340999Z,2020-08-25T02:45:43.491000Z,734.791,150.0,734.0,77.555,0.0,0.0,0.0,55.688,7.913287,0.0,0.0,0.0
2020-08-25T02:45:45.343000Z,2020-08-25T02:45:45.502000Z,719.646,159.0,746.0,69.315,0.0,0.0,0.0,55.688,9.299024,0.0,0.0,0.0
2020-08-25T02:45:47.337000Z,2020-08-25T02:45:47.497000Z,858.655,160.0,746.0,76.34,0.0,0.0,0.0,55.688,7.587428,0.0,0.0,0.0
2020-08-25T02:45:49.337999Z,2020-08-25T02:45:49.462000Z,440.078,124.0,752.0,71.099,0.0,0.0,0.0,55.688,9.216636,0.0,0.0,0.0
2020-08-25T02:45:51.337999Z,2020-08-25T02:45:51.467000Z,490.719,129.0,752.0,73.011,0.0,0.0,0.0,55.688,9.216636,0.0,0.0,0.0
2020-08-25T02:45:53.339000Z,2020-08-25T02:45:53.469000Z,483.747,130.0,752.0,74.324,0.0,0.0,0.0,55.688,9.216636,0.0,0.0,0.0
2020-08-25T02:45:55.347000Z,2020-08-25T02:45:55.465000Z,436.381,118.0,4.0,72.236,0.0,0.0,0.0,55.688,9.216636,0.0,0.0,0.0
2020-08-25T02:45:57.342000Z,2020-08-25T02:45:57.487000Z,636.483,145.0,780.0,72.183,0.0,0.0,0.0,55.688,9.216636,0.0,0.0,0.0
2020-08-25T02:45:59.337000Z,2020-08-25T02:45:59.471000Z,560.148,134.0,772.0,70.529,0.0,0.0,0.0,55.688,7.613018,0.0,0.0,0.0
2020-08-25T02:46:01.362000Z,2020-08-25T02:46:01.537000Z,500.388,175.0,768.0,73.836,0.0,0.0,0.0,55.688,7.613018,0.0,0.0,0.0
2020-08-25T02:46:03.352000Z,2020-08-25T02:46:03.532000Z,526.522,180.0,768.0,101.006,0.0,0.0,0.0,55.688,7.613018,0.0,0.0,0.0
2020-08-25T02:46:05.336000Z,2020-08-25T02:46:05.465000Z,496.157,129.0,768.0,130.098,0.0,0.0,0.0,55.688,7.613018,0.0,0.0,0.0
2020-08-25T02:46:07.342000Z,2020-08-25T02:46:07.467000Z,507.18,125.0,768.0,89.463,0.0,0.0,0.0,55.688,7.613018,0.0,0.0,0.0
2020-08-25T02:46:09.344000Z,2020-08-25T02:46:09.481000Z,620.212,137.0,768.0,77.523,0.0,0.0,0.0,55.688,7.613018,0.0,0.0,0.0
2020-08-25T02:46:11.336000Z,2020-08-25T02:46:11.473000Z,628.545,137.0,768.0,79.886,0.0,0.0,0.0,55.688,7.613018,0.0,0.0,0.0
2020-08-25T02:46:13.337999Z,2020-08-25T02:46:13.476000Z,566.026,138.0,768.0,71.883,0.0,0.0,0.0,55.688,7.613018,0.0,0.0,0.0
2020-08-25T02:46:15.347000Z,2020-08-25T02:46:15.478000Z,582.135,131.0,768.0,71.09,0.0,0.0,0.0,55.688,7.613018,0.0,0.0,0.0
2020-08-25T02:46:17.340999Z,2020-08-25T02:46:17.477000Z,571.426,136.0,768.0,71.612,0.0,0.0,0.0,55.688,7.613018,0.0,0.0,0.0
2020-08-25T02:46:19.337000Z,2020-08-25T02:46:19.462000Z,512.576,125.0,762.0,70.786,0.0,0.0,0.0,55.688,7.613018,0.0,0.0,0.0
2020-08-25T02:46:21.337999Z,2020-08-25T02:46:21.465999Z,510.928,128.0,762.0,69.956,0.0,0.0,0.0,55.688,7.613018,0.0,0.0,0.0
2020-08-25T02:46:23.339000Z,2020-08-25T02:46:23.472000Z,516.681,133.0,762.0,72.014,0.0,0.0,0.0,55.688,7.613018,0.0,0.0,0.0
2020-08-25T02:46:25.345000Z,2020-08-25T02:46:25.479000Z,503.965,134.0,762.0,68.917,0.0,0.0,0.0,55.688,7.613018,0.0,0.0,0.0
2020-08-25T02:46:27.344000Z,2020-08-25T02:46:27.480000Z,494.847,136.0,762.0,72.185,0.0,0.0,0.0,55.688,7.613018,0.0,0.0,0.0
2020-08-25T02:46:29.342000Z,2020-08-25T02:46:29.471000Z,481.508,129.0,4.0,73.278,0.0,0.0,0.0,55.688,7.613018,0.0,0.0,0.0
2020-08-25T02:46:31.337000Z,2020-08-25T02:46:31.460000Z,487.175,123.0,770.0,70.893,0.0,0.0,0.0,55.688,7.613018,0.0,0.0,0.0
2020-08-25T02:46:33.342000Z,2020-08-25T02:46:33.481999Z,537.22,140.0,770.0,69.668,0.0,0.0,0.0,55.688,7.613018,0.0,0.0,0.0
2020-08-25T02:46:35.342000Z,2020-08-25T02:46:35.491000Z,677.011,149.0,766.0,69.443,0.0,0.0,0.0,55.688,7.613018,0.0,0.0,0.0
2020-08-25T02:46:37.337999Z,2020-08-25T02:46:37.484000Z,735.125,146.0,742.0,72.361,0.0,0.0,0.0,55.688,9.196737,0.0,0.0,0.0
2020-08-25T02:46:39.337999Z,2020-08-25T02:46:39.485000Z,747.809,147.0,742.0,72.901,0.0,0.0,0.0,55.688,8.580348,0.0,0.0,0.0
2020-08-25T02:46:41.339000Z,2020-08-25T02:46:41.505999Z,689.757,167.0,742.0,71.298,0.0,0.0,0.0,55.688,8.234723,0.0,0.0,0.0
2020-08-25T02:46:43.339000Z,2020-08-25T02:46:43.480000Z,621.819,141.0,736.0,71.418,0.0,0.0,0.0,55.688,6.22402,0.0,0.0,0.0
2020-08-25T02:46:45.342000Z,2020-08-25T02:46:45.471000Z,558.975,129.0,736.0,71.135,0.0,0.0,0.0,55.688,8.454958,0.0,0.0,0.0
2020-08-25T02:46:47.337999Z,2020-08-25T02:46:47.478000Z,610.734,140.0,4.0,71.884,0.0,0.0,0.0,55.688,8.454958,0.0,0.0,0.0
2020-08-25T02:46:49.340999Z,2020-08-25T02:46:49.467000Z,498.76,126.0,714.0,70.983,0.0,0.0,0.0,55.688,8.778389,0.0,0.0,0.0
2020-08-25T02:46:51.339000Z,2020-08-25T02:46:51.470000Z,543.63,131.0,714.0,71.607,0.0,0.0,0.0,55.688,8.778389,0.0,0.0,0.0
2020-08-25T02:46:53.339000Z,2020-08-25T02:46:53.486000Z,656.47,147.0,712.0,70.247,0.0,0.0,0.0,55.688,8.778389,0.0,0.0,0.0
2020-08-25T02:46:55.340999Z,2020-08-25T02:46:55.475000Z,572.175,134.0,746.0,80.626,0.0,0.0,0.0,55.688,9.16936,0.0,0.0,0.0
2020-08-25T02:46:57.342000Z,2020-08-25T02:46:57.476000Z,561.332,134.0,746.0,74.489,0.0,0.0,0.0,55.688,9.16936,0.0,0.0,0.0
2020-08-25T02:46:59.337000Z,2020-08-25T02:46:59.467000Z,610.188,130.0,742.0,77.433,0.0,0.0,0.0,55.688,9.16936,0.0,0.0,0.0
2020-08-25T02:47:01.441000Z,2020-08-25T02:47:01.635000Z,560.518,194.0,742.0,70.939,0.0,0.0,0.0,55.688,9.16936,0.0,0.0,0.0
2020-08-25T02:47:03.283000Z,2020-08-25T02:47:03.457000Z,463.635,174.0,742.0,116.753,0.0,0.0,0.0,55.688,9.16936,0.0,0.0,0.0
2020-08-25T02:47:05.337999Z,2020-08-25T02:47:05.465999Z,496.468,128.0,742.0,127.454,0.0,0.0,0.0,55.688,9.16936,0.0,0.0,0.0
2020-08-25T02:47:07.337000Z,2020-08-25T02:47:07.509000Z,643.139,172.0,742.0,90.064,0.0,0.0,0.0,55.688,9.16936,0.0,0.0,0.0
2020-08-25T02:47:09.346000Z,2020-08-25T02:47:09.485000Z,604.232,139.0,797.0,71.372,0.0,0.0,0.0,55.688,4.898956,0.0,0.0,0.0
2020-08-25T02:47:11.342000Z,2020-08-25T02:47:11.497999Z,519.313,156.0,754.0,67.131,0.0,0.0,0.0,55.688,4.898956,0.0,0.0,0.0
2020-08-25T02:47:13.339000Z,2020-08-25T02:47:13.461000Z,493.515,122.0,754.0,102.519,0.0,0.0,0.0,55.688,4.898956,0.0,0.0,0.0
2020-08-25T02:47:15.337000Z,2020-08-25T02:47:15.476000Z,597.711,139.0,750.0,85.832,0.0,0.0,0.0,55.688,4.898956,0.0,0.0,0.0
2020-08-25T02:47:17.345000Z,2020-08-25T02:47:17.486000Z,670.906,141.0,748.0,75.619,0.0,0.0,0.0,55.688,4.898956,0.0,0.0,0.0
2020-08-25T02:47:19.352000Z,2020-08-25T02:47:19.494000Z,476.499,142.0,752.0,78.21,0.0,0.0,0.0,55.688,9.21471,0.0,0.0,0.0
2020-08-25T02:47:21.343000Z,2020-08-25T02:47:21.471000Z,334.194,128.0,752.0,95.628,0.0,0.0,0.0,55.688,9.21471,0.0,0.0,0.0
2020-08-25T02:47:23.340999Z,2020-08-25T02:47:23.445000Z,341.384,104.0,752.0,79.859,0.0,0.0,0.0,55.688,9.21471,0.0,0.0,0.0
2020-08-25T02:47:25.340000Z,2020-08-25T02:47:25.455000Z,479.209,115.0,752.0,73.254,0.0,0.0,0.0,55.688,9.21471,0.0,0.0,0.0
2020-08-25T02:47:27.340999Z,2020-08-25T02:47:27.475000Z,543.533,134.0,748.0,67.883,0.0,0.0,0.0,55.688,9.21471,0.0,0.0,0.0
2020-08-25T02:47:29.337999Z,2020-08-25T02:47:29.470000Z,492.471,132.0,748.0,70.116,0.0,0.0,0.0,55.688,9.21471,0.0,0.0,0.0
2020-08-25T02:47:31.337999Z,2020-08-25T02:47:31.472000Z,557.894,134.0,748.0,70.177,0.0,0.0,0.0,55.688,9.21471,0.0,0.0,0.0
2020-08-25T02:47:33.340999Z,2020-08-25T02:47:33.484000Z,575.542,143.0,748.0,70.369,0.0,0.0,0.0,55.688,9.21471,0.0,0.0,0.0
2020-08-25T02:47:35.348000Z,2020-08-25T02:47:35.477000Z,516.998,129.0,748.0,70.931,0.0,0.0,0.0,55.688,9.21471,0.0,0.0,0.0
2020-08-25T02:47:37.340999Z,2020-08-25T02:47:37.471000Z,546.46,130.0,742.0,70.138,0.0,0.0,0.0,55.688,9.21471,0.0,0.0,0.0
2020-08-25T02:47:39.339000Z,2020-08-25T02:47:39.469000Z,521.963,130.0,740.0,69.948,0.0,0.0,0.0,55.688,9.21471,0.0,0.0,0.0
2020-08-25T02:47:41.351000Z,2020-08-25T02:47:41.468000Z,518.814,117.0,740.0,69.944,0.0,0.0,0.0,55.96,9.21471,0.0,0.0,0.0
2020-08-25T02:47:43.337999Z,2020-08-25T02:47:43.480000Z,601.43,142.0,740.0,70.307,0.0,0.0,0.0,55.96,9.21471,0.0,0.0,0.0
2020-08-25T02:47:45.339000Z,2020-08-25T02:47:45.492000Z,570.53,153.0,740.0,69.53,0.0,0.0,0.0,55.96,9.21471,0.0,0.0,0.0
2020-08-25T02:47:47.339000Z,2020-08-25T02:47:47.457999Z,542.247,119.0,740.0,69.531,0.0,0.0,0.0,55.96,9.21471,0.0,0.0,0.0
2020-08-25T02:47:49.340000Z,2020-08-25T02:47:49.468000Z,526.842,128.0,4.0,71.993,0.0,0.0,0.0,55.96,9.21471,0.0,0.0,0.0
2020-08-25T02:47:51.340999Z,2020-08-25T02:47:51.468000Z,571.74,127.0,798.0,72.247,0.0,0.0,0.0,55.96,9.21471,0.0,0.0,0.0
2020-08-25T02:47:53.348000Z,2020-08-25T02:47:53.483000Z,581.853,135.0,754.0,71.316,0.0,0.0,0.0,55.96,9.21471,0.0,0.0,0.0
2020-08-25T02:47:55.337000Z,2020-08-25T02:47:55.463000Z,582.581,126.0,754.0,85.132,0.0,0.0,0.0,55.96,9.21471,0.0,0.0,0.0
2020-08-25T02:47:57.339000Z,2020-08-25T02:47:57.468000Z,594.157,129.0,754.0,72.111,0.0,0.0,0.0,55.96,9.21471,0.0,0.0,0.0
2020-08-25T02:47:59.343000Z,2020-08-25T02:47:59.533000Z,1013.274,190.0,746.0,71.168,0.0,0.0,0.0,55.96,9.21471,0.0,0.0,0.0
2020-08-25T02:48:01.379000Z,2020-08-25T02:48:01.582000Z,1221.32,203.0,754.0,75.076,0.0,0.0,0.0,55.96,6.266807,0.0,0.0,0.0
2020-08-25T02:48:03.362000Z,2020-08-25T02:48:03.717000Z,1248.775,355.0,754.0,80.737,0.0,0.0,0.0,55.96,8.495888,0.0,0.0,0.0
2020-08-25T02:48:05.336000Z,2020-08-25T02:48:05.542000Z,1172.672,206.0,760.0,127.832,0.0,0.0,0.0,55.96,1.090474,0.0,0.0,0.0
2020-08-25T02:48:07.340000Z,2020-08-25T02:48:07.526000Z,1157.146,186.0,846.0,70.333,0.0,0.0,0.0,55.96,8.402242,0.0,0.0,0.0
2020-08-25T02:48:09.340000Z,2020-08-25T02:48:09.515000Z,1141.047,175.0,860.0,85.526,0.0,0.0,0.0,55.96,8.402242,0.0,0.0,0.0
2020-08-25T02:48:11.363000Z,2020-08-25T02:48:11.531000Z,1102.469,168.0,922.0,69.529,0.0,0.0,0.0,55.96,9.621707,0.0,0.0,0.0
2020-08-25T02:48:13.342000Z,2020-08-25T02:48:13.523000Z,1154.871,181.0,1030.0,69.033,0.0,0.0,0.0,55.96,9.840305,0.0,0.0,0.0
2020-08-25T02:48:15.337000Z,2020-08-25T02:48:15.456000Z,597.957,119.0,1030.0,71.35,0.0,0.0,0.0,55.96,11.921087,0.0,0.0,0.0
2020-08-25T02:48:17.337999Z,2020-08-25T02:48:17.455000Z,565.414,117.0,1030.0,70.114,0.0,0.0,0.0,55.96,11.921087,0.0,0.0,0.0
2020-08-25T02:48:19.342000Z,2020-08-25T02:48:19.452000Z,610.364,110.0,1038.0,70.156,0.0,0.0,0.0,55.96,11.921087,0.0,0.0,0.0
2020-08-25T02:48:21.337000Z,2020-08-25T02:48:21.453000Z,545.164,116.0,1038.0,72.603,0.0,0.0,0.0,55.96,11.921087,0.0,0.0,0.0
2020-08-25T02:48:23.337999Z,2020-08-25T02:48:23.449000Z,559.378,111.0,1038.0,68.095,0.0,0.0,0.0,55.96,11.921087,0.0,0.0,0.0
2020-08-25T02:48:25.339000Z,2020-08-25T02:48:25.459000Z,574.131,120.0,1048.0,67.557,0.0,0.0,0.0,55.96,11.921087,0.0,0.0,0.0
2020-08-25T02:48:27.340999Z,2020-08-25T02:48:27.496000Z,591.71,155.0,1044.0,67.145,0.0,0.0,0.0,55.96,11.921087,0.0,0.0,0.0
2020-08-25T02:48:29.591000Z,2020-08-25T02:48:29.715000Z,544.688,124.0,1044.0,70.859,0.0,0.0,0.0,55.96,11.921087,0.0,0.0,0.0
2020-08-25T02:48:31.591000Z,2020-08-25T02:48:31.729999Z,732.332,139.0,1044.0,71.632,0.0,0.0,0.0,55.96,11.921087,0.0,0.0,0.0
2020-08-25T02:48:33.588000Z,2020-08-25T02:48:33.727000Z,726.602,139.0,1044.0,69.536,0.0,0.0,0.0,55.96,11.921087,0.0,0.0,0.0
2020-08-25T02:48:35.587000Z,2020-08-25T02:48:35.707000Z,656.686,120.0,1044.0,70.447,0.0,0.0,0.0,55.96,11.921087,0.0,0.0,0.0
2020-08-25T02:48:37.593999Z,2020-08-25T02:48:37.702000Z,593.932,108.0,1070.0,69.953,0.0,0.0,0.0,55.96,11.921087,0.0,0.0,0.0
2020-08-25T02:48:39.591000Z,2020-08-25T02:48:39.705000Z,570.401,114.0,1070.0,85.086,0.0,0.0,0.0,55.96,11.921087,0.0,0.0,0.0
2020-08-25T02:48:41.593000Z,2020-08-25T02:48:41.713000Z,551.969,120.0,1070.0,84.896,0.0,0.0,0.0,55.96,11.921087,0.0,0.0,0.0
2020-08-25T02:48:43.588000Z,2020-08-25T02:48:43.699000Z,538.22,111.0,1070.0,88.093,0.0,0.0,0.0,55.96,11.921087,0.0,0.0,0.0
2020-08-25T02:48:45.588000Z,2020-08-25T02:48:45.710000Z,587.271,122.0,1038.0,74.685,0.0,0.0,0.0,55.96,11.921087,0.0,0.0,0.0
2020-08-25T02:48:47.601999Z,2020-08-25T02:48:47.717000Z,548.227,115.0,1038.0,71.743,0.0,0.0,0.0,55.96,11.921087,0.0,0.0,0.0
2020-08-25T02:48:49.587000Z,2020-08-25T02:48:49.720000Z,555.932,133.0,1038.0,71.098,0.0,0.0,0.0,55.96,11.921087,0.0,0.0,0.0
2020-08-25T02:48:51.601999Z,2020-08-25T02:48:51.717000Z,520.63,115.0,1038.0,74.543,0.0,0.0,0.0,55.96,11.921087,0.0,0.0,0.0
2020-08-25T02:48:53.588000Z,2020-08-25T02:48:53.701000Z,518.172,113.0,1038.0,72.394,0.0,0.0,0.0,55.96,11.921087,0.0,0.0,0.0
2020-08-25T02:48:55.592000Z,2020-08-25T02:48:55.702000Z,499.359,110.0,1052.0,70.27,0.0,0.0,0.0,55.96,11.921087,0.0,0.0,0.0
2020-08-25T02:48:57.588000Z,2020-08-25T02:48:57.696000Z,490.466,108.0,1044.0,68.383,0.0,0.0,0.0,55.96,11.921087,0.0,0.0,0.0
2020-08-25T02:48:59.589000Z,2020-08-25T02:48:59.744000Z,812.537,155.0,1044.0,71.56,0.0,0.0,0.0,55.96,11.921087,0.0,0.0,0.0
2020-08-25T02:49:01.648000Z,2020-08-25T02:49:01.820000Z,1024.131,172.0,1044.0,99.453,0.0,0.0,0.0,55.96,11.921087,0.0,0.0,0.0
2020-08-25T02:49:03.628000Z,2020-08-25T02:49:03.825000Z,1303.239,197.0,1036.0,119.39,0.0,0.0,0.0,55.96,11.921087,0.0,0.0,0.0
2020-08-25T02:49:05.590000Z,2020-08-25T02:49:06.155000Z,1570.481,565.0,1036.0,119.582,0.0,0.0,0.0,55.96,11.921087,0.0,0.0,0.0
2020-08-25T02:49:07.590000Z,2020-08-25T02:49:07.796000Z,1676.857,206.0,1046.0,91.105,0.0,0.0,0.0,55.96,6.739629,0.0,0.0,0.0
2020-08-25T02:49:09.588000Z,2020-08-25T02:49:09.766000Z,1322.165,178.0,1046.0,69.954,0.0,0.0,0.0,55.96,11.941674,0.0,0.0,0.0
2020-08-25T02:49:11.592000Z,2020-08-25T02:49:11.755000Z,1141.497,163.0,1038.0,72.642,0.0,0.0,0.0,55.939,11.941674,0.0,0.0,0.0
2020-08-25T02:49:13.592000Z,2020-08-25T02:49:13.737999Z,969.888,146.0,1062.0,72.154,0.0,0.0,0.0,55.939,10.108423,0.0,0.0,0.0
2020-08-25T02:49:15.589000Z,2020-08-25T02:49:15.742000Z,998.501,153.0,1062.0,70.501,0.0,0.0,0.0,55.939,10.108423,0.0,0.0,0.0
2020-08-25T02:49:17.591000Z,2020-08-25T02:49:17.733000Z,916.927,142.0,1056.0,69.626,0.0,0.0,0.0,55.939,10.108423,0.0,0.0,0.0
2020-08-25T02:49:19.588000Z,2020-08-25T02:49:19.741000Z,579.276,153.0,1056.0,77.385,0.0,0.0,0.0,55.939,11.482439,0.0,0.0,0.0
2020-08-25T02:49:21.592000Z,2020-08-25T02:49:21.716000Z,651.476,124.0,4.0,70.245,0.0,0.0,0.0,55.939,7.190228,0.0,0.0,0.0
2020-08-25T02:49:23.588000Z,2020-08-25T02:49:23.705000Z,629.872,117.0,1106.0,66.926,0.0,0.0,0.0,55.939,7.190228,0.0,0.0,0.0
2020-08-25T02:49:25.589000Z,2020-08-25T02:49:25.705000Z,612.065,116.0,1082.0,70.621,0.0,0.0,0.0,55.939,7.190228,0.0,0.0,0.0
2020-08-25T02:49:27.592000Z,2020-08-25T02:49:27.696000Z,598.595,104.0,1082.0,69.869,0.0,0.0,0.0,55.939,7.190228,0.0,0.0,0.0
2020-08-25T02:49:29.588000Z,2020-08-25T02:49:29.705000Z,605.676,117.0,1082.0,73.65,0.0,0.0,0.0,55.939,7.190228,0.0,0.0,0.0
2020-08-25T02:49:31.589000Z,2020-08-25T02:49:31.716000Z,629.786,127.0,1082.0,71.726,0.0,0.0,0.0,55.939,7.190228,0.0,0.0,0.0
2020-08-25T02:49:33.608000Z,2020-08-25T02:49:33.735000Z,524.223,127.0,1082.0,67.932,0.0,0.0,0.0,55.939,7.190228,0.0,0.0,0.0
2020-08-25T02:49:35.586000Z,2020-08-25T02:49:35.692000Z,445.443,106.0,4.0,69.522,0.0,0.0,0.0,55.939,7.190228,0.0,0.0,0.0
2020-08-25T02:49:37.588000Z,2020-08-25T02:49:37.689999Z,436.924,102.0,1096.0,71.345,0.0,0.0,0.0,55.939,7.190228,0.0,0.0,0.0
2020-08-25T02:49:39.586000Z,2020-08-25T02:49:39.812000Z,505.317,226.0,1096.0,71.501,0.0,0.0,0.0,55.939,7.190228,0.0,0.0,0.0
2020-08-25T02:49:41.586000Z,2020-08-25T02:49:41.702000Z,511.308,116.0,1096.0,167.712,0.0,0.0,0.0,55.939,7.190228,0.0,0.0,0.0
2020-08-25T02:49:43.589000Z,2020-08-25T02:49:43.707000Z,603.453,118.0,1088.0,97.867,0.0,0.0,0.0,55.939,7.190228,0.0,0.0,0.0
2020-08-25T02:49:45.587000Z,2020-08-25T02:49:45.696000Z,565.387,109.0,1088.0,74.902,0.0,0.0,0.0,55.939,7.190228,0.0,0.0,0.0
2020-08-25T02:49:47.598000Z,2020-08-25T02:49:47.720000Z,528.584,122.0,1088.0,72.048,0.0,0.0,0.0,55.939,7.190228,0.0,0.0,0.0
2020-08-25T02:49:49.587000Z,2020-08-25T02:49:49.695000Z,528.366,108.0,1088.0,69.891,0.0,0.0,0.0,55.939,7.190228,0.0,0.0,0.0
2020-08-25T02:49:51.591000Z,2020-08-25T02:49:51.709000Z,588.602,118.0,1088.0,70.102,0.0,0.0,0.0,55.939,7.190228,0.0,0.0,0.0
2020-08-25T02:49:53.587000Z,2020-08-25T02:49:53.697000Z,564.529,110.0,4.0,70.145,0.0,0.0,0.0,55.939,7.190228,0.0,0.0,0.0
2020-08-25T02:49:55.591000Z,2020-08-25T02:49:55.707000Z,535.572,116.0,1096.0,68.601,0.0,0.0,0.0,55.939,7.190228,0.0,0.0,0.0
2020-08-25T02:49:57.591000Z,2020-08-25T02:49:57.707000Z,497.31,116.0,1096.0,73.026,0.0,0.0,0.0,55.939,7.190228,0.0,0.0,0.0
2020-08-25T02:49:59.591000Z,2020-08-25T02:49:59.704000Z,489.886,113.0,1096.0,71.183,0.0,0.0,0.0,55.939,7.190228,0.0,0.0,0.0
2020-08-25T02:50:01.629000Z,2020-08-25T02:50:01.915000Z,511.766,286.0,1096.0,70.895,0.0,0.0,0.0,55.939,7.190228,0.0,0.0,0.0
2020-08-25T02:50:03.587000Z,2020-08-25T02:50:04.391000Z,552.531,804.0,116.0,211.696,0.0,0.0,0.0,55.939,1.35262,0.0,0.0,0.0
2020-08-25T02:50:05.592000Z,2020-08-25T02:50:05.990000Z,397.336,398.0,116.0,141.791,0.0,0.0,0.0,55.939,0.086564,0.0,0.0,0.0
2020-08-25T02:50:07.591000Z,2020-08-25T02:50:07.907000Z,426.232,316.0,146.0,68.325,0.0,0.0,0.0,55.934,1.214635,0.0,0.0,0.0
2020-08-25T02:50:09.589000Z,2020-08-25T02:50:10.017000Z,464.913,428.0,152.0,67.875,0.0,0.0,0.0,55.934,1.643114,0.0,0.0,0.0
2020-08-25T02:50:11.586000Z,2020-08-25T02:50:11.877000Z,419.79,291.0,152.0,91.464,0.0,0.0,0.0,55.934,0.80353,0.0,0.0,0.0
2020-08-25T02:50:13.591000Z,2020-08-25T02:50:13.889999Z,431.808,299.0,154.0,70.897,0.0,0.0,0.0,55.934,1.739855,0.0,0.0,0.0
2020-08-25T02:50:15.587000Z,2020-08-25T02:50:16.001000Z,657.748,414.0,160.0,72.602,0.0,0.0,0.0,55.801,1.855745,0.0,0.0,0.0
2020-08-25T02:50:17.592000Z,2020-08-25T02:50:18.001000Z,772.74,409.0,182.0,76.037,0.0,0.0,0.0,55.801,1.529799,0.0,0.0,0.0
2020-08-25T02:50:19.589000Z,2020-08-25T02:50:20.008000Z,758.385,419.0,188.0,71.936,0.0,0.0,0.0,55.801,2.215688,0.0,0.0,0.0
2020-08-25T02:50:21.592000Z,2020-08-25T02:50:21.917000Z,616.424,325.0,200.0,71.921,0.0,0.0,0.0,55.801,2.14911,0.0,0.0,0.0
2020-08-25T02:50:23.592000Z,2020-08-25T02:50:23.916000Z,695.165,324.0,226.0,71.383,0.0,0.0,0.0,55.801,1.595424,0.0,0.0,0.0
2020-08-25T02:50:25.588000Z,2020-08-25T02:50:25.887000Z,676.988,299.0,238.0,72.293,0.0,0.0,0.0,55.801,2.92742,0.0,0.0,0.0
2020-08-25T02:50:27.586000Z,2020-08-25T02:50:27.875000Z,668.506,289.0,252.0,71.422,0.0,0.0,0.0,55.801,3.060513,0.0,0.0,0.0
2020-08-25T02:50:29.587000Z,2020-08-25T02:50:29.841999Z,520.717,255.0,264.0,74.842,0.0,0.0,0.0,55.801,2.690298,0.0,0.0,0.0
2020-08-25T02:50:31.589000Z,2020-08-25T02:50:31.821000Z,536.699,232.0,280.0,73.395,0.0,0.0,0.0,55.801,2.960868,0.0,0.0,0.0
2020-08-25T02:50:33.589000Z,2020-08-25T02:50:33.836000Z,679.203,247.0,286.0,73.098,0.0,0.0,0.0,55.801,3.29072,0.0,0.0,0.0
2020-08-25T02:50:35.588000Z,2020-08-25T02:50:35.785999Z,494.922,198.0,336.0,71.346,0.0,0.0,0.0,55.801,3.903859,0.0,0.0,0.0
2020-08-25T02:50:37.588000Z,2020-08-25T02:50:37.803000Z,588.889,215.0,332.0,72.395,0.0,0.0,0.0,55.801,3.031111,0.0,0.0,0.0
2020-08-25T02:50:39.597000Z,2020-08-25T02:50:39.811000Z,599.885,214.0,332.0,65.395,0.0,0.0,0.0,55.801,3.624554,0.0,0.0,0.0
2020-08-25T02:50:41.589000Z,2020-08-25T02:50:41.805000Z,625.014,216.0,360.0,71.369,0.0,0.0,0.0,55.801,4.479095,0.0,0.0,0.0
2020-08-25T02:50:43.589000Z,2020-08-25T02:50:43.785000Z,560.136,196.0,360.0,70.348,0.0,0.0,0.0,55.801,3.229768,0.0,0.0,0.0
2020-08-25T02:50:45.588000Z,2020-08-25T02:50:45.805000Z,624.778,217.0,362.0,69.971,0.0,0.0,0.0,55.801,4.085639,0.0,0.0,0.0
2020-08-25T02:50:47.589000Z,2020-08-25T02:50:47.774000Z,530.102,185.0,378.0,71.02,0.0,0.0,0.0,55.801,3.905357,0.0,0.0,0.0
2020-08-25T02:50:49.591000Z,2020-08-25T02:50:49.769999Z,489.844,179.0,396.0,71.531,0.0,0.0,0.0,55.801,3.947288,0.0,0.0,0.0
2020-08-25T02:50:51.589000Z,2020-08-25T02:50:51.766000Z,525.713,177.0,396.0,72.973,0.0,0.0,0.0,55.801,4.30005,0.0,0.0,0.0
2020-08-25T02:50:53.589000Z,2020-08-25T02:50:53.840000Z,557.188,251.0,396.0,72.156,0.0,0.0,0.0,55.801,4.468954,0.0,0.0,0.0
2020-08-25T02:50:55.588000Z,2020-08-25T02:50:55.966000Z,506.432,378.0,414.0,69.156,0.0,0.0,0.0,55.801,1.177864,0.0,0.0,0.0
2020-08-25T02:50:57.599000Z,2020-08-25T02:50:57.761999Z,511.958,163.0,422.0,70.211,0.0,0.0,0.0,55.801,5.13065,0.0,0.0,0.0
2020-08-25T02:50:59.590000Z,2020-08-25T02:50:59.760000Z,502.257,170.0,454.0,70.548,0.0,0.0,0.0,55.801,5.070281,0.0,0.0,0.0
2020-08-25T02:51:01.648000Z,2020-08-25T02:51:01.902000Z,555.528,254.0,454.0,71.221,0.0,0.0,0.0,55.801,5.024528,0.0,0.0,0.0
2020-08-25T02:51:03.649000Z,2020-08-25T02:51:03.836000Z,528.165,187.0,450.0,175.768,0.0,0.0,0.0,55.801,3.128833,0.0,0.0,0.0
2020-08-25T02:51:05.579000Z,2020-08-25T02:51:05.737999Z,478.145,159.0,450.0,151.525,0.0,0.0,0.0,55.801,3.128833,0.0,0.0,0.0
2020-08-25T02:51:07.603000Z,2020-08-25T02:51:07.777999Z,578.175,175.0,450.0,63.384,0.0,0.0,0.0,55.801,4.834508,0.0,0.0,0.0
2020-08-25T02:51:09.607000Z,2020-08-25T02:51:10.051000Z,645.478,444.0,442.0,67.853,0.0,0.0,0.0,55.801,5.342417,0.0,0.0,0.0
2020-08-25T02:51:11.598000Z,2020-08-25T02:51:11.765000Z,534.874,167.0,439.0,86.609,0.0,0.0,0.0,55.801,3.309945,0.0,0.0,0.0
2020-08-25T02:51:13.593000Z,2020-08-25T02:51:13.741000Z,491.952,148.0,454.0,69.107,0.0,0.0,0.0,55.801,4.971626,0.0,0.0,0.0
2020-08-25T02:51:15.589000Z,2020-08-25T02:51:15.732000Z,487.017,143.0,514.0,70.945,0.0,0.0,0.0,55.801,6.349591,0.0,0.0,0.0
2020-08-25T02:51:17.591000Z,2020-08-25T02:51:17.771000Z,518.322,180.0,508.0,71.086,0.0,0.0,0.0,55.801,5.564728,0.0,0.0,0.0
2020-08-25T02:51:19.597000Z,2020-08-25T02:51:19.792000Z,462.731,195.0,506.0,103.847,0.0,0.0,0.0,55.801,5.564728,0.0,0.0,0.0
2020-08-25T02:51:21.586000Z,2020-08-25T02:51:21.743000Z,520.792,157.0,506.0,71.586,0.0,0.0,0.0,55.801,3.724859,0.0,0.0,0.0
2020-08-25T02:51:23.588000Z,2020-08-25T02:51:23.771000Z,740.299,183.0,506.0,68.623,0.0,0.0,0.0,55.801,3.724859,0.0,0.0,0.0
2020-08-25T02:51:25.588000Z,2020-08-25T02:51:25.729999Z,505.068,142.0,572.0,71.452,0.0,0.0,0.0,55.801,5.698325,0.0,0.0,0.0
2020-08-25T02:51:27.588000Z,2020-08-25T02:51:27.726000Z,443.027,138.0,576.0,68.51,0.0,0.0,0.0,55.801,5.698325,0.0,0.0,0.0
2020-08-25T02:51:29.588000Z,2020-08-25T02:51:29.721999Z,397.9,134.0,576.0,70.326,0.0,0.0,0.0,55.801,5.698325,0.0,0.0,0.0
2020-08-25T02:51:31.588000Z,2020-08-25T02:51:31.721000Z,428.662,133.0,576.0,69.88,0.0,0.0,0.0,55.801,5.698325,0.0,0.0,0.0
2020-08-25T02:51:33.593000Z,2020-08-25T02:51:33.732000Z,411.842,139.0,576.0,70.329,0.0,0.0,0.0,55.801,5.698325,0.0,0.0,0.0
2020-08-25T02:51:35.591000Z,2020-08-25T02:51:35.726000Z,418.896,135.0,574.0,76.062,0.0,0.0,0.0,55.801,5.698325,0.0,0.0,0.0
2020-08-25T02:51:37.587000Z,2020-08-25T02:51:37.769999Z,803.013,183.0,574.0,70.609,0.0,0.0,0.0,55.801,5.698325,0.0,0.0,0.0
2020-08-25T02:51:39.587000Z,2020-08-25T02:51:39.789000Z,835.495,202.0,676.0,69.715,0.0,0.0,0.0,55.801,6.74241,0.0,0.0,0.0
2020-08-25T02:51:41.588000Z,2020-08-25T02:51:41.755000Z,706.175,167.0,676.0,99.215,0.0,0.0,0.0,55.801,6.381857,0.0,0.0,0.0
2020-08-25T02:51:43.589000Z,2020-08-25T02:51:44.136000Z,1053.277,547.0,676.0,71.572,0.0,0.0,0.0,55.801,7.34401,0.0,0.0,0.0
2020-08-25T02:51:45.592000Z,2020-08-25T02:51:45.729000Z,551.15,137.0,745.0,79.039,0.0,0.0,0.0,55.801,4.565932,0.0,0.0,0.0
2020-08-25T02:51:47.593999Z,2020-08-25T02:51:47.737999Z,538.141,144.0,748.0,75.072,0.0,0.0,0.0,55.801,4.565932,0.0,0.0,0.0
2020-08-25T02:51:49.590000Z,2020-08-25T02:51:49.718000Z,524.079,128.0,746.0,69.031,0.0,0.0,0.0,55.801,4.72689,0.0,0.0,0.0
2020-08-25T02:51:51.584000Z,2020-08-25T02:51:51.708000Z,513.94,124.0,748.0,69.27,0.0,0.0,0.0,55.801,4.72689,0.0,0.0,0.0
2020-08-25T02:51:53.589000Z,2020-08-25T02:51:53.713000Z,518.495,124.0,748.0,70.764,0.0,0.0,0.0,55.801,4.72689,0.0,0.0,0.0
2020-08-25T02:51:55.586000Z,2020-08-25T02:51:55.713000Z,559.505,127.0,748.0,68.97,0.0,0.0,0.0,55.801,4.72689,0.0,0.0,0.0
2020-08-25T02:51:57.588000Z,2020-08-25T02:51:57.715000Z,540.183,127.0,748.0,67.354,0.0,0.0,0.0,55.801,4.72689,0.0,0.0,0.0
2020-08-25T02:51:59.588000Z,2020-08-25T02:51:59.721000Z,592.737,133.0,748.0,67.91,0.0,0.0,0.0,55.801,4.72689,0.0,0.0,0.0
2020-08-25T02:52:01.593000Z,2020-08-25T02:52:01.729999Z,597.28,137.0,803.0,69.251,0.0,0.0,0.0,55.801,4.72689,0.0,0.0,0.0
2020-08-25T02:52:03.677000Z,2020-08-25T02:52:03.865999Z,512.967,189.0,758.0,69.689,0.0,0.0,0.0,55.801,4.962245,0.0,0.0,0.0
2020-08-25T02:52:05.667000Z,2020-08-25T02:52:05.811000Z,568.235,144.0,758.0,127.162,0.0,0.0,0.0,55.801,4.962245,0.0,0.0,0.0
2020-08-25T02:52:07.588000Z,2020-08-25T02:52:07.757000Z,554.957,169.0,608.0,80.992,0.0,0.0,0.0,55.801,7.436577,0.0,0.0,0.0
2020-08-25T02:52:09.591000Z,2020-08-25T02:52:09.745000Z,557.92,154.0,608.0,76.209,0.0,0.0,0.0,55.801,7.04134,0.0,0.0,0.0
2020-08-25T02:52:11.593000Z,2020-08-25T02:52:11.721999Z,476.024,129.0,612.0,79.479,0.0,0.0,0.0,55.801,7.474444,0.0,0.0,0.0
2020-08-25T02:52:13.588000Z,2020-08-25T02:52:13.733000Z,589.978,145.0,4.0,70.631,0.0,0.0,0.0,55.801,7.474444,0.0,0.0,0.0
2020-08-25T02:52:15.587000Z,2020-08-25T02:52:15.740000Z,561.522,153.0,598.0,65.428,0.0,0.0,0.0,55.801,7.456008,0.0,0.0,0.0
2020-08-25T02:52:17.586000Z,2020-08-25T02:52:17.725000Z,602.306,139.0,598.0,68.204,0.0,0.0,0.0,55.801,7.367071,0.0,0.0,0.0
2020-08-25T02:52:19.591000Z,2020-08-25T02:52:19.750000Z,627.873,159.0,596.0,71.285,0.0,0.0,0.0,55.801,7.367071,0.0,0.0,0.0
2020-08-25T02:52:21.592000Z,2020-08-25T02:52:21.741000Z,660.864,149.0,596.0,69.57,0.0,0.0,0.0,55.801,6.587142,0.0,0.0,0.0
2020-08-25T02:52:23.588000Z,2020-08-25T02:52:23.769999Z,729.686,182.0,594.0,69.978,0.0,0.0,0.0,55.801,7.018389,0.0,0.0,0.0
2020-08-25T02:52:25.587000Z,2020-08-25T02:52:25.737999Z,650.684,151.0,652.0,72.428,0.0,0.0,0.0,55.801,6.655607,0.0,0.0,0.0
2020-08-25T02:52:27.587000Z,2020-08-25T02:52:27.733000Z,642.179,146.0,700.0,69.7,0.0,0.0,0.0,55.801,7.717709,0.0,0.0,0.0
2020-08-25T02:52:29.589000Z,2020-08-25T02:52:29.757000Z,629.872,168.0,686.0,69.952,0.0,0.0,0.0,55.801,7.368956,0.0,0.0,0.0
2020-08-25T02:52:31.598000Z,2020-08-25T02:52:31.733000Z,537.819,135.0,680.0,71.33,0.0,0.0,0.0,55.801,7.266796,0.0,0.0,0.0
2020-08-25T02:52:33.592000Z,2020-08-25T02:52:33.741000Z,682.452,149.0,680.0,73.013,0.0,0.0,0.0,55.801,7.266796,0.0,0.0,0.0
2020-08-25T02:52:35.598000Z,2020-08-25T02:52:35.742000Z,653.22,144.0,680.0,79.085,0.0,0.0,0.0,55.801,7.266796,0.0,0.0,0.0
2020-08-25T02:52:37.589000Z,2020-08-25T02:52:37.737000Z,637.681,148.0,680.0,74.254,0.0,0.0,0.0,55.801,7.266796,0.0,0.0,0.0
2020-08-25T02:52:39.838000Z,2020-08-25T02:52:39.969000Z,523.257,131.0,710.0,72.541,0.0,0.0,0.0,55.801,7.703281,0.0,0.0,0.0
2020-08-25T02:52:41.839000Z,2020-08-25T02:52:41.973000Z,461.822,134.0,634.0,72.429,0.0,0.0,0.0,55.801,7.185652,0.0,0.0,0.0
2020-08-25T02:52:43.840999Z,2020-08-25T02:52:43.965000Z,444.782,124.0,612.0,72.568,0.0,0.0,0.0,55.801,7.185652,0.0,0.0,0.0
2020-08-25T02:52:45.837000Z,2020-08-25T02:52:45.981000Z,541.838,144.0,616.0,71.426,0.0,0.0,0.0,55.801,7.185652,0.0,0.0,0.0
2020-08-25T02:52:47.849000Z,2020-08-25T02:52:47.997000Z,546.45,148.0,616.0,71.048,0.0,0.0,0.0,55.801,7.710486,0.0,0.0,0.0
2020-08-25T02:52:49.841999Z,2020-08-25T02:52:49.983000Z,499.303,141.0,616.0,69.04,0.0,0.0,0.0,55.801,7.710486,0.0,0.0,0.0
2020-08-25T02:52:51.840999Z,2020-08-25T02:52:51.991000Z,625.314,150.0,616.0,71.698,0.0,0.0,0.0,55.801,7.710486,0.0,0.0,0.0
2020-08-25T02:52:53.673999Z,2020-08-25T02:52:53.815000Z,596.186,141.0,612.0,71.715,0.0,0.0,0.0,55.464,6.603043,0.0,0.0,0.0
2020-08-25T02:52:55.838000Z,2020-08-25T02:52:55.982000Z,537.756,144.0,616.0,71.152,0.0,0.0,0.0,55.464,7.767454,0.0,0.0,0.0
2020-08-25T02:52:57.833999Z,2020-08-25T02:52:57.973000Z,522.667,139.0,616.0,70.553,0.0,0.0,0.0,55.464,6.700474,0.0,0.0,0.0
2020-08-25T02:52:59.840999Z,2020-08-25T02:52:59.976000Z,541.405,135.0,616.0,68.426,0.0,0.0,0.0,55.464,6.700474,0.0,0.0,0.0
2020-08-25T02:53:01.848000Z,2020-08-25T02:53:01.992000Z,555.763,144.0,616.0,66.613,0.0,0.0,0.0,55.464,6.700474,0.0,0.0,0.0
2020-08-25T02:53:03.958000Z,2020-08-25T02:53:04.137000Z,534.521,179.0,628.0,80.736,0.0,0.0,0.0,55.464,6.525933,0.0,0.0,0.0
2020-08-25T02:53:05.948000Z,2020-08-25T02:53:06.075000Z,496.905,127.0,628.0,110.308,0.0,0.0,0.0,55.464,6.525933,0.0,0.0,0.0
2020-08-25T02:53:07.841999Z,2020-08-25T02:53:07.987000Z,508.033,145.0,628.0,86.745,0.0,0.0,0.0,55.464,6.525933,0.0,0.0,0.0
2020-08-25T02:53:09.838000Z,2020-08-25T02:53:10.041000Z,537.685,203.0,632.0,76.04,0.0,0.0,0.0,55.464,6.525933,0.0,0.0,0.0
2020-08-25T02:53:11.838000Z,2020-08-25T02:53:11.995000Z,556.936,157.0,632.0,136.192,0.0,0.0,0.0,55.464,6.525933,0.0,0.0,0.0
2020-08-25T02:53:13.838000Z,2020-08-25T02:53:13.976000Z,563.478,138.0,632.0,79.226,0.0,0.0,0.0,55.464,6.525933,0.0,0.0,0.0
2020-08-25T02:53:15.836000Z,2020-08-25T02:53:15.969999Z,521.701,134.0,626.0,73.562,0.0,0.0,0.0,55.464,6.525933,0.0,0.0,0.0
2020-08-25T02:53:17.668000Z,2020-08-25T02:53:17.801999Z,495.239,134.0,626.0,70.049,0.0,0.0,0.0,55.464,6.525933,0.0,0.0,0.0
2020-08-25T02:53:19.838000Z,2020-08-25T02:53:19.961999Z,459.45,124.0,626.0,69.775,0.0,0.0,0.0,55.464,6.525933,0.0,0.0,0.0
2020-08-25T02:53:21.840999Z,2020-08-25T02:53:21.985000Z,548.208,144.0,626.0,69.002,0.0,0.0,0.0,55.464,6.525933,0.0,0.0,0.0
2020-08-25T02:53:23.843000Z,2020-08-25T02:53:24.001999Z,576.795,159.0,608.0,68.935,0.0,0.0,0.0,55.464,7.551386,0.0,0.0,0.0
2020-08-25T02:53:25.839000Z,2020-08-25T02:53:25.995000Z,577.042,156.0,4.0,71.79,0.0,0.0,0.0,55.464,5.474841,0.0,0.0,0.0
2020-08-25T02:53:27.840999Z,2020-08-25T02:53:27.981000Z,531.802,140.0,620.0,78.743,0.0,0.0,0.0,55.464,5.474841,0.0,0.0,0.0
2020-08-25T02:53:29.838000Z,2020-08-25T02:53:29.971000Z,499.629,133.0,606.0,69.822,0.0,0.0,0.0,55.464,6.449217,0.0,0.0,0.0
2020-08-25T02:53:31.843000Z,2020-08-25T02:53:31.971000Z,474.785,128.0,606.0,70.851,0.0,0.0,0.0,55.464,6.449217,0.0,0.0,0.0
2020-08-25T02:53:33.836000Z,2020-08-25T02:53:33.975000Z,496.424,139.0,606.0,71.087,0.0,0.0,0.0,55.464,7.267988,0.0,0.0,0.0
2020-08-25T02:53:35.840999Z,2020-08-25T02:53:35.961999Z,428.48,121.0,606.0,70.164,0.0,0.0,0.0,55.464,7.267988,0.0,0.0,0.0
2020-08-25T02:53:37.847000Z,2020-08-25T02:53:37.976000Z,420.642,129.0,606.0,81.884,0.0,0.0,0.0,55.464,7.267988,0.0,0.0,0.0
2020-08-25T02:53:39.841999Z,2020-08-25T02:53:40.032000Z,864.604,190.0,4.0,71.303,0.0,0.0,0.0,55.464,7.267988,0.0,0.0,0.0
2020-08-25T02:53:41.686000Z,2020-08-25T02:53:41.812000Z,377.457,126.0,602.0,68.649,0.0,0.0,0.0,55.464,6.340343,0.0,0.0,0.0
2020-08-25T02:53:43.848000Z,2020-08-25T02:53:43.969999Z,343.089,122.0,602.0,73.18,0.0,0.0,0.0,55.464,6.340343,0.0,0.0,0.0
2020-08-25T02:53:45.836000Z,2020-08-25T02:53:45.955000Z,330.969,119.0,604.0,70.887,0.0,0.0,0.0,55.464,6.340343,0.0,0.0,0.0
2020-08-25T02:53:47.837000Z,2020-08-25T02:53:47.955000Z,371.626,118.0,604.0,76.123,0.0,0.0,0.0,55.464,6.340343,0.0,0.0,0.0
2020-08-25T02:53:49.838000Z,2020-08-25T02:53:49.950000Z,346.365,112.0,604.0,70.408,0.0,0.0,0.0,55.464,6.340343,0.0,0.0,0.0
2020-08-25T02:53:51.838000Z,2020-08-25T02:53:51.960000Z,364.73,122.0,659.0,72.244,0.0,0.0,0.0,55.464,6.340343,0.0,0.0,0.0
2020-08-25T02:53:53.840999Z,2020-08-25T02:53:53.956000Z,354.17,115.0,654.0,72.151,0.0,0.0,0.0,55.464,6.340343,0.0,0.0,0.0
2020-08-25T02:53:55.836000Z,2020-08-25T02:53:55.956000Z,394.375,120.0,628.0,70.514,0.0,0.0,0.0,55.464,6.340343,0.0,0.0,0.0
2020-08-25T02:53:57.838000Z,2020-08-25T02:53:57.961000Z,370.136,123.0,610.0,72.679,0.0,0.0,0.0,55.464,6.340343,0.0,0.0,0.0
2020-08-25T02:53:59.838000Z,2020-08-25T02:53:59.948000Z,363.082,110.0,610.0,72.272,0.0,0.0,0.0,55.464,6.340343,0.0,0.0,0.0
2020-08-25T02:54:01.841999Z,2020-08-25T02:54:01.968000Z,378.583,126.0,610.0,69.645,0.0,0.0,0.0,55.464,6.340343,0.0,0.0,0.0
2020-08-25T02:54:03.887000Z,2020-08-25T02:54:04.037000Z,358.152,150.0,610.0,68.899,0.0,0.0,0.0,55.464,6.340343,0.0,0.0,0.0
2020-08-25T02:54:05.887000Z,2020-08-25T02:54:06.055000Z,326.352,168.0,610.0,122.412,0.0,0.0,0.0,55.464,6.340343,0.0,0.0,0.0
2020-08-25T02:54:07.839000Z,2020-08-25T02:54:07.973000Z,412.679,134.0,610.0,118.39,0.0,0.0,0.0,55.464,6.340343,0.0,0.0,0.0
2020-08-25T02:54:09.837000Z,2020-08-25T02:54:09.967000Z,380.255,130.0,610.0,74.267,0.0,0.0,0.0,55.464,6.340343,0.0,0.0,0.0
2020-08-25T02:54:11.846000Z,2020-08-25T02:54:11.961000Z,387.571,115.0,610.0,72.373,0.0,0.0,0.0,55.464,6.340343,0.0,0.0,0.0
2020-08-25T02:54:13.838000Z,2020-08-25T02:54:13.982000Z,488.828,144.0,672.0,76.164,0.0,0.0,0.0,55.464,6.340343,0.0,0.0,0.0
2020-08-25T02:54:15.837000Z,2020-08-25T02:54:15.990000Z,487.801,153.0,512.0,78.917,0.0,0.0,0.0,55.464,5.849151,0.0,0.0,0.0
2020-08-25T02:54:17.837000Z,2020-08-25T02:54:17.991000Z,463.063,154.0,482.0,70.163,0.0,0.0,0.0,55.464,5.755784,0.0,0.0,0.0
2020-08-25T02:54:19.838000Z,2020-08-25T02:54:19.977000Z,451.478,139.0,504.0,70.667,0.0,0.0,0.0,55.464,6.185275,0.0,0.0,0.0
2020-08-25T02:54:21.840000Z,2020-08-25T02:54:21.983000Z,488.373,143.0,504.0,74.639,0.0,0.0,0.0,55.464,5.713756,0.0,0.0,0.0
2020-08-25T02:54:23.839000Z,2020-08-25T02:54:24.006000Z,570.78,167.0,520.0,70.223,0.0,0.0,0.0,55.464,6.141458,0.0,0.0,0.0
2020-08-25T02:54:25.837000Z,2020-08-25T02:54:25.966000Z,355.41,129.0,518.0,77.867,0.0,0.0,0.0,55.464,5.497494,0.0,0.0,0.0
2020-08-25T02:54:27.840999Z,2020-08-25T02:54:28.006000Z,600.535,165.0,516.0,72.981,0.0,0.0,0.0,55.464,5.497494,0.0,0.0,0.0
2020-08-25T02:54:29.841999Z,2020-08-25T02:54:29.984000Z,454.962,142.0,558.0,71.479,0.0,0.0,0.0,55.464,5.51171,0.0,0.0,0.0
2020-08-25T02:54:31.839000Z,2020-08-25T02:54:31.990000Z,599.032,151.0,558.0,72.547,0.0,0.0,0.0,55.464,5.220812,0.0,0.0,0.0
2020-08-25T02:54:33.837000Z,2020-08-25T02:54:33.977999Z,479.09,141.0,558.0,71.534,0.0,0.0,0.0,55.464,6.498598,0.0,0.0,0.0
2020-08-25T02:54:35.839000Z,2020-08-25T02:54:35.991000Z,483.38,152.0,558.0,69.376,0.0,0.0,0.0,55.464,6.422066,0.0,0.0,0.0
2020-08-25T02:54:37.837000Z,2020-08-25T02:54:37.966000Z,435.58,129.0,556.0,73.259,0.0,0.0,0.0,55.464,6.422066,0.0,0.0,0.0
2020-08-25T02:54:39.837000Z,2020-08-25T02:54:39.983000Z,538.557,146.0,556.0,69.611,0.0,0.0,0.0,55.464,6.422066,0.0,0.0,0.0
2020-08-25T02:54:41.841999Z,2020-08-25T02:54:41.990000Z,500.257,148.0,524.0,71.728,0.0,0.0,0.0,55.464,6.064879,0.0,0.0,0.0
2020-08-25T02:54:43.838000Z,2020-08-25T02:54:43.996000Z,512.294,158.0,524.0,70.503,0.0,0.0,0.0,55.464,5.650354,0.0,0.0,0.0
2020-08-25T02:54:45.841999Z,2020-08-25T02:54:46.003000Z,524.532,161.0,520.0,76.886,0.0,0.0,0.0,55.464,5.650354,0.0,0.0,0.0
2020-08-25T02:54:47.844000Z,2020-08-25T02:54:47.981000Z,426.607,137.0,4.0,75.46,0.0,0.0,0.0,55.464,5.680414,0.0,0.0,0.0
2020-08-25T02:54:49.849000Z,2020-08-25T02:54:49.985000Z,461.53,136.0,528.0,71.754,0.0,0.0,0.0,55.464,5.311951,0.0,0.0,0.0
2020-08-25T02:54:51.837000Z,2020-08-25T02:54:52.008000Z,549.188,171.0,500.0,69.684,0.0,0.0,0.0,55.464,6.090852,0.0,0.0,0.0
2020-08-25T02:54:53.838000Z,2020-08-25T02:54:53.972000Z,386.474,134.0,490.0,69.542,0.0,0.0,0.0,55.464,4.525509,0.0,0.0,0.0
2020-08-25T02:54:55.836000Z,2020-08-25T02:54:56.005000Z,510.065,169.0,490.0,69.782,0.0,0.0,0.0,55.464,4.525509,0.0,0.0,0.0
2020-08-25T02:54:57.838000Z,2020-08-25T02:54:58.013000Z,616.855,175.0,494.0,71.339,0.0,0.0,0.0,55.464,4.097186,0.0,0.0,0.0
2020-08-25T02:54:59.836000Z,2020-08-25T02:54:59.983000Z,490.341,147.0,534.0,72.861,0.0,0.0,0.0,55.464,4.968172,0.0,0.0,0.0
2020-08-25T02:55:01.838000Z,2020-08-25T02:55:01.997000Z,529.128,159.0,534.0,70.392,0.0,0.0,0.0,55.464,6.027462,0.0,0.0,0.0
2020-08-25T02:55:03.850000Z,2020-08-25T02:55:04.003000Z,541.667,153.0,534.0,83.224,0.0,0.0,0.0,55.464,6.217667,0.0,0.0,0.0
2020-08-25T02:55:05.953999Z,2020-08-25T02:55:06.273999Z,450.146,320.0,532.0,83.349,0.0,0.0,0.0,55.464,6.217667,0.0,0.0,0.0
2020-08-25T02:55:07.838000Z,2020-08-25T02:55:07.995000Z,542.529,157.0,532.0,159.296,0.0,0.0,0.0,55.464,6.217667,0.0,0.0,0.0
2020-08-25T02:55:09.836000Z,2020-08-25T02:55:09.966000Z,466.511,130.0,532.0,84.539,0.0,0.0,0.0,55.464,6.620025,0.0,0.0,0.0
2020-08-25T02:55:11.837000Z,2020-08-25T02:55:11.976000Z,480.483,139.0,528.0,72.435,0.0,0.0,0.0,55.464,6.435262,0.0,0.0,0.0
2020-08-25T02:55:13.838000Z,2020-08-25T02:55:14.001000Z,542.371,163.0,540.0,70.001,0.0,0.0,0.0,55.464,6.72062,0.0,0.0,0.0
2020-08-25T02:55:15.846000Z,2020-08-25T02:55:15.991000Z,477.935,145.0,536.0,73.394,0.0,0.0,0.0,55.464,6.268729,0.0,0.0,0.0
2020-08-25T02:55:17.838000Z,2020-08-25T02:55:17.981000Z,446.95,143.0,536.0,72.94,0.0,0.0,0.0,55.464,6.268729,0.0,0.0,0.0
2020-08-25T02:55:19.837000Z,2020-08-25T02:55:19.976000Z,412.035,139.0,536.0,70.625,0.0,0.0,0.0,55.464,6.268729,0.0,0.0,0.0
2020-08-25T02:55:21.836000Z,2020-08-25T02:55:21.975000Z,427.617,139.0,540.0,70.183,0.0,0.0,0.0,55.464,6.268729,0.0,0.0,0.0
2020-08-25T02:55:23.838000Z,2020-08-25T02:55:23.982000Z,486.779,144.0,540.0,71.688,0.0,0.0,0.0,55.464,6.268729,0.0,0.0,0.0
2020-08-25T02:55:25.838000Z,2020-08-25T02:55:25.982000Z,493.235,144.0,528.0,72.422,0.0,0.0,0.0,55.464,6.258628,0.0,0.0,0.0
2020-08-25T02:55:27.856000Z,2020-08-25T02:55:28.025999Z,601.042,170.0,506.0,71.204,0.0,0.0,0.0,55.464,5.971478,0.0,0.0,0.0
2020-08-25T02:55:29.837000Z,2020-08-25T02:55:29.983000Z,450.393,146.0,476.0,72.725,0.0,0.0,0.0,55.464,5.930851,0.0,0.0,0.0
2020-08-25T02:55:31.837000Z,2020-08-25T02:55:31.988000Z,430.494,151.0,476.0,72.483,0.0,0.0,0.0,55.464,5.614888,0.0,0.0,0.0
2020-08-25T02:55:33.837000Z,2020-08-25T02:55:33.987000Z,439.968,150.0,476.0,74.492,0.0,0.0,0.0,55.464,5.229204,0.0,0.0,0.0
2020-08-25T02:55:35.838000Z,2020-08-25T02:55:36.423000Z,530.294,585.0,478.0,73.166,0.0,0.0,0.0,55.464,4.996463,0.0,0.0,0.0
2020-08-25T02:55:37.846000Z,2020-08-25T02:55:37.992000Z,478.202,146.0,502.0,73.75,0.0,0.0,0.0,55.464,2.306071,0.0,0.0,0.0
2020-08-25T02:55:39.836000Z,2020-08-25T02:55:39.985999Z,476.279,150.0,509.0,74.875,0.0,0.0,0.0,55.464,6.088804,0.0,0.0,0.0
2020-08-25T02:55:41.848000Z,2020-08-25T02:55:42.011000Z,524.369,163.0,498.0,70.125,0.0,0.0,0.0,55.464,6.123765,0.0,0.0,0.0
2020-08-25T02:55:43.844000Z,2020-08-25T02:55:44.017000Z,612.622,173.0,488.0,71.414,0.0,0.0,0.0,55.464,5.387821,0.0,0.0,0.0
2020-08-25T02:55:45.847000Z,2020-08-25T02:55:46.003000Z,518.175,156.0,488.0,71.263,0.0,0.0,0.0,55.464,5.02996,0.0,0.0,0.0
2020-08-25T02:55:47.838000Z,2020-08-25T02:55:48.028000Z,785.661,190.0,488.0,67.233,0.0,0.0,0.0,55.464,5.832731,0.0,0.0,0.0
