start_time,end_time,size,trans_time,cwnd,rtt,rto,ssthresh,last_snd,min_rtt,delivery_rate,bytes_sent,bytes_retrans,client_trans_time
2020-08-25T05:02:25.772000Z,2020-08-25T05:02:26.459000Z,42.225,687.0,122.0,78.246,0.0,0.0,0.0,27.413,1.35182,0.0,0.0,0.0
2020-08-25T05:02:26.459000Z,2020-08-25T05:02:26.575000Z,62.692,116.0,160.0,41.971,0.0,0.0,0.0,27.413,3.6791,0.0,0.0,0.0
2020-08-25T05:02:26.575000Z,2020-08-25T05:02:26.636000Z,101.18,61.0,160.0,39.949,0.0,0.0,0.0,27.413,3.6791,0.0,0.0,0.0
2020-08-25T05:02:26.636000Z,2020-08-25T05:02:26.769999Z,211.404,134.0,160.0,35.575,0.0,0.0,0.0,27.413,3.6791,0.0,0.0,0.0
2020-08-25T05:02:26.771000Z,2020-08-25T05:02:26.919000Z,403.893,148.0,168.0,38.308,0.0,0.0,0.0,27.413,3.66429,0.0,0.0,0.0
2020-08-25T05:02:26.920000Z,2020-08-25T05:02:27.100000Z,456.383,180.0,166.0,43.196,0.0,0.0,0.0,27.413,3.065361,0.0,0.0,0.0
2020-08-25T05:02:27.100999Z,2020-08-25T05:02:27.369999Z,623.861,269.0,166.0,43.454,0.0,0.0,0.0,27.413,3.58125,0.0,0.0,0.0
2020-08-25T05:02:27.371000Z,2020-08-25T05:02:27.575000Z,723.606,204.0,166.0,45.743,0.0,0.0,0.0,27.413,3.767022,0.0,0.0,0.0
2020-08-25T05:02:28.021000Z,2020-08-25T05:02:28.417000Z,1383.098,396.0,196.0,34.103,0.0,0.0,0.0,27.413,4.783158,0.0,0.0,0.0
2020-08-25T05:02:30.023000Z,2020-08-25T05:02:30.405000Z,1301.039,382.0,210.0,35.975,0.0,0.0,0.0,27.413,4.415287,0.0,0.0,0.0
2020-08-25T05:02:32.024000Z,2020-08-25T05:02:32.467000Z,1453.889,443.0,214.0,44.129,0.0,0.0,0.0,27.413,4.299798,0.0,0.0,0.0
2020-08-25T05:02:34.051000Z,2020-08-25T05:02:34.336000Z,1072.486,285.0,228.0,39.378,0.0,0.0,0.0,27.413,5.629276,0.0,0.0,0.0
2020-08-25T05:02:36.028000Z,2020-08-25T05:02:36.433999Z,479.574,406.0,246.0,41.125,0.0,0.0,0.0,27.413,5.616273,0.0,0.0,0.0
2020-08-25T05:02:38.270000Z,2020-08-25T05:02:38.459000Z,393.431,189.0,633.0,103.677,0.0,0.0,0.0,27.413,1.329929,0.0,0.0,0.0
2020-08-25T05:02:41.792000Z,2020-08-25T05:02:43.569000Z,888.469,1777.0,316.0,47.658,0.0,0.0,0.0,27.413,5.248051,0.0,0.0,0.0
2020-08-25T05:02:44.945000Z,2020-08-25T05:02:45.358000Z,189.843,413.0,262.0,60.501,0.0,0.0,0.0,27.413,4.008369,0.0,0.0,0.0
2020-08-25T05:02:46.769000Z,2020-08-25T05:02:46.918000Z,199.937,149.0,262.0,58.037,0.0,0.0,0.0,27.413,0.154846,0.0,0.0,0.0
2020-08-25T05:02:48.770000Z,2020-08-25T05:02:48.897000Z,203.064,127.0,262.0,32.575,0.0,0.0,0.0,27.413,2.649291,0.0,0.0,0.0
2020-08-25T05:02:50.772000Z,2020-08-25T05:02:50.904000Z,197.631,132.0,266.0,32.419,0.0,0.0,0.0,27.413,6.142674,0.0,0.0,0.0
2020-08-25T05:02:52.773000Z,2020-08-25T05:02:52.903000Z,179.274,130.0,266.0,36.66,0.0,0.0,0.0,27.413,6.142674,0.0,0.0,0.0
2020-08-25T05:02:54.769000Z,2020-08-25T05:02:54.893000Z,197.261,124.0,272.0,35.538,0.0,0.0,0.0,27.413,6.142674,0.0,0.0,0.0
2020-08-25T05:02:56.772000Z,2020-08-25T05:02:56.911000Z,496.785,139.0,272.0,41.868,0.0,0.0,0.0,27.413,6.142674,0.0,0.0,0.0
2020-08-25T05:02:58.774000Z,2020-08-25T05:02:59.213000Z,1959.722,439.0,264.0,36.815,0.0,0.0,0.0,27.413,5.89794,0.0,0.0,0.0
2020-08-25T05:03:00.776000Z,2020-08-25T05:03:01.233999Z,2177.843,458.0,280.0,45.898,0.0,0.0,0.0,27.413,6.09547,0.0,0.0,0.0
2020-08-25T05:03:02.773000Z,2020-08-25T05:03:03.289999Z,1533.235,517.0,310.0,32.801,0.0,0.0,0.0,27.413,0.402661,0.0,0.0,0.0
2020-08-25T05:03:04.769000Z,2020-08-25T05:03:05.099000Z,1372.541,330.0,310.0,47.309,0.0,0.0,0.0,27.413,3.610174,0.0,0.0,0.0
2020-08-25T05:03:06.784000Z,2020-08-25T05:03:07.020000Z,955.894,236.0,296.0,43.11,0.0,0.0,0.0,27.413,6.988336,0.0,0.0,0.0
2020-08-25T05:03:08.772000Z,2020-08-25T05:03:09.110000Z,1104.42,338.0,316.0,32.496,0.0,0.0,0.0,27.413,1.923359,0.0,0.0,0.0
2020-08-25T05:03:10.768000Z,2020-08-25T05:03:11.020000Z,780.379,252.0,316.0,58.747,0.0,0.0,0.0,27.413,0.627078,0.0,0.0,0.0
2020-08-25T05:03:12.773000Z,2020-08-25T05:03:13.096000Z,1304.69,323.0,318.0,38.121,0.0,0.0,0.0,27.413,1.932957,0.0,0.0,0.0
2020-08-25T05:03:14.772000Z,2020-08-25T05:03:15.120000Z,1275.64,348.0,320.0,34.947,0.0,0.0,0.0,27.413,3.206618,0.0,0.0,0.0
2020-08-25T05:03:16.773000Z,2020-08-25T05:03:17.118000Z,1503.16,345.0,320.0,41.472,0.0,0.0,0.0,27.678,0.771372,0.0,0.0,0.0
2020-08-25T05:03:18.772000Z,2020-08-25T05:03:18.993000Z,825.789,221.0,312.0,46.43,0.0,0.0,0.0,27.678,1.428366,0.0,0.0,0.0
2020-08-25T05:03:20.771000Z,2020-08-25T05:03:20.923000Z,185.349,152.0,308.0,70.88,0.0,0.0,0.0,27.678,5.440861,0.0,0.0,0.0
2020-08-25T05:03:22.774000Z,2020-08-25T05:03:22.961000Z,169.231,187.0,312.0,45.294,0.0,0.0,0.0,27.678,5.440861,0.0,0.0,0.0
2020-08-25T05:03:24.773000Z,2020-08-25T05:03:24.918000Z,183.948,145.0,312.0,85.159,0.0,0.0,0.0,27.678,5.440861,0.0,0.0,0.0
2020-08-25T05:03:26.773000Z,2020-08-25T05:03:26.864000Z,182.768,91.0,312.0,60.811,0.0,0.0,0.0,27.678,5.440861,0.0,0.0,0.0
2020-08-25T05:03:28.768000Z,2020-08-25T05:03:28.924000Z,185.117,156.0,258.0,42.226,0.0,0.0,0.0,27.678,5.265014,0.0,0.0,0.0
2020-08-25T05:03:31.027000Z,2020-08-25T05:03:31.419000Z,182.013,392.0,270.0,67.446,0.0,0.0,0.0,27.678,5.265014,0.0,0.0,0.0
2020-08-25T05:03:33.018000Z,2020-08-25T05:03:33.240000Z,553.825,222.0,266.0,37.922,0.0,0.0,0.0,27.678,1.63929,0.0,0.0,0.0
2020-08-25T05:03:35.017000Z,2020-08-25T05:03:35.197000Z,547.393,180.0,248.0,56.293,0.0,0.0,0.0,27.678,4.817238,0.0,0.0,0.0
2020-08-25T05:03:37.019000Z,2020-08-25T05:03:37.173000Z,520.698,154.0,256.0,43.917,0.0,0.0,0.0,27.678,3.613869,0.0,0.0,0.0
2020-08-25T05:03:39.027000Z,2020-08-25T05:03:39.191000Z,545.565,164.0,258.0,49.879,0.0,0.0,0.0,27.678,5.819234,0.0,0.0,0.0
2020-08-25T05:03:41.020000Z,2020-08-25T05:03:41.196000Z,511.718,176.0,258.0,47.976,0.0,0.0,0.0,27.678,5.749895,0.0,0.0,0.0
2020-08-25T05:03:43.027000Z,2020-08-25T05:03:43.507000Z,515.142,480.0,258.0,48.855,0.0,0.0,0.0,27.678,4.679414,0.0,0.0,0.0
2020-08-25T05:03:45.016000Z,2020-08-25T05:03:45.351000Z,548.778,335.0,258.0,64.376,0.0,0.0,0.0,27.678,0.697992,0.0,0.0,0.0
2020-08-25T05:03:47.016000Z,2020-08-25T05:03:47.272000Z,496.457,256.0,254.0,35.637,0.0,0.0,0.0,27.678,3.26796,0.0,0.0,0.0
2020-08-25T05:03:49.022000Z,2020-08-25T05:03:49.206000Z,490.796,184.0,206.0,57.553,0.0,0.0,0.0,27.678,2.394484,0.0,0.0,0.0
2020-08-25T05:03:50.819000Z,2020-08-25T05:03:50.965000Z,485.402,146.0,244.0,35.23,0.0,0.0,0.0,27.678,4.527661,0.0,0.0,0.0
2020-08-25T05:03:53.018000Z,2020-08-25T05:03:53.182000Z,569.597,164.0,244.0,41.709,0.0,0.0,0.0,27.678,5.503865,0.0,0.0,0.0
2020-08-25T05:03:55.025999Z,2020-08-25T05:03:55.265999Z,1139.074,240.0,288.0,45.595,0.0,0.0,0.0,27.678,4.622041,0.0,0.0,0.0
2020-08-25T05:03:57.020000Z,2020-08-25T05:03:57.276000Z,1060.479,256.0,308.0,34.455,0.0,0.0,0.0,27.678,1.817393,0.0,0.0,0.0
2020-08-25T05:03:59.022000Z,2020-08-25T05:03:59.137999Z,382.136,116.0,306.0,43.473,0.0,0.0,0.0,27.678,0.409048,0.0,0.0,0.0
2020-08-25T05:04:01.019000Z,2020-08-25T05:04:01.281000Z,931.441,262.0,306.0,39.999,0.0,0.0,0.0,27.678,6.38973,0.0,0.0,0.0
2020-08-25T05:04:03.021000Z,2020-08-25T05:04:03.265000Z,917.003,244.0,305.0,37.305,0.0,0.0,0.0,27.678,3.273448,0.0,0.0,0.0
2020-08-25T05:04:05.020000Z,2020-08-25T05:04:05.308000Z,999.136,288.0,323.0,44.118,0.0,0.0,0.0,27.678,0.295774,0.0,0.0,0.0
2020-08-25T05:04:07.022000Z,2020-08-25T05:04:07.352000Z,1026.028,330.0,322.0,46.734,0.0,0.0,0.0,27.678,4.409062,0.0,0.0,0.0
2020-08-25T05:04:09.022000Z,2020-08-25T05:04:09.238000Z,1042.068,216.0,4.0,79.936,0.0,0.0,0.0,27.678,3.746119,0.0,0.0,0.0
2020-08-25T05:04:11.018000Z,2020-08-25T05:04:11.494000Z,1003.552,476.0,296.0,37.621,0.0,0.0,0.0,27.678,6.25001,0.0,0.0,0.0
2020-08-25T05:04:13.020000Z,2020-08-25T05:04:13.271000Z,984.628,251.0,296.0,57.545,0.0,0.0,0.0,27.678,0.630813,0.0,0.0,0.0
2020-08-25T05:04:14.815000Z,2020-08-25T05:04:15.059000Z,810.176,244.0,296.0,33.711,0.0,0.0,0.0,27.678,7.010339,0.0,0.0,0.0
2020-08-25T05:04:17.022000Z,2020-08-25T05:04:17.174000Z,535.479,152.0,312.0,39.444,0.0,0.0,0.0,27.678,0.189318,0.0,0.0,0.0
2020-08-25T05:04:19.017000Z,2020-08-25T05:04:19.228000Z,968.31,211.0,312.0,33.569,0.0,0.0,0.0,27.678,4.85858,0.0,0.0,0.0
2020-08-25T05:04:21.017000Z,2020-08-25T05:04:21.271000Z,978.561,254.0,312.0,35.142,0.0,0.0,0.0,27.678,6.452991,0.0,0.0,0.0
2020-08-25T05:04:23.018000Z,2020-08-25T05:04:23.364000Z,1164.204,346.0,306.0,44.837,0.0,0.0,0.0,27.678,4.204025,0.0,0.0,0.0
2020-08-25T05:04:25.020000Z,2020-08-25T05:04:25.556000Z,1776.857,536.0,290.0,37.539,0.0,0.0,0.0,27.678,5.999852,0.0,0.0,0.0
2020-08-25T05:04:27.030000Z,2020-08-25T05:04:27.588000Z,2258.362,558.0,246.0,37.499,0.0,0.0,0.0,27.678,4.069256,0.0,0.0,0.0
2020-08-25T05:04:29.024000Z,2020-08-25T05:04:29.473000Z,1926.034,449.0,242.0,43.094,0.0,0.0,0.0,27.678,3.788822,0.0,0.0,0.0
2020-08-25T05:04:31.018000Z,2020-08-25T05:04:31.489999Z,1992.211,472.0,268.0,41.444,0.0,0.0,0.0,27.678,5.994746,0.0,0.0,0.0
2020-08-25T05:04:33.019000Z,2020-08-25T05:04:33.427000Z,1725.576,408.0,282.0,44.541,0.0,0.0,0.0,27.678,5.907807,0.0,0.0,0.0
2020-08-25T05:04:35.033000Z,2020-08-25T05:04:35.464000Z,1751.638,431.0,296.0,36.744,0.0,0.0,0.0,27.678,1.741335,0.0,0.0,0.0
2020-08-25T05:04:37.032000Z,2020-08-25T05:04:37.493000Z,2197.614,461.0,300.0,38.302,0.0,0.0,0.0,27.678,4.197822,0.0,0.0,0.0
2020-08-25T05:04:39.018000Z,2020-08-25T05:04:39.397000Z,1847.531,379.0,324.0,54.0,0.0,0.0,0.0,27.678,4.236572,0.0,0.0,0.0
2020-08-25T05:04:41.020000Z,2020-08-25T05:04:41.543000Z,2121.382,523.0,319.0,38.015,0.0,0.0,0.0,27.678,1.551455,0.0,0.0,0.0
2020-08-25T05:04:43.019000Z,2020-08-25T05:04:43.462000Z,1272.706,443.0,325.0,50.247,0.0,0.0,0.0,27.678,0.303988,0.0,0.0,0.0
