start_time,end_time,size,trans_time,cwnd,rtt,rto,ssthresh,last_snd,min_rtt,delivery_rate,bytes_sent,bytes_retrans,client_trans_time
2020-08-24T23:44:26.384000Z,2020-08-24T23:44:26.769999Z,14.532,386.0,14.0,96.612,0.0,0.0,0.0,90.474,0.032002,0.0,0.0,0.0
2020-08-24T23:44:26.770000Z,2020-08-24T23:44:26.937999Z,21.166,168.0,41.0,132.827,0.0,0.0,0.0,88.296,0.090881,0.0,0.0,0.0
2020-08-24T23:44:26.938000Z,2020-08-24T23:44:27.119000Z,56.618,181.0,51.0,97.454,0.0,0.0,0.0,88.296,0.246421,0.0,0.0,0.0
2020-08-24T23:44:27.119000Z,2020-08-24T23:44:27.470000Z,195.78,351.0,65.0,97.489,0.0,0.0,0.0,87.884,0.330857,0.0,0.0,0.0
2020-08-24T23:44:27.471000Z,2020-08-24T23:44:27.756000Z,385.927,285.0,194.0,103.36,0.0,0.0,0.0,86.724,1.218205,0.0,0.0,0.0
2020-08-24T23:44:27.757000Z,2020-08-24T23:44:28.051000Z,399.805,294.0,334.0,129.28,0.0,0.0,0.0,86.724,1.932493,0.0,0.0,0.0
2020-08-24T23:44:28.052000Z,2020-08-24T23:44:28.276000Z,409.221,224.0,443.0,189.696,0.0,0.0,0.0,86.724,2.463299,0.0,0.0,0.0
2020-08-24T23:44:28.277000Z,2020-08-24T23:44:28.456000Z,293.176,179.0,444.0,146.575,0.0,0.0,0.0,86.724,2.838942,0.0,0.0,0.0
2020-08-24T23:44:28.457000Z,2020-08-24T23:44:28.681999Z,448.962,225.0,507.0,126.165,0.0,0.0,0.0,86.724,2.838942,0.0,0.0,0.0
2020-08-24T23:44:30.390000Z,2020-08-24T23:44:30.772000Z,1062.878,382.0,508.0,147.763,0.0,0.0,0.0,86.724,3.293908,0.0,0.0,0.0
2020-08-24T23:44:32.390000Z,2020-08-24T23:44:32.685000Z,602.259,295.0,590.0,186.173,0.0,0.0,0.0,86.724,4.308421,0.0,0.0,0.0
2020-08-24T23:44:34.392000Z,2020-08-24T23:44:34.689999Z,645.008,298.0,782.0,181.966,0.0,0.0,0.0,86.724,0.471675,0.0,0.0,0.0
2020-08-24T23:44:36.392000Z,2020-08-24T23:44:36.687000Z,584.793,295.0,782.0,231.175,0.0,0.0,0.0,86.724,2.296611,0.0,0.0,0.0
2020-08-24T23:44:38.403000Z,2020-08-24T23:44:38.691000Z,641.106,288.0,828.0,160.29,0.0,0.0,0.0,86.724,2.296611,0.0,0.0,0.0
2020-08-24T23:44:40.407000Z,2020-08-24T23:44:40.793000Z,681.841,386.0,828.0,228.887,0.0,0.0,0.0,86.724,2.309866,0.0,0.0,0.0
2020-08-24T23:44:42.267000Z,2020-08-24T23:44:42.557000Z,686.424,290.0,828.0,109.545,0.0,0.0,0.0,86.724,2.11614,0.0,0.0,0.0
2020-08-24T23:44:44.393000Z,2020-08-24T23:44:44.632000Z,559.389,239.0,828.0,223.219,0.0,0.0,0.0,86.724,2.496144,0.0,0.0,0.0
2020-08-24T23:44:46.399000Z,2020-08-24T23:44:46.679000Z,667.464,280.0,828.0,187.388,0.0,0.0,0.0,86.724,2.496144,0.0,0.0,0.0
2020-08-24T23:44:48.404000Z,2020-08-24T23:44:48.692000Z,668.408,288.0,828.0,162.87,0.0,0.0,0.0,86.724,2.496144,0.0,0.0,0.0
2020-08-24T23:44:50.391000Z,2020-08-24T23:44:50.662000Z,565.561,271.0,828.0,224.126,0.0,0.0,0.0,86.724,2.496144,0.0,0.0,0.0
2020-08-24T23:44:52.393000Z,2020-08-24T23:44:52.649999Z,588.395,257.0,828.0,104.119,0.0,0.0,0.0,86.724,2.496144,0.0,0.0,0.0
2020-08-24T23:44:54.396000Z,2020-08-24T23:44:54.662000Z,702.155,266.0,828.0,197.326,0.0,0.0,0.0,86.724,2.496144,0.0,0.0,0.0
2020-08-24T23:44:56.398000Z,2020-08-24T23:44:56.673999Z,718.926,276.0,828.0,203.477,0.0,0.0,0.0,86.724,2.737527,0.0,0.0,0.0
2020-08-24T23:44:58.391000Z,2020-08-24T23:44:58.680000Z,716.708,289.0,560.0,146.883,0.0,0.0,0.0,86.724,0.562099,0.0,0.0,0.0
2020-08-24T23:45:00.390000Z,2020-08-24T23:45:00.646000Z,622.748,256.0,560.0,134.127,0.0,0.0,0.0,86.724,4.043817,0.0,0.0,0.0
2020-08-24T23:45:02.390000Z,2020-08-24T23:45:02.627000Z,524.859,237.0,560.0,102.295,0.0,0.0,0.0,86.724,4.057264,0.0,0.0,0.0
2020-08-24T23:45:04.391000Z,2020-08-24T23:45:04.684000Z,716.513,293.0,560.0,113.51,0.0,0.0,0.0,86.724,3.829488,0.0,0.0,0.0
2020-08-24T23:45:06.259000Z,2020-08-24T23:45:06.526000Z,606.048,267.0,554.0,97.289,0.0,0.0,0.0,86.724,3.675508,0.0,0.0,0.0
2020-08-24T23:45:08.392000Z,2020-08-24T23:45:08.649000Z,609.207,257.0,552.0,119.364,0.0,0.0,0.0,86.724,3.615612,0.0,0.0,0.0
2020-08-24T23:45:10.393999Z,2020-08-24T23:45:10.660000Z,586.198,266.0,552.0,113.522,0.0,0.0,0.0,86.724,3.810242,0.0,0.0,0.0
2020-08-24T23:45:12.391000Z,2020-08-24T23:45:12.689999Z,683.964,299.0,506.0,115.121,0.0,0.0,0.0,86.724,3.629918,0.0,0.0,0.0
2020-08-24T23:45:14.393000Z,2020-08-24T23:45:14.671000Z,631.708,278.0,506.0,128.421,0.0,0.0,0.0,86.724,3.266451,0.0,0.0,0.0
2020-08-24T23:45:16.391000Z,2020-08-24T23:45:16.728000Z,627.22,337.0,508.0,107.948,0.0,0.0,0.0,86.724,3.620052,0.0,0.0,0.0
2020-08-24T23:45:18.393999Z,2020-08-24T23:45:18.807000Z,616.459,413.0,506.0,177.744,0.0,0.0,0.0,86.724,2.53084,0.0,0.0,0.0
2020-08-24T23:45:20.418000Z,2020-08-24T23:45:20.734000Z,500.969,316.0,498.0,249.625,0.0,0.0,0.0,86.724,2.182149,0.0,0.0,0.0
2020-08-24T23:45:22.408000Z,2020-08-24T23:45:22.697000Z,527.808,289.0,502.0,159.604,0.0,0.0,0.0,86.724,2.653972,0.0,0.0,0.0
2020-08-24T23:45:24.390000Z,2020-08-24T23:45:24.692000Z,600.196,302.0,518.0,156.745,0.0,0.0,0.0,86.724,2.594055,0.0,0.0,0.0
2020-08-24T23:45:26.392000Z,2020-08-24T23:45:26.716000Z,637.737,324.0,372.0,119.095,0.0,0.0,0.0,86.724,2.867511,0.0,0.0,0.0
2020-08-24T23:45:28.403000Z,2020-08-24T23:45:28.798000Z,874.941,395.0,388.0,96.2,0.0,0.0,0.0,86.724,2.60666,0.0,0.0,0.0
2020-08-24T23:45:30.297000Z,2020-08-24T23:45:30.697999Z,569.172,401.0,388.0,121.172,0.0,0.0,0.0,86.724,2.824929,0.0,0.0,0.0
2020-08-24T23:45:32.392000Z,2020-08-24T23:45:32.721000Z,651.648,329.0,388.0,194.161,0.0,0.0,0.0,86.724,1.845096,0.0,0.0,0.0
2020-08-24T23:45:34.390000Z,2020-08-24T23:45:34.859000Z,978.697,469.0,388.0,101.976,0.0,0.0,0.0,86.724,2.689486,0.0,0.0,0.0
2020-08-24T23:45:36.391000Z,2020-08-24T23:45:36.704000Z,629.628,313.0,382.0,115.362,0.0,0.0,0.0,86.249,2.618695,0.0,0.0,0.0
2020-08-24T23:45:38.393000Z,2020-08-24T23:45:38.733000Z,682.016,340.0,376.0,100.032,0.0,0.0,0.0,86.249,2.948153,0.0,0.0,0.0
2020-08-24T23:45:40.395000Z,2020-08-24T23:45:40.712000Z,636.814,317.0,372.0,97.757,0.0,0.0,0.0,86.249,2.664163,0.0,0.0,0.0
2020-08-24T23:45:42.391000Z,2020-08-24T23:45:42.717000Z,664.061,326.0,372.0,96.687,0.0,0.0,0.0,86.249,2.824053,0.0,0.0,0.0
2020-08-24T23:45:44.392000Z,2020-08-24T23:45:44.718000Z,594.882,326.0,376.0,126.101,0.0,0.0,0.0,86.249,2.893369,0.0,0.0,0.0
2020-08-24T23:45:46.391000Z,2020-08-24T23:45:46.661000Z,472.159,270.0,376.0,94.643,0.0,0.0,0.0,86.249,2.901696,0.0,0.0,0.0
2020-08-24T23:45:48.396999Z,2020-08-24T23:45:48.742000Z,763.445,345.0,394.0,95.013,0.0,0.0,0.0,86.249,3.0454,0.0,0.0,0.0
2020-08-24T23:45:50.392000Z,2020-08-24T23:45:50.705999Z,759.207,314.0,448.0,97.424,0.0,0.0,0.0,86.249,2.695337,0.0,0.0,0.0
2020-08-24T23:45:52.390000Z,2020-08-24T23:45:52.663000Z,552.626,273.0,448.0,95.615,0.0,0.0,0.0,86.249,3.353643,0.0,0.0,0.0
2020-08-24T23:45:54.391000Z,2020-08-24T23:45:54.641999Z,530.148,251.0,452.0,99.716,0.0,0.0,0.0,86.249,3.166421,0.0,0.0,0.0
2020-08-24T23:45:56.390000Z,2020-08-24T23:45:56.704000Z,707.825,314.0,452.0,107.098,0.0,0.0,0.0,86.249,3.46215,0.0,0.0,0.0
2020-08-24T23:45:58.400000Z,2020-08-24T23:45:59.031000Z,683.877,631.0,454.0,103.723,0.0,0.0,0.0,86.249,3.077837,0.0,0.0,0.0
2020-08-24T23:46:00.396999Z,2020-08-24T23:46:00.678000Z,488.452,281.0,460.0,104.993,0.0,0.0,0.0,86.249,2.448163,0.0,0.0,0.0
2020-08-24T23:46:02.396000Z,2020-08-24T23:46:02.705999Z,698.856,310.0,458.0,133.257,0.0,0.0,0.0,86.249,2.842364,0.0,0.0,0.0
2020-08-24T23:46:04.402000Z,2020-08-24T23:46:04.741000Z,764.462,339.0,458.0,97.918,0.0,0.0,0.0,86.249,3.463886,0.0,0.0,0.0
2020-08-24T23:46:06.391000Z,2020-08-24T23:46:06.678000Z,507.723,287.0,472.0,128.83,0.0,0.0,0.0,86.249,3.415711,0.0,0.0,0.0
2020-08-24T23:46:08.393999Z,2020-08-24T23:46:08.872000Z,899.575,478.0,472.0,143.003,0.0,0.0,0.0,86.249,2.745636,0.0,0.0,0.0
2020-08-24T23:46:10.396000Z,2020-08-24T23:46:10.813000Z,807.139,417.0,472.0,126.919,0.0,0.0,0.0,86.249,1.515329,0.0,0.0,0.0
2020-08-24T23:46:12.403000Z,2020-08-24T23:46:12.753000Z,700.834,350.0,470.0,170.134,0.0,0.0,0.0,86.249,2.509476,0.0,0.0,0.0
2020-08-24T23:46:14.396000Z,2020-08-24T23:46:14.742000Z,716.008,346.0,386.0,115.659,0.0,0.0,0.0,86.193,2.710605,0.0,0.0,0.0
2020-08-24T23:46:16.391000Z,2020-08-24T23:46:16.851000Z,990.777,460.0,386.0,102.666,0.0,0.0,0.0,86.193,2.557849,0.0,0.0,0.0
2020-08-24T23:46:18.392000Z,2020-08-24T23:46:18.774000Z,802.202,382.0,382.0,98.366,0.0,0.0,0.0,86.193,2.777242,0.0,0.0,0.0
2020-08-24T23:46:20.393000Z,2020-08-24T23:46:20.860000Z,1056.843,467.0,382.0,103.337,0.0,0.0,0.0,86.193,2.586673,0.0,0.0,0.0
2020-08-24T23:46:22.393000Z,2020-08-24T23:46:22.893000Z,1096.105,500.0,378.0,113.144,0.0,0.0,0.0,86.193,2.926014,0.0,0.0,0.0
2020-08-24T23:46:24.392000Z,2020-08-24T23:46:24.713999Z,609.543,322.0,390.0,100.428,0.0,0.0,0.0,86.193,2.077189,0.0,0.0,0.0
2020-08-24T23:46:26.395000Z,2020-08-24T23:46:26.759000Z,689.279,364.0,404.0,129.036,0.0,0.0,0.0,86.193,2.920706,0.0,0.0,0.0
2020-08-24T23:46:28.393999Z,2020-08-24T23:46:28.742000Z,732.701,348.0,404.0,109.72,0.0,0.0,0.0,86.193,2.720627,0.0,0.0,0.0
2020-08-24T23:46:30.399000Z,2020-08-24T23:46:30.732000Z,586.933,333.0,400.0,110.522,0.0,0.0,0.0,86.193,3.009182,0.0,0.0,0.0
2020-08-24T23:46:32.393000Z,2020-08-24T23:46:32.699000Z,526.833,306.0,400.0,153.332,0.0,0.0,0.0,86.193,2.351669,0.0,0.0,0.0
2020-08-24T23:46:34.393999Z,2020-08-24T23:46:34.789000Z,788.481,395.0,400.0,128.493,0.0,0.0,0.0,86.193,2.609416,0.0,0.0,0.0
2020-08-24T23:46:36.393999Z,2020-08-24T23:46:36.729999Z,680.648,336.0,420.0,138.271,0.0,0.0,0.0,86.193,2.52087,0.0,0.0,0.0
2020-08-24T23:46:38.396999Z,2020-08-24T23:46:38.844000Z,947.315,447.0,406.0,102.339,0.0,0.0,0.0,86.193,2.663153,0.0,0.0,0.0
2020-08-24T23:46:40.393999Z,2020-08-24T23:46:40.925000Z,1162.4,531.0,406.0,128.153,0.0,0.0,0.0,86.193,2.76992,0.0,0.0,0.0
2020-08-24T23:46:42.356000Z,2020-08-24T23:46:42.848000Z,869.509,492.0,402.0,107.603,0.0,0.0,0.0,86.193,0.583572,0.0,0.0,0.0
2020-08-24T23:46:44.396999Z,2020-08-24T23:46:44.768000Z,672.882,371.0,402.0,201.109,0.0,0.0,0.0,86.193,2.182728,0.0,0.0,0.0
2020-08-24T23:46:46.392000Z,2020-08-24T23:46:46.761999Z,623.662,370.0,402.0,131.585,0.0,0.0,0.0,86.193,2.446049,0.0,0.0,0.0
2020-08-24T23:46:48.398000Z,2020-08-24T23:46:48.757000Z,605.189,359.0,358.0,121.861,0.0,0.0,0.0,86.193,2.326676,0.0,0.0,0.0
2020-08-24T23:46:50.393999Z,2020-08-24T23:46:50.748000Z,676.512,354.0,358.0,150.68,0.0,0.0,0.0,86.193,2.321938,0.0,0.0,0.0
2020-08-24T23:46:52.393000Z,2020-08-24T23:46:52.867000Z,935.831,474.0,358.0,98.709,0.0,0.0,0.0,86.193,2.620868,0.0,0.0,0.0
2020-08-24T23:46:54.392000Z,2020-08-24T23:46:54.860000Z,928.173,468.0,370.0,121.517,0.0,0.0,0.0,86.193,2.203357,0.0,0.0,0.0
2020-08-24T23:46:56.396999Z,2020-08-24T23:46:57.155000Z,1567.865,758.0,370.0,140.158,0.0,0.0,0.0,86.193,2.635391,0.0,0.0,0.0
2020-08-24T23:46:58.400000Z,2020-08-24T23:46:59.105000Z,1591.896,705.0,370.0,163.991,0.0,0.0,0.0,86.193,2.757616,0.0,0.0,0.0
2020-08-24T23:47:00.399000Z,2020-08-24T23:47:00.945000Z,1180.162,546.0,364.0,127.956,0.0,0.0,0.0,86.193,2.198191,0.0,0.0,0.0
2020-08-24T23:47:02.391000Z,2020-08-24T23:47:02.841000Z,991.859,450.0,354.0,104.205,0.0,0.0,0.0,85.313,2.048873,0.0,0.0,0.0
2020-08-24T23:47:04.393999Z,2020-08-24T23:47:04.876000Z,1067.76,482.0,354.0,102.349,0.0,0.0,0.0,85.313,2.535109,0.0,0.0,0.0
2020-08-24T23:47:06.400000Z,2020-08-24T23:47:06.807000Z,903.069,407.0,354.0,96.094,0.0,0.0,0.0,85.313,2.7391,0.0,0.0,0.0
2020-08-24T23:47:08.396999Z,2020-08-24T23:47:08.741000Z,734.608,344.0,367.0,95.55,0.0,0.0,0.0,85.313,2.859995,0.0,0.0,0.0
2020-08-24T23:47:10.392000Z,2020-08-24T23:47:10.692000Z,583.416,300.0,412.0,93.699,0.0,0.0,0.0,85.313,2.797166,0.0,0.0,0.0
2020-08-24T23:47:12.393000Z,2020-08-24T23:47:12.806000Z,727.4,413.0,412.0,102.763,0.0,0.0,0.0,85.313,2.98834,0.0,0.0,0.0
2020-08-24T23:47:14.400000Z,2020-08-24T23:47:14.787000Z,789.177,387.0,492.0,209.068,0.0,0.0,0.0,85.313,2.259869,0.0,0.0,0.0
2020-08-24T23:47:16.404000Z,2020-08-24T23:47:16.741000Z,663.806,337.0,438.0,96.836,0.0,0.0,0.0,85.313,2.919884,0.0,0.0,0.0
2020-08-24T23:47:18.392000Z,2020-08-24T23:47:18.708000Z,594.305,316.0,412.0,155.086,0.0,0.0,0.0,85.313,2.926376,0.0,0.0,0.0
2020-08-24T23:47:20.406000Z,2020-08-24T23:47:20.759000Z,673.72,353.0,410.0,123.689,0.0,0.0,0.0,85.313,2.616396,0.0,0.0,0.0
2020-08-24T23:47:22.393000Z,2020-08-24T23:47:22.864000Z,979.077,471.0,406.0,145.243,0.0,0.0,0.0,85.313,2.613072,0.0,0.0,0.0
2020-08-24T23:47:24.395000Z,2020-08-24T23:47:24.902000Z,1154.099,507.0,406.0,147.8,0.0,0.0,0.0,85.313,2.455417,0.0,0.0,0.0
2020-08-24T23:47:26.396000Z,2020-08-24T23:47:26.717000Z,654.952,321.0,380.0,105.828,0.0,0.0,0.0,85.313,2.650249,0.0,0.0,0.0
2020-08-24T23:47:28.392000Z,2020-08-24T23:47:28.735000Z,723.313,343.0,410.0,97.377,0.0,0.0,0.0,85.313,2.800359,0.0,0.0,0.0
2020-08-24T23:47:30.391000Z,2020-08-24T23:47:30.621000Z,368.811,230.0,410.0,97.393,0.0,0.0,0.0,85.313,2.964057,0.0,0.0,0.0
2020-08-24T23:47:32.393000Z,2020-08-24T23:47:32.745000Z,724.558,352.0,410.0,116.113,0.0,0.0,0.0,85.313,2.641711,0.0,0.0,0.0
2020-08-24T23:47:34.398000Z,2020-08-24T23:47:34.750000Z,717.498,352.0,410.0,118.726,0.0,0.0,0.0,85.313,2.680605,0.0,0.0,0.0
2020-08-24T23:47:36.396000Z,2020-08-24T23:47:36.782000Z,817.204,386.0,396.0,107.28,0.0,0.0,0.0,85.313,3.070363,0.0,0.0,0.0
2020-08-24T23:47:38.402000Z,2020-08-24T23:47:38.783000Z,760.019,381.0,440.0,142.411,0.0,0.0,0.0,85.313,2.755143,0.0,0.0,0.0
2020-08-24T23:47:40.403000Z,2020-08-24T23:47:40.767000Z,660.275,364.0,418.0,102.064,0.0,0.0,0.0,85.313,2.660239,0.0,0.0,0.0
2020-08-24T23:47:42.393999Z,2020-08-24T23:47:42.873999Z,1005.311,480.0,418.0,179.782,0.0,0.0,0.0,85.313,2.5318,0.0,0.0,0.0
2020-08-24T23:47:44.393000Z,2020-08-24T23:47:44.759000Z,735.064,366.0,418.0,153.768,0.0,0.0,0.0,85.313,2.760827,0.0,0.0,0.0
2020-08-24T23:47:46.393000Z,2020-08-24T23:47:46.735000Z,682.478,342.0,390.0,112.932,0.0,0.0,0.0,85.313,2.498922,0.0,0.0,0.0
2020-08-24T23:47:48.395000Z,2020-08-24T23:47:48.749000Z,756.462,354.0,388.0,111.831,0.0,0.0,0.0,85.313,2.744405,0.0,0.0,0.0
2020-08-24T23:47:50.393999Z,2020-08-24T23:47:50.707000Z,595.494,313.0,404.0,104.025,0.0,0.0,0.0,85.313,2.925049,0.0,0.0,0.0
2020-08-24T23:47:52.643000Z,2020-08-24T23:47:52.989000Z,667.209,346.0,404.0,125.2,0.0,0.0,0.0,85.313,2.801232,0.0,0.0,0.0
2020-08-24T23:47:54.642000Z,2020-08-24T23:47:55.156000Z,1132.876,514.0,404.0,96.038,0.0,0.0,0.0,85.313,0.060921,0.0,0.0,0.0
2020-08-24T23:47:56.645000Z,2020-08-24T23:47:57.039000Z,796.45,394.0,398.0,133.82,0.0,0.0,0.0,85.313,2.9086,0.0,0.0,0.0
2020-08-24T23:47:58.647000Z,2020-08-24T23:47:59.209000Z,1246.9,562.0,398.0,124.293,0.0,0.0,0.0,85.313,2.352097,0.0,0.0,0.0
2020-08-24T23:48:00.654000Z,2020-08-24T23:48:01.849000Z,2906.222,1195.0,398.0,138.317,0.0,0.0,0.0,85.313,2.630951,0.0,0.0,0.0
2020-08-24T23:48:02.655000Z,2020-08-24T23:48:03.943000Z,3164.577,1288.0,402.0,194.023,0.0,0.0,0.0,85.313,2.656011,0.0,0.0,0.0
2020-08-24T23:48:04.656000Z,2020-08-24T23:48:05.485000Z,2053.408,829.0,362.0,174.216,0.0,0.0,0.0,85.313,2.770102,0.0,0.0,0.0
2020-08-24T23:48:06.647000Z,2020-08-24T23:48:07.169999Z,1284.412,523.0,388.0,116.689,0.0,0.0,0.0,85.313,2.771116,0.0,0.0,0.0
2020-08-24T23:48:08.643000Z,2020-08-24T23:48:09.032000Z,707.72,389.0,426.0,110.369,0.0,0.0,0.0,85.313,2.582998,0.0,0.0,0.0
2020-08-24T23:48:10.643000Z,2020-08-24T23:48:11.087000Z,826.962,444.0,426.0,168.465,0.0,0.0,0.0,85.313,2.240035,0.0,0.0,0.0
2020-08-24T23:48:12.647000Z,2020-08-24T23:48:13.675000Z,1592.099,1028.0,426.0,203.104,0.0,0.0,0.0,85.313,2.393933,0.0,0.0,0.0
2020-08-24T23:48:14.655000Z,2020-08-24T23:48:15.241999Z,1386.461,587.0,392.0,143.916,0.0,0.0,0.0,85.313,2.626108,0.0,0.0,0.0
2020-08-24T23:48:16.648000Z,2020-08-24T23:48:16.965000Z,578.956,317.0,414.0,133.517,0.0,0.0,0.0,85.313,2.588693,0.0,0.0,0.0
2020-08-24T23:48:18.646000Z,2020-08-24T23:48:19.212000Z,1357.115,566.0,414.0,102.742,0.0,0.0,0.0,85.313,2.601764,0.0,0.0,0.0
2020-08-24T23:48:20.653000Z,2020-08-24T23:48:21.381000Z,1785.679,728.0,422.0,146.147,0.0,0.0,0.0,85.313,2.957555,0.0,0.0,0.0
2020-08-24T23:48:22.649000Z,2020-08-24T23:48:23.417999Z,2088.808,769.0,422.0,188.977,0.0,0.0,0.0,85.313,2.541456,0.0,0.0,0.0
2020-08-24T23:48:24.646000Z,2020-08-24T23:48:25.649000Z,1749.23,1002.9999999999999,432.0,126.904,0.0,0.0,0.0,85.313,3.025869,0.0,0.0,0.0
2020-08-24T23:48:26.649000Z,2020-08-24T23:48:27.344000Z,1766.211,695.0,514.0,131.068,0.0,0.0,0.0,85.313,2.550917,0.0,0.0,0.0
2020-08-24T23:48:28.645000Z,2020-08-24T23:48:29.541000Z,2508.964,896.0,500.0,151.052,0.0,0.0,0.0,85.313,3.107309,0.0,0.0,0.0
2020-08-24T23:48:30.646000Z,2020-08-24T23:48:31.567000Z,2368.639,921.0,496.0,199.683,0.0,0.0,0.0,85.313,3.467513,0.0,0.0,0.0
2020-08-24T23:48:32.649999Z,2020-08-24T23:48:33.148000Z,1188.964,498.0,452.0,237.246,0.0,0.0,0.0,85.313,2.267397,0.0,0.0,0.0
2020-08-24T23:48:34.647000Z,2020-08-24T23:48:35.325000Z,1505.606,678.0,448.0,137.86,0.0,0.0,0.0,85.313,3.221275,0.0,0.0,0.0
2020-08-24T23:48:36.644000Z,2020-08-24T23:48:37.553000Z,1896.603,909.0,438.0,190.313,0.0,0.0,0.0,85.313,2.574653,0.0,0.0,0.0
2020-08-24T23:48:38.653000Z,2020-08-24T23:48:39.316000Z,1623.822,663.0,418.0,213.312,0.0,0.0,0.0,85.313,0.273722,0.0,0.0,0.0
2020-08-24T23:48:40.651000Z,2020-08-24T23:48:41.199000Z,1070.329,548.0,450.0,174.177,0.0,0.0,0.0,85.313,2.415544,0.0,0.0,0.0
2020-08-24T23:48:42.649999Z,2020-08-24T23:48:43.368000Z,1772.595,718.0,454.0,106.313,0.0,0.0,0.0,85.313,0.642859,0.0,0.0,0.0
2020-08-24T23:48:44.649000Z,2020-08-24T23:48:45.911000Z,3119.051,1262.0,418.0,179.846,0.0,0.0,0.0,85.313,2.628302,0.0,0.0,0.0
2020-08-24T23:48:46.649000Z,2020-08-24T23:48:47.601000Z,2501.55,952.0,408.0,211.422,0.0,0.0,0.0,85.313,2.126602,0.0,0.0,0.0
2020-08-24T23:48:48.649000Z,2020-08-24T23:48:49.751000Z,2815.007,1102.0,405.0,108.478,0.0,0.0,0.0,85.313,2.593205,0.0,0.0,0.0
2020-08-24T23:48:50.655000Z,2020-08-24T23:48:51.894000Z,3396.836,1239.0,412.0,198.933,0.0,0.0,0.0,85.313,2.231769,0.0,0.0,0.0
2020-08-24T23:48:52.656999Z,2020-08-24T23:48:53.649999Z,3158.711,993.0,436.0,154.17,0.0,0.0,0.0,85.313,3.233895,0.0,0.0,0.0
2020-08-24T23:48:54.649000Z,2020-08-24T23:48:55.430000Z,2261.595,781.0,496.0,118.288,0.0,0.0,0.0,84.954,3.336429,0.0,0.0,0.0
2020-08-24T23:48:56.646000Z,2020-08-24T23:48:57.085000Z,1196.424,439.0,534.0,199.023,0.0,0.0,0.0,84.954,2.813344,0.0,0.0,0.0
2020-08-24T23:48:58.644000Z,2020-08-24T23:48:59.005000Z,1059.594,361.0,534.0,147.842,0.0,0.0,0.0,84.954,3.653602,0.0,0.0,0.0
2020-08-24T23:49:00.643000Z,2020-08-24T23:49:01.073000Z,1062.086,430.0,544.0,97.0,0.0,0.0,0.0,84.954,4.185395,0.0,0.0,0.0
2020-08-24T23:49:02.646000Z,2020-08-24T23:49:03.387000Z,778.212,741.0,544.0,142.595,0.0,0.0,0.0,84.954,3.274543,0.0,0.0,0.0
2020-08-24T23:49:04.644000Z,2020-08-24T23:49:05.121000Z,1016.657,477.0,560.0,110.71,0.0,0.0,0.0,84.954,3.32864,0.0,0.0,0.0
2020-08-24T23:49:06.644000Z,2020-08-24T23:49:06.984000Z,814.722,340.0,464.0,96.946,0.0,0.0,0.0,84.954,0.700513,0.0,0.0,0.0
2020-08-24T23:49:08.645000Z,2020-08-24T23:49:09.156000Z,953.388,511.0,462.0,100.356,0.0,0.0,0.0,84.954,3.083269,0.0,0.0,0.0
2020-08-24T23:49:10.654000Z,2020-08-24T23:49:11.357000Z,1768.79,703.0,462.0,174.109,0.0,0.0,0.0,84.954,2.777488,0.0,0.0,0.0
2020-08-24T23:49:12.646000Z,2020-08-24T23:49:13.781000Z,2275.229,1135.0,460.0,186.239,0.0,0.0,0.0,84.954,3.191898,0.0,0.0,0.0
2020-08-24T23:49:14.647000Z,2020-08-24T23:49:15.371000Z,1708.156,724.0,444.0,112.203,0.0,0.0,0.0,84.954,2.298206,0.0,0.0,0.0
2020-08-24T23:49:16.646000Z,2020-08-24T23:49:17.422000Z,1825.7,776.0,416.0,140.414,0.0,0.0,0.0,84.954,2.236925,0.0,0.0,0.0
2020-08-24T23:49:18.645000Z,2020-08-24T23:49:19.126000Z,1131.28,481.0,416.0,158.483,0.0,0.0,0.0,84.954,2.311953,0.0,0.0,0.0
2020-08-24T23:49:20.644000Z,2020-08-24T23:49:20.901000Z,532.586,257.0,386.0,115.308,0.0,0.0,0.0,84.547,2.653048,0.0,0.0,0.0
2020-08-24T23:49:22.646000Z,2020-08-24T23:49:22.897000Z,526.554,251.0,416.0,94.404,0.0,0.0,0.0,84.547,0.011749,0.0,0.0,0.0
2020-08-24T23:49:24.647000Z,2020-08-24T23:49:25.551000Z,1963.385,904.0,420.0,96.127,0.0,0.0,0.0,84.547,3.480697,0.0,0.0,0.0
2020-08-24T23:49:26.648000Z,2020-08-24T23:49:27.761999Z,3111.006,1114.0,420.0,247.441,0.0,0.0,0.0,84.547,0.371926,0.0,0.0,0.0
2020-08-24T23:49:28.646000Z,2020-08-24T23:49:29.653000Z,1453.905,1006.9999999999999,448.0,112.731,0.0,0.0,0.0,84.547,3.117042,0.0,0.0,0.0
2020-08-24T23:49:30.647000Z,2020-08-24T23:49:31.118000Z,1046.96,471.0,466.0,147.578,0.0,0.0,0.0,84.547,2.27013,0.0,0.0,0.0
2020-08-24T23:49:32.645000Z,2020-08-24T23:49:33.337999Z,1661.597,693.0,378.0,123.569,0.0,0.0,0.0,84.547,2.157069,0.0,0.0,0.0
2020-08-24T23:49:34.656000Z,2020-08-24T23:49:35.339000Z,1613.593,683.0,424.0,114.553,0.0,0.0,0.0,84.547,2.558983,0.0,0.0,0.0
2020-08-24T23:49:36.651000Z,2020-08-24T23:49:37.414000Z,1957.939,763.0,424.0,178.905,0.0,0.0,0.0,84.547,2.810242,0.0,0.0,0.0
2020-08-24T23:49:38.646000Z,2020-08-24T23:49:39.241000Z,1370.853,595.0,408.0,168.003,0.0,0.0,0.0,84.547,3.073582,0.0,0.0,0.0
2020-08-24T23:49:40.645000Z,2020-08-24T23:49:41.246000Z,1395.652,601.0,398.0,119.911,0.0,0.0,0.0,84.547,2.612911,0.0,0.0,0.0
2020-08-24T23:49:42.649999Z,2020-08-24T23:49:43.283000Z,1532.735,633.0,398.0,137.371,0.0,0.0,0.0,84.547,2.868686,0.0,0.0,0.0
2020-08-24T23:49:44.656000Z,2020-08-24T23:49:45.238000Z,1208.707,582.0,394.0,142.063,0.0,0.0,0.0,84.547,2.731451,0.0,0.0,0.0
2020-08-24T23:49:46.646000Z,2020-08-24T23:49:47.244000Z,1356.901,598.0,394.0,163.266,0.0,0.0,0.0,84.547,2.501379,0.0,0.0,0.0
2020-08-24T23:49:48.649000Z,2020-08-24T23:49:49.750000Z,1768.423,1101.0,394.0,99.215,0.0,0.0,0.0,84.547,1.559284,0.0,0.0,0.0
2020-08-24T23:49:50.646000Z,2020-08-24T23:49:51.519000Z,2356.119,873.0,402.0,145.081,0.0,0.0,0.0,84.547,2.951945,0.0,0.0,0.0
2020-08-24T23:49:52.659000Z,2020-08-24T23:49:53.584000Z,2308.148,925.0,434.0,107.095,0.0,0.0,0.0,84.547,2.929781,0.0,0.0,0.0
2020-08-24T23:49:54.646000Z,2020-08-24T23:49:54.952000Z,573.942,306.0,434.0,131.617,0.0,0.0,0.0,84.547,3.023578,0.0,0.0,0.0
2020-08-24T23:49:56.645000Z,2020-08-24T23:49:57.048000Z,899.578,403.0,406.0,126.097,0.0,0.0,0.0,84.547,2.553526,0.0,0.0,0.0
2020-08-24T23:49:58.649000Z,2020-08-24T23:49:59.743000Z,1761.119,1094.0,406.0,103.783,0.0,0.0,0.0,84.547,2.675074,0.0,0.0,0.0
2020-08-24T23:50:00.653000Z,2020-08-24T23:50:01.239000Z,1406.942,586.0,384.0,99.507,0.0,0.0,0.0,84.547,2.783382,0.0,0.0,0.0
2020-08-24T23:50:02.659000Z,2020-08-24T23:50:03.257000Z,1494.81,598.0,390.0,119.97,0.0,0.0,0.0,84.547,2.596308,0.0,0.0,0.0
2020-08-24T23:50:04.645000Z,2020-08-24T23:50:05.329000Z,1624.374,684.0,414.0,106.488,0.0,0.0,0.0,84.547,3.074803,0.0,0.0,0.0
2020-08-24T23:50:06.645000Z,2020-08-24T23:50:06.911000Z,345.976,266.0,414.0,203.914,0.0,0.0,0.0,84.547,2.330956,0.0,0.0,0.0
2020-08-24T23:50:08.646000Z,2020-08-24T23:50:08.998000Z,727.215,352.0,414.0,95.82,0.0,0.0,0.0,84.547,1.179527,0.0,0.0,0.0
2020-08-24T23:50:10.649999Z,2020-08-24T23:50:11.039000Z,839.26,389.0,426.0,97.146,0.0,0.0,0.0,84.547,3.119995,0.0,0.0,0.0
2020-08-24T23:50:12.649000Z,2020-08-24T23:50:13.889000Z,2261.967,1240.0,422.0,114.084,0.0,0.0,0.0,84.547,2.455866,0.0,0.0,0.0
2020-08-24T23:50:14.649999Z,2020-08-24T23:50:15.472000Z,1989.444,822.0,430.0,192.234,0.0,0.0,0.0,84.547,3.126508,0.0,0.0,0.0
2020-08-24T23:50:16.644000Z,2020-08-24T23:50:17.067000Z,881.375,423.0,392.0,183.767,0.0,0.0,0.0,84.547,2.996287,0.0,0.0,0.0
2020-08-24T23:50:18.645000Z,2020-08-24T23:50:18.833000Z,299.143,188.0,434.0,95.28,0.0,0.0,0.0,84.547,2.679491,0.0,0.0,0.0
2020-08-24T23:50:20.642000Z,2020-08-24T23:50:20.855000Z,321.236,213.0,434.0,101.784,0.0,0.0,0.0,84.547,2.679491,0.0,0.0,0.0
2020-08-24T23:50:22.652000Z,2020-08-24T23:50:22.981000Z,789.134,329.0,438.0,116.72,0.0,0.0,0.0,84.547,2.679491,0.0,0.0,0.0
2020-08-24T23:50:24.648000Z,2020-08-24T23:50:25.168000Z,1050.411,520.0,452.0,98.388,0.0,0.0,0.0,84.547,3.020539,0.0,0.0,0.0
2020-08-24T23:50:26.654000Z,2020-08-24T23:50:26.971000Z,657.841,317.0,454.0,134.124,0.0,0.0,0.0,84.547,0.049768,0.0,0.0,0.0
2020-08-24T23:50:28.646000Z,2020-08-24T23:50:28.846000Z,311.446,200.0,464.0,111.362,0.0,0.0,0.0,84.547,3.047728,0.0,0.0,0.0
2020-08-24T23:50:30.646000Z,2020-08-24T23:50:31.341000Z,1638.572,695.0,464.0,117.221,0.0,0.0,0.0,84.547,3.047728,0.0,0.0,0.0
2020-08-24T23:50:32.649999Z,2020-08-24T23:50:33.711000Z,2618.503,1061.0,430.0,206.88,0.0,0.0,0.0,84.547,2.531825,0.0,0.0,0.0
2020-08-24T23:50:34.654000Z,2020-08-24T23:50:35.383000Z,1667.986,729.0,384.0,189.804,0.0,0.0,0.0,84.547,2.531137,0.0,0.0,0.0
2020-08-24T23:50:36.646000Z,2020-08-24T23:50:37.064000Z,995.609,418.0,382.0,162.64,0.0,0.0,0.0,84.547,2.333958,0.0,0.0,0.0
2020-08-24T23:50:38.646000Z,2020-08-24T23:50:38.936000Z,583.054,290.0,404.0,97.173,0.0,0.0,0.0,84.547,2.786728,0.0,0.0,0.0
2020-08-24T23:50:40.660000Z,2020-08-24T23:50:41.031000Z,812.146,371.0,410.0,103.985,0.0,0.0,0.0,84.547,3.372846,0.0,0.0,0.0
2020-08-24T23:50:42.656000Z,2020-08-24T23:50:43.054000Z,833.73,398.0,412.0,110.704,0.0,0.0,0.0,84.547,2.786774,0.0,0.0,0.0
2020-08-24T23:50:44.654000Z,2020-08-24T23:50:45.215000Z,1443.364,561.0,412.0,138.475,0.0,0.0,0.0,84.547,2.827881,0.0,0.0,0.0
2020-08-24T23:50:46.645000Z,2020-08-24T23:50:47.024000Z,755.865,379.0,414.0,113.832,0.0,0.0,0.0,84.547,2.777835,0.0,0.0,0.0
2020-08-24T23:50:48.647000Z,2020-08-24T23:50:49.169999Z,1323.725,523.0,414.0,112.656,0.0,0.0,0.0,84.547,2.670611,0.0,0.0,0.0
2020-08-24T23:50:50.645000Z,2020-08-24T23:50:50.940000Z,555.496,295.0,502.0,128.259,0.0,0.0,0.0,84.547,2.640642,0.0,0.0,0.0
2020-08-24T23:50:52.646000Z,2020-08-24T23:50:53.014000Z,596.956,368.0,504.0,113.996,0.0,0.0,0.0,84.547,2.745466,0.0,0.0,0.0
2020-08-24T23:50:54.649000Z,2020-08-24T23:50:54.904000Z,432.287,255.0,502.0,117.338,0.0,0.0,0.0,84.547,0.533042,0.0,0.0,0.0
2020-08-24T23:50:56.649000Z,2020-08-24T23:50:56.937999Z,494.925,289.0,502.0,132.728,0.0,0.0,0.0,84.547,2.698061,0.0,0.0,0.0
2020-08-24T23:50:58.655000Z,2020-08-24T23:50:59.516000Z,1190.44,861.0,422.0,131.026,0.0,0.0,0.0,84.547,3.24761,0.0,0.0,0.0
2020-08-24T23:51:00.649999Z,2020-08-24T23:51:02.019000Z,3552.734,1369.0,422.0,109.803,0.0,0.0,0.0,84.547,2.813692,0.0,0.0,0.0
2020-08-24T23:51:02.653000Z,2020-08-24T23:51:02.840000Z,268.651,187.0,414.0,197.413,0.0,0.0,0.0,84.547,3.059713,0.0,0.0,0.0
2020-08-24T23:51:04.656999Z,2020-08-24T23:51:04.828000Z,186.805,171.0,398.0,109.397,0.0,0.0,0.0,84.547,3.059713,0.0,0.0,0.0
2020-08-24T23:51:06.646000Z,2020-08-24T23:51:06.809999Z,186.79,164.0,398.0,94.845,0.0,0.0,0.0,84.547,3.059713,0.0,0.0,0.0
2020-08-24T23:51:08.644000Z,2020-08-24T23:51:08.904000Z,505.246,260.0,398.0,103.402,0.0,0.0,0.0,84.547,3.059713,0.0,0.0,0.0
2020-08-24T23:51:10.649999Z,2020-08-24T23:51:11.169000Z,1260.199,519.0,398.0,115.807,0.0,0.0,0.0,84.547,3.103699,0.0,0.0,0.0
2020-08-24T23:51:12.662000Z,2020-08-24T23:51:12.961000Z,593.771,299.0,408.0,121.535,0.0,0.0,0.0,84.547,2.651364,0.0,0.0,0.0
2020-08-24T23:51:14.648000Z,2020-08-24T23:51:15.089000Z,1014.697,441.0,426.0,121.78,0.0,0.0,0.0,84.547,3.254149,0.0,0.0,0.0
2020-08-24T23:51:16.645000Z,2020-08-24T23:51:16.861000Z,357.688,216.0,448.0,100.137,0.0,0.0,0.0,84.547,2.899624,0.0,0.0,0.0
2020-08-24T23:51:18.654000Z,2020-08-24T23:51:18.811000Z,158.477,157.0,448.0,113.859,0.0,0.0,0.0,84.547,2.899624,0.0,0.0,0.0
2020-08-24T23:51:20.646000Z,2020-08-24T23:51:20.928000Z,437.488,282.0,452.0,107.641,0.0,0.0,0.0,84.547,2.899624,0.0,0.0,0.0
2020-08-24T23:51:22.646000Z,2020-08-24T23:51:23.174000Z,1214.042,528.0,452.0,139.164,0.0,0.0,0.0,84.547,2.703614,0.0,0.0,0.0
2020-08-24T23:51:24.654000Z,2020-08-24T23:51:25.265999Z,1454.596,612.0,414.0,153.221,0.0,0.0,0.0,84.547,2.787109,0.0,0.0,0.0
2020-08-24T23:51:26.652000Z,2020-08-24T23:51:27.287000Z,1586.583,635.0,414.0,133.89,0.0,0.0,0.0,84.547,2.860731,0.0,0.0,0.0
2020-08-24T23:51:28.651000Z,2020-08-24T23:51:29.145000Z,1160.311,494.0,450.0,149.695,0.0,0.0,0.0,84.547,2.7859,0.0,0.0,0.0
2020-08-24T23:51:30.647000Z,2020-08-24T23:51:31.024000Z,833.99,377.0,436.0,98.644,0.0,0.0,0.0,84.547,2.888318,0.0,0.0,0.0
2020-08-24T23:51:32.647000Z,2020-08-24T23:51:32.939000Z,552.091,292.0,436.0,127.221,0.0,0.0,0.0,84.547,2.6143,0.0,0.0,0.0
2020-08-24T23:51:34.648000Z,2020-08-24T23:51:35.227000Z,1362.142,579.0,436.0,122.435,0.0,0.0,0.0,84.547,2.804596,0.0,0.0,0.0
2020-08-24T23:51:36.995000Z,2020-08-24T23:51:37.829000Z,1700.495,834.0,420.0,160.217,0.0,0.0,0.0,84.547,2.921696,0.0,0.0,0.0
2020-08-24T23:51:38.663000Z,2020-08-24T23:51:39.296000Z,1570.045,633.0,416.0,181.424,0.0,0.0,0.0,84.547,0.020753,0.0,0.0,0.0
2020-08-24T23:51:40.647000Z,2020-08-24T23:51:41.061000Z,928.703,414.0,404.0,116.328,0.0,0.0,0.0,84.547,2.823304,0.0,0.0,0.0
2020-08-24T23:51:42.647000Z,2020-08-24T23:51:42.953000Z,590.654,306.0,404.0,124.854,0.0,0.0,0.0,84.547,2.678578,0.0,0.0,0.0
2020-08-24T23:51:44.646000Z,2020-08-24T23:51:44.996000Z,680.168,350.0,404.0,123.474,0.0,0.0,0.0,84.547,2.956338,0.0,0.0,0.0
2020-08-24T23:51:46.648000Z,2020-08-24T23:51:47.070000Z,941.755,422.0,404.0,110.332,0.0,0.0,0.0,84.547,2.810001,0.0,0.0,0.0
2020-08-24T23:51:48.648000Z,2020-08-24T23:51:49.451000Z,950.593,803.0,402.0,147.306,0.0,0.0,0.0,84.547,2.888667,0.0,0.0,0.0
2020-08-24T23:51:50.651000Z,2020-08-24T23:51:51.007000Z,712.583,356.0,396.0,122.789,0.0,0.0,0.0,84.547,0.429951,0.0,0.0,0.0
2020-08-24T23:51:52.647000Z,2020-08-24T23:51:52.902000Z,443.548,255.0,388.0,116.724,0.0,0.0,0.0,84.547,2.936442,0.0,0.0,0.0
2020-08-24T23:51:54.647000Z,2020-08-24T23:51:54.950000Z,592.754,303.0,388.0,102.084,0.0,0.0,0.0,84.547,2.957038,0.0,0.0,0.0
2020-08-24T23:51:56.648000Z,2020-08-24T23:51:56.969000Z,617.818,321.0,388.0,105.282,0.0,0.0,0.0,84.547,2.732738,0.0,0.0,0.0
2020-08-24T23:51:58.646000Z,2020-08-24T23:51:59.020000Z,729.047,374.0,386.0,112.164,0.0,0.0,0.0,84.547,2.734297,0.0,0.0,0.0
2020-08-24T23:52:00.652000Z,2020-08-24T23:52:00.999000Z,750.416,347.0,386.0,115.654,0.0,0.0,0.0,84.547,2.738722,0.0,0.0,0.0
2020-08-24T23:52:02.897999Z,2020-08-24T23:52:03.257000Z,711.353,359.0,454.0,98.703,0.0,0.0,0.0,84.547,2.789519,0.0,0.0,0.0
2020-08-24T23:52:04.896999Z,2020-08-24T23:52:05.169000Z,479.989,272.0,446.0,123.752,0.0,0.0,0.0,84.547,2.680983,0.0,0.0,0.0
2020-08-24T23:52:06.902000Z,2020-08-24T23:52:07.206000Z,530.785,304.0,448.0,128.562,0.0,0.0,0.0,84.547,2.678584,0.0,0.0,0.0
2020-08-24T23:52:08.774000Z,2020-08-24T23:52:09.073999Z,560.226,300.0,448.0,100.792,0.0,0.0,0.0,84.547,2.394629,0.0,0.0,0.0
2020-08-24T23:52:10.906000Z,2020-08-24T23:52:11.237000Z,737.316,331.0,438.0,123.127,0.0,0.0,0.0,84.547,2.702558,0.0,0.0,0.0
2020-08-24T23:52:12.896999Z,2020-08-24T23:52:13.583000Z,774.822,686.0,444.0,114.401,0.0,0.0,0.0,84.547,3.366708,0.0,0.0,0.0
2020-08-24T23:52:14.899000Z,2020-08-24T23:52:15.299000Z,841.311,400.0,448.0,141.503,0.0,0.0,0.0,84.547,2.945549,0.0,0.0,0.0
2020-08-24T23:52:16.902000Z,2020-08-24T23:52:17.321000Z,904.469,419.0,440.0,128.976,0.0,0.0,0.0,84.547,2.520521,0.0,0.0,0.0
2020-08-24T23:52:18.896999Z,2020-08-24T23:52:19.313000Z,834.569,416.0,392.0,118.26,0.0,0.0,0.0,84.547,2.693237,0.0,0.0,0.0
2020-08-24T23:52:20.900000Z,2020-08-24T23:52:21.345000Z,738.192,445.0,392.0,129.148,0.0,0.0,0.0,84.547,2.914816,0.0,0.0,0.0
2020-08-24T23:52:22.900000Z,2020-08-24T23:52:23.463000Z,1236.345,563.0,398.0,99.907,0.0,0.0,0.0,84.547,0.116457,0.0,0.0,0.0
2020-08-24T23:52:24.896999Z,2020-08-24T23:52:25.297000Z,752.94,400.0,398.0,156.741,0.0,0.0,0.0,84.547,2.544959,0.0,0.0,0.0
2020-08-24T23:52:26.905000Z,2020-08-24T23:52:27.377000Z,947.049,472.0,398.0,137.63,0.0,0.0,0.0,84.547,2.633691,0.0,0.0,0.0
2020-08-24T23:52:28.900000Z,2020-08-24T23:52:29.423000Z,1159.276,523.0,390.0,115.544,0.0,0.0,0.0,84.547,2.868332,0.0,0.0,0.0
2020-08-24T23:52:30.896999Z,2020-08-24T23:52:31.291000Z,791.525,394.0,418.0,146.713,0.0,0.0,0.0,84.547,2.64808,0.0,0.0,0.0
2020-08-24T23:52:32.773000Z,2020-08-24T23:52:33.113999Z,656.887,341.0,400.0,101.524,0.0,0.0,0.0,84.547,2.715123,0.0,0.0,0.0
2020-08-24T23:52:34.895000Z,2020-08-24T23:52:35.193999Z,544.343,299.0,400.0,126.648,0.0,0.0,0.0,84.547,2.663999,0.0,0.0,0.0
2020-08-24T23:52:36.900000Z,2020-08-24T23:52:37.605000Z,1505.495,705.0,382.0,138.116,0.0,0.0,0.0,84.547,2.712301,0.0,0.0,0.0
2020-08-24T23:52:38.908000Z,2020-08-24T23:52:39.468000Z,1229.674,560.0,382.0,180.716,0.0,0.0,0.0,84.547,2.847672,0.0,0.0,0.0
2020-08-24T23:52:40.910000Z,2020-08-24T23:52:41.533000Z,1469.302,623.0,382.0,143.437,0.0,0.0,0.0,84.547,2.940562,0.0,0.0,0.0
2020-08-24T23:52:42.896000Z,2020-08-24T23:52:43.369999Z,958.066,474.0,408.0,120.108,0.0,0.0,0.0,84.547,2.640997,0.0,0.0,0.0
2020-08-24T23:52:44.896999Z,2020-08-24T23:52:45.198000Z,572.477,301.0,408.0,159.751,0.0,0.0,0.0,84.547,2.630138,0.0,0.0,0.0
2020-08-24T23:52:46.897999Z,2020-08-24T23:52:47.245000Z,629.694,347.0,408.0,134.129,0.0,0.0,0.0,84.547,2.607777,0.0,0.0,0.0
2020-08-24T23:52:48.896999Z,2020-08-24T23:52:49.169999Z,496.97,273.0,408.0,146.461,0.0,0.0,0.0,84.547,2.833062,0.0,0.0,0.0
2020-08-24T23:52:50.897999Z,2020-08-24T23:52:51.481999Z,530.362,584.0,378.0,128.441,0.0,0.0,0.0,84.547,2.734098,0.0,0.0,0.0
2020-08-24T23:52:52.897999Z,2020-08-24T23:52:53.187000Z,526.046,289.0,384.0,97.088,0.0,0.0,0.0,84.547,2.574129,0.0,0.0,0.0
2020-08-24T23:52:54.905000Z,2020-08-24T23:52:55.195000Z,583.512,290.0,384.0,115.785,0.0,0.0,0.0,84.547,2.739681,0.0,0.0,0.0
2020-08-24T23:52:56.777000Z,2020-08-24T23:52:57.188000Z,640.988,411.0,412.0,100.46,0.0,0.0,0.0,84.547,3.375176,0.0,0.0,0.0
2020-08-24T23:52:58.899000Z,2020-08-24T23:52:59.217999Z,645.476,319.0,412.0,120.612,0.0,0.0,0.0,84.547,0.498832,0.0,0.0,0.0
2020-08-24T23:53:00.895000Z,2020-08-24T23:53:01.196000Z,561.32,301.0,412.0,116.496,0.0,0.0,0.0,84.547,2.859235,0.0,0.0,0.0
2020-08-24T23:53:02.896999Z,2020-08-24T23:53:03.205000Z,665.477,308.0,434.0,111.122,0.0,0.0,0.0,84.547,2.993767,0.0,0.0,0.0
2020-08-24T23:53:04.897999Z,2020-08-24T23:53:05.265000Z,787.24,367.0,452.0,102.165,0.0,0.0,0.0,84.547,3.179431,0.0,0.0,0.0
2020-08-24T23:53:06.903000Z,2020-08-24T23:53:07.223000Z,724.709,320.0,442.0,106.046,0.0,0.0,0.0,84.547,2.751308,0.0,0.0,0.0
2020-08-24T23:53:08.896999Z,2020-08-24T23:53:09.201000Z,697.719,304.0,442.0,124.963,0.0,0.0,0.0,84.547,3.19352,0.0,0.0,0.0
2020-08-24T23:53:10.895000Z,2020-08-24T23:53:11.169000Z,515.82,274.0,442.0,99.319,0.0,0.0,0.0,84.547,3.168428,0.0,0.0,0.0
2020-08-24T23:53:12.895000Z,2020-08-24T23:53:13.184000Z,623.051,289.0,440.0,113.98,0.0,0.0,0.0,84.547,3.018651,0.0,0.0,0.0
2020-08-24T23:53:14.897999Z,2020-08-24T23:53:15.309000Z,997.984,411.0,470.0,114.694,0.0,0.0,0.0,84.547,3.175773,0.0,0.0,0.0
2020-08-24T23:53:16.904000Z,2020-08-24T23:53:17.313000Z,1058.993,409.0,458.0,114.781,0.0,0.0,0.0,84.547,3.076844,0.0,0.0,0.0
2020-08-24T23:53:18.896999Z,2020-08-24T23:53:19.305999Z,1103.607,409.0,480.0,102.191,0.0,0.0,0.0,84.547,2.912935,0.0,0.0,0.0
2020-08-24T23:53:20.764999Z,2020-08-24T23:53:21.237000Z,799.674,472.0,484.0,100.653,0.0,0.0,0.0,84.547,3.626708,0.0,0.0,0.0
2020-08-24T23:53:22.901000Z,2020-08-24T23:53:23.237000Z,799.511,336.0,480.0,129.748,0.0,0.0,0.0,84.547,0.01768,0.0,0.0,0.0
2020-08-24T23:53:24.896000Z,2020-08-24T23:53:25.131000Z,471.69,235.0,480.0,133.996,0.0,0.0,0.0,84.547,3.232565,0.0,0.0,0.0
2020-08-24T23:53:26.896000Z,2020-08-24T23:53:27.182000Z,642.205,286.0,478.0,95.308,0.0,0.0,0.0,84.547,3.446781,0.0,0.0,0.0
2020-08-24T23:53:28.905000Z,2020-08-24T23:53:29.265000Z,449.342,360.0,460.0,126.885,0.0,0.0,0.0,84.547,3.613289,0.0,0.0,0.0
2020-08-24T23:53:30.906000Z,2020-08-24T23:53:31.236000Z,751.133,330.0,452.0,105.696,0.0,0.0,0.0,84.547,0.661187,0.0,0.0,0.0
2020-08-24T23:53:32.896999Z,2020-08-24T23:53:33.159000Z,465.232,262.0,452.0,144.329,0.0,0.0,0.0,84.547,3.15154,0.0,0.0,0.0
2020-08-24T23:53:34.900000Z,2020-08-24T23:53:35.237000Z,694.112,337.0,452.0,127.242,0.0,0.0,0.0,84.547,2.837411,0.0,0.0,0.0
2020-08-24T23:53:36.899000Z,2020-08-24T23:53:37.195000Z,585.419,296.0,456.0,152.326,0.0,0.0,0.0,84.547,2.625702,0.0,0.0,0.0
2020-08-24T23:53:38.899000Z,2020-08-24T23:53:39.201999Z,501.186,303.0,430.0,134.149,0.0,0.0,0.0,84.547,3.130182,0.0,0.0,0.0
2020-08-24T23:53:40.896999Z,2020-08-24T23:53:41.158000Z,538.243,261.0,430.0,108.606,0.0,0.0,0.0,84.547,1.873894,0.0,0.0,0.0
2020-08-24T23:53:42.897999Z,2020-08-24T23:53:43.238000Z,660.575,340.0,446.0,111.854,0.0,0.0,0.0,84.547,3.236224,0.0,0.0,0.0
2020-08-24T23:53:44.764000Z,2020-08-24T23:53:44.993999Z,417.859,230.0,434.0,101.614,0.0,0.0,0.0,84.547,2.726478,0.0,0.0,0.0
2020-08-24T23:53:46.905000Z,2020-08-24T23:53:47.185000Z,495.505,280.0,434.0,103.496,0.0,0.0,0.0,84.547,3.108384,0.0,0.0,0.0
2020-08-24T23:53:48.896999Z,2020-08-24T23:53:49.145999Z,458.57,249.0,438.0,133.645,0.0,0.0,0.0,84.547,2.714053,0.0,0.0,0.0
2020-08-24T23:53:50.900000Z,2020-08-24T23:53:51.339000Z,702.204,439.0,438.0,107.767,0.0,0.0,0.0,84.547,3.057451,0.0,0.0,0.0
2020-08-24T23:53:52.902000Z,2020-08-24T23:53:53.208000Z,550.036,306.0,426.0,214.536,0.0,0.0,0.0,84.547,1.900918,0.0,0.0,0.0
2020-08-24T23:53:54.899000Z,2020-08-24T23:53:55.414000Z,704.07,515.0,426.0,126.879,0.0,0.0,0.0,84.547,2.461947,0.0,0.0,0.0
2020-08-24T23:53:56.896999Z,2020-08-24T23:53:57.301000Z,790.56,404.0,400.0,172.025,0.0,0.0,0.0,84.547,0.192854,0.0,0.0,0.0
2020-08-24T23:53:58.903000Z,2020-08-24T23:53:59.273999Z,659.099,371.0,366.0,135.728,0.0,0.0,0.0,84.547,2.606219,0.0,0.0,0.0
2020-08-24T23:54:00.896999Z,2020-08-24T23:54:01.243000Z,570.983,346.0,366.0,138.581,0.0,0.0,0.0,84.547,1.739698,0.0,0.0,0.0
2020-08-24T23:54:02.897999Z,2020-08-24T23:54:03.227000Z,569.051,329.0,366.0,134.579,0.0,0.0,0.0,84.547,2.252575,0.0,0.0,0.0
2020-08-24T23:54:04.901000Z,2020-08-24T23:54:05.233999Z,634.198,333.0,366.0,122.305,0.0,0.0,0.0,84.547,2.343243,0.0,0.0,0.0
2020-08-24T23:54:06.907000Z,2020-08-24T23:54:07.187000Z,441.888,280.0,412.0,112.192,0.0,0.0,0.0,84.547,2.544462,0.0,0.0,0.0
2020-08-24T23:54:08.785999Z,2020-08-24T23:54:09.093000Z,569.447,307.0,402.0,110.134,0.0,0.0,0.0,84.547,2.480472,0.0,0.0,0.0
2020-08-24T23:54:10.902000Z,2020-08-24T23:54:11.224000Z,605.335,322.0,402.0,116.618,0.0,0.0,0.0,84.547,2.649683,0.0,0.0,0.0
2020-08-24T23:54:12.901000Z,2020-08-24T23:54:13.225999Z,589.953,325.0,402.0,136.579,0.0,0.0,0.0,84.547,2.510073,0.0,0.0,0.0
2020-08-24T23:54:14.900000Z,2020-08-24T23:54:15.341000Z,799.21,441.0,402.0,110.811,0.0,0.0,0.0,84.547,2.629573,0.0,0.0,0.0
2020-08-24T23:54:16.903000Z,2020-08-24T23:54:17.629000Z,1564.549,726.0,386.0,175.569,0.0,0.0,0.0,84.547,2.285907,0.0,0.0,0.0
2020-08-24T23:54:18.904000Z,2020-08-24T23:54:20.041999Z,1755.277,1138.0,400.0,130.421,0.0,0.0,0.0,84.547,2.402332,0.0,0.0,0.0
2020-08-24T23:54:20.908000Z,2020-08-24T23:54:21.759000Z,1168.624,851.0,400.0,285.045,0.0,0.0,0.0,85.173,0.004201,0.0,0.0,0.0
2020-08-24T23:54:22.899000Z,2020-08-24T23:54:23.437000Z,856.109,538.0,330.0,298.923,0.0,0.0,0.0,85.173,1.535559,0.0,0.0,0.0
2020-08-24T23:54:24.899000Z,2020-08-24T23:54:25.403000Z,965.34,504.0,364.0,116.934,0.0,0.0,0.0,85.173,0.990991,0.0,0.0,0.0
2020-08-24T23:54:26.900000Z,2020-08-24T23:54:27.263000Z,746.991,363.0,364.0,169.3,0.0,0.0,0.0,85.173,2.268311,0.0,0.0,0.0
2020-08-24T23:54:28.904000Z,2020-08-24T23:54:29.247000Z,592.8,343.0,364.0,105.516,0.0,0.0,0.0,85.173,2.818366,0.0,0.0,0.0
2020-08-24T23:54:30.900000Z,2020-08-24T23:54:31.243000Z,685.644,343.0,360.0,129.441,0.0,0.0,0.0,85.173,2.459658,0.0,0.0,0.0
2020-08-24T23:54:32.896000Z,2020-08-24T23:54:33.540000Z,687.238,644.0,360.0,96.562,0.0,0.0,0.0,85.173,2.799784,0.0,0.0,0.0
2020-08-24T23:54:34.900000Z,2020-08-24T23:54:35.455000Z,1167.559,555.0,362.0,99.835,0.0,0.0,0.0,85.173,2.755108,0.0,0.0,0.0
2020-08-24T23:54:36.900000Z,2020-08-24T23:54:37.371000Z,1001.3,471.0,382.0,144.877,0.0,0.0,0.0,85.173,2.154983,0.0,0.0,0.0
2020-08-24T23:54:38.901000Z,2020-08-24T23:54:39.277000Z,813.335,376.0,386.0,95.663,0.0,0.0,0.0,85.173,2.804533,0.0,0.0,0.0
2020-08-24T23:54:40.904000Z,2020-08-24T23:54:42.001999Z,2902.584,1098.0,390.0,101.25,0.0,0.0,0.0,85.173,2.910914,0.0,0.0,0.0
2020-08-24T23:54:42.900000Z,2020-08-24T23:54:44.509000Z,3201.466,1609.0,410.0,127.812,0.0,0.0,0.0,85.173,3.19737,0.0,0.0,0.0
2020-08-24T23:54:44.900000Z,2020-08-24T23:54:45.911000Z,2622.474,1010.9999999999999,412.0,120.111,0.0,0.0,0.0,85.173,1.432312,0.0,0.0,0.0
2020-08-24T23:54:46.901000Z,2020-08-24T23:54:47.547000Z,1813.827,646.0,413.0,97.725,0.0,0.0,0.0,85.173,0.274735,0.0,0.0,0.0
2020-08-24T23:54:48.896999Z,2020-08-24T23:54:49.227000Z,759.536,330.0,456.0,100.553,0.0,0.0,0.0,85.173,3.658413,0.0,0.0,0.0
2020-08-24T23:54:50.904000Z,2020-08-24T23:54:51.085000Z,216.562,181.0,472.0,108.931,0.0,0.0,0.0,85.173,2.786061,0.0,0.0,0.0
2020-08-24T23:54:52.912000Z,2020-08-24T23:54:53.361999Z,865.641,450.0,472.0,99.695,0.0,0.0,0.0,85.173,2.786061,0.0,0.0,0.0
2020-08-24T23:54:54.899000Z,2020-08-24T23:54:55.367000Z,978.27,468.0,470.0,189.083,0.0,0.0,0.0,85.173,2.604211,0.0,0.0,0.0
2020-08-24T23:54:56.904000Z,2020-08-24T23:54:57.909000Z,2649.696,1004.9999999999999,472.0,119.33,0.0,0.0,0.0,85.173,2.842766,0.0,0.0,0.0
2020-08-24T23:54:58.902000Z,2020-08-24T23:55:00.075000Z,1979.599,1173.0,392.0,133.7,0.0,0.0,0.0,85.173,2.884836,0.0,0.0,0.0
2020-08-24T23:55:00.901000Z,2020-08-24T23:55:01.350000Z,940.562,449.0,418.0,142.036,0.0,0.0,0.0,85.173,1.397791,0.0,0.0,0.0
2020-08-24T23:55:02.903000Z,2020-08-24T23:55:03.169000Z,511.884,266.0,414.0,102.064,0.0,0.0,0.0,85.173,1.971861,0.0,0.0,0.0
2020-08-24T23:55:04.911000Z,2020-08-24T23:55:05.085000Z,210.133,174.0,414.0,120.79,0.0,0.0,0.0,85.173,2.858219,0.0,0.0,0.0
2020-08-24T23:55:06.896999Z,2020-08-24T23:55:07.071000Z,199.207,174.0,414.0,106.039,0.0,0.0,0.0,85.173,2.858219,0.0,0.0,0.0
2020-08-24T23:55:08.904000Z,2020-08-24T23:55:09.345999Z,838.118,442.0,414.0,109.943,0.0,0.0,0.0,85.173,2.858219,0.0,0.0,0.0
2020-08-24T23:55:10.905000Z,2020-08-24T23:55:11.417999Z,1146.909,513.0,374.0,178.032,0.0,0.0,0.0,85.173,2.895581,0.0,0.0,0.0
2020-08-24T23:55:12.899000Z,2020-08-24T23:55:13.393000Z,1095.482,494.0,380.0,130.443,0.0,0.0,0.0,85.173,2.853635,0.0,0.0,0.0
2020-08-24T23:55:14.897999Z,2020-08-24T23:55:15.187000Z,412.143,289.0,410.0,121.101,0.0,0.0,0.0,85.173,2.84248,0.0,0.0,0.0
2020-08-24T23:55:16.900000Z,2020-08-24T23:55:17.213000Z,627.9,313.0,384.0,114.293,0.0,0.0,0.0,85.173,2.147684,0.0,0.0,0.0
2020-08-24T23:55:18.900000Z,2020-08-24T23:55:19.079000Z,255.409,178.999999,408.0,117.79,0.0,0.0,0.0,85.173,2.886298,0.0,0.0,0.0
2020-08-24T23:55:20.899000Z,2020-08-24T23:55:21.324000Z,862.805,425.0,408.0,96.855,0.0,0.0,0.0,85.173,2.886298,0.0,0.0,0.0
2020-08-24T23:55:22.899000Z,2020-08-24T23:55:23.401999Z,1145.227,503.0,408.0,160.106,0.0,0.0,0.0,85.173,2.896017,0.0,0.0,0.0
2020-08-24T23:55:24.897999Z,2020-08-24T23:55:25.508000Z,1345.42,610.0,408.0,114.402,0.0,0.0,0.0,85.173,2.804504,0.0,0.0,0.0
2020-08-24T23:55:26.902000Z,2020-08-24T23:55:27.537000Z,1506.6,635.0,4.0,386.231,0.0,0.0,0.0,85.173,0.010601,0.0,0.0,0.0
2020-08-24T23:55:28.902000Z,2020-08-24T23:55:29.558000Z,1402.612,656.0,418.0,156.403,0.0,0.0,0.0,85.173,2.660676,0.0,0.0,0.0
2020-08-24T23:55:30.902000Z,2020-08-24T23:55:31.469000Z,1359.612,567.0,392.0,119.363,0.0,0.0,0.0,85.173,2.014802,0.0,0.0,0.0
2020-08-24T23:55:32.897999Z,2020-08-24T23:55:33.172000Z,581.277,274.0,428.0,117.829,0.0,0.0,0.0,85.173,3.02703,0.0,0.0,0.0
2020-08-24T23:55:34.902000Z,2020-08-24T23:55:35.185999Z,504.482,284.0,428.0,122.835,0.0,0.0,0.0,85.173,3.13694,0.0,0.0,0.0
2020-08-24T23:55:36.896999Z,2020-08-24T23:55:37.262000Z,797.73,365.0,428.0,125.302,0.0,0.0,0.0,85.173,3.052338,0.0,0.0,0.0
2020-08-24T23:55:38.905000Z,2020-08-24T23:55:39.457999Z,1420.526,553.0,428.0,116.131,0.0,0.0,0.0,85.173,2.683088,0.0,0.0,0.0
2020-08-24T23:55:40.904000Z,2020-08-24T23:55:41.737999Z,2069.821,834.0,430.0,109.066,0.0,0.0,0.0,85.173,3.31185,0.0,0.0,0.0
2020-08-24T23:55:42.908000Z,2020-08-24T23:55:43.305999Z,827.48,398.0,460.0,198.275,0.0,0.0,0.0,85.173,2.471685,0.0,0.0,0.0
2020-08-24T23:55:44.901000Z,2020-08-24T23:55:45.353999Z,1011.306,453.0,444.0,103.015,0.0,0.0,0.0,85.173,2.815405,0.0,0.0,0.0
2020-08-24T23:55:46.902000Z,2020-08-24T23:55:47.444000Z,1187.819,542.0,452.0,135.573,0.0,0.0,0.0,85.173,2.283403,0.0,0.0,0.0
2020-08-24T23:55:48.900000Z,2020-08-24T23:55:49.281000Z,809.647,381.0,456.0,165.181,0.0,0.0,0.0,85.173,2.800608,0.0,0.0,0.0
2020-08-24T23:55:50.900000Z,2020-08-24T23:55:51.326000Z,1090.904,426.0,452.0,116.974,0.0,0.0,0.0,85.173,2.734879,0.0,0.0,0.0
2020-08-24T23:55:52.902000Z,2020-08-24T23:55:53.476000Z,1359.447,574.0,444.0,101.676,0.0,0.0,0.0,85.173,3.023122,0.0,0.0,0.0
2020-08-24T23:55:54.897999Z,2020-08-24T23:55:55.491000Z,1508.375,593.0,436.0,117.888,0.0,0.0,0.0,85.173,2.780156,0.0,0.0,0.0
2020-08-24T23:55:56.903000Z,2020-08-24T23:55:57.616000Z,1778.943,713.0,428.0,133.589,0.0,0.0,0.0,85.173,2.894298,0.0,0.0,0.0
2020-08-24T23:55:58.902000Z,2020-08-24T23:55:59.279000Z,840.723,377.0,424.0,166.945,0.0,0.0,0.0,85.173,2.602083,0.0,0.0,0.0
2020-08-24T23:56:00.900000Z,2020-08-24T23:56:01.166000Z,440.239,266.0,418.0,118.322,0.0,0.0,0.0,85.173,3.050848,0.0,0.0,0.0
2020-08-24T23:56:02.902000Z,2020-08-24T23:56:03.021000Z,79.096,119.0,418.0,131.465,0.0,0.0,0.0,85.173,2.592508,0.0,0.0,0.0
2020-08-24T23:56:04.900000Z,2020-08-24T23:56:05.145000Z,398.703,245.0,418.0,100.393,0.0,0.0,0.0,85.173,2.592508,0.0,0.0,0.0
2020-08-24T23:56:06.907000Z,2020-08-24T23:56:07.172000Z,479.601,265.0,418.0,117.114,0.0,0.0,0.0,85.173,2.732121,0.0,0.0,0.0
2020-08-24T23:56:08.902000Z,2020-08-24T23:56:09.593000Z,557.588,691.0,410.0,103.725,0.0,0.0,0.0,85.173,2.846514,0.0,0.0,0.0
2020-08-24T23:56:10.903000Z,2020-08-24T23:56:11.169000Z,493.989,266.0,394.0,126.868,0.0,0.0,0.0,85.173,2.925981,0.0,0.0,0.0
2020-08-24T23:56:13.152000Z,2020-08-24T23:56:13.457000Z,595.536,305.0,412.0,113.916,0.0,0.0,0.0,85.173,2.841836,0.0,0.0,0.0
2020-08-24T23:56:15.148000Z,2020-08-24T23:56:15.464000Z,570.399,316.0,412.0,119.708,0.0,0.0,0.0,85.173,2.664277,0.0,0.0,0.0
2020-08-24T23:56:17.153000Z,2020-08-24T23:56:17.523000Z,722.564,370.0,412.0,137.046,0.0,0.0,0.0,85.173,3.070479,0.0,0.0,0.0
2020-08-24T23:56:19.147000Z,2020-08-24T23:56:21.142000Z,204.623,1995.0,400.0,113.703,0.0,0.0,0.0,85.173,2.784451,0.0,0.0,0.0
2020-08-24T23:56:21.143000Z,2020-08-24T23:56:21.609999Z,470.866,467.0,388.0,624.201,0.0,0.0,0.0,85.173,0.011276,0.0,0.0,0.0
2020-08-24T23:56:23.152000Z,2020-08-24T23:56:23.625000Z,986.062,473.0,388.0,106.044,0.0,0.0,0.0,85.173,1.523279,0.0,0.0,0.0
2020-08-24T23:56:25.152000Z,2020-08-24T23:56:25.587000Z,767.186,435.0,400.0,120.852,0.0,0.0,0.0,85.173,2.791192,0.0,0.0,0.0
2020-08-24T23:56:27.171000Z,2020-08-24T23:56:27.688000Z,1064.79,517.0,400.0,117.891,0.0,0.0,0.0,85.173,2.750922,0.0,0.0,0.0
2020-08-24T23:56:29.153999Z,2020-08-24T23:56:29.918000Z,1206.58,764.0,400.0,165.841,0.0,0.0,0.0,85.173,1.173389,0.0,0.0,0.0
2020-08-24T23:56:31.149000Z,2020-08-24T23:56:31.648000Z,945.122,499.0,538.0,240.048,0.0,0.0,0.0,85.173,2.114168,0.0,0.0,0.0
2020-08-24T23:56:33.155000Z,2020-08-24T23:56:33.545000Z,734.368,390.0,400.0,106.984,0.0,0.0,0.0,85.173,2.057018,0.0,0.0,0.0
2020-08-24T23:56:35.156000Z,2020-08-24T23:56:35.545999Z,390.127,390.0,350.0,137.978,0.0,0.0,0.0,85.173,2.282072,0.0,0.0,0.0
2020-08-24T23:56:37.150000Z,2020-08-24T23:56:37.463000Z,546.799,313.0,351.0,98.772,0.0,0.0,0.0,85.173,0.029281,0.0,0.0,0.0
2020-08-24T23:56:39.151000Z,2020-08-24T23:56:39.585999Z,792.918,435.0,370.0,114.176,0.0,0.0,0.0,85.173,2.647874,0.0,0.0,0.0
2020-08-24T23:56:41.151000Z,2020-08-24T23:56:41.905000Z,956.005,754.0,370.0,155.531,0.0,0.0,0.0,85.47,2.315318,0.0,0.0,0.0
2020-08-24T23:56:43.150000Z,2020-08-24T23:56:43.740000Z,885.081,590.0,362.0,96.982,0.0,0.0,0.0,85.47,2.651728,0.0,0.0,0.0
2020-08-24T23:56:45.155000Z,2020-08-24T23:56:45.801999Z,947.255,647.0,362.0,234.75,0.0,0.0,0.0,85.47,1.590398,0.0,0.0,0.0
2020-08-24T23:56:47.151000Z,2020-08-24T23:56:47.675000Z,923.229,524.0,362.0,184.847,0.0,0.0,0.0,85.47,0.006963,0.0,0.0,0.0
2020-08-24T23:56:49.152000Z,2020-08-24T23:56:49.646000Z,981.222,494.0,340.0,147.283,0.0,0.0,0.0,85.47,2.509182,0.0,0.0,0.0
2020-08-24T23:56:51.150000Z,2020-08-24T23:56:51.681000Z,1057.771,531.0,350.0,118.824,0.0,0.0,0.0,85.47,2.303636,0.0,0.0,0.0
2020-08-24T23:56:53.151000Z,2020-08-24T23:56:53.606000Z,978.285,455.0,352.0,111.717,0.0,0.0,0.0,85.47,2.266916,0.0,0.0,0.0
2020-08-24T23:56:55.149000Z,2020-08-24T23:56:55.593000Z,971.483,444.0,372.0,99.452,0.0,0.0,0.0,85.47,2.848651,0.0,0.0,0.0
2020-08-24T23:56:57.155000Z,2020-08-24T23:56:57.609999Z,956.463,455.0,390.0,97.295,0.0,0.0,0.0,85.47,2.485447,0.0,0.0,0.0
2020-08-24T23:56:59.158000Z,2020-08-24T23:56:59.741000Z,1304.473,583.0,392.0,126.232,0.0,0.0,0.0,85.47,2.331237,0.0,0.0,0.0
2020-08-24T23:57:01.149000Z,2020-08-24T23:57:01.669000Z,1041.729,520.0,400.0,144.165,0.0,0.0,0.0,85.47,2.591802,0.0,0.0,0.0
2020-08-24T23:57:03.155000Z,2020-08-24T23:57:03.369999Z,315.269,215.0,416.0,110.213,0.0,0.0,0.0,85.47,1.640986,0.0,0.0,0.0
2020-08-24T23:57:05.156000Z,2020-08-24T23:57:05.766000Z,986.955,610.0,416.0,106.087,0.0,0.0,0.0,85.47,2.929921,0.0,0.0,0.0
2020-08-24T23:57:07.151000Z,2020-08-24T23:57:07.806000Z,1623.663,655.0,416.0,118.647,0.0,0.0,0.0,85.47,0.664303,0.0,0.0,0.0
2020-08-24T23:57:09.151000Z,2020-08-24T23:57:09.641000Z,1076.022,490.0,414.0,141.279,0.0,0.0,0.0,85.47,3.1552,0.0,0.0,0.0
2020-08-24T23:57:11.151000Z,2020-08-24T23:57:11.641999Z,1007.034,491.0,414.0,174.627,0.0,0.0,0.0,85.47,2.736518,0.0,0.0,0.0
2020-08-24T23:57:13.153000Z,2020-08-24T23:57:13.589000Z,958.271,436.0,496.0,160.55,0.0,0.0,0.0,85.47,3.004982,0.0,0.0,0.0
2020-08-24T23:57:15.148000Z,2020-08-24T23:57:15.611000Z,1032.053,463.0,432.0,148.023,0.0,0.0,0.0,85.47,3.047168,0.0,0.0,0.0
2020-08-24T23:57:17.153999Z,2020-08-24T23:57:17.565000Z,820.288,411.0,414.0,110.558,0.0,0.0,0.0,85.47,2.676347,0.0,0.0,0.0
2020-08-24T23:57:19.150000Z,2020-08-24T23:57:19.316000Z,151.546,166.0,414.0,127.106,0.0,0.0,0.0,85.47,2.359391,0.0,0.0,0.0
2020-08-24T23:57:21.153999Z,2020-08-24T23:57:21.441999Z,574.121,288.0,414.0,99.582,0.0,0.0,0.0,85.47,2.359391,0.0,0.0,0.0
2020-08-24T23:57:23.153000Z,2020-08-24T23:57:23.647000Z,1101.374,494.0,402.0,103.746,0.0,0.0,0.0,85.47,3.17772,0.0,0.0,0.0
2020-08-24T23:57:25.155000Z,2020-08-24T23:57:25.519000Z,760.408,364.0,410.0,121.133,0.0,0.0,0.0,85.47,2.665151,0.0,0.0,0.0
2020-08-24T23:57:27.160000Z,2020-08-24T23:57:27.625999Z,954.451,466.0,410.0,101.582,0.0,0.0,0.0,85.47,2.788463,0.0,0.0,0.0
2020-08-24T23:57:29.169000Z,2020-08-24T23:57:29.611000Z,972.486,442.0,426.0,145.206,0.0,0.0,0.0,85.47,2.568323,0.0,0.0,0.0
2020-08-24T23:57:31.151000Z,2020-08-24T23:57:31.836000Z,1661.299,685.0,400.0,111.278,0.0,0.0,0.0,85.47,3.167073,0.0,0.0,0.0
2020-08-24T23:57:33.153000Z,2020-08-24T23:57:33.755000Z,1593.651,602.0,400.0,146.829,0.0,0.0,0.0,85.47,2.748877,0.0,0.0,0.0
2020-08-24T23:57:35.155000Z,2020-08-24T23:57:35.624000Z,836.794,469.0,426.0,98.501,0.0,0.0,0.0,85.47,3.172561,0.0,0.0,0.0
2020-08-24T23:57:37.150000Z,2020-08-24T23:57:37.743000Z,1560.391,593.0,428.0,181.46,0.0,0.0,0.0,85.47,2.392359,0.0,0.0,0.0
2020-08-24T23:57:39.156000Z,2020-08-24T23:57:39.875000Z,1503.753,719.0,428.0,100.506,0.0,0.0,0.0,85.47,3.364661,0.0,0.0,0.0
2020-08-24T23:57:41.153000Z,2020-08-24T23:57:41.447000Z,578.847,294.0,428.0,180.3,0.0,0.0,0.0,85.47,0.473014,0.0,0.0,0.0
2020-08-24T23:57:43.153000Z,2020-08-24T23:57:43.536000Z,721.156,383.0,434.0,116.813,0.0,0.0,0.0,85.47,2.869243,0.0,0.0,0.0
2020-08-24T23:57:45.153000Z,2020-08-24T23:57:45.991000Z,2022.373,838.0,424.0,99.459,0.0,0.0,0.0,85.47,2.386127,0.0,0.0,0.0
2020-08-24T23:57:47.152000Z,2020-08-24T23:57:47.497999Z,726.3,346.0,376.0,165.133,0.0,0.0,0.0,85.47,2.581287,0.0,0.0,0.0
2020-08-24T23:57:49.150000Z,2020-08-24T23:57:49.535000Z,726.58,385.0,376.0,98.351,0.0,0.0,0.0,85.47,2.787742,0.0,0.0,0.0
2020-08-24T23:57:51.159000Z,2020-08-24T23:57:51.620000Z,1047.188,461.0,376.0,124.631,0.0,0.0,0.0,85.47,2.584839,0.0,0.0,0.0
2020-08-24T23:57:53.150000Z,2020-08-24T23:57:53.624000Z,1041.421,474.0,376.0,105.33,0.0,0.0,0.0,85.47,2.775079,0.0,0.0,0.0
2020-08-24T23:57:55.152000Z,2020-08-24T23:57:55.577999Z,803.1,426.0,378.0,102.205,0.0,0.0,0.0,85.47,2.451337,0.0,0.0,0.0
2020-08-24T23:57:57.151000Z,2020-08-24T23:57:57.526000Z,755.497,375.0,378.0,160.221,0.0,0.0,0.0,85.47,2.354258,0.0,0.0,0.0
2020-08-24T23:57:59.149000Z,2020-08-24T23:57:59.531000Z,733.752,382.0,4.0,112.065,0.0,0.0,0.0,85.47,2.649789,0.0,0.0,0.0
2020-08-24T23:58:01.161000Z,2020-08-24T23:58:01.619000Z,928.095,458.0,400.0,124.704,0.0,0.0,0.0,85.47,2.81259,0.0,0.0,0.0
2020-08-24T23:58:03.153000Z,2020-08-24T23:58:03.547000Z,876.187,394.0,400.0,139.584,0.0,0.0,0.0,85.47,2.725566,0.0,0.0,0.0
2020-08-24T23:58:05.151000Z,2020-08-24T23:58:05.583000Z,799.446,432.0,388.0,95.252,0.0,0.0,0.0,85.47,2.898157,0.0,0.0,0.0
2020-08-24T23:58:07.151000Z,2020-08-24T23:58:07.454000Z,583.012,303.0,388.0,157.111,0.0,0.0,0.0,85.47,2.293743,0.0,0.0,0.0
2020-08-24T23:58:09.151000Z,2020-08-24T23:58:09.508000Z,640.223,357.0,388.0,102.958,0.0,0.0,0.0,85.47,2.82702,0.0,0.0,0.0
2020-08-24T23:58:11.148000Z,2020-08-24T23:58:11.492000Z,640.318,344.0,389.0,96.248,0.0,0.0,0.0,85.47,1.703358,0.0,0.0,0.0
2020-08-24T23:58:13.151000Z,2020-08-24T23:58:13.623000Z,728.588,472.0,396.0,135.281,0.0,0.0,0.0,85.47,2.615208,0.0,0.0,0.0
2020-08-24T23:58:15.149000Z,2020-08-24T23:58:15.710000Z,791.975,561.0,396.0,240.72,0.0,0.0,0.0,85.47,1.910731,0.0,0.0,0.0
2020-08-24T23:58:17.153999Z,2020-08-24T23:58:17.499000Z,680.134,345.0,420.0,260.847,0.0,0.0,0.0,85.47,2.375807,0.0,0.0,0.0
2020-08-24T23:58:19.150000Z,2020-08-24T23:58:19.481000Z,677.423,331.0,380.0,100.81,0.0,0.0,0.0,85.47,2.516051,0.0,0.0,0.0
2020-08-24T23:58:21.151000Z,2020-08-24T23:58:21.577000Z,640.983,426.0,380.0,102.15,0.0,0.0,0.0,85.47,2.776823,0.0,0.0,0.0
2020-08-24T23:58:23.151000Z,2020-08-24T23:58:23.566000Z,651.333,415.0,380.0,224.887,0.0,0.0,0.0,85.47,2.200373,0.0,0.0,0.0
2020-08-24T23:58:25.156000Z,2020-08-24T23:58:25.593000Z,898.69,437.0,380.0,168.347,0.0,0.0,0.0,85.47,2.268554,0.0,0.0,0.0
2020-08-24T23:58:27.153000Z,2020-08-24T23:58:27.905000Z,1850.661,752.0,380.0,140.965,0.0,0.0,0.0,85.47,2.57533,0.0,0.0,0.0
2020-08-24T23:58:29.155000Z,2020-08-24T23:58:29.941000Z,1847.685,786.0,400.0,129.911,0.0,0.0,0.0,85.47,2.888168,0.0,0.0,0.0
2020-08-24T23:58:31.151000Z,2020-08-24T23:58:31.821000Z,1339.053,670.0,408.0,207.431,0.0,0.0,0.0,85.47,2.278959,0.0,0.0,0.0
2020-08-24T23:58:33.152000Z,2020-08-24T23:58:33.601999Z,934.269,450.0,408.0,150.661,0.0,0.0,0.0,85.47,2.308608,0.0,0.0,0.0
2020-08-24T23:58:35.148000Z,2020-08-24T23:58:35.487000Z,629.417,339.0,416.0,128.678,0.0,0.0,0.0,85.47,2.366442,0.0,0.0,0.0
2020-08-24T23:58:37.153000Z,2020-08-24T23:58:37.644000Z,1212.476,491.0,416.0,133.81,0.0,0.0,0.0,85.47,2.669739,0.0,0.0,0.0
2020-08-24T23:58:39.149000Z,2020-08-24T23:58:39.869000Z,918.92,720.0,426.0,119.816,0.0,0.0,0.0,85.47,3.065685,0.0,0.0,0.0
2020-08-24T23:58:41.150000Z,2020-08-24T23:58:41.561000Z,1018.007,411.0,434.0,133.576,0.0,0.0,0.0,85.47,2.925805,0.0,0.0,0.0
2020-08-24T23:58:43.151000Z,2020-08-24T23:58:43.585000Z,999.67,434.0,438.0,106.805,0.0,0.0,0.0,85.47,3.157698,0.0,0.0,0.0
2020-08-24T23:58:45.155000Z,2020-08-24T23:58:45.852000Z,1565.056,697.0,442.0,137.661,0.0,0.0,0.0,85.47,3.024537,0.0,0.0,0.0
2020-08-24T23:58:47.169000Z,2020-08-24T23:58:47.669000Z,1240.207,500.0,439.0,219.621,0.0,0.0,0.0,85.47,2.263592,0.0,0.0,0.0
2020-08-24T23:58:49.152000Z,2020-08-24T23:58:49.392000Z,460.988,240.0,440.0,117.956,0.0,0.0,0.0,85.47,3.073342,0.0,0.0,0.0
2020-08-24T23:58:51.152000Z,2020-08-24T23:58:51.606000Z,1117.003,454.0,440.0,108.567,0.0,0.0,0.0,85.47,3.004276,0.0,0.0,0.0
2020-08-24T23:58:53.152000Z,2020-08-24T23:58:53.545000Z,790.029,393.0,440.0,124.211,0.0,0.0,0.0,85.47,3.145841,0.0,0.0,0.0
2020-08-24T23:58:55.156000Z,2020-08-24T23:58:55.587000Z,756.178,431.0,442.0,154.917,0.0,0.0,0.0,85.47,2.708707,0.0,0.0,0.0
2020-08-24T23:58:57.155000Z,2020-08-24T23:58:57.847000Z,827.235,692.0,412.0,103.401,0.0,0.0,0.0,85.47,0.728834,0.0,0.0,0.0
2020-08-24T23:58:59.152000Z,2020-08-24T23:58:59.455000Z,639.344,303.0,436.0,104.472,0.0,0.0,0.0,85.47,3.11114,0.0,0.0,0.0
2020-08-24T23:59:01.153999Z,2020-08-24T23:59:01.545999Z,712.714,392.0,426.0,102.303,0.0,0.0,0.0,85.47,2.824809,0.0,0.0,0.0
2020-08-24T23:59:03.153000Z,2020-08-24T23:59:03.929999Z,1951.682,777.0,420.0,189.944,0.0,0.0,0.0,85.47,2.447375,0.0,0.0,0.0
2020-08-24T23:59:05.160000Z,2020-08-24T23:59:06.799000Z,2810.358,1639.0,442.0,102.936,0.0,0.0,0.0,85.47,0.60058,0.0,0.0,0.0
2020-08-24T23:59:07.153999Z,2020-08-24T23:59:08.414000Z,2691.217,1260.0,442.0,232.096,0.0,0.0,0.0,85.47,1.999265,0.0,0.0,0.0
2020-08-24T23:59:09.153000Z,2020-08-24T23:59:09.956000Z,1990.135,803.0,319.0,132.307,0.0,0.0,0.0,85.47,0.745145,0.0,0.0,0.0
2020-08-24T23:59:11.155000Z,2020-08-24T23:59:11.492000Z,595.548,337.0,386.0,102.269,0.0,0.0,0.0,84.846,2.148842,0.0,0.0,0.0
2020-08-24T23:59:13.151000Z,2020-08-24T23:59:13.392000Z,456.086,241.0,398.0,107.614,0.0,0.0,0.0,84.846,2.746486,0.0,0.0,0.0
2020-08-24T23:59:15.151000Z,2020-08-24T23:59:15.504000Z,754.795,353.0,398.0,94.426,0.0,0.0,0.0,84.846,3.051111,0.0,0.0,0.0
2020-08-24T23:59:17.159000Z,2020-08-24T23:59:17.376000Z,347.174,217.0,398.0,102.754,0.0,0.0,0.0,84.846,2.902444,0.0,0.0,0.0
2020-08-24T23:59:19.155000Z,2020-08-24T23:59:19.392000Z,351.558,237.0,398.0,102.409,0.0,0.0,0.0,84.846,2.81898,0.0,0.0,0.0
2020-08-24T23:59:21.151000Z,2020-08-24T23:59:21.393000Z,455.021,242.0,422.0,96.294,0.0,0.0,0.0,84.846,2.445304,0.0,0.0,0.0
2020-08-24T23:59:23.150000Z,2020-08-24T23:59:23.385999Z,403.354,236.0,418.0,105.112,0.0,0.0,0.0,84.846,3.236743,0.0,0.0,0.0
2020-08-24T23:59:25.152000Z,2020-08-24T23:59:25.461000Z,584.938,309.0,414.0,119.021,0.0,0.0,0.0,84.846,2.690667,0.0,0.0,0.0
2020-08-24T23:59:27.153000Z,2020-08-24T23:59:27.356000Z,311.577,203.0,414.0,123.202,0.0,0.0,0.0,84.846,2.876283,0.0,0.0,0.0
2020-08-24T23:59:29.150000Z,2020-08-24T23:59:29.366000Z,313.748,216.0,412.0,110.883,0.0,0.0,0.0,84.846,2.934483,0.0,0.0,0.0
2020-08-24T23:59:31.149000Z,2020-08-24T23:59:31.372000Z,326.514,223.0,412.0,103.92,0.0,0.0,0.0,84.846,2.795932,0.0,0.0,0.0
2020-08-24T23:59:33.156000Z,2020-08-24T23:59:33.380000Z,322.789,224.0,376.0,118.037,0.0,0.0,0.0,84.846,2.603944,0.0,0.0,0.0
2020-08-24T23:59:35.153000Z,2020-08-24T23:59:35.405000Z,318.976,252.0,4.0,106.289,0.0,0.0,0.0,84.846,2.562369,0.0,0.0,0.0
2020-08-24T23:59:37.155000Z,2020-08-24T23:59:37.382000Z,337.994,227.0,382.0,112.121,0.0,0.0,0.0,84.846,2.414207,0.0,0.0,0.0
2020-08-24T23:59:39.151000Z,2020-08-24T23:59:39.369999Z,330.676,219.0,358.0,109.021,0.0,0.0,0.0,84.846,2.655994,0.0,0.0,0.0
2020-08-24T23:59:41.153000Z,2020-08-24T23:59:41.365000Z,324.669,212.0,340.0,95.035,0.0,0.0,0.0,84.577,2.556197,0.0,0.0,0.0
2020-08-24T23:59:43.152000Z,2020-08-24T23:59:43.364000Z,331.145,212.0,342.0,97.468,0.0,0.0,0.0,84.577,2.742558,0.0,0.0,0.0
2020-08-24T23:59:45.153999Z,2020-08-24T23:59:45.373000Z,314.489,219.0,342.0,97.953,0.0,0.0,0.0,84.577,2.629994,0.0,0.0,0.0
2020-08-24T23:59:47.151000Z,2020-08-24T23:59:47.383000Z,361.972,232.0,342.0,100.175,0.0,0.0,0.0,84.577,2.578229,0.0,0.0,0.0
2020-08-24T23:59:49.156000Z,2020-08-24T23:59:49.632000Z,988.727,476.0,348.0,104.181,0.0,0.0,0.0,84.577,2.580945,0.0,0.0,0.0
2020-08-24T23:59:51.153999Z,2020-08-24T23:59:51.683000Z,1228.954,529.0,348.0,113.059,0.0,0.0,0.0,84.577,2.804422,0.0,0.0,0.0
2020-08-24T23:59:53.156000Z,2020-08-24T23:59:53.774000Z,1476.305,618.0,400.0,94.774,0.0,0.0,0.0,84.577,2.793014,0.0,0.0,0.0
2020-08-24T23:59:55.153000Z,2020-08-24T23:59:55.584000Z,975.079,431.0,400.0,107.845,0.0,0.0,0.0,84.577,2.878131,0.0,0.0,0.0
