start_time,end_time,size,trans_time,cwnd,rtt,rto,ssthresh,last_snd,min_rtt,delivery_rate,bytes_sent,bytes_retrans,client_trans_time
2020-08-25T05:05:13.993000Z,2020-08-25T05:05:14.156000Z,37.961,163.0,14.0,59.361,0.0,0.0,0.0,52.501,0.055279,0.0,0.0,0.0
2020-08-25T05:05:14.156999Z,2020-08-25T05:05:14.275000Z,40.534,118.0,56.0,55.068,0.0,0.0,0.0,47.185,0.689498,0.0,0.0,0.0
2020-08-25T05:05:14.275000Z,2020-08-25T05:05:14.441000Z,123.942,166.0,81.0,56.116,0.0,0.0,0.0,47.185,0.574748,0.0,0.0,0.0
2020-08-25T05:05:14.442000Z,2020-08-25T05:05:14.561000Z,216.478,119.0,125.0,54.276,0.0,0.0,0.0,47.185,2.004287,0.0,0.0,0.0
2020-08-25T05:05:14.561999Z,2020-08-25T05:05:14.728000Z,363.394,166.0,265.0,54.306,0.0,0.0,0.0,47.084,2.783399,0.0,0.0,0.0
2020-08-25T05:05:14.728000Z,2020-08-25T05:05:14.824000Z,468.496,96.0,434.0,54.018,0.0,0.0,0.0,47.084,1.65042,0.0,0.0,0.0
2020-08-25T05:05:14.825000Z,2020-08-25T05:05:14.943000Z,689.899,118.0,596.0,55.52,0.0,0.0,0.0,47.084,5.707584,0.0,0.0,0.0
2020-08-25T05:05:14.944000Z,2020-08-25T05:05:15.053000Z,227.834,109.0,629.0,67.523,0.0,0.0,0.0,47.084,6.285175,0.0,0.0,0.0
2020-08-25T05:05:15.510000Z,2020-08-25T05:05:15.624000Z,355.296,114.0,629.0,62.267,0.0,0.0,0.0,47.084,3.621044,0.0,0.0,0.0
2020-08-25T05:05:17.541000Z,2020-08-25T05:05:17.652000Z,363.282,111.0,629.0,70.253,0.0,0.0,0.0,47.084,0.09632,0.0,0.0,0.0
2020-08-25T05:05:19.617999Z,2020-08-25T05:05:19.742000Z,361.205,124.0,420.0,60.398,0.0,0.0,0.0,47.084,4.832959,0.0,0.0,0.0
2020-08-25T05:05:21.671000Z,2020-08-25T05:05:21.937000Z,1257.501,266.0,420.0,55.642,0.0,0.0,0.0,47.084,5.274235,0.0,0.0,0.0
2020-08-25T05:05:23.480000Z,2020-08-25T05:05:23.819000Z,2103.822,339.0,510.0,57.183,0.0,0.0,0.0,47.084,5.321617,0.0,0.0,0.0
2020-08-25T05:05:25.549000Z,2020-08-25T05:05:25.833999Z,1829.842,285.0,578.0,54.182,0.0,0.0,0.0,46.844,7.482473,0.0,0.0,0.0
2020-08-25T05:05:27.644000Z,2020-08-25T05:05:27.839000Z,1288.726,195.0,654.0,53.22,0.0,0.0,0.0,46.844,8.624387,0.0,0.0,0.0
2020-08-25T05:05:29.454000Z,2020-08-25T05:05:29.696000Z,1896.676,242.0,732.0,55.044,0.0,0.0,0.0,46.844,7.902682,0.0,0.0,0.0
2020-08-25T05:05:31.523000Z,2020-08-25T05:05:31.774000Z,2177.338,251.0,838.0,53.648,0.0,0.0,0.0,46.844,10.38711,0.0,0.0,0.0
2020-08-25T05:05:33.599000Z,2020-08-25T05:05:34.113000Z,2022.786,514.0,882.0,55.98,0.0,0.0,0.0,46.844,11.47424,0.0,0.0,0.0
2020-08-25T05:05:35.436000Z,2020-08-25T05:05:35.653000Z,1931.806,217.0,932.0,56.984,0.0,0.0,0.0,46.844,11.11885,0.0,0.0,0.0
2020-08-25T05:05:37.544999Z,2020-08-25T05:05:37.721000Z,1391.528,176.0,1036.0,57.067,0.0,0.0,0.0,46.844,12.655934,0.0,0.0,0.0
2020-08-25T05:05:39.600999Z,2020-08-25T05:05:39.750000Z,1238.749,149.0,1036.0,66.506,0.0,0.0,0.0,46.844,13.910685,0.0,0.0,0.0
2020-08-25T05:05:41.430000Z,2020-08-25T05:05:41.550000Z,819.053,120.0,1046.0,57.599,0.0,0.0,0.0,46.844,14.819364,0.0,0.0,0.0
2020-08-25T05:05:43.536000Z,2020-08-25T05:05:43.657999Z,734.173,122.0,1046.0,57.579,0.0,0.0,0.0,46.844,13.546223,0.0,0.0,0.0
2020-08-25T05:05:45.635000Z,2020-08-25T05:05:45.769999Z,843.759,135.0,1062.0,57.002,0.0,0.0,0.0,46.844,0.804667,0.0,0.0,0.0
2020-08-25T05:05:47.695000Z,2020-08-25T05:05:47.852000Z,1184.237,157.0,1062.0,69.623,0.0,0.0,0.0,46.844,10.742259,0.0,0.0,0.0
2020-08-25T05:05:49.524000Z,2020-08-25T05:05:49.680000Z,1139.201,156.0,1032.0,63.958,0.0,0.0,0.0,46.844,14.29887,0.0,0.0,0.0
2020-08-25T05:05:51.605000Z,2020-08-25T05:05:51.760000Z,1271.561,155.0,1046.0,65.745,0.0,0.0,0.0,46.844,12.63456,0.0,0.0,0.0
2020-08-25T05:05:53.702000Z,2020-08-25T05:05:53.846000Z,1167.245,144.0,1032.0,56.982,0.0,0.0,0.0,46.844,13.46217,0.0,0.0,0.0
2020-08-25T05:05:55.514000Z,2020-08-25T05:05:55.644000Z,891.978,130.0,1042.0,58.507,0.0,0.0,0.0,46.844,13.774032,0.0,0.0,0.0
2020-08-25T05:05:57.615000Z,2020-08-25T05:05:57.728000Z,416.665,113.0,1042.0,59.493,0.0,0.0,0.0,46.844,12.572387,0.0,0.0,0.0
2020-08-25T05:05:59.724000Z,2020-08-25T05:05:59.841999Z,632.839,118.0,1042.0,62.115,0.0,0.0,0.0,46.844,6.425333,0.0,0.0,0.0
2020-08-25T05:06:01.553000Z,2020-08-25T05:06:01.677000Z,354.175,124.0,1042.0,59.658,0.0,0.0,0.0,46.844,10.415061,0.0,0.0,0.0
2020-08-25T05:06:03.640000Z,2020-08-25T05:06:03.756000Z,604.603,116.0,1042.0,63.578,0.0,0.0,0.0,46.844,10.415061,0.0,0.0,0.0
2020-08-25T05:06:05.719000Z,2020-08-25T05:06:05.837000Z,716.09,118.0,1124.0,59.056,0.0,0.0,0.0,46.844,10.415061,0.0,0.0,0.0
2020-08-25T05:06:07.543000Z,2020-08-25T05:06:07.662000Z,671.864,119.0,900.0,57.768,0.0,0.0,0.0,46.844,12.12968,0.0,0.0,0.0
2020-08-25T05:06:09.644000Z,2020-08-25T05:06:09.761000Z,664.922,117.0,824.0,56.49,0.0,0.0,0.0,46.844,12.12968,0.0,0.0,0.0
2020-08-25T05:06:11.702000Z,2020-08-25T05:06:11.860000Z,838.157,158.0,818.0,54.26,0.0,0.0,0.0,46.844,10.293005,0.0,0.0,0.0
2020-08-25T05:06:13.516000Z,2020-08-25T05:06:13.725000Z,1678.18,209.0,850.0,57.398,0.0,0.0,0.0,46.844,12.262845,0.0,0.0,0.0
2020-08-25T05:06:15.619000Z,2020-08-25T05:06:15.821000Z,1701.33,202.0,882.0,59.46,0.0,0.0,0.0,46.844,13.058127,0.0,0.0,0.0
2020-08-25T05:06:17.692999Z,2020-08-25T05:06:17.891000Z,1685.888,198.0,928.0,54.312,0.0,0.0,0.0,46.844,12.71794,0.0,0.0,0.0
2020-08-25T05:06:19.527000Z,2020-08-25T05:06:19.717000Z,1717.008,190.0,972.0,55.548,0.0,0.0,0.0,46.844,11.146364,0.0,0.0,0.0
2020-08-25T05:06:21.631000Z,2020-08-25T05:06:21.750000Z,776.345,119.0,1026.0,58.733,0.0,0.0,0.0,46.844,13.049478,0.0,0.0,0.0
2020-08-25T05:06:23.715000Z,2020-08-25T05:06:23.836000Z,681.345,121.0,1068.0,56.252,0.0,0.0,0.0,46.844,1.038478,0.0,0.0,0.0
2020-08-25T05:06:25.521000Z,2020-08-25T05:06:25.641000Z,693.549,120.0,1068.0,60.52,0.0,0.0,0.0,46.844,10.714136,0.0,0.0,0.0
2020-08-25T05:06:27.613000Z,2020-08-25T05:06:27.756000Z,1076.292,143.0,1068.0,69.137,0.0,0.0,0.0,46.844,11.734188,0.0,0.0,0.0
2020-08-25T05:06:29.708999Z,2020-08-25T05:06:29.904000Z,1772.339,195.0,1068.0,60.662,0.0,0.0,0.0,46.844,12.97459,0.0,0.0,0.0
2020-08-25T05:06:31.540000Z,2020-08-25T05:06:31.718000Z,1575.709,178.0,1050.0,65.148,0.0,0.0,0.0,46.844,13.163859,0.0,0.0,0.0
2020-08-25T05:06:33.608000Z,2020-08-25T05:06:33.744000Z,1015.76,136.0,1074.0,60.983,0.0,0.0,0.0,46.844,13.564731,0.0,0.0,0.0
2020-08-25T05:06:35.667000Z,2020-08-25T05:06:35.807000Z,850.176,140.0,1068.0,57.988,0.0,0.0,0.0,46.844,15.035442,0.0,0.0,0.0
2020-08-25T05:06:37.485000Z,2020-08-25T05:06:37.661000Z,1452.883,176.0,1068.0,75.331,0.0,0.0,0.0,46.844,11.142203,0.0,0.0,0.0
2020-08-25T05:06:39.564000Z,2020-08-25T05:06:39.756000Z,1620.042,192.0,1058.0,66.63,0.0,0.0,0.0,46.844,13.271596,0.0,0.0,0.0
2020-08-25T05:06:41.672000Z,2020-08-25T05:06:41.913000Z,2390.628,241.0,1058.0,72.762,0.0,0.0,0.0,46.844,12.942799,0.0,0.0,0.0
2020-08-25T05:06:43.747000Z,2020-08-25T05:06:43.889000Z,970.329,142.0,1052.0,64.738,0.0,0.0,0.0,46.844,0.879758,0.0,0.0,0.0
2020-08-25T05:06:45.577999Z,2020-08-25T05:06:45.716000Z,964.934,138.0,1052.0,63.7,0.0,0.0,0.0,46.844,13.571789,0.0,0.0,0.0
2020-08-25T05:06:47.661000Z,2020-08-25T05:06:47.793000Z,979.054,132.0,1052.0,57.464,0.0,0.0,0.0,46.844,0.936597,0.0,0.0,0.0
2020-08-25T05:06:49.729999Z,2020-08-25T05:06:49.868000Z,953.887,138.0,974.0,60.558,0.0,0.0,0.0,46.844,13.38155,0.0,0.0,0.0
2020-08-25T05:06:51.528000Z,2020-08-25T05:06:51.663000Z,964.605,135.0,978.0,56.458,0.0,0.0,0.0,46.844,12.5673,0.0,0.0,0.0
