start_time,end_time,size,trans_time,cwnd,rtt,rto,ssthresh,last_snd,min_rtt,delivery_rate,bytes_sent,bytes_retrans,client_trans_time
2020-08-24T22:42:44.561999Z,2020-08-24T22:42:44.599000Z,19.92,37.0,632.0,8.311,0.0,0.0,0.0,5.375,55.611403,0.0,0.0,0.0
2020-08-24T22:42:44.599000Z,2020-08-24T22:42:44.607000Z,13.906,8.0,632.0,7.501,0.0,0.0,0.0,5.375,55.611403,0.0,0.0,0.0
2020-08-24T22:42:44.607000Z,2020-08-24T22:42:44.622000Z,49.032,15.0,632.0,7.239,0.0,0.0,0.0,5.375,55.611403,0.0,0.0,0.0
2020-08-24T22:42:44.622000Z,2020-08-24T22:42:44.639000Z,117.263,17.0,632.0,7.519,0.0,0.0,0.0,5.375,55.611403,0.0,0.0,0.0
2020-08-24T22:42:44.639000Z,2020-08-24T22:42:44.657000Z,95.009,18.0,632.0,7.403,0.0,0.0,0.0,5.375,15.094303,0.0,0.0,0.0
2020-08-24T22:42:44.657999Z,2020-08-24T22:42:44.673999Z,171.786,16.0,632.0,8.62,0.0,0.0,0.0,5.375,15.094303,0.0,0.0,0.0
2020-08-24T22:42:44.673999Z,2020-08-24T22:42:44.689000Z,189.517,15.0,272.0,7.929,0.0,0.0,0.0,5.375,26.81119,0.0,0.0,0.0
2020-08-24T22:42:44.689999Z,2020-08-24T22:42:44.709000Z,283.806,19.0,272.0,6.808,0.0,0.0,0.0,5.375,26.284602,0.0,0.0,0.0
2020-08-24T22:42:45.964000Z,2020-08-24T22:42:45.982000Z,307.868,18.0,304.0,6.844,0.0,0.0,0.0,5.375,26.505372,0.0,0.0,0.0
2020-08-24T22:42:47.968999Z,2020-08-24T22:42:47.990000Z,297.074,21.0,316.0,6.838,0.0,0.0,0.0,5.375,30.444854,0.0,0.0,0.0
2020-08-24T22:42:49.971000Z,2020-08-24T22:42:49.990000Z,289.724,19.0,326.0,8.287,0.0,0.0,0.0,5.375,9.415102,0.0,0.0,0.0
2020-08-24T22:42:51.978000Z,2020-08-24T22:42:51.997000Z,277.568,19.0,342.0,7.708,0.0,0.0,0.0,5.375,30.48421,0.0,0.0,0.0
2020-08-24T22:42:53.733000Z,2020-08-24T22:42:53.752000Z,290.908,19.0,382.0,7.461,0.0,0.0,0.0,5.375,31.673211,0.0,0.0,0.0
2020-08-24T22:42:55.741000Z,2020-08-24T22:42:55.760000Z,358.676,19.0,394.0,7.472,0.0,0.0,0.0,5.375,34.996367,0.0,0.0,0.0
2020-08-24T22:42:57.994000Z,2020-08-24T22:42:58.014000Z,390.134,20.0,402.0,7.142,0.0,0.0,0.0,5.375,35.458519,0.0,0.0,0.0
2020-08-24T22:42:59.999000Z,2020-08-24T22:43:00.019000Z,382.554,20.0,398.0,8.097,0.0,0.0,0.0,5.375,9.208267,0.0,0.0,0.0
2020-08-24T22:43:02.001000Z,2020-08-24T22:43:02.021000Z,381.581,20.0,409.0,8.198,0.0,0.0,0.0,5.375,40.73188,0.0,0.0,0.0
2020-08-24T22:43:03.754000Z,2020-08-24T22:43:03.769000Z,177.632,15.0,412.0,7.755,0.0,0.0,0.0,5.375,9.660652,0.0,0.0,0.0
2020-08-24T22:43:05.758000Z,2020-08-24T22:43:05.775000Z,190.162,17.0,412.0,7.668,0.0,0.0,0.0,5.375,24.004736,0.0,0.0,0.0
2020-08-24T22:43:07.763000Z,2020-08-24T22:43:07.781000Z,293.095,18.0,412.0,8.87,0.0,0.0,0.0,5.375,24.093509,0.0,0.0,0.0
2020-08-24T22:43:09.768000Z,2020-08-24T22:43:09.791000Z,348.348,23.0,246.0,8.103,0.0,0.0,0.0,5.375,9.420671,0.0,0.0,0.0
2020-08-24T22:43:11.773000Z,2020-08-24T22:43:11.803000Z,385.648,30.0,286.0,6.649,0.0,0.0,0.0,5.375,26.279491,0.0,0.0,0.0
2020-08-24T22:43:13.779000Z,2020-08-24T22:43:13.799000Z,309.126,20.0,268.0,6.579,0.0,0.0,0.0,5.0,8.440911,0.0,0.0,0.0
2020-08-24T22:43:15.784000Z,2020-08-24T22:43:15.801000Z,236.998,17.0,268.0,7.179,0.0,0.0,0.0,5.0,28.417923,0.0,0.0,0.0
2020-08-24T22:43:17.787000Z,2020-08-24T22:43:17.808000Z,259.554,21.0,295.0,6.686,0.0,0.0,0.0,5.0,31.670287,0.0,0.0,0.0
2020-08-24T22:43:19.791000Z,2020-08-24T22:43:19.807000Z,235.818,16.0,326.0,8.169,0.0,0.0,0.0,5.0,27.685484,0.0,0.0,0.0
2020-08-24T22:43:21.797000Z,2020-08-24T22:43:21.813000Z,226.132,16.0,326.0,7.188,0.0,0.0,0.0,5.0,33.080195,0.0,0.0,0.0
2020-08-24T22:43:23.887000Z,2020-08-24T22:43:23.904000Z,245.246,17.0,354.0,7.679,0.0,0.0,0.0,5.0,9.486599,0.0,0.0,0.0
2020-08-24T22:43:25.804999Z,2020-08-24T22:43:25.822000Z,227.696,17.0,354.0,7.432,0.0,0.0,0.0,5.0,32.592298,0.0,0.0,0.0
2020-08-24T22:43:27.810000Z,2020-08-24T22:43:27.828000Z,281.184,18.0,330.0,7.755,0.0,0.0,0.0,5.0,8.877246,0.0,0.0,0.0
2020-08-24T22:43:29.815000Z,2020-08-24T22:43:29.832000Z,252.408,17.0,330.0,7.008,0.0,0.0,0.0,5.0,28.130879,0.0,0.0,0.0
2020-08-24T22:43:31.820000Z,2020-08-24T22:43:31.839000Z,276.292,19.0,330.0,7.338,0.0,0.0,0.0,5.0,32.127435,0.0,0.0,0.0
2020-08-24T22:43:33.825000Z,2020-08-24T22:43:33.844000Z,281.377,19.0,326.0,7.788,0.0,0.0,0.0,5.0,9.40954,0.0,0.0,0.0
2020-08-24T22:43:35.826000Z,2020-08-24T22:43:35.844000Z,281.787,18.0,326.0,8.794,0.0,0.0,0.0,5.0,28.670181,0.0,0.0,0.0
2020-08-24T22:43:37.829000Z,2020-08-24T22:43:37.849000Z,322.779,20.0,326.0,7.412,0.0,0.0,0.0,5.0,9.381828,0.0,0.0,0.0
2020-08-24T22:43:39.833999Z,2020-08-24T22:43:39.853000Z,289.428,19.0,344.0,7.096,0.0,0.0,0.0,5.0,29.809899,0.0,0.0,0.0
2020-08-24T22:43:41.836000Z,2020-08-24T22:43:41.855000Z,294.879,19.0,344.0,7.731,0.0,0.0,0.0,5.0,31.087005,0.0,0.0,0.0
2020-08-24T22:43:43.837000Z,2020-08-24T22:43:43.854000Z,264.18,17.0,363.0,7.243,0.0,0.0,0.0,5.0,37.752574,0.0,0.0,0.0
2020-08-24T22:43:45.844000Z,2020-08-24T22:43:45.861000Z,284.974,17.0,420.0,7.115,0.0,0.0,0.0,5.0,35.907727,0.0,0.0,0.0
2020-08-24T22:43:47.850000Z,2020-08-24T22:43:47.865999Z,235.491,16.0,386.0,7.632,0.0,0.0,0.0,5.0,10.223363,0.0,0.0,0.0
2020-08-24T22:43:49.854000Z,2020-08-24T22:43:49.873000Z,320.965,19.0,386.0,7.134,0.0,0.0,0.0,5.0,32.098002,0.0,0.0,0.0
2020-08-24T22:43:51.854000Z,2020-08-24T22:43:51.873000Z,335.279,19.0,408.0,7.583,0.0,0.0,0.0,5.0,39.711743,0.0,0.0,0.0
2020-08-24T22:43:53.859000Z,2020-08-24T22:43:53.879000Z,413.901,20.0,417.0,8.412,0.0,0.0,0.0,5.0,40.654609,0.0,0.0,0.0
2020-08-24T22:43:55.862000Z,2020-08-24T22:43:55.877000Z,129.788,15.0,418.0,7.508,0.0,0.0,0.0,5.0,39.216249,0.0,0.0,0.0
2020-08-24T22:43:57.867000Z,2020-08-24T22:43:57.881999Z,118.71,15.0,418.0,7.918,0.0,0.0,0.0,5.0,8.59811,0.0,0.0,0.0
2020-08-24T22:43:59.872000Z,2020-08-24T22:43:59.888000Z,110.147,16.0,414.0,7.218,0.0,0.0,0.0,5.0,15.289045,0.0,0.0,0.0
2020-08-24T22:44:01.876999Z,2020-08-24T22:44:01.912000Z,479.036,35.0,162.0,7.817,0.0,0.0,0.0,5.0,8.701447,0.0,0.0,0.0
2020-08-24T22:44:03.880000Z,2020-08-24T22:44:03.910000Z,485.912,30.0,230.0,6.624,0.0,0.0,0.0,5.0,20.811846,0.0,0.0,0.0
2020-08-24T22:44:05.882000Z,2020-08-24T22:44:05.910000Z,508.202,28.0,296.0,6.807,0.0,0.0,0.0,5.0,28.754058,0.0,0.0,0.0
2020-08-24T22:44:07.884000Z,2020-08-24T22:44:07.911000Z,477.066,27.0,382.0,6.906,0.0,0.0,0.0,5.0,35.108542,0.0,0.0,0.0
2020-08-24T22:44:09.894000Z,2020-08-24T22:44:09.915000Z,374.733,21.0,442.0,8.173,0.0,0.0,0.0,5.0,33.068148,0.0,0.0,0.0
2020-08-24T22:44:11.896999Z,2020-08-24T22:44:11.919000Z,472.941,22.0,378.0,7.25,0.0,0.0,0.0,5.0,8.23791,0.0,0.0,0.0
2020-08-24T22:44:13.901000Z,2020-08-24T22:44:13.921999Z,426.236,21.0,444.0,7.779,0.0,0.0,0.0,5.0,40.940476,0.0,0.0,0.0
2020-08-24T22:44:15.903000Z,2020-08-24T22:44:15.921999Z,380.473,19.0,444.0,7.739,0.0,0.0,0.0,5.0,9.768782,0.0,0.0,0.0
2020-08-24T22:44:17.910000Z,2020-08-24T22:44:17.927000Z,310.685,17.0,453.0,8.183,0.0,0.0,0.0,5.0,43.163401,0.0,0.0,0.0
2020-08-24T22:44:19.947000Z,2020-08-24T22:44:19.965000Z,317.84,18.0,454.0,7.687,0.0,0.0,0.0,5.0,37.007534,0.0,0.0,0.0
2020-08-24T22:44:21.916999Z,2020-08-24T22:44:21.936000Z,319.213,19.0,454.0,7.593,0.0,0.0,0.0,5.0,10.16789,0.0,0.0,0.0
2020-08-24T22:44:23.921000Z,2020-08-24T22:44:23.940000Z,372.813,19.0,454.0,7.936,0.0,0.0,0.0,5.0,37.209985,0.0,0.0,0.0
2020-08-24T22:44:25.927000Z,2020-08-24T22:44:25.943000Z,242.115,16.0,466.0,8.504,0.0,0.0,0.0,5.0,7.981959,0.0,0.0,0.0
2020-08-24T22:44:27.929999Z,2020-08-24T22:44:27.952000Z,380.111,22.0,466.0,7.601,0.0,0.0,0.0,5.0,32.11414,0.0,0.0,0.0
2020-08-24T22:44:29.937000Z,2020-08-24T22:44:29.959000Z,516.233,22.0,462.0,8.782,0.0,0.0,0.0,5.0,32.206065,0.0,0.0,0.0
2020-08-24T22:44:31.942000Z,2020-08-24T22:44:31.967000Z,559.292,25.0,497.0,8.062,0.0,0.0,0.0,5.0,52.280977,0.0,0.0,0.0
2020-08-24T22:44:33.948000Z,2020-08-24T22:44:33.973000Z,525.207,25.0,530.0,10.017,0.0,0.0,0.0,5.0,47.859353,0.0,0.0,0.0
2020-08-24T22:44:35.958000Z,2020-08-24T22:44:35.977999Z,411.44,20.0,504.0,7.18,0.0,0.0,0.0,5.0,8.979844,0.0,0.0,0.0
2020-08-24T22:44:37.959000Z,2020-08-24T22:44:37.977999Z,441.548,19.0,504.0,8.463,0.0,0.0,0.0,5.0,46.327884,0.0,0.0,0.0
2020-08-24T22:44:39.966000Z,2020-08-24T22:44:39.985000Z,465.499,19.0,600.0,8.026,0.0,0.0,0.0,5.0,8.852577,0.0,0.0,0.0
2020-08-24T22:44:41.968000Z,2020-08-24T22:44:42.025000Z,670.343,57.0,621.0,8.215,0.0,0.0,0.0,5.0,56.387418,0.0,0.0,0.0
2020-08-24T22:44:43.969999Z,2020-08-24T22:44:43.997000Z,637.785,27.0,632.0,10.546,0.0,0.0,0.0,5.0,47.303948,0.0,0.0,0.0
2020-08-24T22:44:45.975000Z,2020-08-24T22:44:46.029000Z,644.142,54.0,568.0,9.833,0.0,0.0,0.0,5.0,8.489273,0.0,0.0,0.0
2020-08-24T22:44:47.977000Z,2020-08-24T22:44:48.000000Z,595.685,23.0,550.0,13.008,0.0,0.0,0.0,5.0,38.566157,0.0,0.0,0.0
2020-08-24T22:44:49.985000Z,2020-08-24T22:44:50.009000Z,605.575,24.0,544.0,8.025,0.0,0.0,0.0,5.0,56.598282,0.0,0.0,0.0
2020-08-24T22:44:52.041000Z,2020-08-24T22:44:52.121999Z,746.123,81.0,544.0,8.172,0.0,0.0,0.0,5.0,55.915021,0.0,0.0,0.0
2020-08-24T22:44:53.996000Z,2020-08-24T22:44:54.028000Z,920.894,32.0,564.0,8.379,0.0,0.0,0.0,5.0,8.790286,0.0,0.0,0.0
2020-08-24T22:44:56.001000Z,2020-08-24T22:44:56.019000Z,305.708,18.0,568.0,8.877,0.0,0.0,0.0,5.0,52.906408,0.0,0.0,0.0
2020-08-24T22:44:58.004000Z,2020-08-24T22:44:58.022000Z,212.828,18.0,568.0,7.399,0.0,0.0,0.0,5.0,52.906408,0.0,0.0,0.0
2020-08-24T22:45:00.005000Z,2020-08-24T22:45:00.022000Z,277.422,17.0,580.0,8.174,0.0,0.0,0.0,5.0,9.314619,0.0,0.0,0.0
2020-08-24T22:45:02.552000Z,2020-08-24T22:45:02.590000Z,236.98,38.0,592.0,7.227,0.0,0.0,0.0,5.0,33.722079,0.0,0.0,0.0
2020-08-24T22:45:04.129000Z,2020-08-24T22:45:04.215000Z,289.975,86.0,350.0,13.41,0.0,0.0,0.0,5.0,9.294654,0.0,0.0,0.0
2020-08-24T22:45:06.160000Z,2020-08-24T22:45:06.212000Z,232.182,52.0,84.0,6.513,0.0,0.0,0.0,5.0,8.715982,0.0,0.0,0.0
2020-08-24T22:45:08.016000Z,2020-08-24T22:45:08.319000Z,749.11,303.0,86.0,6.411,0.0,0.0,0.0,5.0,7.92403,0.0,0.0,0.0
