start_time,end_time,size,trans_time,cwnd,rtt,rto,ssthresh,last_snd,min_rtt,delivery_rate,bytes_sent,bytes_retrans,client_trans_time
2020-08-25T00:01:19.839000Z,2020-08-25T00:01:20.065000Z,49.252,226.0,134.0,96.3,0.0,0.0,0.0,28.914,2.116831,0.0,0.0,0.0
2020-08-25T00:01:20.066000Z,2020-08-25T00:01:20.119000Z,41.209,53.0,134.0,62.08,0.0,0.0,0.0,28.914,2.280674,0.0,0.0,0.0
2020-08-25T00:01:20.120000Z,2020-08-25T00:01:20.203000Z,95.862,83.0,134.0,50.22,0.0,0.0,0.0,28.914,2.280674,0.0,0.0,0.0
2020-08-25T00:01:20.204000Z,2020-08-25T00:01:20.329999Z,202.547,126.0,134.0,48.572,0.0,0.0,0.0,28.914,2.280674,0.0,0.0,0.0
2020-08-25T00:01:20.331000Z,2020-08-25T00:01:20.537999Z,361.083,207.0,130.0,55.445,0.0,0.0,0.0,28.914,2.337835,0.0,0.0,0.0
2020-08-25T00:01:20.539000Z,2020-08-25T00:01:20.752000Z,401.484,213.0,108.0,72.74,0.0,0.0,0.0,28.914,1.594777,0.0,0.0,0.0
2020-08-25T00:01:20.753000Z,2020-08-25T00:01:20.980000Z,461.485,227.0,120.0,45.352,0.0,0.0,0.0,28.914,2.505682,0.0,0.0,0.0
2020-08-25T00:01:20.982000Z,2020-08-25T00:01:21.430000Z,858.616,448.0,130.0,47.562,0.0,0.0,0.0,28.914,2.749152,0.0,0.0,0.0
2020-08-25T00:01:21.432000Z,2020-08-25T00:01:21.999000Z,1010.58,567.0,130.0,81.496,0.0,0.0,0.0,28.914,2.17973,0.0,0.0,0.0
2020-08-25T00:01:23.852000Z,2020-08-25T00:01:25.965000Z,709.029,2113.0,132.0,111.422,0.0,0.0,0.0,28.914,0.449189,0.0,0.0,0.0
2020-08-25T00:01:25.966000Z,2020-08-25T00:01:26.584000Z,668.462,618.0,132.0,73.679,0.0,0.0,0.0,28.914,0.411777,0.0,0.0,0.0
2020-08-25T00:01:27.452000Z,2020-08-25T00:01:27.905999Z,688.952,454.0,96.0,110.728,0.0,0.0,0.0,28.914,0.990878,0.0,0.0,0.0
2020-08-25T00:01:29.393000Z,2020-08-25T00:01:29.827000Z,679.69,434.0,96.0,37.774,0.0,0.0,0.0,28.914,1.792984,0.0,0.0,0.0
2020-08-25T00:01:31.405000Z,2020-08-25T00:01:31.809000Z,676.275,404.0,102.0,79.864,0.0,0.0,0.0,28.914,0.300369,0.0,0.0,0.0
2020-08-25T00:01:33.403000Z,2020-08-25T00:01:33.861000Z,881.803,458.0,112.0,52.655,0.0,0.0,0.0,28.914,1.2829,0.0,0.0,0.0
2020-08-25T00:01:35.409000Z,2020-08-25T00:01:35.893000Z,726.638,484.0,128.0,66.778,0.0,0.0,0.0,28.914,1.492046,0.0,0.0,0.0
2020-08-25T00:01:37.424000Z,2020-08-25T00:01:37.910000Z,769.275,486.0,134.0,50.155,0.0,0.0,0.0,28.914,3.08946,0.0,0.0,0.0
2020-08-25T00:01:39.428000Z,2020-08-25T00:01:40.212000Z,1052.472,784.0,138.0,46.889,0.0,0.0,0.0,28.914,1.086373,0.0,0.0,0.0
2020-08-25T00:01:41.431000Z,2020-08-25T00:01:41.966000Z,1041.206,535.0,128.0,65.563,0.0,0.0,0.0,28.914,2.095027,0.0,0.0,0.0
2020-08-25T00:01:43.444000Z,2020-08-25T00:01:43.865000Z,894.601,421.0,130.0,90.021,0.0,0.0,0.0,28.914,2.6011,0.0,0.0,0.0
2020-08-25T00:01:45.452999Z,2020-08-25T00:01:45.828000Z,761.822,375.0,130.0,54.451,0.0,0.0,0.0,28.914,2.467432,0.0,0.0,0.0
2020-08-25T00:01:47.452000Z,2020-08-25T00:01:48.694000Z,1570.841,1242.0,130.0,55.988,0.0,0.0,0.0,28.914,1.141784,0.0,0.0,0.0
2020-08-25T00:01:49.468000Z,2020-08-25T00:01:49.897999Z,956.901,430.0,132.0,52.348,0.0,0.0,0.0,29.0,2.214104,0.0,0.0,0.0
2020-08-25T00:01:51.461000Z,2020-08-25T00:01:51.750000Z,359.405,289.0,134.0,62.766,0.0,0.0,0.0,29.0,2.399028,0.0,0.0,0.0
2020-08-25T00:01:53.471000Z,2020-08-25T00:01:53.889000Z,325.679,418.0,134.0,39.471,0.0,0.0,0.0,29.0,1.494561,0.0,0.0,0.0
2020-08-25T00:01:55.473000Z,2020-08-25T00:01:55.761000Z,324.721,288.0,120.0,140.92,0.0,0.0,0.0,29.0,0.792929,0.0,0.0,0.0
2020-08-25T00:01:57.479000Z,2020-08-25T00:01:57.656000Z,332.532,177.0,120.0,62.234,0.0,0.0,0.0,29.0,1.126074,0.0,0.0,0.0
2020-08-25T00:01:59.488000Z,2020-08-25T00:01:59.996000Z,461.966,508.0,116.0,42.174,0.0,0.0,0.0,29.0,2.504252,0.0,0.0,0.0
2020-08-25T00:02:01.491000Z,2020-08-25T00:02:01.841999Z,536.374,351.0,128.0,119.647,0.0,0.0,0.0,29.0,1.376543,0.0,0.0,0.0
2020-08-25T00:02:03.499000Z,2020-08-25T00:02:03.819000Z,629.652,320.0,128.0,50.615,0.0,0.0,0.0,29.0,1.733675,0.0,0.0,0.0
2020-08-25T00:02:05.537999Z,2020-08-25T00:02:05.825999Z,503.606,288.0,124.0,57.697,0.0,0.0,0.0,29.0,2.336621,0.0,0.0,0.0
2020-08-25T00:02:07.516000Z,2020-08-25T00:02:07.785000Z,495.515,269.0,124.0,54.782,0.0,0.0,0.0,29.0,2.146866,0.0,0.0,0.0
2020-08-25T00:02:09.515000Z,2020-08-25T00:02:09.808000Z,473.735,293.0,112.0,48.694,0.0,0.0,0.0,29.0,2.189817,0.0,0.0,0.0
2020-08-25T00:02:11.520000Z,2020-08-25T00:02:11.809999Z,504.879,290.0,124.0,53.966,0.0,0.0,0.0,29.0,2.404986,0.0,0.0,0.0
2020-08-25T00:02:13.521999Z,2020-08-25T00:02:13.825000Z,575.102,303.0,124.0,58.258,0.0,0.0,0.0,29.0,2.374672,0.0,0.0,0.0
2020-08-25T00:02:15.526000Z,2020-08-25T00:02:16.086000Z,526.194,560.0,132.0,59.508,0.0,0.0,0.0,29.0,1.578712,0.0,0.0,0.0
2020-08-25T00:02:17.539000Z,2020-08-25T00:02:18.025999Z,462.175,487.0,128.0,42.236,0.0,0.0,0.0,29.0,1.168941,0.0,0.0,0.0
2020-08-25T00:02:19.537000Z,2020-08-25T00:02:19.865999Z,517.607,329.0,128.0,51.645,0.0,0.0,0.0,29.0,0.814766,0.0,0.0,0.0
2020-08-25T00:02:21.551000Z,2020-08-25T00:02:21.822000Z,487.283,271.0,116.0,62.064,0.0,0.0,0.0,29.0,1.200022,0.0,0.0,0.0
2020-08-25T00:02:23.549000Z,2020-08-25T00:02:23.781000Z,476.162,232.0,116.0,47.914,0.0,0.0,0.0,29.0,2.211481,0.0,0.0,0.0
2020-08-25T00:02:25.553000Z,2020-08-25T00:02:25.792000Z,472.2,239.0,128.0,55.135,0.0,0.0,0.0,29.0,2.906141,0.0,0.0,0.0
2020-08-25T00:02:27.559000Z,2020-08-25T00:02:27.841000Z,480.941,282.0,136.0,74.455,0.0,0.0,0.0,29.0,2.66509,0.0,0.0,0.0
2020-08-25T00:02:29.567000Z,2020-08-25T00:02:29.796000Z,461.473,229.0,146.0,73.509,0.0,0.0,0.0,29.0,1.244825,0.0,0.0,0.0
2020-08-25T00:02:31.575000Z,2020-08-25T00:02:31.828000Z,451.292,253.0,144.0,47.648,0.0,0.0,0.0,29.0,2.13031,0.0,0.0,0.0
2020-08-25T00:02:33.580999Z,2020-08-25T00:02:33.878000Z,494.201,297.0,138.0,45.352,0.0,0.0,0.0,29.0,2.349471,0.0,0.0,0.0
2020-08-25T00:02:35.615000Z,2020-08-25T00:02:35.947000Z,572.524,332.0,138.0,57.21,0.0,0.0,0.0,29.0,2.756361,0.0,0.0,0.0
2020-08-25T00:02:37.592000Z,2020-08-25T00:02:37.896000Z,449.428,304.0,152.0,51.984,0.0,0.0,0.0,29.0,2.739166,0.0,0.0,0.0
2020-08-25T00:02:39.607000Z,2020-08-25T00:02:40.029000Z,682.065,422.0,152.0,63.233,0.0,0.0,0.0,29.0,2.297121,0.0,0.0,0.0
2020-08-25T00:02:41.605000Z,2020-08-25T00:02:41.973000Z,773.018,368.0,148.0,72.951,0.0,0.0,0.0,29.0,1.677418,0.0,0.0,0.0
2020-08-25T00:02:43.615000Z,2020-08-25T00:02:43.977000Z,665.013,362.0,134.0,55.746,0.0,0.0,0.0,29.0,2.158355,0.0,0.0,0.0
2020-08-25T00:02:45.631000Z,2020-08-25T00:02:46.093000Z,925.233,462.0,132.0,53.327,0.0,0.0,0.0,29.0,2.441456,0.0,0.0,0.0
2020-08-25T00:02:47.639000Z,2020-08-25T00:02:48.015000Z,752.274,376.0,136.0,49.981,0.0,0.0,0.0,29.0,2.258729,0.0,0.0,0.0
2020-08-25T00:02:49.646000Z,2020-08-25T00:02:50.252000Z,590.869,606.0,140.0,60.956,0.0,0.0,0.0,29.0,2.983926,0.0,0.0,0.0
2020-08-25T00:02:51.646000Z,2020-08-25T00:02:52.389000Z,527.697,743.0,140.0,62.236,0.0,0.0,0.0,29.0,2.529404,0.0,0.0,0.0
2020-08-25T00:02:53.669000Z,2020-08-25T00:02:54.070000Z,610.05,401.0,134.0,296.932,0.0,0.0,0.0,29.0,0.648046,0.0,0.0,0.0
2020-08-25T00:02:55.665000Z,2020-08-25T00:02:55.885000Z,272.116,220.0,134.0,46.89,0.0,0.0,0.0,29.0,2.777189,0.0,0.0,0.0
2020-08-25T00:02:57.667000Z,2020-08-25T00:02:57.904000Z,356.759,237.0,132.0,40.081,0.0,0.0,0.0,29.0,1.396262,0.0,0.0,0.0
2020-08-25T00:02:59.678000Z,2020-08-25T00:03:00.190000Z,893.758,512.0,130.0,56.301,0.0,0.0,0.0,29.0,1.4925,0.0,0.0,0.0
2020-08-25T00:03:01.688000Z,2020-08-25T00:03:02.174000Z,891.173,486.0,110.0,55.32,0.0,0.0,0.0,29.0,1.940517,0.0,0.0,0.0
2020-08-25T00:03:03.448000Z,2020-08-25T00:03:04.028000Z,927.144,580.0,114.0,39.079,0.0,0.0,0.0,29.0,1.352705,0.0,0.0,0.0
2020-08-25T00:03:05.451000Z,2020-08-25T00:03:05.872000Z,900.278,421.0,116.0,42.792,0.0,0.0,0.0,29.0,1.886437,0.0,0.0,0.0
2020-08-25T00:03:07.474000Z,2020-08-25T00:03:08.390000Z,1234.065,916.0,4.0,56.097,0.0,0.0,0.0,29.0,1.922307,0.0,0.0,0.0
2020-08-25T00:03:09.476000Z,2020-08-25T00:03:10.094000Z,1241.6,618.0,106.0,58.614,0.0,0.0,0.0,29.0,0.911682,0.0,0.0,0.0
2020-08-25T00:03:11.486000Z,2020-08-25T00:03:12.209000Z,1202.545,723.0,132.0,45.797,0.0,0.0,0.0,29.0,2.687537,0.0,0.0,0.0
2020-08-25T00:03:13.494000Z,2020-08-25T00:03:14.112000Z,1167.436,618.0,134.0,47.848,0.0,0.0,0.0,29.0,2.583964,0.0,0.0,0.0
2020-08-25T00:03:15.496000Z,2020-08-25T00:03:16.153000Z,1182.451,657.0,138.0,77.584,0.0,0.0,0.0,29.0,1.96327,0.0,0.0,0.0
2020-08-25T00:03:17.510000Z,2020-08-25T00:03:18.065000Z,986.112,555.0,124.0,49.038,0.0,0.0,0.0,29.0,2.199361,0.0,0.0,0.0
2020-08-25T00:03:19.510000Z,2020-08-25T00:03:20.070000Z,1394.465,560.0,142.0,72.968,0.0,0.0,0.0,29.0,1.394704,0.0,0.0,0.0
2020-08-25T00:03:21.526000Z,2020-08-25T00:03:22.133000Z,1297.938,607.0,150.0,52.334,0.0,0.0,0.0,29.0,2.873655,0.0,0.0,0.0
2020-08-25T00:03:23.521999Z,2020-08-25T00:03:24.064000Z,1152.003,542.0,150.0,75.362,0.0,0.0,0.0,29.0,2.64169,0.0,0.0,0.0
2020-08-25T00:03:25.536000Z,2020-08-25T00:03:26.601999Z,2150.639,1066.0,150.0,62.535,0.0,0.0,0.0,29.0,2.377464,0.0,0.0,0.0
2020-08-25T00:03:27.537000Z,2020-08-25T00:03:28.317000Z,1742.35,780.0,140.0,52.417,0.0,0.0,0.0,29.0,1.56136,0.0,0.0,0.0
2020-08-25T00:03:29.550000Z,2020-08-25T00:03:30.328000Z,1600.343,778.0,140.0,50.559,0.0,0.0,0.0,29.0,2.244961,0.0,0.0,0.0
2020-08-25T00:03:31.550000Z,2020-08-25T00:03:31.808000Z,553.388,258.0,140.0,54.485,0.0,0.0,0.0,29.0,2.243764,0.0,0.0,0.0
2020-08-25T00:03:33.568000Z,2020-08-25T00:03:34.179000Z,1305.819,611.0,138.0,53.638,0.0,0.0,0.0,29.0,2.73602,0.0,0.0,0.0
2020-08-25T00:03:35.571000Z,2020-08-25T00:03:36.504000Z,1464.107,933.0,142.0,73.18,0.0,0.0,0.0,29.0,1.106476,0.0,0.0,0.0
2020-08-25T00:03:37.579000Z,2020-08-25T00:03:38.646000Z,2380.492,1067.0,128.0,59.279,0.0,0.0,0.0,29.0,0.023421,0.0,0.0,0.0
2020-08-25T00:03:39.596000Z,2020-08-25T00:03:41.561999Z,4512.972,1966.0,142.0,61.512,0.0,0.0,0.0,29.0,3.065384,0.0,0.0,0.0
2020-08-25T00:03:41.570000Z,2020-08-25T00:03:43.478000Z,4713.39,1908.0,132.0,41.273,0.0,0.0,0.0,29.0,0.738176,0.0,0.0,0.0
2020-08-25T00:03:43.485000Z,2020-08-25T00:03:45.673999Z,5111.353,2189.0,138.0,54.229,0.0,0.0,0.0,29.0,1.783082,0.0,0.0,0.0
2020-08-25T00:03:45.680000Z,2020-08-25T00:03:47.718000Z,4146.483,2037.9999999999998,136.0,69.711,0.0,0.0,0.0,29.0,2.621739,0.0,0.0,0.0
2020-08-25T00:03:47.720000Z,2020-08-25T00:03:48.195000Z,878.355,475.0,144.0,53.366,0.0,0.0,0.0,29.0,3.051131,0.0,0.0,0.0
2020-08-25T00:03:49.611000Z,2020-08-25T00:03:49.960000Z,552.726,349.0,146.0,60.004,0.0,0.0,0.0,29.0,0.316691,0.0,0.0,0.0
2020-08-25T00:03:51.631000Z,2020-08-25T00:03:51.915000Z,504.957,284.0,146.0,83.929,0.0,0.0,0.0,29.0,2.198973,0.0,0.0,0.0
2020-08-25T00:03:53.636999Z,2020-08-25T00:03:54.159000Z,1189.27,522.0,146.0,61.398,0.0,0.0,0.0,29.0,2.497884,0.0,0.0,0.0
2020-08-25T00:03:55.651000Z,2020-08-25T00:03:57.895000Z,2107.919,2244.0,122.0,49.43,0.0,0.0,0.0,29.0,2.708739,0.0,0.0,0.0
2020-08-25T00:03:57.899000Z,2020-08-25T00:03:59.433999Z,2362.556,1535.0,128.0,87.745,0.0,0.0,0.0,29.0,2.320309,0.0,0.0,0.0
2020-08-25T00:03:59.657999Z,2020-08-25T00:04:00.751000Z,2481.091,1093.0,138.0,362.368,0.0,0.0,0.0,29.0,0.399222,0.0,0.0,0.0
2020-08-25T00:04:01.705999Z,2020-08-25T00:04:03.129999Z,2419.248,1424.0,138.0,69.84,0.0,0.0,0.0,29.0,2.434028,0.0,0.0,0.0
2020-08-25T00:04:03.670000Z,2020-08-25T00:04:04.509000Z,1837.83,839.0,126.0,63.275,0.0,0.0,0.0,29.0,2.727029,0.0,0.0,0.0
2020-08-25T00:04:05.684000Z,2020-08-25T00:04:06.501000Z,1730.126,817.0,134.0,53.576,0.0,0.0,0.0,29.0,2.947419,0.0,0.0,0.0
2020-08-25T00:04:07.686000Z,2020-08-25T00:04:08.326000Z,1413.922,640.0,126.0,51.771,0.0,0.0,0.0,29.0,2.275785,0.0,0.0,0.0
2020-08-25T00:04:09.692000Z,2020-08-25T00:04:10.470000Z,1355.107,778.0,120.0,53.874,0.0,0.0,0.0,29.0,2.09377,0.0,0.0,0.0
2020-08-25T00:04:11.560000Z,2020-08-25T00:04:12.216000Z,1375.322,656.0,150.0,84.971,0.0,0.0,0.0,29.0,1.585802,0.0,0.0,0.0
2020-08-25T00:04:13.711000Z,2020-08-25T00:04:14.485000Z,1155.504,774.0,138.0,52.397,0.0,0.0,0.0,29.0,2.481974,0.0,0.0,0.0
2020-08-25T00:04:15.721000Z,2020-08-25T00:04:16.327000Z,1237.453,606.0,138.0,61.961,0.0,0.0,0.0,29.0,2.090557,0.0,0.0,0.0
2020-08-25T00:04:17.744000Z,2020-08-25T00:04:18.126000Z,740.397,382.0,128.0,42.687,0.0,0.0,0.0,29.0,2.546821,0.0,0.0,0.0
2020-08-25T00:04:19.790000Z,2020-08-25T00:04:20.561999Z,678.062,772.0,124.0,48.708,0.0,0.0,0.0,29.0,2.565726,0.0,0.0,0.0
2020-08-25T00:04:21.751000Z,2020-08-25T00:04:22.671000Z,672.011,920.0,122.0,135.869,0.0,0.0,0.0,29.0,0.789275,0.0,0.0,0.0
2020-08-25T00:04:23.772000Z,2020-08-25T00:04:24.089000Z,672.155,317.0,122.0,164.772,0.0,0.0,0.0,29.0,0.631262,0.0,0.0,0.0
2020-08-25T00:04:25.766000Z,2020-08-25T00:04:26.143000Z,704.763,377.0,128.0,51.801,0.0,0.0,0.0,29.0,2.649249,0.0,0.0,0.0
2020-08-25T00:04:27.532000Z,2020-08-25T00:04:27.929000Z,755.857,397.0,128.0,78.375,0.0,0.0,0.0,29.0,2.157207,0.0,0.0,0.0
2020-08-25T00:04:29.532000Z,2020-08-25T00:04:29.853000Z,642.998,321.0,138.0,50.213,0.0,0.0,0.0,29.0,2.622722,0.0,0.0,0.0
2020-08-25T00:04:31.530000Z,2020-08-25T00:04:31.796000Z,558.177,266.0,144.0,42.158,0.0,0.0,0.0,29.0,1.223348,0.0,0.0,0.0
2020-08-25T00:04:33.537000Z,2020-08-25T00:04:33.877000Z,626.503,340.0,144.0,60.645,0.0,0.0,0.0,29.0,1.250109,0.0,0.0,0.0
2020-08-25T00:04:35.545999Z,2020-08-25T00:04:35.873000Z,593.248,327.0,146.0,63.772,0.0,0.0,0.0,29.0,2.718099,0.0,0.0,0.0
2020-08-25T00:04:37.563000Z,2020-08-25T00:04:37.849999Z,580.363,287.0,140.0,52.908,0.0,0.0,0.0,29.0,2.690344,0.0,0.0,0.0
2020-08-25T00:04:39.556000Z,2020-08-25T00:04:39.864000Z,570.203,308.0,140.0,73.611,0.0,0.0,0.0,29.0,2.088375,0.0,0.0,0.0
2020-08-25T00:04:41.564999Z,2020-08-25T00:04:41.836000Z,485.053,271.0,132.0,48.835,0.0,0.0,0.0,29.0,1.974254,0.0,0.0,0.0
2020-08-25T00:04:43.588000Z,2020-08-25T00:04:44.312000Z,1604.554,724.0,136.0,51.422,0.0,0.0,0.0,29.0,2.8717,0.0,0.0,0.0
2020-08-25T00:04:45.589000Z,2020-08-25T00:04:47.209000Z,1808.884,1620.0,134.0,52.47,0.0,0.0,0.0,29.0,2.508296,0.0,0.0,0.0
2020-08-25T00:04:47.687000Z,2020-08-25T00:04:49.433000Z,1765.551,1746.0,132.0,43.905,0.0,0.0,0.0,29.0,2.337207,0.0,0.0,0.0
2020-08-25T00:04:49.593000Z,2020-08-25T00:04:51.894000Z,2948.682,2301.0,116.0,85.277,0.0,0.0,0.0,29.0,0.836095,0.0,0.0,0.0
2020-08-25T00:04:51.897999Z,2020-08-25T00:04:52.894000Z,2498.19,996.0,148.0,63.339,0.0,0.0,0.0,29.0,3.125012,0.0,0.0,0.0
2020-08-25T00:04:53.608000Z,2020-08-25T00:04:54.326000Z,1764.969,718.0,154.0,71.57,0.0,0.0,0.0,29.0,1.994634,0.0,0.0,0.0
2020-08-25T00:04:55.608000Z,2020-08-25T00:04:56.556000Z,1709.085,948.0,156.0,86.154,0.0,0.0,0.0,29.0,1.351499,0.0,0.0,0.0
2020-08-25T00:04:57.615000Z,2020-08-25T00:04:58.139000Z,1258.538,524.0,146.0,49.879,0.0,0.0,0.0,29.0,2.94051,0.0,0.0,0.0
2020-08-25T00:04:59.628000Z,2020-08-25T00:05:00.446000Z,1869.605,818.0,150.0,63.236,0.0,0.0,0.0,29.0,3.067151,0.0,0.0,0.0
2020-08-25T00:05:01.631000Z,2020-08-25T00:05:02.449000Z,1937.973,818.0,134.0,47.193,0.0,0.0,0.0,29.0,1.702112,0.0,0.0,0.0
2020-08-25T00:05:03.635000Z,2020-08-25T00:05:04.176000Z,1183.34,541.0,136.0,62.467,0.0,0.0,0.0,29.0,2.372437,0.0,0.0,0.0
2020-08-25T00:05:05.633000Z,2020-08-25T00:05:06.563000Z,1625.493,930.0,136.0,54.736,0.0,0.0,0.0,29.0,2.191701,0.0,0.0,0.0
2020-08-25T00:05:07.645000Z,2020-08-25T00:05:08.272000Z,1404.316,627.0,146.0,53.33,0.0,0.0,0.0,29.0,2.685558,0.0,0.0,0.0
2020-08-25T00:05:09.662000Z,2020-08-25T00:05:10.599000Z,2272.842,937.0,138.0,47.062,0.0,0.0,0.0,29.0,2.317859,0.0,0.0,0.0
2020-08-25T00:05:11.666000Z,2020-08-25T00:05:12.585999Z,2140.51,920.0,132.0,72.695,0.0,0.0,0.0,29.0,2.248618,0.0,0.0,0.0
2020-08-25T00:05:13.667000Z,2020-08-25T00:05:14.139000Z,1125.771,472.0,140.0,57.455,0.0,0.0,0.0,29.0,0.298433,0.0,0.0,0.0
2020-08-25T00:05:15.680000Z,2020-08-25T00:05:16.439000Z,1855.129,759.0,142.0,56.749,0.0,0.0,0.0,29.0,2.39735,0.0,0.0,0.0
2020-08-25T00:05:17.679000Z,2020-08-25T00:05:18.253000Z,1395.38,574.0,148.0,73.686,0.0,0.0,0.0,29.0,2.919116,0.0,0.0,0.0
2020-08-25T00:05:19.688000Z,2020-08-25T00:05:20.117000Z,1016.894,429.0,164.0,46.795,0.0,0.0,0.0,29.0,2.445367,0.0,0.0,0.0
2020-08-25T00:05:21.691000Z,2020-08-25T00:05:22.387000Z,1383.197,696.0,170.0,75.623,0.0,0.0,0.0,29.0,1.692262,0.0,0.0,0.0
2020-08-25T00:05:23.694000Z,2020-08-25T00:05:24.328000Z,1439.486,634.0,160.0,46.882,0.0,0.0,0.0,29.0,1.205661,0.0,0.0,0.0
2020-08-25T00:05:25.705000Z,2020-08-25T00:05:26.703000Z,2397.111,998.0,152.0,69.314,0.0,0.0,0.0,29.0,2.453267,0.0,0.0,0.0
2020-08-25T00:05:27.710000Z,2020-08-25T00:05:28.507000Z,1944.214,797.0,142.0,46.342,0.0,0.0,0.0,29.0,1.076067,0.0,0.0,0.0
2020-08-25T00:05:29.715000Z,2020-08-25T00:05:30.444000Z,1768.19,729.0,142.0,62.891,0.0,0.0,0.0,29.0,2.878069,0.0,0.0,0.0
2020-08-25T00:05:31.721000Z,2020-08-25T00:05:32.249999Z,1270.686,529.0,144.0,67.259,0.0,0.0,0.0,29.0,2.459904,0.0,0.0,0.0
2020-08-25T00:05:33.728999Z,2020-08-25T00:05:34.961000Z,1365.078,1232.0,146.0,40.361,0.0,0.0,0.0,29.309,2.737349,0.0,0.0,0.0
2020-08-25T00:05:35.776000Z,2020-08-25T00:05:36.414000Z,1268.863,638.0,200.0,71.281,0.0,0.0,0.0,29.309,1.214157,0.0,0.0,0.0
2020-08-25T00:05:38.044999Z,2020-08-25T00:05:38.612000Z,1076.234,567.0,188.0,59.448,0.0,0.0,0.0,29.309,2.822297,0.0,0.0,0.0
2020-08-25T00:05:39.752000Z,2020-08-25T00:05:40.256000Z,1106.376,504.0,170.0,70.703,0.0,0.0,0.0,29.309,2.869895,0.0,0.0,0.0
2020-08-25T00:05:41.770000Z,2020-08-25T00:05:42.497000Z,1591.25,727.0,144.0,56.23,0.0,0.0,0.0,29.309,2.527305,0.0,0.0,0.0
2020-08-25T00:05:43.774000Z,2020-08-25T00:05:44.397000Z,1359.992,623.0,148.0,40.896,0.0,0.0,0.0,29.309,2.49131,0.0,0.0,0.0
2020-08-25T00:05:45.780000Z,2020-08-25T00:05:46.464000Z,1497.508,684.0,136.0,56.944,0.0,0.0,0.0,29.309,2.465567,0.0,0.0,0.0
2020-08-25T00:05:47.619000Z,2020-08-25T00:05:48.036000Z,823.517,417.0,150.0,60.96,0.0,0.0,0.0,29.309,2.522952,0.0,0.0,0.0
2020-08-25T00:05:49.788000Z,2020-08-25T00:05:50.404000Z,1280.635,616.0,150.0,82.57,0.0,0.0,0.0,29.309,2.329322,0.0,0.0,0.0
2020-08-25T00:05:51.792000Z,2020-08-25T00:05:52.339000Z,1038.087,547.0,142.0,52.153,0.0,0.0,0.0,29.309,3.030242,0.0,0.0,0.0
2020-08-25T00:05:53.800000Z,2020-08-25T00:05:54.280000Z,952.621,480.0,144.0,68.131,0.0,0.0,0.0,29.309,2.286901,0.0,0.0,0.0
2020-08-25T00:05:55.804999Z,2020-08-25T00:05:56.990000Z,2802.519,1185.0,168.0,61.864,0.0,0.0,0.0,29.309,2.359792,0.0,0.0,0.0
2020-08-25T00:05:57.811000Z,2020-08-25T00:05:58.976000Z,2798.591,1165.0,152.0,53.594,0.0,0.0,0.0,29.309,1.683181,0.0,0.0,0.0
2020-08-25T00:05:59.815000Z,2020-08-25T00:06:00.785999Z,2166.569,971.0,150.0,79.644,0.0,0.0,0.0,29.309,1.732146,0.0,0.0,0.0
2020-08-25T00:06:01.820999Z,2020-08-25T00:06:02.563000Z,1020.706,742.0,152.0,53.8,0.0,0.0,0.0,29.309,2.082049,0.0,0.0,0.0
2020-08-25T00:06:03.843000Z,2020-08-25T00:06:04.368000Z,960.053,525.0,138.0,101.412,0.0,0.0,0.0,29.309,1.862947,0.0,0.0,0.0
2020-08-25T00:06:05.838000Z,2020-08-25T00:06:06.289999Z,940.197,452.0,108.0,43.128,0.0,0.0,0.0,29.309,2.002073,0.0,0.0,0.0
2020-08-25T00:06:07.860999Z,2020-08-25T00:06:08.318000Z,927.526,457.0,132.0,48.305,0.0,0.0,0.0,29.309,2.571082,0.0,0.0,0.0
2020-08-25T00:06:10.147000Z,2020-08-25T00:06:10.776000Z,984.838,629.0,134.0,55.507,0.0,0.0,0.0,29.309,2.736349,0.0,0.0,0.0
2020-08-25T00:06:11.607000Z,2020-08-25T00:06:11.969999Z,672.42,363.0,134.0,54.228,0.0,0.0,0.0,29.309,2.340693,0.0,0.0,0.0
2020-08-25T00:06:13.869000Z,2020-08-25T00:06:14.105000Z,347.117,236.0,132.0,59.396,0.0,0.0,0.0,29.309,2.060566,0.0,0.0,0.0
2020-08-25T00:06:15.623000Z,2020-08-25T00:06:15.809000Z,328.703,186.0,132.0,71.734,0.0,0.0,0.0,29.309,1.626132,0.0,0.0,0.0
2020-08-25T00:06:17.635000Z,2020-08-25T00:06:17.817999Z,330.096,183.0,132.0,55.45,0.0,0.0,0.0,29.309,2.338804,0.0,0.0,0.0
2020-08-25T00:06:19.640000Z,2020-08-25T00:06:19.924000Z,592.289,284.0,118.0,49.518,0.0,0.0,0.0,29.309,2.28193,0.0,0.0,0.0
2020-08-25T00:06:21.662000Z,2020-08-25T00:06:22.465000Z,1869.751,803.0,128.0,47.64,0.0,0.0,0.0,29.309,2.661979,0.0,0.0,0.0
2020-08-25T00:06:23.670000Z,2020-08-25T00:06:25.015000Z,2182.516,1345.0,164.0,61.839,0.0,0.0,0.0,29.309,2.247516,0.0,0.0,0.0
2020-08-25T00:06:25.670000Z,2020-08-25T00:06:26.081000Z,857.016,411.0,120.0,51.018,0.0,0.0,0.0,29.309,1.66959,0.0,0.0,0.0
2020-08-25T00:06:27.678000Z,2020-08-25T00:06:28.125000Z,776.127,447.0,138.0,52.296,0.0,0.0,0.0,29.315,2.344787,0.0,0.0,0.0
2020-08-25T00:06:29.680000Z,2020-08-25T00:06:30.368000Z,1277.871,688.0,138.0,60.543,0.0,0.0,0.0,29.315,1.861343,0.0,0.0,0.0
2020-08-25T00:06:31.700000Z,2020-08-25T00:06:31.926000Z,419.832,226.0,154.0,79.968,0.0,0.0,0.0,29.315,1.52023,0.0,0.0,0.0
2020-08-25T00:06:33.695000Z,2020-08-25T00:06:34.022000Z,383.729,327.0,154.0,56.127,0.0,0.0,0.0,29.315,2.825263,0.0,0.0,0.0
2020-08-25T00:06:35.701000Z,2020-08-25T00:06:35.983000Z,374.608,282.0,160.0,43.541,0.0,0.0,0.0,29.315,1.221359,0.0,0.0,0.0
2020-08-25T00:06:37.710000Z,2020-08-25T00:06:37.928000Z,373.45,218.0,138.0,68.805,0.0,0.0,0.0,29.315,2.385536,0.0,0.0,0.0
2020-08-25T00:06:39.719000Z,2020-08-25T00:06:39.937000Z,396.595,218.0,138.0,82.006,0.0,0.0,0.0,29.315,2.011793,0.0,0.0,0.0
2020-08-25T00:06:41.722000Z,2020-08-25T00:06:41.925000Z,382.096,203.0,132.0,46.124,0.0,0.0,0.0,29.315,2.222979,0.0,0.0,0.0
2020-08-25T00:06:43.735000Z,2020-08-25T00:06:43.965000Z,389.674,230.0,134.0,48.604,0.0,0.0,0.0,29.315,2.713699,0.0,0.0,0.0
2020-08-25T00:06:45.738000Z,2020-08-25T00:06:45.932000Z,383.691,194.0,134.0,53.334,0.0,0.0,0.0,29.315,2.204451,0.0,0.0,0.0
2020-08-25T00:06:47.743000Z,2020-08-25T00:06:47.993999Z,390.276,251.0,146.0,66.323,0.0,0.0,0.0,29.315,2.364564,0.0,0.0,0.0
2020-08-25T00:06:49.748999Z,2020-08-25T00:06:50.044000Z,382.191,295.0,130.0,59.803,0.0,0.0,0.0,29.315,0.89435,0.0,0.0,0.0
2020-08-25T00:06:51.755000Z,2020-08-25T00:06:51.973000Z,388.064,218.0,130.0,73.252,0.0,0.0,0.0,30.668,2.433985,0.0,0.0,0.0
2020-08-25T00:06:53.769000Z,2020-08-25T00:06:53.966000Z,383.572,197.0,122.0,50.748,0.0,0.0,0.0,30.668,1.668177,0.0,0.0,0.0
2020-08-25T00:06:55.774000Z,2020-08-25T00:06:55.983000Z,383.134,209.0,122.0,45.897,0.0,0.0,0.0,30.668,2.479213,0.0,0.0,0.0
2020-08-25T00:06:57.783000Z,2020-08-25T00:06:57.969999Z,381.299,187.0,124.0,55.77,0.0,0.0,0.0,30.668,2.250832,0.0,0.0,0.0
2020-08-25T00:06:59.791000Z,2020-08-25T00:07:00.041999Z,503.389,251.0,154.0,44.616,0.0,0.0,0.0,30.668,2.574846,0.0,0.0,0.0
2020-08-25T00:07:01.803000Z,2020-08-25T00:07:02.508000Z,1210.33,705.0,142.0,68.883,0.0,0.0,0.0,30.668,1.651181,0.0,0.0,0.0
2020-08-25T00:07:03.803000Z,2020-08-25T00:07:04.009000Z,383.688,206.0,136.0,56.286,0.0,0.0,0.0,30.668,1.800806,0.0,0.0,0.0
2020-08-25T00:07:05.819000Z,2020-08-25T00:07:06.489999Z,1274.651,671.0,112.0,47.068,0.0,0.0,0.0,30.668,2.023655,0.0,0.0,0.0
2020-08-25T00:07:08.112000Z,2020-08-25T00:07:08.316000Z,390.339,204.0,128.0,49.179,0.0,0.0,0.0,30.668,2.639069,0.0,0.0,0.0
2020-08-25T00:07:09.844000Z,2020-08-25T00:07:10.038000Z,356.541,194.0,130.0,47.188,0.0,0.0,0.0,30.668,2.302963,0.0,0.0,0.0
2020-08-25T00:07:11.837000Z,2020-08-25T00:07:12.171000Z,352.929,334.0,144.0,66.095,0.0,0.0,0.0,30.668,2.000834,0.0,0.0,0.0
2020-08-25T00:07:13.838000Z,2020-08-25T00:07:14.197000Z,751.501,359.0,124.0,98.373,0.0,0.0,0.0,30.668,0.666727,0.0,0.0,0.0
2020-08-25T00:07:15.868000Z,2020-08-25T00:07:16.312000Z,862.503,444.0,130.0,45.863,0.0,0.0,0.0,30.668,2.428802,0.0,0.0,0.0
2020-08-25T00:07:17.856999Z,2020-08-25T00:07:18.305999Z,641.934,449.0,132.0,48.145,0.0,0.0,0.0,30.668,2.363722,0.0,0.0,0.0
2020-08-25T00:07:19.873000Z,2020-08-25T00:07:20.366000Z,673.46,493.0,132.0,60.865,0.0,0.0,0.0,30.668,2.350837,0.0,0.0,0.0
2020-08-25T00:07:21.876999Z,2020-08-25T00:07:22.361000Z,631.26,484.0,114.0,47.596,0.0,0.0,0.0,30.668,1.335685,0.0,0.0,0.0
2020-08-25T00:07:23.741000Z,2020-08-25T00:07:24.088000Z,671.152,347.0,122.0,63.385,0.0,0.0,0.0,30.668,2.455951,0.0,0.0,0.0
2020-08-25T00:07:25.895000Z,2020-08-25T00:07:26.169999Z,587.734,275.0,134.0,66.495,0.0,0.0,0.0,30.668,2.2075,0.0,0.0,0.0
2020-08-25T00:07:27.907000Z,2020-08-25T00:07:28.244000Z,694.098,337.0,138.0,66.433,0.0,0.0,0.0,30.668,2.403478,0.0,0.0,0.0
2020-08-25T00:07:29.912999Z,2020-08-25T00:07:30.135000Z,465.11,222.0,138.0,51.149,0.0,0.0,0.0,30.668,2.186172,0.0,0.0,0.0
2020-08-25T00:07:31.927000Z,2020-08-25T00:07:32.300000Z,432.798,373.0,150.0,59.387,0.0,0.0,0.0,30.668,2.472967,0.0,0.0,0.0
2020-08-25T00:07:33.929000Z,2020-08-25T00:07:34.135000Z,409.522,206.0,170.0,73.007,0.0,0.0,0.0,30.668,1.335323,0.0,0.0,0.0
2020-08-25T00:07:35.935000Z,2020-08-25T00:07:36.404000Z,655.634,469.0,170.0,74.793,0.0,0.0,0.0,30.668,2.613649,0.0,0.0,0.0
2020-08-25T00:07:37.947000Z,2020-08-25T00:07:38.337999Z,712.571,391.0,146.0,67.977,0.0,0.0,0.0,30.668,1.223002,0.0,0.0,0.0
2020-08-25T00:07:39.708999Z,2020-08-25T00:07:40.164000Z,720.506,455.0,160.0,59.598,0.0,0.0,0.0,30.668,2.325493,0.0,0.0,0.0
2020-08-25T00:07:41.973000Z,2020-08-25T00:07:43.091000Z,688.138,1118.0,134.0,57.223,0.0,0.0,0.0,29.0,0.024264,0.0,0.0,0.0
2020-08-25T00:07:43.968000Z,2020-08-25T00:07:44.339000Z,689.224,371.0,130.0,51.224,0.0,0.0,0.0,29.0,1.886348,0.0,0.0,0.0
2020-08-25T00:07:45.718000Z,2020-08-25T00:07:46.027000Z,660.389,309.0,120.0,72.16,0.0,0.0,0.0,29.0,2.155003,0.0,0.0,0.0
2020-08-25T00:07:47.981000Z,2020-08-25T00:07:48.327000Z,588.449,346.0,120.0,48.264,0.0,0.0,0.0,29.0,2.637987,0.0,0.0,0.0
2020-08-25T00:07:49.732000Z,2020-08-25T00:07:50.019000Z,543.869,287.0,120.0,73.59,0.0,0.0,0.0,29.0,2.077783,0.0,0.0,0.0
2020-08-25T00:07:51.742000Z,2020-08-25T00:07:52.057999Z,555.159,316.0,128.0,52.124,0.0,0.0,0.0,29.0,2.710903,0.0,0.0,0.0
2020-08-25T00:07:53.748000Z,2020-08-25T00:07:53.934000Z,361.832,186.0,150.0,57.451,0.0,0.0,0.0,29.0,2.739882,0.0,0.0,0.0
2020-08-25T00:07:55.766000Z,2020-08-25T00:07:55.979000Z,368.44,213.0,146.0,62.731,0.0,0.0,0.0,29.0,2.210298,0.0,0.0,0.0
2020-08-25T00:07:57.761000Z,2020-08-25T00:07:57.966000Z,388.441,205.0,130.0,45.249,0.0,0.0,0.0,29.0,2.14522,0.0,0.0,0.0
2020-08-25T00:07:59.775000Z,2020-08-25T00:08:00.025000Z,399.776,250.0,138.0,71.129,0.0,0.0,0.0,29.0,3.016764,0.0,0.0,0.0
2020-08-25T00:08:01.778000Z,2020-08-25T00:08:02.060000Z,411.309,282.0,138.0,63.762,0.0,0.0,0.0,29.0,1.44524,0.0,0.0,0.0
2020-08-25T00:08:04.064999Z,2020-08-25T00:08:04.267000Z,410.118,202.0,138.0,91.068,0.0,0.0,0.0,29.0,1.983369,0.0,0.0,0.0
2020-08-25T00:08:05.788000Z,2020-08-25T00:08:06.231000Z,359.751,443.0,138.0,58.262,0.0,0.0,0.0,29.0,2.66623,0.0,0.0,0.0
2020-08-25T00:08:07.797000Z,2020-08-25T00:08:08.029000Z,373.811,232.0,138.0,45.235,0.0,0.0,0.0,29.0,2.425216,0.0,0.0,0.0
2020-08-25T00:08:09.804000Z,2020-08-25T00:08:10.113000Z,336.752,309.0,124.0,52.96,0.0,0.0,0.0,29.0,1.588538,0.0,0.0,0.0
2020-08-25T00:08:11.814000Z,2020-08-25T00:08:12.037000Z,344.837,223.0,116.0,89.658,0.0,0.0,0.0,29.0,0.72943,0.0,0.0,0.0
2020-08-25T00:08:13.828000Z,2020-08-25T00:08:14.176000Z,552.805,348.0,116.0,55.851,0.0,0.0,0.0,29.0,1.915305,0.0,0.0,0.0
2020-08-25T00:08:15.833999Z,2020-08-25T00:08:16.029000Z,336.989,195.0,112.0,62.529,0.0,0.0,0.0,29.0,0.939948,0.0,0.0,0.0
2020-08-25T00:08:17.840000Z,2020-08-25T00:08:18.035000Z,255.79,195.0,112.0,45.098,0.0,0.0,0.0,29.0,2.202462,0.0,0.0,0.0
2020-08-25T00:08:19.855000Z,2020-08-25T00:08:19.989000Z,208.286,134.0,112.0,56.029,0.0,0.0,0.0,29.0,1.672128,0.0,0.0,0.0
2020-08-25T00:08:21.853000Z,2020-08-25T00:08:21.993000Z,201.9,140.0,132.0,75.18,0.0,0.0,0.0,29.0,2.170531,0.0,0.0,0.0
2020-08-25T00:08:23.872000Z,2020-08-25T00:08:24.005000Z,212.507,133.0,132.0,68.015,0.0,0.0,0.0,29.0,2.205608,0.0,0.0,0.0
2020-08-25T00:08:25.871000Z,2020-08-25T00:08:26.244000Z,729.617,373.0,132.0,48.498,0.0,0.0,0.0,29.0,2.226426,0.0,0.0,0.0
2020-08-25T00:08:27.880000Z,2020-08-25T00:08:28.297999Z,488.415,418.0,156.0,97.79,0.0,0.0,0.0,29.0,1.92294,0.0,0.0,0.0
2020-08-25T00:08:29.886000Z,2020-08-25T00:08:30.423000Z,494.776,537.0,156.0,153.501,0.0,0.0,0.0,29.0,1.125604,0.0,0.0,0.0
2020-08-25T00:08:31.851000Z,2020-08-25T00:08:32.387000Z,545.93,536.0,156.0,71.842,0.0,0.0,0.0,29.0,1.081323,0.0,0.0,0.0
2020-08-25T00:08:33.862000Z,2020-08-25T00:08:34.392000Z,559.237,530.0,116.0,76.457,0.0,0.0,0.0,29.0,1.882177,0.0,0.0,0.0
2020-08-25T00:08:35.863000Z,2020-08-25T00:08:36.101000Z,448.837,238.0,116.0,56.228,0.0,0.0,0.0,29.0,2.299117,0.0,0.0,0.0
2020-08-25T00:08:37.879000Z,2020-08-25T00:08:38.169999Z,462.803,291.0,134.0,53.776,0.0,0.0,0.0,29.0,2.681142,0.0,0.0,0.0
2020-08-25T00:08:39.887000Z,2020-08-25T00:08:40.220000Z,457.747,333.0,136.0,54.11,0.0,0.0,0.0,29.0,2.696858,0.0,0.0,0.0
2020-08-25T00:08:41.896000Z,2020-08-25T00:08:42.121000Z,454.221,225.0,136.0,51.28,0.0,0.0,0.0,29.0,2.509102,0.0,0.0,0.0
2020-08-25T00:08:43.905000Z,2020-08-25T00:08:44.127000Z,443.981,222.0,186.0,69.91,0.0,0.0,0.0,29.0,2.833581,0.0,0.0,0.0
2020-08-25T00:08:45.905000Z,2020-08-25T00:08:46.137999Z,436.883,233.0,176.0,74.972,0.0,0.0,0.0,29.0,2.3399,0.0,0.0,0.0
2020-08-25T00:08:47.922000Z,2020-08-25T00:08:48.249000Z,687.588,327.0,176.0,79.505,0.0,0.0,0.0,29.0,2.067321,0.0,0.0,0.0
2020-08-25T00:08:49.926000Z,2020-08-25T00:08:50.281000Z,595.08,355.0,154.0,51.551,0.0,0.0,0.0,29.0,2.691363,0.0,0.0,0.0
2020-08-25T00:08:51.934000Z,2020-08-25T00:08:52.728000Z,404.535,794.0,154.0,59.396,0.0,0.0,0.0,29.0,2.608826,0.0,0.0,0.0
2020-08-25T00:08:53.941000Z,2020-08-25T00:08:54.254000Z,525.78,313.0,154.0,131.627,0.0,0.0,0.0,29.0,1.393022,0.0,0.0,0.0
2020-08-25T00:08:56.240000Z,2020-08-25T00:08:57.375000Z,541.947,1135.0,148.0,59.227,0.0,0.0,0.0,29.0,1.733759,0.0,0.0,0.0
2020-08-25T00:08:58.540000Z,2020-08-25T00:08:59.247000Z,604.934,707.0,138.0,71.268,0.0,0.0,0.0,29.0,0.139003,0.0,0.0,0.0
2020-08-25T00:08:59.968000Z,2020-08-25T00:09:00.270000Z,532.087,302.0,138.0,55.093,0.0,0.0,0.0,29.0,1.01601,0.0,0.0,0.0
2020-08-25T00:09:02.325000Z,2020-08-25T00:09:02.621000Z,557.118,296.0,128.0,72.671,0.0,0.0,0.0,29.0,2.511092,0.0,0.0,0.0
2020-08-25T00:09:04.310000Z,2020-08-25T00:09:04.823000Z,561.987,513.0,128.0,72.805,0.0,0.0,0.0,29.0,2.286594,0.0,0.0,0.0
2020-08-25T00:09:06.310000Z,2020-08-25T00:09:06.867000Z,568.264,557.0,128.0,97.548,0.0,0.0,0.0,29.0,0.824514,0.0,0.0,0.0
2020-08-25T00:09:08.331000Z,2020-08-25T00:09:08.691000Z,576.744,360.0,4.0,67.261,0.0,0.0,0.0,29.0,2.220709,0.0,0.0,0.0
2020-08-25T00:09:10.094000Z,2020-08-25T00:09:10.907000Z,541.617,813.0,118.0,48.666,0.0,0.0,0.0,29.0,1.100122,0.0,0.0,0.0
2020-08-25T00:09:12.028000Z,2020-08-25T00:09:12.294000Z,572.32,266.0,120.0,50.92,0.0,0.0,0.0,29.0,1.292741,0.0,0.0,0.0
2020-08-25T00:09:14.095000Z,2020-08-25T00:09:14.412000Z,576.665,317.0,124.0,50.894,0.0,0.0,0.0,29.0,2.324198,0.0,0.0,0.0
2020-08-25T00:09:16.044999Z,2020-08-25T00:09:16.361000Z,532.875,316.0,142.0,52.769,0.0,0.0,0.0,29.0,2.992776,0.0,0.0,0.0
2020-08-25T00:09:18.144000Z,2020-08-25T00:09:18.865999Z,577.868,722.0,142.0,54.292,0.0,0.0,0.0,29.0,2.56918,0.0,0.0,0.0
2020-08-25T00:09:20.073000Z,2020-08-25T00:09:22.654000Z,593.033,2581.0,134.0,56.751,0.0,0.0,0.0,29.0,1.486071,0.0,0.0,0.0
2020-08-25T00:09:22.655000Z,2020-08-25T00:09:23.997000Z,599.06,1342.0,62.0,132.949,0.0,0.0,0.0,29.0,0.88491,0.0,0.0,0.0
2020-08-25T00:09:23.998000Z,2020-08-25T00:09:24.414000Z,546.547,416.0,62.0,99.862,0.0,0.0,0.0,29.0,0.296879,0.0,0.0,0.0
2020-08-25T00:09:25.860999Z,2020-08-25T00:09:26.239000Z,637.406,378.0,86.0,42.719,0.0,0.0,0.0,29.0,1.535036,0.0,0.0,0.0
2020-08-25T00:09:27.825000Z,2020-08-25T00:09:28.417000Z,652.951,592.0,96.0,43.694,0.0,0.0,0.0,29.0,1.581591,0.0,0.0,0.0
2020-08-25T00:09:29.839000Z,2020-08-25T00:09:30.197000Z,480.947,358.0,96.0,44.051,0.0,0.0,0.0,29.0,1.962781,0.0,0.0,0.0
2020-08-25T00:09:31.838000Z,2020-08-25T00:09:32.023000Z,248.733,185.0,96.0,40.988,0.0,0.0,0.0,29.0,2.056818,0.0,0.0,0.0
2020-08-25T00:09:33.848000Z,2020-08-25T00:09:34.015000Z,247.346,167.0,96.0,48.712,0.0,0.0,0.0,29.0,1.418127,0.0,0.0,0.0
2020-08-25T00:09:35.854000Z,2020-08-25T00:09:36.043000Z,248.513,189.0,94.0,43.482,0.0,0.0,0.0,29.0,2.033239,0.0,0.0,0.0
2020-08-25T00:09:37.860000Z,2020-08-25T00:09:38.118000Z,252.75,258.0,108.0,69.532,0.0,0.0,0.0,29.0,1.386742,0.0,0.0,0.0
2020-08-25T00:09:39.862000Z,2020-08-25T00:09:40.061000Z,254.949,199.0,102.0,50.64,0.0,0.0,0.0,29.0,1.900515,0.0,0.0,0.0
2020-08-25T00:09:41.869000Z,2020-08-25T00:09:42.045000Z,246.985,176.0,98.0,75.249,0.0,0.0,0.0,29.0,1.201222,0.0,0.0,0.0
2020-08-25T00:09:43.876999Z,2020-08-25T00:09:44.031000Z,253.176,154.0,98.0,72.916,0.0,0.0,0.0,29.0,1.507129,0.0,0.0,0.0
2020-08-25T00:09:45.908000Z,2020-08-25T00:09:46.085000Z,255.174,177.0,98.0,42.168,0.0,0.0,0.0,29.0,2.116806,0.0,0.0,0.0
2020-08-25T00:09:47.875000Z,2020-08-25T00:09:48.321999Z,263.772,447.0,98.0,53.826,0.0,0.0,0.0,29.0,1.769153,0.0,0.0,0.0
2020-08-25T00:09:50.021000Z,2020-08-25T00:09:50.695000Z,271.795,674.0,98.0,109.364,0.0,0.0,0.0,29.0,0.848572,0.0,0.0,0.0
2020-08-25T00:09:51.912999Z,2020-08-25T00:09:52.182000Z,277.857,269.0,98.0,131.18,0.0,0.0,0.0,29.0,0.218911,0.0,0.0,0.0
2020-08-25T00:09:53.902000Z,2020-08-25T00:09:54.148000Z,251.876,246.0,134.0,105.385,0.0,0.0,0.0,29.0,1.152765,0.0,0.0,0.0
2020-08-25T00:09:55.906000Z,2020-08-25T00:09:56.280000Z,510.045,374.0,80.0,39.42,0.0,0.0,0.0,29.0,1.358922,0.0,0.0,0.0
2020-08-25T00:09:57.913999Z,2020-08-25T00:09:58.095000Z,279.292,181.0,90.0,72.438,0.0,0.0,0.0,29.0,1.699938,0.0,0.0,0.0
2020-08-25T00:09:59.928000Z,2020-08-25T00:10:00.088000Z,252.761,160.0,102.0,41.251,0.0,0.0,0.0,29.0,2.077763,0.0,0.0,0.0
