start_time,end_time,size,trans_time,cwnd,rtt,rto,ssthresh,last_snd,min_rtt,delivery_rate,bytes_sent,bytes_retrans,client_trans_time
2020-08-25T06:21:48.782000Z,2020-08-25T06:21:49.420000Z,24.635,638.0,116.0,325.63,0.0,0.0,0.0,180.224,0.347283,0.0,0.0,0.0
2020-08-25T06:21:49.420000Z,2020-08-25T06:21:50.022000Z,20.414,602.0,116.0,293.287,0.0,0.0,0.0,180.224,0.265938,0.0,0.0,0.0
2020-08-25T06:21:50.022000Z,2020-08-25T06:21:50.543000Z,25.559,521.0,116.0,240.941,0.0,0.0,0.0,180.224,0.265938,0.0,0.0,0.0
2020-08-25T06:21:50.543000Z,2020-08-25T06:21:51.161999Z,101.327,619.0,114.0,307.668,0.0,0.0,0.0,180.224,0.265938,0.0,0.0,0.0
2020-08-25T06:21:51.162000Z,2020-08-25T06:21:52.060000Z,148.705,898.0,114.0,380.873,0.0,0.0,0.0,180.224,0.265938,0.0,0.0,0.0
2020-08-25T06:21:52.060000Z,2020-08-25T06:21:53.289999Z,197.987,1230.0,88.0,548.961,0.0,0.0,0.0,180.224,0.208897,0.0,0.0,0.0
2020-08-25T06:21:53.290000Z,2020-08-25T06:21:54.646000Z,238.227,1356.0,92.0,299.837,0.0,0.0,0.0,180.224,0.196439,0.0,0.0,0.0
2020-08-25T06:21:54.646000Z,2020-08-25T06:21:55.710000Z,213.892,1064.0,94.0,442.406,0.0,0.0,0.0,180.224,0.165951,0.0,0.0,0.0
2020-08-25T06:21:55.710000Z,2020-08-25T06:21:57.068000Z,337.853,1358.0,98.0,248.84,0.0,0.0,0.0,180.224,0.123627,0.0,0.0,0.0
2020-08-25T06:21:57.069000Z,2020-08-25T06:21:58.518000Z,324.172,1449.0,120.0,253.308,0.0,0.0,0.0,180.224,0.316583,0.0,0.0,0.0
2020-08-25T06:21:58.519000Z,2020-08-25T06:21:59.915000Z,367.856,1396.0,124.0,362.285,0.0,0.0,0.0,180.224,0.303541,0.0,0.0,0.0
2020-08-25T06:21:59.916000Z,2020-08-25T06:22:01.664000Z,337.942,1748.0,122.0,386.884,0.0,0.0,0.0,180.224,0.264485,0.0,0.0,0.0
2020-08-25T06:22:01.664000Z,2020-08-25T06:22:02.575000Z,254.396,911.0,122.0,283.97,0.0,0.0,0.0,180.224,0.173505,0.0,0.0,0.0
2020-08-25T06:22:02.576000Z,2020-08-25T06:22:03.713999Z,358.769,1138.0,124.0,268.595,0.0,0.0,0.0,180.224,0.452423,0.0,0.0,0.0
2020-08-25T06:22:03.715000Z,2020-08-25T06:22:05.336000Z,386.461,1621.0,140.0,221.772,0.0,0.0,0.0,180.224,0.37182,0.0,0.0,0.0
2020-08-25T06:22:05.337999Z,2020-08-25T06:22:07.852000Z,925.732,2514.0,140.0,588.053,0.0,0.0,0.0,180.224,0.239135,0.0,0.0,0.0
2020-08-25T06:22:07.854000Z,2020-08-25T06:22:14.711000Z,1093.922,6857.0,144.0,341.884,0.0,0.0,0.0,180.224,0.267022,0.0,0.0,0.0
2020-08-25T06:22:14.712000Z,2020-08-25T06:22:16.251000Z,478.962,1539.0,218.0,761.213,0.0,0.0,0.0,180.224,0.005272,0.0,0.0,0.0
2020-08-25T06:22:16.251000Z,2020-08-25T06:22:16.899000Z,184.261,648.0,218.0,334.147,0.0,0.0,0.0,180.224,0.27542,0.0,0.0,0.0
2020-08-25T06:22:16.899000Z,2020-08-25T06:22:18.129999Z,406.877,1231.0,164.0,347.032,0.0,0.0,0.0,180.224,0.310773,0.0,0.0,0.0
2020-08-25T06:22:18.131000Z,2020-08-25T06:22:19.588000Z,354.762,1457.0,146.0,268.065,0.0,0.0,0.0,180.224,0.371048,0.0,0.0,0.0
2020-08-25T06:22:19.589000Z,2020-08-25T06:22:21.020000Z,344.504,1431.0,136.0,367.464,0.0,0.0,0.0,180.224,0.385408,0.0,0.0,0.0
2020-08-25T06:22:21.021000Z,2020-08-25T06:22:22.053000Z,340.085,1032.0,142.0,380.002,0.0,0.0,0.0,180.224,0.350742,0.0,0.0,0.0
2020-08-25T06:22:22.053000Z,2020-08-25T06:22:23.479000Z,369.297,1426.0,138.0,334.646,0.0,0.0,0.0,180.224,0.481141,0.0,0.0,0.0
2020-08-25T06:22:23.479000Z,2020-08-25T06:22:24.332000Z,253.051,853.0,138.0,559.604,0.0,0.0,0.0,180.224,0.283187,0.0,0.0,0.0
2020-08-25T06:22:25.041999Z,2020-08-25T06:22:26.260000Z,247.414,1218.0,138.0,227.003,0.0,0.0,0.0,180.224,0.417528,0.0,0.0,0.0
2020-08-25T06:22:26.711000Z,2020-08-25T06:22:27.657999Z,247.953,947.0,132.0,300.771,0.0,0.0,0.0,180.224,0.147678,0.0,0.0,0.0
2020-08-25T06:22:28.998000Z,2020-08-25T06:22:30.265000Z,303.448,1267.0,132.0,342.82,0.0,0.0,0.0,180.224,0.318176,0.0,0.0,0.0
2020-08-25T06:22:31.014000Z,2020-08-25T06:22:33.108000Z,474.348,2094.0,128.0,363.747,0.0,0.0,0.0,180.224,0.147058,0.0,0.0,0.0
2020-08-25T06:22:33.108000Z,2020-08-25T06:22:34.945999Z,408.23,1838.0,128.0,410.309,0.0,0.0,0.0,180.224,0.249236,0.0,0.0,0.0
2020-08-25T06:22:34.945999Z,2020-08-25T06:22:36.031000Z,287.851,1085.0,114.0,315.571,0.0,0.0,0.0,180.224,0.269265,0.0,0.0,0.0
2020-08-25T06:22:37.005000Z,2020-08-25T06:22:38.265999Z,428.366,1261.0,120.0,325.691,0.0,0.0,0.0,180.224,0.285153,0.0,0.0,0.0
2020-08-25T06:22:39.192000Z,2020-08-25T06:22:43.881999Z,1403.126,4690.0,124.0,222.807,0.0,0.0,0.0,180.224,0.450504,0.0,0.0,0.0
2020-08-25T06:22:43.883000Z,2020-08-25T06:22:45.716000Z,696.12,1833.0,158.0,446.745,0.0,0.0,0.0,180.224,0.341741,0.0,0.0,0.0
2020-08-25T06:22:45.717000Z,2020-08-25T06:22:47.053000Z,466.76,1336.0,158.0,347.07,0.0,0.0,0.0,180.224,0.461565,0.0,0.0,0.0
2020-08-25T06:22:47.054000Z,2020-08-25T06:22:49.177000Z,659.829,2123.0,144.0,275.595,0.0,0.0,0.0,180.224,0.418638,0.0,0.0,0.0
2020-08-25T06:22:49.178000Z,2020-08-25T06:22:50.757000Z,556.46,1579.0,144.0,400.817,0.0,0.0,0.0,180.224,0.249049,0.0,0.0,0.0
2020-08-25T06:22:50.758000Z,2020-08-25T06:22:53.044000Z,929.794,2286.0,144.0,249.704,0.0,0.0,0.0,180.224,0.408545,0.0,0.0,0.0
2020-08-25T06:22:53.044999Z,2020-08-25T06:22:54.632000Z,625.001,1587.0,172.0,463.965,0.0,0.0,0.0,180.224,0.34208,0.0,0.0,0.0
2020-08-25T06:22:54.632000Z,2020-08-25T06:22:55.550000Z,167.32,918.0,172.0,345.926,0.0,0.0,0.0,180.224,0.508446,0.0,0.0,0.0
2020-08-25T06:22:55.551000Z,2020-08-25T06:22:56.783000Z,510.68,1232.0,172.0,537.131,0.0,0.0,0.0,180.224,0.508446,0.0,0.0,0.0
2020-08-25T06:22:56.784000Z,2020-08-25T06:22:59.557000Z,426.889,2773.0,4.0,440.714,0.0,0.0,0.0,180.224,0.528813,0.0,0.0,0.0
2020-08-25T06:23:00.729999Z,2020-08-25T06:23:01.948000Z,212.198,1218.0,234.0,746.301,0.0,0.0,0.0,180.224,0.044175,0.0,0.0,0.0
2020-08-25T06:23:01.949000Z,2020-08-25T06:23:04.063000Z,606.471,2114.0,234.0,869.317,0.0,0.0,0.0,180.224,0.183576,0.0,0.0,0.0
2020-08-25T06:23:04.064000Z,2020-08-25T06:23:05.603000Z,401.826,1539.0,224.0,487.447,0.0,0.0,0.0,180.224,0.234326,0.0,0.0,0.0
2020-08-25T06:23:05.603000Z,2020-08-25T06:23:06.872000Z,258.002,1269.0,182.0,343.927,0.0,0.0,0.0,180.224,0.250572,0.0,0.0,0.0
2020-08-25T06:23:06.872000Z,2020-08-25T06:23:09.327000Z,282.84,2455.0,182.0,709.263,0.0,0.0,0.0,180.224,0.250572,0.0,0.0,0.0
2020-08-25T06:23:09.328000Z,2020-08-25T06:23:12.428000Z,227.524,3100.0,182.0,1486.194,0.0,0.0,0.0,180.224,0.118313,0.0,0.0,0.0
2020-08-25T06:23:12.476000Z,2020-08-25T06:23:13.334000Z,238.395,858.0,154.0,1486.475,0.0,0.0,0.0,180.224,0.194559,0.0,0.0,0.0
2020-08-25T06:23:13.335000Z,2020-08-25T06:23:15.717000Z,521.68,2382.0,158.0,292.835,0.0,0.0,0.0,180.224,0.452361,0.0,0.0,0.0
2020-08-25T06:23:15.718000Z,2020-08-25T06:23:16.431000Z,182.562,713.0,160.0,350.259,0.0,0.0,0.0,180.224,0.001521,0.0,0.0,0.0
2020-08-25T06:23:16.965000Z,2020-08-25T06:23:17.665000Z,178.977,700.0,160.0,370.702,0.0,0.0,0.0,180.224,0.353449,0.0,0.0,0.0
2020-08-25T06:23:19.981000Z,2020-08-25T06:23:20.643000Z,167.74,662.0,170.0,293.651,0.0,0.0,0.0,180.224,0.606334,0.0,0.0,0.0
2020-08-25T06:23:20.943000Z,2020-08-25T06:23:21.605000Z,157.52,662.0,176.0,339.58,0.0,0.0,0.0,180.224,0.606334,0.0,0.0,0.0
2020-08-25T06:23:22.943000Z,2020-08-25T06:23:23.917000Z,321.351,974.0,176.0,254.359,0.0,0.0,0.0,180.224,0.606334,0.0,0.0,0.0
2020-08-25T06:23:24.920000Z,2020-08-25T06:23:27.115000Z,554.33,2195.0,192.0,293.688,0.0,0.0,0.0,180.224,0.370388,0.0,0.0,0.0
2020-08-25T06:23:27.116000Z,2020-08-25T06:23:28.198000Z,375.154,1082.0,192.0,301.791,0.0,0.0,0.0,180.224,0.086946,0.0,0.0,0.0
2020-08-25T06:23:28.926000Z,2020-08-25T06:23:30.241999Z,323.417,1316.0,192.0,369.898,0.0,0.0,0.0,180.224,0.357486,0.0,0.0,0.0
2020-08-25T06:23:30.924000Z,2020-08-25T06:23:32.097000Z,296.492,1173.0,192.0,304.53,0.0,0.0,0.0,180.224,0.116861,0.0,0.0,0.0
2020-08-25T06:23:32.968000Z,2020-08-25T06:23:34.152000Z,334.15,1184.0,172.0,288.638,0.0,0.0,0.0,180.224,0.313945,0.0,0.0,0.0
2020-08-25T06:23:34.945999Z,2020-08-25T06:23:36.257000Z,346.771,1311.0,164.0,347.655,0.0,0.0,0.0,180.224,0.236803,0.0,0.0,0.0
2020-08-25T06:23:36.928000Z,2020-08-25T06:23:39.039000Z,823.464,2111.0,140.0,248.488,0.0,0.0,0.0,180.224,0.442325,0.0,0.0,0.0
2020-08-25T06:23:39.039000Z,2020-08-25T06:23:40.209000Z,259.779,1170.0,146.0,276.246,0.0,0.0,0.0,180.224,0.361421,0.0,0.0,0.0
2020-08-25T06:23:41.000000Z,2020-08-25T06:23:42.001000Z,210.663,1000.9999999999999,146.0,284.239,0.0,0.0,0.0,180.224,0.133709,0.0,0.0,0.0
2020-08-25T06:23:42.975000Z,2020-08-25T06:23:44.103000Z,255.56,1128.0,146.0,406.929,0.0,0.0,0.0,180.224,0.446353,0.0,0.0,0.0
2020-08-25T06:23:44.959000Z,2020-08-25T06:23:45.657000Z,248.713,698.0,326.0,550.872,0.0,0.0,0.0,180.224,0.391274,0.0,0.0,0.0
2020-08-25T06:23:46.936000Z,2020-08-25T06:23:47.960000Z,320.632,1024.0,164.0,302.927,0.0,0.0,0.0,180.224,0.559785,0.0,0.0,0.0
2020-08-25T06:23:48.956000Z,2020-08-25T06:23:50.192000Z,408.334,1236.0,166.0,536.179,0.0,0.0,0.0,180.224,0.425625,0.0,0.0,0.0
2020-08-25T06:23:50.918000Z,2020-08-25T06:23:52.252000Z,238.972,1334.0,166.0,407.09,0.0,0.0,0.0,180.224,0.425296,0.0,0.0,0.0
2020-08-25T06:23:53.273000Z,2020-08-25T06:23:56.591000Z,954.36,3318.0,156.0,259.129,0.0,0.0,0.0,180.224,0.382091,0.0,0.0,0.0
2020-08-25T06:23:56.592000Z,2020-08-25T06:23:58.487000Z,558.236,1895.0,156.0,435.595,0.0,0.0,0.0,180.224,0.266623,0.0,0.0,0.0
2020-08-25T06:23:58.488000Z,2020-08-25T06:24:00.124000Z,163.351,1636.0,138.0,433.042,0.0,0.0,0.0,180.224,0.221479,0.0,0.0,0.0
2020-08-25T06:24:00.125000Z,2020-08-25T06:24:03.031000Z,542.213,2906.0,138.0,1314.484,0.0,0.0,0.0,180.224,0.075908,0.0,0.0,0.0
2020-08-25T06:24:03.032000Z,2020-08-25T06:24:05.273000Z,627.974,2241.0,147.0,525.639,0.0,0.0,0.0,180.224,0.268709,0.0,0.0,0.0
2020-08-25T06:24:05.274000Z,2020-08-25T06:24:06.080000Z,240.308,806.0,180.0,385.811,0.0,0.0,0.0,180.224,0.253761,0.0,0.0,0.0
2020-08-25T06:24:06.080000Z,2020-08-25T06:24:08.283000Z,330.279,2203.0,195.0,328.74,0.0,0.0,0.0,180.224,0.636162,0.0,0.0,0.0
2020-08-25T06:24:08.284000Z,2020-08-25T06:24:09.217999Z,358.893,934.0,218.0,1285.651,0.0,0.0,0.0,180.224,0.048797,0.0,0.0,0.0
2020-08-25T06:24:09.219000Z,2020-08-25T06:24:10.200000Z,363.522,981.0,218.0,356.244,0.0,0.0,0.0,180.224,0.60185,0.0,0.0,0.0
2020-08-25T06:24:10.920000Z,2020-08-25T06:24:13.151000Z,342.661,2231.0,218.0,371.876,0.0,0.0,0.0,180.224,0.574737,0.0,0.0,0.0
2020-08-25T06:24:13.152000Z,2020-08-25T06:24:14.030000Z,315.472,878.0,216.0,455.536,0.0,0.0,0.0,180.224,0.007019,0.0,0.0,0.0
2020-08-25T06:24:14.939000Z,2020-08-25T06:24:16.006000Z,330.033,1067.0,180.0,392.479,0.0,0.0,0.0,180.224,0.57776,0.0,0.0,0.0
2020-08-25T06:24:16.952999Z,2020-08-25T06:24:18.021000Z,416.595,1068.0,180.0,329.024,0.0,0.0,0.0,180.224,0.460933,0.0,0.0,0.0
2020-08-25T06:24:18.963000Z,2020-08-25T06:24:21.654000Z,1030.473,2691.0,166.0,237.743,0.0,0.0,0.0,180.224,0.457047,0.0,0.0,0.0
2020-08-25T06:24:21.655000Z,2020-08-25T06:24:22.761000Z,519.312,1106.0,160.0,409.023,0.0,0.0,0.0,180.224,0.484811,0.0,0.0,0.0
2020-08-25T06:24:22.973000Z,2020-08-25T06:24:23.819000Z,238.37,846.0,174.0,233.188,0.0,0.0,0.0,180.224,0.532268,0.0,0.0,0.0
2020-08-25T06:24:24.984000Z,2020-08-25T06:24:26.480000Z,228.889,1496.0,174.0,485.855,0.0,0.0,0.0,180.224,0.532268,0.0,0.0,0.0
2020-08-25T06:24:26.936000Z,2020-08-25T06:24:27.704000Z,213.034,768.0,174.0,365.893,0.0,0.0,0.0,180.224,0.030476,0.0,0.0,0.0
2020-08-25T06:24:28.945999Z,2020-08-25T06:24:29.870000Z,231.328,924.0,174.0,368.388,0.0,0.0,0.0,180.224,0.527408,0.0,0.0,0.0
2020-08-25T06:24:31.136999Z,2020-08-25T06:24:33.393000Z,794.973,2256.0,282.0,496.619,0.0,0.0,0.0,180.224,0.463848,0.0,0.0,0.0
2020-08-25T06:24:33.393999Z,2020-08-25T06:24:33.958000Z,159.658,564.0,158.0,333.101,0.0,0.0,0.0,180.224,0.366494,0.0,0.0,0.0
2020-08-25T06:24:34.945999Z,2020-08-25T06:24:35.513999Z,157.736,568.0,158.0,289.589,0.0,0.0,0.0,180.224,0.366494,0.0,0.0,0.0
2020-08-25T06:24:38.189000Z,2020-08-25T06:24:38.953999Z,156.956,765.0,158.0,264.08,0.0,0.0,0.0,180.224,0.515711,0.0,0.0,0.0
2020-08-25T06:24:38.953999Z,2020-08-25T06:24:39.899000Z,156.571,945.0,158.0,475.888,0.0,0.0,0.0,180.224,0.354244,0.0,0.0,0.0
2020-08-25T06:24:40.929000Z,2020-08-25T06:24:41.712000Z,159.298,783.0,158.0,449.835,0.0,0.0,0.0,180.224,0.396781,0.0,0.0,0.0
2020-08-25T06:24:43.039000Z,2020-08-25T06:24:43.999000Z,157.956,960.0,158.0,526.582,0.0,0.0,0.0,180.224,0.396781,0.0,0.0,0.0
2020-08-25T06:24:44.993000Z,2020-08-25T06:24:45.593999Z,156.885,601.0,252.0,399.247,0.0,0.0,0.0,180.224,0.132454,0.0,0.0,0.0
2020-08-25T06:24:46.940000Z,2020-08-25T06:24:47.670000Z,158.255,730.0,210.0,348.422,0.0,0.0,0.0,180.224,0.264358,0.0,0.0,0.0
2020-08-25T06:24:48.952999Z,2020-08-25T06:24:50.281999Z,463.356,1329.0,192.0,376.786,0.0,0.0,0.0,180.224,0.341918,0.0,0.0,0.0
2020-08-25T06:24:50.952999Z,2020-08-25T06:24:54.584000Z,372.408,3631.0,208.0,420.629,0.0,0.0,0.0,180.224,0.463552,0.0,0.0,0.0
2020-08-25T06:24:54.585000Z,2020-08-25T06:24:56.295000Z,523.549,1710.0,208.0,925.275,0.0,0.0,0.0,180.224,0.002771,0.0,0.0,0.0
2020-08-25T06:24:56.295000Z,2020-08-25T06:24:57.001000Z,157.332,706.0,208.0,527.357,0.0,0.0,0.0,180.224,0.336702,0.0,0.0,0.0
2020-08-25T06:24:57.001000Z,2020-08-25T06:24:57.987000Z,102.048,986.0,208.0,455.104,0.0,0.0,0.0,180.224,0.365471,0.0,0.0,0.0
2020-08-25T06:24:58.951000Z,2020-08-25T06:24:59.657000Z,152.331,706.0,238.0,309.726,0.0,0.0,0.0,180.224,0.365471,0.0,0.0,0.0
2020-08-25T06:25:00.961000Z,2020-08-25T06:25:01.703000Z,117.976,742.0,238.0,453.909,0.0,0.0,0.0,180.224,0.365471,0.0,0.0,0.0
2020-08-25T06:25:02.981000Z,2020-08-25T06:25:03.643000Z,108.781,662.0,238.0,486.858,0.0,0.0,0.0,180.738,0.365471,0.0,0.0,0.0
2020-08-25T06:25:04.967000Z,2020-08-25T06:25:05.823000Z,99.328,856.0,190.0,364.56,0.0,0.0,0.0,180.738,0.365471,0.0,0.0,0.0
2020-08-25T06:25:06.960000Z,2020-08-25T06:25:07.455000Z,97.908,495.0,190.0,553.608,0.0,0.0,0.0,180.738,0.365471,0.0,0.0,0.0
2020-08-25T06:25:08.945999Z,2020-08-25T06:25:09.558000Z,99.319,612.0,190.0,566.672,0.0,0.0,0.0,180.738,0.365471,0.0,0.0,0.0
2020-08-25T06:25:11.031000Z,2020-08-25T06:25:12.169999Z,370.634,1139.0,190.0,302.816,0.0,0.0,0.0,180.738,0.365471,0.0,0.0,0.0
2020-08-25T06:25:12.929000Z,2020-08-25T06:25:15.398000Z,663.044,2469.0,180.0,289.829,0.0,0.0,0.0,180.738,0.297634,0.0,0.0,0.0
2020-08-25T06:25:15.398000Z,2020-08-25T06:25:16.445000Z,387.266,1047.0,164.0,515.503,0.0,0.0,0.0,180.738,0.388657,0.0,0.0,0.0
2020-08-25T06:25:16.929000Z,2020-08-25T06:25:17.847000Z,234.832,918.0,156.0,357.069,0.0,0.0,0.0,180.738,0.461708,0.0,0.0,0.0
2020-08-25T06:25:18.931000Z,2020-08-25T06:25:20.055000Z,367.638,1124.0,156.0,254.147,0.0,0.0,0.0,180.738,0.261434,0.0,0.0,0.0
2020-08-25T06:25:20.945000Z,2020-08-25T06:25:21.729000Z,210.862,784.0,156.0,284.871,0.0,0.0,0.0,180.738,0.434422,0.0,0.0,0.0
2020-08-25T06:25:22.975000Z,2020-08-25T06:25:24.519000Z,361.153,1544.0,156.0,296.534,0.0,0.0,0.0,180.738,0.42331,0.0,0.0,0.0
2020-08-25T06:25:24.994000Z,2020-08-25T06:25:27.537999Z,665.747,2544.0,146.0,667.155,0.0,0.0,0.0,180.738,0.216463,0.0,0.0,0.0
2020-08-25T06:25:27.540000Z,2020-08-25T06:25:30.726000Z,1154.72,3186.0,198.0,361.687,0.0,0.0,0.0,180.738,0.444007,0.0,0.0,0.0
2020-08-25T06:25:30.727000Z,2020-08-25T06:25:31.948000Z,441.527,1221.0,210.0,371.02,0.0,0.0,0.0,180.738,0.41079,0.0,0.0,0.0
2020-08-25T06:25:31.950000Z,2020-08-25T06:25:35.665999Z,1210.564,3716.0,166.0,339.339,0.0,0.0,0.0,180.738,0.457376,0.0,0.0,0.0
2020-08-25T06:25:35.668000Z,2020-08-25T06:25:38.661000Z,1097.611,2993.0,160.0,340.394,0.0,0.0,0.0,180.594,0.447143,0.0,0.0,0.0
2020-08-25T06:25:38.663000Z,2020-08-25T06:25:41.515000Z,1108.831,2852.0,170.0,232.26,0.0,0.0,0.0,180.594,0.181541,0.0,0.0,0.0
2020-08-25T06:25:41.517000Z,2020-08-25T06:25:44.741000Z,1036.958,3224.0,156.0,613.433,0.0,0.0,0.0,180.594,0.3871,0.0,0.0,0.0
2020-08-25T06:25:44.741000Z,2020-08-25T06:25:45.763000Z,215.984,1022.0,4.0,309.159,0.0,0.0,0.0,180.594,0.392863,0.0,0.0,0.0
2020-08-25T06:25:45.764000Z,2020-08-25T06:25:46.488000Z,267.435,724.0,206.0,294.8,0.0,0.0,0.0,180.594,0.392863,0.0,0.0,0.0
2020-08-25T06:25:46.488999Z,2020-08-25T06:25:50.264000Z,760.024,3775.0,174.0,237.707,0.0,0.0,0.0,180.594,0.589553,0.0,0.0,0.0
2020-08-25T06:25:50.264999Z,2020-08-25T06:25:52.632000Z,695.92,2367.0,184.0,1196.482,0.0,0.0,0.0,180.594,0.039065,0.0,0.0,0.0
2020-08-25T06:25:52.633000Z,2020-08-25T06:25:53.833999Z,421.121,1201.0,172.0,398.617,0.0,0.0,0.0,180.594,0.402027,0.0,0.0,0.0
2020-08-25T06:25:53.833999Z,2020-08-25T06:25:54.550000Z,147.179,716.0,172.0,338.922,0.0,0.0,0.0,180.594,0.400799,0.0,0.0,0.0
2020-08-25T06:25:54.550000Z,2020-08-25T06:25:55.542000Z,320.42,992.0,172.0,474.95,0.0,0.0,0.0,180.594,0.400799,0.0,0.0,0.0
2020-08-25T06:25:55.543000Z,2020-08-25T06:25:57.753000Z,735.629,2210.0,142.0,367.162,0.0,0.0,0.0,180.594,0.484889,0.0,0.0,0.0
2020-08-25T06:25:57.755000Z,2020-08-25T06:26:01.001000Z,983.49,3246.0,144.0,547.314,0.0,0.0,0.0,180.594,0.433744,0.0,0.0,0.0
2020-08-25T06:26:01.001999Z,2020-08-25T06:26:02.687000Z,567.79,1685.0,144.0,240.64,0.0,0.0,0.0,180.594,0.515362,0.0,0.0,0.0
2020-08-25T06:26:02.688000Z,2020-08-25T06:26:04.599000Z,488.021,1911.0,4.0,508.503,0.0,0.0,0.0,180.594,0.354383,0.0,0.0,0.0
2020-08-25T06:26:04.599000Z,2020-08-25T06:26:05.753000Z,149.106,1154.0,154.0,255.752,0.0,0.0,0.0,180.594,0.286277,0.0,0.0,0.0
2020-08-25T06:26:05.755000Z,2020-08-25T06:26:09.081999Z,985.274,3327.0,154.0,910.455,0.0,0.0,0.0,180.594,0.286277,0.0,0.0,0.0
2020-08-25T06:26:09.083000Z,2020-08-25T06:26:11.438000Z,618.493,2355.0,174.0,399.805,0.0,0.0,0.0,180.594,0.305765,0.0,0.0,0.0
2020-08-25T06:26:11.439000Z,2020-08-25T06:26:14.012000Z,863.152,2573.0,104.0,677.815,0.0,0.0,0.0,180.594,0.200883,0.0,0.0,0.0
2020-08-25T06:26:14.013000Z,2020-08-25T06:26:15.813000Z,566.486,1800.0,152.0,472.795,0.0,0.0,0.0,180.594,0.378794,0.0,0.0,0.0
2020-08-25T06:26:15.814000Z,2020-08-25T06:26:17.272000Z,491.929,1458.0,152.0,247.964,0.0,0.0,0.0,180.594,0.305944,0.0,0.0,0.0
2020-08-25T06:26:17.273000Z,2020-08-25T06:26:18.373000Z,283.558,1100.0,136.0,250.206,0.0,0.0,0.0,180.594,0.457279,0.0,0.0,0.0
2020-08-25T06:26:18.374000Z,2020-08-25T06:26:19.555000Z,434.037,1181.0,136.0,379.127,0.0,0.0,0.0,180.594,0.356985,0.0,0.0,0.0
2020-08-25T06:26:19.555000Z,2020-08-25T06:26:20.679000Z,313.018,1124.0,166.0,397.791,0.0,0.0,0.0,180.594,0.621329,0.0,0.0,0.0
2020-08-25T06:26:20.679000Z,2020-08-25T06:26:21.825000Z,414.19,1146.0,166.0,284.261,0.0,0.0,0.0,180.594,0.350053,0.0,0.0,0.0
2020-08-25T06:26:21.826000Z,2020-08-25T06:26:23.293000Z,558.402,1467.0,174.0,400.314,0.0,0.0,0.0,180.594,0.543413,0.0,0.0,0.0
2020-08-25T06:26:23.294000Z,2020-08-25T06:26:25.710000Z,806.927,2416.0,186.0,422.26,0.0,0.0,0.0,180.594,0.644823,0.0,0.0,0.0
2020-08-25T06:26:25.711000Z,2020-08-25T06:26:27.788000Z,716.274,2077.0,190.0,444.688,0.0,0.0,0.0,180.594,0.203814,0.0,0.0,0.0
2020-08-25T06:26:27.790000Z,2020-08-25T06:26:32.388000Z,1321.325,4598.0,190.0,399.846,0.0,0.0,0.0,180.594,0.458292,0.0,0.0,0.0
2020-08-25T06:26:32.388000Z,2020-08-25T06:26:33.108000Z,164.234,720.0,156.0,438.295,0.0,0.0,0.0,180.594,0.275331,0.0,0.0,0.0
2020-08-25T06:26:33.108000Z,2020-08-25T06:26:33.927000Z,230.586,819.0,156.0,376.455,0.0,0.0,0.0,180.594,0.323599,0.0,0.0,0.0
2020-08-25T06:26:33.929000Z,2020-08-25T06:26:36.769000Z,905.648,2840.0,156.0,299.573,0.0,0.0,0.0,180.594,0.425561,0.0,0.0,0.0
2020-08-25T06:26:36.770000Z,2020-08-25T06:26:38.097000Z,466.37,1327.0,196.0,345.952,0.0,0.0,0.0,180.594,0.466048,0.0,0.0,0.0
2020-08-25T06:26:38.097999Z,2020-08-25T06:26:40.161999Z,735.485,2064.0,196.0,402.445,0.0,0.0,0.0,180.594,0.521113,0.0,0.0,0.0
2020-08-25T06:26:40.163000Z,2020-08-25T06:26:43.673000Z,1083.13,3510.0,196.0,371.82,0.0,0.0,0.0,180.594,0.497512,0.0,0.0,0.0
2020-08-25T06:26:43.673999Z,2020-08-25T06:26:45.277000Z,377.941,1603.0,194.0,405.136,0.0,0.0,0.0,180.594,0.564175,0.0,0.0,0.0
2020-08-25T06:26:45.277000Z,2020-08-25T06:26:46.304000Z,231.881,1027.0,176.0,274.355,0.0,0.0,0.0,180.594,0.210387,0.0,0.0,0.0
2020-08-25T06:26:46.304000Z,2020-08-25T06:26:47.614000Z,320.337,1310.0,176.0,559.768,0.0,0.0,0.0,180.594,0.26048,0.0,0.0,0.0
2020-08-25T06:26:47.614000Z,2020-08-25T06:26:48.653000Z,222.666,1039.0,176.0,386.408,0.0,0.0,0.0,180.594,0.108573,0.0,0.0,0.0
2020-08-25T06:26:49.168000Z,2020-08-25T06:26:50.473999Z,317.358,1306.0,134.0,324.223,0.0,0.0,0.0,180.594,0.289516,0.0,0.0,0.0
2020-08-25T06:26:51.172000Z,2020-08-25T06:26:52.158000Z,317.573,986.0,148.0,360.117,0.0,0.0,0.0,180.594,0.233123,0.0,0.0,0.0
2020-08-25T06:26:53.203000Z,2020-08-25T06:26:54.849000Z,495.922,1646.0,148.0,325.565,0.0,0.0,0.0,180.594,0.44173,0.0,0.0,0.0
2020-08-25T06:26:55.893000Z,2020-08-25T06:26:57.150000Z,356.522,1257.0,148.0,577.113,0.0,0.0,0.0,180.594,0.010804,0.0,0.0,0.0
2020-08-25T06:26:57.151000Z,2020-08-25T06:26:58.625000Z,408.899,1474.0,148.0,408.792,0.0,0.0,0.0,180.594,0.362683,0.0,0.0,0.0
2020-08-25T06:26:59.283000Z,2020-08-25T06:27:00.337000Z,318.713,1054.0,146.0,284.789,0.0,0.0,0.0,180.594,0.269532,0.0,0.0,0.0
2020-08-25T06:27:01.389000Z,2020-08-25T06:27:02.230000Z,305.183,841.0,4.0,299.944,0.0,0.0,0.0,180.594,0.334376,0.0,0.0,0.0
2020-08-25T06:27:03.367000Z,2020-08-25T06:27:06.276000Z,990.298,2909.0,180.0,374.018,0.0,0.0,0.0,180.594,0.553919,0.0,0.0,0.0
2020-08-25T06:27:06.277000Z,2020-08-25T06:27:07.838000Z,550.931,1561.0,164.0,263.094,0.0,0.0,0.0,180.594,0.308796,0.0,0.0,0.0
2020-08-25T06:27:07.839000Z,2020-08-25T06:27:09.048000Z,419.752,1209.0,164.0,453.214,0.0,0.0,0.0,180.594,0.47112,0.0,0.0,0.0
2020-08-25T06:27:09.048000Z,2020-08-25T06:27:09.696000Z,159.001,648.0,164.0,294.308,0.0,0.0,0.0,180.594,0.577446,0.0,0.0,0.0
2020-08-25T06:27:11.178000Z,2020-08-25T06:27:12.718000Z,104.733,1540.0,164.0,362.401,0.0,0.0,0.0,180.594,0.550184,0.0,0.0,0.0
2020-08-25T06:27:13.120000Z,2020-08-25T06:27:13.607000Z,44.866,487.0,164.0,290.41,0.0,0.0,0.0,180.594,0.550184,0.0,0.0,0.0
2020-08-25T06:27:15.172000Z,2020-08-25T06:27:15.464000Z,44.726,292.0,164.0,398.737,0.0,0.0,0.0,180.594,0.550184,0.0,0.0,0.0
2020-08-25T06:27:17.248000Z,2020-08-25T06:27:18.604000Z,262.718,1356.0,160.0,229.849,0.0,0.0,0.0,180.594,0.550184,0.0,0.0,0.0
2020-08-25T06:27:19.078000Z,2020-08-25T06:27:22.291000Z,593.864,3213.0,158.0,439.765,0.0,0.0,0.0,180.594,0.010767,0.0,0.0,0.0
2020-08-25T06:27:22.292000Z,2020-08-25T06:27:23.663000Z,546.46,1371.0,146.0,1268.436,0.0,0.0,0.0,180.594,0.091366,0.0,0.0,0.0
2020-08-25T06:27:23.664000Z,2020-08-25T06:27:25.291000Z,617.071,1627.0,186.0,393.73,0.0,0.0,0.0,180.594,0.532762,0.0,0.0,0.0
2020-08-25T06:27:25.291000Z,2020-08-25T06:27:25.841999Z,120.703,551.0,192.0,298.912,0.0,0.0,0.0,180.594,0.458626,0.0,0.0,0.0
2020-08-25T06:27:27.675000Z,2020-08-25T06:27:28.534000Z,123.469,859.0,277.0,386.073,0.0,0.0,0.0,180.594,0.458626,0.0,0.0,0.0
2020-08-25T06:27:29.214000Z,2020-08-25T06:27:29.844000Z,126.613,630.0,340.0,543.301,0.0,0.0,0.0,180.594,0.458626,0.0,0.0,0.0
2020-08-25T06:27:31.218000Z,2020-08-25T06:27:32.120000Z,123.263,902.0,262.0,416.335,0.0,0.0,0.0,180.594,0.458626,0.0,0.0,0.0
2020-08-25T06:27:33.164000Z,2020-08-25T06:27:33.870000Z,130.134,706.0,262.0,361.793,0.0,0.0,0.0,180.594,0.118118,0.0,0.0,0.0
2020-08-25T06:27:35.208000Z,2020-08-25T06:27:35.942000Z,140.751,734.0,262.0,461.168,0.0,0.0,0.0,180.594,0.232677,0.0,0.0,0.0
2020-08-25T06:27:37.205000Z,2020-08-25T06:27:38.069000Z,154.706,864.0,262.0,360.086,0.0,0.0,0.0,180.594,0.28371,0.0,0.0,0.0
2020-08-25T06:27:39.181000Z,2020-08-25T06:27:39.744000Z,156.191,563.0,262.0,538.723,0.0,0.0,0.0,180.594,0.28371,0.0,0.0,0.0
2020-08-25T06:27:41.183000Z,2020-08-25T06:27:41.760000Z,163.498,577.0,206.0,350.727,0.0,0.0,0.0,180.594,0.285831,0.0,0.0,0.0
2020-08-25T06:27:43.239000Z,2020-08-25T06:27:44.345000Z,161.954,1106.0,68.0,252.227,0.0,0.0,0.0,180.594,0.212866,0.0,0.0,0.0
2020-08-25T06:27:45.214000Z,2020-08-25T06:27:48.240000Z,440.245,3026.0,64.0,360.614,0.0,0.0,0.0,180.594,0.213851,0.0,0.0,0.0
2020-08-25T06:27:48.241000Z,2020-08-25T06:27:49.811000Z,307.265,1570.0,66.0,331.205,0.0,0.0,0.0,180.594,0.19219,0.0,0.0,0.0
2020-08-25T06:27:49.812000Z,2020-08-25T06:27:51.344000Z,287.986,1532.0,78.0,244.577,0.0,0.0,0.0,180.594,0.232642,0.0,0.0,0.0
2020-08-25T06:27:51.346000Z,2020-08-25T06:27:56.405000Z,1388.937,5059.0,86.0,319.851,0.0,0.0,0.0,180.594,0.136534,0.0,0.0,0.0
2020-08-25T06:27:56.407000Z,2020-08-25T06:27:59.828000Z,1039.13,3421.0,102.0,378.539,0.0,0.0,0.0,180.594,0.279413,0.0,0.0,0.0
2020-08-25T06:27:59.829000Z,2020-08-25T06:28:01.535000Z,597.647,1706.0,133.0,298.044,0.0,0.0,0.0,180.594,0.488991,0.0,0.0,0.0
2020-08-25T06:28:01.535000Z,2020-08-25T06:28:03.165000Z,441.984,1630.0,4.0,280.75,0.0,0.0,0.0,180.594,0.536246,0.0,0.0,0.0
2020-08-25T06:28:03.166000Z,2020-08-25T06:28:05.201999Z,492.125,2036.0,176.0,538.331,0.0,0.0,0.0,180.594,0.391676,0.0,0.0,0.0
2020-08-25T06:28:05.203000Z,2020-08-25T06:28:06.276000Z,373.634,1073.0,176.0,570.824,0.0,0.0,0.0,180.594,0.365416,0.0,0.0,0.0
2020-08-25T06:28:06.277000Z,2020-08-25T06:28:07.630000Z,524.371,1353.0,162.0,314.873,0.0,0.0,0.0,180.594,0.389881,0.0,0.0,0.0
2020-08-25T06:28:07.631000Z,2020-08-25T06:28:09.796000Z,754.103,2165.0,164.0,253.933,0.0,0.0,0.0,180.594,0.548391,0.0,0.0,0.0
2020-08-25T06:28:09.797000Z,2020-08-25T06:28:11.580000Z,543.761,1783.0,162.0,614.839,0.0,0.0,0.0,180.594,0.284105,0.0,0.0,0.0
2020-08-25T06:28:11.580000Z,2020-08-25T06:28:12.612000Z,331.806,1032.0,162.0,559.703,0.0,0.0,0.0,180.594,0.335133,0.0,0.0,0.0
2020-08-25T06:28:12.612000Z,2020-08-25T06:28:15.006000Z,284.515,2394.0,162.0,372.772,0.0,0.0,0.0,180.594,0.559197,0.0,0.0,0.0
2020-08-25T06:28:15.007000Z,2020-08-25T06:28:16.341000Z,414.331,1334.0,162.0,1585.125,0.0,0.0,0.0,180.594,0.15005,0.0,0.0,0.0
2020-08-25T06:28:16.342000Z,2020-08-25T06:28:19.139000Z,565.145,2797.0,162.0,455.735,0.0,0.0,0.0,180.594,0.495845,0.0,0.0,0.0
2020-08-25T06:28:19.140000Z,2020-08-25T06:28:20.697000Z,410.002,1557.0,4.0,1153.336,0.0,0.0,0.0,180.594,0.077291,0.0,0.0,0.0
2020-08-25T06:28:20.697000Z,2020-08-25T06:28:22.533000Z,490.129,1836.0,156.0,343.445,0.0,0.0,0.0,180.594,0.361112,0.0,0.0,0.0
2020-08-25T06:28:22.534000Z,2020-08-25T06:28:24.491000Z,494.532,1957.0,134.0,420.219,0.0,0.0,0.0,180.594,0.442128,0.0,0.0,0.0
2020-08-25T06:28:24.491000Z,2020-08-25T06:28:26.241999Z,420.897,1751.0,138.0,334.204,0.0,0.0,0.0,180.594,0.118932,0.0,0.0,0.0
2020-08-25T06:28:26.243000Z,2020-08-25T06:28:27.609999Z,439.048,1367.0,138.0,271.206,0.0,0.0,0.0,180.594,0.216098,0.0,0.0,0.0
2020-08-25T06:28:27.611000Z,2020-08-25T06:28:29.284000Z,540.742,1673.0,148.0,438.17,0.0,0.0,0.0,180.594,0.370316,0.0,0.0,0.0
2020-08-25T06:28:29.284999Z,2020-08-25T06:28:31.180000Z,605.489,1895.0,150.0,569.065,0.0,0.0,0.0,180.594,0.347533,0.0,0.0,0.0
2020-08-25T06:28:31.181000Z,2020-08-25T06:28:32.472000Z,505.776,1291.0,150.0,377.351,0.0,0.0,0.0,180.594,0.396508,0.0,0.0,0.0
2020-08-25T06:28:33.176000Z,2020-08-25T06:28:34.974000Z,571.786,1798.0,144.0,257.562,0.0,0.0,0.0,180.594,0.452001,0.0,0.0,0.0
2020-08-25T06:28:35.111000Z,2020-08-25T06:28:37.331000Z,866.431,2220.0,144.0,226.956,0.0,0.0,0.0,180.594,0.425715,0.0,0.0,0.0
2020-08-25T06:28:37.332000Z,2020-08-25T06:28:39.881000Z,997.582,2549.0,150.0,391.368,0.0,0.0,0.0,180.594,0.301615,0.0,0.0,0.0
2020-08-25T06:28:39.882000Z,2020-08-25T06:28:41.471000Z,557.814,1589.0,150.0,260.938,0.0,0.0,0.0,180.594,0.339719,0.0,0.0,0.0
2020-08-25T06:28:41.472000Z,2020-08-25T06:28:44.589000Z,921.407,3117.0,154.0,405.801,0.0,0.0,0.0,180.594,0.48564,0.0,0.0,0.0
2020-08-25T06:28:44.590000Z,2020-08-25T06:28:46.342000Z,635.632,1752.0,168.0,408.602,0.0,0.0,0.0,180.594,0.399588,0.0,0.0,0.0
2020-08-25T06:28:46.344000Z,2020-08-25T06:28:50.612000Z,1297.265,4268.0,166.0,337.646,0.0,0.0,0.0,180.594,0.531321,0.0,0.0,0.0
2020-08-25T06:28:50.614000Z,2020-08-25T06:28:54.270000Z,1124.341,3656.0,156.0,533.506,0.0,0.0,0.0,180.594,0.004521,0.0,0.0,0.0
2020-08-25T06:28:54.271000Z,2020-08-25T06:28:58.305000Z,923.182,4034.0,130.0,266.777,0.0,0.0,0.0,180.594,0.339911,0.0,0.0,0.0
2020-08-25T06:28:58.305999Z,2020-08-25T06:28:59.863000Z,556.728,1557.0,172.0,287.869,0.0,0.0,0.0,180.594,0.328251,0.0,0.0,0.0
2020-08-25T06:28:59.864000Z,2020-08-25T06:29:01.037000Z,449.255,1173.0,152.0,468.071,0.0,0.0,0.0,180.594,0.441672,0.0,0.0,0.0
2020-08-25T06:29:01.038000Z,2020-08-25T06:29:02.333000Z,371.948,1295.0,152.0,274.742,0.0,0.0,0.0,180.594,0.458316,0.0,0.0,0.0
2020-08-25T06:29:02.334000Z,2020-08-25T06:29:04.541000Z,509.599,2207.0,152.0,418.004,0.0,0.0,0.0,180.594,0.350976,0.0,0.0,0.0
2020-08-25T06:29:04.542000Z,2020-08-25T06:29:05.895000Z,356.039,1353.0,142.0,271.603,0.0,0.0,0.0,180.594,0.003836,0.0,0.0,0.0
2020-08-25T06:29:05.896000Z,2020-08-25T06:29:07.310000Z,514.758,1414.0,142.0,275.659,0.0,0.0,0.0,180.594,0.205377,0.0,0.0,0.0
2020-08-25T06:29:07.311000Z,2020-08-25T06:29:10.049999Z,608.718,2739.0,144.0,276.362,0.0,0.0,0.0,180.594,0.532449,0.0,0.0,0.0
2020-08-25T06:29:10.051000Z,2020-08-25T06:29:12.126000Z,673.249,2075.0,144.0,1253.885,0.0,0.0,0.0,180.594,0.045445,0.0,0.0,0.0
2020-08-25T06:29:12.126000Z,2020-08-25T06:29:13.268000Z,228.872,1142.0,146.0,241.723,0.0,0.0,0.0,180.594,0.340428,0.0,0.0,0.0
2020-08-25T06:29:13.268000Z,2020-08-25T06:29:14.086000Z,159.416,818.0,146.0,358.549,0.0,0.0,0.0,180.594,0.284867,0.0,0.0,0.0
2020-08-25T06:29:14.087000Z,2020-08-25T06:29:15.841000Z,434.134,1754.0,4.0,501.842,0.0,0.0,0.0,180.594,0.308252,0.0,0.0,0.0
2020-08-25T06:29:15.841999Z,2020-08-25T06:29:17.433000Z,553.128,1591.0,158.0,536.537,0.0,0.0,0.0,180.594,0.312497,0.0,0.0,0.0
2020-08-25T06:29:17.433999Z,2020-08-25T06:29:20.171000Z,640.085,2737.0,188.0,476.692,0.0,0.0,0.0,180.594,0.553805,0.0,0.0,0.0
2020-08-25T06:29:20.172000Z,2020-08-25T06:29:22.017000Z,654.287,1845.0,192.0,468.941,0.0,0.0,0.0,180.594,0.030488,0.0,0.0,0.0
2020-08-25T06:29:22.018000Z,2020-08-25T06:29:24.527000Z,532.562,2509.0,192.0,379.47,0.0,0.0,0.0,180.594,0.561246,0.0,0.0,0.0
2020-08-25T06:29:24.527000Z,2020-08-25T06:29:26.043000Z,324.487,1516.0,192.0,1542.468,0.0,0.0,0.0,180.594,0.157162,0.0,0.0,0.0
2020-08-25T06:29:26.044000Z,2020-08-25T06:29:30.232000Z,406.747,4188.0,268.0,937.921,0.0,0.0,0.0,180.594,0.359965,0.0,0.0,0.0
2020-08-25T06:29:30.233000Z,2020-08-25T06:29:31.505999Z,413.535,1273.0,178.0,1794.319,0.0,0.0,0.0,180.594,0.002893,0.0,0.0,0.0
2020-08-25T06:29:31.507000Z,2020-08-25T06:29:33.288000Z,757.325,1781.0,176.0,570.108,0.0,0.0,0.0,180.594,0.42099,0.0,0.0,0.0
2020-08-25T06:29:33.289000Z,2020-08-25T06:29:34.557000Z,381.79,1268.0,152.0,269.95,0.0,0.0,0.0,180.594,0.460527,0.0,0.0,0.0
2020-08-25T06:29:34.558000Z,2020-08-25T06:29:36.047000Z,509.587,1489.0,146.0,353.374,0.0,0.0,0.0,180.594,0.303209,0.0,0.0,0.0
2020-08-25T06:29:36.048000Z,2020-08-25T06:29:36.975000Z,274.452,927.0,148.0,310.361,0.0,0.0,0.0,180.594,0.546184,0.0,0.0,0.0
2020-08-25T06:29:36.975000Z,2020-08-25T06:29:37.949000Z,291.171,974.0,150.0,238.291,0.0,0.0,0.0,180.152,0.312573,0.0,0.0,0.0
2020-08-25T06:29:37.950000Z,2020-08-25T06:29:39.311000Z,502.381,1361.0,150.0,282.833,0.0,0.0,0.0,180.152,0.434821,0.0,0.0,0.0
2020-08-25T06:29:39.312000Z,2020-08-25T06:29:41.417000Z,725.146,2105.0,174.0,273.124,0.0,0.0,0.0,180.152,0.551528,0.0,0.0,0.0
2020-08-25T06:29:41.418000Z,2020-08-25T06:29:42.589000Z,318.856,1171.0,174.0,707.914,0.0,0.0,0.0,180.152,0.382098,0.0,0.0,0.0
2020-08-25T06:29:43.202000Z,2020-08-25T06:29:44.721000Z,526.538,1519.0,174.0,430.829,0.0,0.0,0.0,180.152,0.470088,0.0,0.0,0.0
2020-08-25T06:29:45.191000Z,2020-08-25T06:29:46.700000Z,345.133,1509.0,160.0,439.351,0.0,0.0,0.0,180.152,0.302009,0.0,0.0,0.0
2020-08-25T06:29:47.271000Z,2020-08-25T06:29:48.788000Z,423.35,1517.0,4.0,414.511,0.0,0.0,0.0,180.152,0.19763,0.0,0.0,0.0
2020-08-25T06:29:49.221000Z,2020-08-25T06:29:51.207000Z,347.631,1986.0,264.0,616.731,0.0,0.0,0.0,180.152,0.220209,0.0,0.0,0.0
2020-08-25T06:29:51.615000Z,2020-08-25T06:29:55.665999Z,672.119,4051.0,204.0,500.73,0.0,0.0,0.0,180.152,0.003818,0.0,0.0,0.0
2020-08-25T06:29:55.667000Z,2020-08-25T06:29:56.885000Z,373.594,1218.0,158.0,408.05,0.0,0.0,0.0,180.152,0.016971,0.0,0.0,0.0
2020-08-25T06:29:56.886000Z,2020-08-25T06:29:57.855000Z,227.618,969.0,158.0,340.427,0.0,0.0,0.0,180.152,0.36069,0.0,0.0,0.0
2020-08-25T06:29:57.855000Z,2020-08-25T06:29:58.527000Z,144.183,672.0,142.0,341.673,0.0,0.0,0.0,180.152,0.338574,0.0,0.0,0.0
2020-08-25T06:29:59.261000Z,2020-08-25T06:30:00.073999Z,111.505,813.0,142.0,339.941,0.0,0.0,0.0,180.152,0.315526,0.0,0.0,0.0
2020-08-25T06:30:01.176000Z,2020-08-25T06:30:03.657000Z,878.834,2481.0,136.0,352.57,0.0,0.0,0.0,180.152,0.171223,0.0,0.0,0.0
2020-08-25T06:30:03.657999Z,2020-08-25T06:30:04.833000Z,361.425,1175.0,132.0,272.223,0.0,0.0,0.0,180.152,0.355594,0.0,0.0,0.0
2020-08-25T06:30:05.172000Z,2020-08-25T06:30:07.245000Z,641.879,2073.0,132.0,270.506,0.0,0.0,0.0,180.152,0.368581,0.0,0.0,0.0
2020-08-25T06:30:07.246000Z,2020-08-25T06:30:09.230000Z,683.269,1984.0,138.0,431.419,0.0,0.0,0.0,180.152,0.382938,0.0,0.0,0.0
2020-08-25T06:30:09.231000Z,2020-08-25T06:30:11.317000Z,563.992,2086.0,140.0,363.321,0.0,0.0,0.0,180.152,0.509997,0.0,0.0,0.0
2020-08-25T06:30:11.318000Z,2020-08-25T06:30:13.335000Z,775.718,2017.0,150.0,632.633,0.0,0.0,0.0,180.152,0.290169,0.0,0.0,0.0
2020-08-25T06:30:13.336000Z,2020-08-25T06:30:15.524000Z,538.253,2188.0,182.0,329.072,0.0,0.0,0.0,180.152,0.459809,0.0,0.0,0.0
2020-08-25T06:30:15.524999Z,2020-08-25T06:30:17.045000Z,547.837,1520.0,166.0,321.727,0.0,0.0,0.0,180.152,0.305498,0.0,0.0,0.0
2020-08-25T06:30:17.200000Z,2020-08-25T06:30:18.521000Z,529.111,1321.0,178.0,281.563,0.0,0.0,0.0,180.152,0.0045,0.0,0.0,0.0
2020-08-25T06:30:19.227000Z,2020-08-25T06:30:20.943000Z,703.647,1716.0,178.0,308.463,0.0,0.0,0.0,180.152,0.46156,0.0,0.0,0.0
2020-08-25T06:30:21.169000Z,2020-08-25T06:30:22.557000Z,434.148,1388.0,178.0,455.122,0.0,0.0,0.0,180.152,0.597568,0.0,0.0,0.0
2020-08-25T06:30:23.169999Z,2020-08-25T06:30:24.627000Z,356.444,1457.0,170.0,514.054,0.0,0.0,0.0,180.152,0.422528,0.0,0.0,0.0
2020-08-25T06:30:25.202000Z,2020-08-25T06:30:27.216000Z,631.065,2013.9999999999998,202.0,237.143,0.0,0.0,0.0,180.152,0.240572,0.0,0.0,0.0
2020-08-25T06:30:27.217000Z,2020-08-25T06:30:30.571000Z,824.181,3354.0,212.0,407.426,0.0,0.0,0.0,180.152,0.003974,0.0,0.0,0.0
2020-08-25T06:30:30.572000Z,2020-08-25T06:30:32.609999Z,710.185,2037.9999999999998,204.0,715.189,0.0,0.0,0.0,180.152,0.380206,0.0,0.0,0.0
2020-08-25T06:30:32.611000Z,2020-08-25T06:30:34.713000Z,733.542,2102.0,154.0,247.727,0.0,0.0,0.0,180.152,0.394349,0.0,0.0,0.0
2020-08-25T06:30:34.714000Z,2020-08-25T06:30:36.513000Z,658.304,1799.0,154.0,252.403,0.0,0.0,0.0,180.152,0.380085,0.0,0.0,0.0
2020-08-25T06:30:36.514000Z,2020-08-25T06:30:38.183000Z,501.721,1669.0,158.0,300.091,0.0,0.0,0.0,180.152,0.462924,0.0,0.0,0.0
2020-08-25T06:30:38.184000Z,2020-08-25T06:30:40.409000Z,510.991,2225.0,158.0,517.811,0.0,0.0,0.0,180.152,0.380707,0.0,0.0,0.0
2020-08-25T06:30:40.411000Z,2020-08-25T06:30:43.737000Z,1032.43,3326.0,158.0,323.754,0.0,0.0,0.0,180.152,0.313417,0.0,0.0,0.0
2020-08-25T06:30:43.738000Z,2020-08-25T06:30:45.073000Z,540.399,1335.0,134.0,488.796,0.0,0.0,0.0,180.152,0.269506,0.0,0.0,0.0
2020-08-25T06:30:45.073000Z,2020-08-25T06:30:46.552000Z,364.359,1479.0,152.0,226.442,0.0,0.0,0.0,180.152,0.500664,0.0,0.0,0.0
2020-08-25T06:30:46.553000Z,2020-08-25T06:30:48.575000Z,760.703,2021.9999999999998,152.0,451.216,0.0,0.0,0.0,180.152,0.361231,0.0,0.0,0.0
2020-08-25T06:30:48.577000Z,2020-08-25T06:30:52.513999Z,1085.752,3937.0,158.0,416.419,0.0,0.0,0.0,180.152,0.380661,0.0,0.0,0.0
2020-08-25T06:30:52.515000Z,2020-08-25T06:30:55.233999Z,847.203,2719.0,182.0,278.541,0.0,0.0,0.0,180.152,0.426779,0.0,0.0,0.0
2020-08-25T06:30:55.235000Z,2020-08-25T06:30:57.155000Z,794.286,1920.0,182.0,326.662,0.0,0.0,0.0,180.152,0.002478,0.0,0.0,0.0
2020-08-25T06:30:57.156000Z,2020-08-25T06:30:59.669000Z,693.734,2513.0,4.0,341.075,0.0,0.0,0.0,180.152,0.455641,0.0,0.0,0.0
2020-08-25T06:30:59.670000Z,2020-08-25T06:31:00.901000Z,529.06,1231.0,192.0,302.047,0.0,0.0,0.0,180.152,0.040561,0.0,0.0,0.0
2020-08-25T06:31:00.902000Z,2020-08-25T06:31:03.459000Z,922.672,2557.0,152.0,281.852,0.0,0.0,0.0,180.152,0.473361,0.0,0.0,0.0
2020-08-25T06:31:03.460000Z,2020-08-25T06:31:06.021000Z,881.838,2561.0,152.0,243.822,0.0,0.0,0.0,180.152,0.538592,0.0,0.0,0.0
2020-08-25T06:31:06.022000Z,2020-08-25T06:31:08.361999Z,623.316,2340.0,156.0,304.893,0.0,0.0,0.0,180.152,0.405671,0.0,0.0,0.0
2020-08-25T06:31:08.363000Z,2020-08-25T06:31:11.328000Z,901.164,2965.0,4.0,536.898,0.0,0.0,0.0,180.152,0.293959,0.0,0.0,0.0
2020-08-25T06:31:11.329000Z,2020-08-25T06:31:12.631000Z,589.026,1302.0,168.0,829.021,0.0,0.0,0.0,180.152,0.314318,0.0,0.0,0.0
2020-08-25T06:31:12.632000Z,2020-08-25T06:31:13.844000Z,373.638,1212.0,170.0,290.16,0.0,0.0,0.0,180.152,0.502832,0.0,0.0,0.0
2020-08-25T06:31:13.845000Z,2020-08-25T06:31:15.161999Z,392.734,1317.0,176.0,304.005,0.0,0.0,0.0,180.152,0.2866,0.0,0.0,0.0
2020-08-25T06:31:15.163000Z,2020-08-25T06:31:17.129000Z,601.242,1966.0,176.0,241.601,0.0,0.0,0.0,180.152,0.261309,0.0,0.0,0.0
2020-08-25T06:31:17.130000Z,2020-08-25T06:31:18.239000Z,383.236,1109.0,176.0,558.407,0.0,0.0,0.0,180.152,0.434444,0.0,0.0,0.0
2020-08-25T06:31:18.239000Z,2020-08-25T06:31:19.352000Z,384.349,1113.0,154.0,295.644,0.0,0.0,0.0,180.152,0.438718,0.0,0.0,0.0
2020-08-25T06:31:19.353000Z,2020-08-25T06:31:22.318000Z,484.021,2965.0,154.0,419.611,0.0,0.0,0.0,180.152,0.395578,0.0,0.0,0.0
2020-08-25T06:31:22.319000Z,2020-08-25T06:31:23.759000Z,425.755,1440.0,184.0,1207.274,0.0,0.0,0.0,180.152,0.040248,0.0,0.0,0.0
2020-08-25T06:31:23.759000Z,2020-08-25T06:31:24.533000Z,179.472,774.0,4.0,303.167,0.0,0.0,0.0,180.152,0.150553,0.0,0.0,0.0
2020-08-25T06:31:24.533000Z,2020-08-25T06:31:27.534000Z,321.403,3001.0,248.0,455.295,0.0,0.0,0.0,180.152,0.324298,0.0,0.0,0.0
2020-08-25T06:31:27.534000Z,2020-08-25T06:31:28.352000Z,176.24,818.0,156.0,377.164,0.0,0.0,0.0,180.152,0.014102,0.0,0.0,0.0
2020-08-25T06:31:28.352000Z,2020-08-25T06:31:29.729000Z,285.632,1377.0,156.0,465.741,0.0,0.0,0.0,180.152,0.271001,0.0,0.0,0.0
2020-08-25T06:31:29.729999Z,2020-08-25T06:31:30.764000Z,321.27,1034.0,156.0,807.452,0.0,0.0,0.0,180.152,0.25231,0.0,0.0,0.0
2020-08-25T06:31:31.443000Z,2020-08-25T06:31:33.537999Z,739.218,2095.0,144.0,264.052,0.0,0.0,0.0,180.152,0.436887,0.0,0.0,0.0
2020-08-25T06:31:33.539000Z,2020-08-25T06:31:36.196000Z,871.001,2657.0,146.0,462.093,0.0,0.0,0.0,180.152,0.295399,0.0,0.0,0.0
2020-08-25T06:31:36.198000Z,2020-08-25T06:31:38.135000Z,795.196,1937.0,166.0,295.186,0.0,0.0,0.0,180.152,0.577252,0.0,0.0,0.0
2020-08-25T06:31:38.136999Z,2020-08-25T06:31:40.395000Z,996.614,2258.0,166.0,245.37,0.0,0.0,0.0,180.152,0.542559,0.0,0.0,0.0
2020-08-25T06:31:40.396999Z,2020-08-25T06:31:43.998000Z,1146.603,3601.0,174.0,273.137,0.0,0.0,0.0,180.152,0.554692,0.0,0.0,0.0
2020-08-25T06:31:44.000000Z,2020-08-25T06:31:46.806000Z,702.17,2806.0,4.0,542.961,0.0,0.0,0.0,180.152,0.48594,0.0,0.0,0.0
2020-08-25T06:31:46.807000Z,2020-08-25T06:31:48.620000Z,500.549,1813.0,220.0,361.621,0.0,0.0,0.0,180.152,0.012782,0.0,0.0,0.0
2020-08-25T06:31:48.621000Z,2020-08-25T06:31:50.604000Z,592.126,1983.0,186.0,299.939,0.0,0.0,0.0,180.152,0.071419,0.0,0.0,0.0
2020-08-25T06:31:50.605000Z,2020-08-25T06:31:53.468000Z,863.001,2863.0,186.0,620.514,0.0,0.0,0.0,180.152,0.461105,0.0,0.0,0.0
2020-08-25T06:31:53.470000Z,2020-08-25T06:31:56.299000Z,972.103,2829.0,160.0,453.039,0.0,0.0,0.0,180.152,0.3225,0.0,0.0,0.0
2020-08-25T06:31:56.300000Z,2020-08-25T06:31:58.387000Z,576.036,2087.0,150.0,325.898,0.0,0.0,0.0,180.152,0.222594,0.0,0.0,0.0
2020-08-25T06:31:58.388000Z,2020-08-25T06:32:00.293000Z,611.216,1905.0,148.0,400.556,0.0,0.0,0.0,180.152,0.281179,0.0,0.0,0.0
2020-08-25T06:32:00.294000Z,2020-08-25T06:32:02.181000Z,601.273,1887.0,152.0,338.068,0.0,0.0,0.0,180.152,0.13825,0.0,0.0,0.0
2020-08-25T06:32:02.182000Z,2020-08-25T06:32:03.353000Z,481.957,1171.0,152.0,361.303,0.0,0.0,0.0,180.152,0.428677,0.0,0.0,0.0
2020-08-25T06:32:03.353999Z,2020-08-25T06:32:05.313000Z,581.866,1959.0,156.0,280.134,0.0,0.0,0.0,180.152,0.469431,0.0,0.0,0.0
2020-08-25T06:32:05.314000Z,2020-08-25T06:32:07.593999Z,567.084,2280.0,156.0,327.943,0.0,0.0,0.0,180.152,0.168187,0.0,0.0,0.0
2020-08-25T06:32:07.595000Z,2020-08-25T06:32:10.440000Z,866.271,2845.0,158.0,261.983,0.0,0.0,0.0,180.152,0.56059,0.0,0.0,0.0
2020-08-25T06:32:10.442000Z,2020-08-25T06:32:13.150000Z,1058.743,2708.0,158.0,343.595,0.0,0.0,0.0,180.152,0.586066,0.0,0.0,0.0
2020-08-25T06:32:13.151000Z,2020-08-25T06:32:15.577999Z,909.418,2427.0,158.0,353.094,0.0,0.0,0.0,180.152,0.372004,0.0,0.0,0.0
2020-08-25T06:32:15.580000Z,2020-08-25T06:32:17.921000Z,927.856,2341.0,152.0,413.836,0.0,0.0,0.0,180.152,0.304535,0.0,0.0,0.0
2020-08-25T06:32:17.923000Z,2020-08-25T06:32:19.637000Z,681.028,1714.0,154.0,428.888,0.0,0.0,0.0,180.152,0.463333,0.0,0.0,0.0
2020-08-25T06:32:19.638000Z,2020-08-25T06:32:21.977000Z,686.866,2339.0,4.0,336.927,0.0,0.0,0.0,180.152,0.505034,0.0,0.0,0.0
2020-08-25T06:32:21.978000Z,2020-08-25T06:32:24.101000Z,812.839,2123.0,202.0,378.935,0.0,0.0,0.0,180.152,0.308493,0.0,0.0,0.0
2020-08-25T06:32:24.103000Z,2020-08-25T06:32:25.966000Z,725.192,1863.0,200.0,379.74,0.0,0.0,0.0,180.152,0.309473,0.0,0.0,0.0
2020-08-25T06:32:25.967000Z,2020-08-25T06:32:28.849999Z,786.8,2883.0,200.0,516.031,0.0,0.0,0.0,180.152,0.436698,0.0,0.0,0.0
2020-08-25T06:32:28.851000Z,2020-08-25T06:32:30.742000Z,402.979,1891.0,200.0,730.26,0.0,0.0,0.0,180.152,0.341588,0.0,0.0,0.0
2020-08-25T06:32:30.743000Z,2020-08-25T06:32:33.452000Z,182.035,2709.0,182.0,353.276,0.0,0.0,0.0,180.152,0.026571,0.0,0.0,0.0
2020-08-25T06:32:33.452000Z,2020-08-25T06:32:34.833999Z,204.083,1382.0,130.0,463.385,0.0,0.0,0.0,180.152,0.007552,0.0,0.0,0.0
2020-08-25T06:32:34.835000Z,2020-08-25T06:32:36.033999Z,283.772,1199.0,122.0,682.402,0.0,0.0,0.0,180.152,0.1654,0.0,0.0,0.0
2020-08-25T06:32:36.035000Z,2020-08-25T06:32:38.009999Z,459.316,1975.0,114.0,291.941,0.0,0.0,0.0,180.152,0.276156,0.0,0.0,0.0
2020-08-25T06:32:38.011000Z,2020-08-25T06:32:40.455000Z,744.563,2444.0,130.0,449.245,0.0,0.0,0.0,180.152,0.271785,0.0,0.0,0.0
2020-08-25T06:32:40.456000Z,2020-08-25T06:32:42.301000Z,495.612,1845.0,130.0,303.153,0.0,0.0,0.0,180.152,0.352576,0.0,0.0,0.0
2020-08-25T06:32:42.302000Z,2020-08-25T06:32:44.501000Z,709.906,2199.0,132.0,271.364,0.0,0.0,0.0,180.152,0.307449,0.0,0.0,0.0
2020-08-25T06:32:44.502000Z,2020-08-25T06:32:45.857000Z,448.721,1355.0,142.0,366.105,0.0,0.0,0.0,180.152,0.258902,0.0,0.0,0.0
2020-08-25T06:32:45.857999Z,2020-08-25T06:32:47.921000Z,554.193,2063.0,142.0,314.951,0.0,0.0,0.0,180.152,0.488798,0.0,0.0,0.0
2020-08-25T06:32:47.923000Z,2020-08-25T06:32:50.328000Z,740.773,2405.0,142.0,270.801,0.0,0.0,0.0,180.152,0.464335,0.0,0.0,0.0
2020-08-25T06:32:50.329000Z,2020-08-25T06:32:52.542000Z,664.59,2213.0,142.0,472.699,0.0,0.0,0.0,180.152,0.381698,0.0,0.0,0.0
2020-08-25T06:32:52.543000Z,2020-08-25T06:32:54.404000Z,525.785,1861.0,148.0,308.127,0.0,0.0,0.0,180.152,0.483827,0.0,0.0,0.0
2020-08-25T06:32:54.405000Z,2020-08-25T06:32:56.137999Z,541.836,1733.0,144.0,308.726,0.0,0.0,0.0,180.152,0.469212,0.0,0.0,0.0
2020-08-25T06:32:56.140000Z,2020-08-25T06:32:58.031000Z,691.809,1891.0,166.0,357.304,0.0,0.0,0.0,180.152,0.374713,0.0,0.0,0.0
2020-08-25T06:32:58.032000Z,2020-08-25T06:32:59.281000Z,484.025,1249.0,166.0,538.543,0.0,0.0,0.0,180.152,0.362045,0.0,0.0,0.0
2020-08-25T06:32:59.281999Z,2020-08-25T06:33:01.491000Z,653.208,2209.0,166.0,310.228,0.0,0.0,0.0,180.152,0.470116,0.0,0.0,0.0
2020-08-25T06:33:01.491000Z,2020-08-25T06:33:02.233000Z,225.746,742.0,166.0,255.348,0.0,0.0,0.0,180.152,0.023764,0.0,0.0,0.0
2020-08-25T06:33:02.233000Z,2020-08-25T06:33:03.703000Z,303.486,1470.0,166.0,363.774,0.0,0.0,0.0,180.152,0.489122,0.0,0.0,0.0
2020-08-25T06:33:03.703000Z,2020-08-25T06:33:05.193000Z,146.588,1490.0,202.0,344.375,0.0,0.0,0.0,180.152,0.535471,0.0,0.0,0.0
2020-08-25T06:33:05.192999Z,2020-08-25T06:33:05.931000Z,125.432,738.0,170.0,1284.422,0.0,0.0,0.0,180.152,0.106095,0.0,0.0,0.0
2020-08-25T06:33:05.932000Z,2020-08-25T06:33:07.158000Z,325.687,1226.0,170.0,508.621,0.0,0.0,0.0,180.152,0.247972,0.0,0.0,0.0
2020-08-25T06:33:07.159000Z,2020-08-25T06:33:08.262000Z,426.986,1103.0,170.0,547.2,0.0,0.0,0.0,180.152,0.263437,0.0,0.0,0.0
2020-08-25T06:33:08.264000Z,2020-08-25T06:33:11.373000Z,917.281,3109.0,174.0,322.514,0.0,0.0,0.0,180.152,0.448662,0.0,0.0,0.0
2020-08-25T06:33:11.375000Z,2020-08-25T06:33:13.990000Z,814.021,2615.0,174.0,574.981,0.0,0.0,0.0,180.152,0.281458,0.0,0.0,0.0
2020-08-25T06:33:13.992000Z,2020-08-25T06:33:17.229000Z,979.883,3237.0,140.0,743.471,0.0,0.0,0.0,180.152,0.298352,0.0,0.0,0.0
2020-08-25T06:33:17.231000Z,2020-08-25T06:33:21.471000Z,1010.886,4240.0,166.0,376.567,0.0,0.0,0.0,180.152,0.320889,0.0,0.0,0.0
2020-08-25T06:33:21.471000Z,2020-08-25T06:33:22.627000Z,215.773,1156.0,140.0,369.059,0.0,0.0,0.0,180.152,0.33773,0.0,0.0,0.0
2020-08-25T06:33:22.627000Z,2020-08-25T06:33:23.489999Z,220.495,863.0,140.0,630.388,0.0,0.0,0.0,180.152,0.372916,0.0,0.0,0.0
2020-08-25T06:33:23.491000Z,2020-08-25T06:33:24.473000Z,264.253,982.0,126.0,339.688,0.0,0.0,0.0,180.152,0.272146,0.0,0.0,0.0
2020-08-25T06:33:24.474000Z,2020-08-25T06:33:25.990000Z,516.099,1516.0,126.0,329.852,0.0,0.0,0.0,180.152,0.370126,0.0,0.0,0.0
2020-08-25T06:33:25.991000Z,2020-08-25T06:33:28.702000Z,283.104,2711.0,150.0,315.926,0.0,0.0,0.0,180.152,0.474817,0.0,0.0,0.0
2020-08-25T06:33:28.702000Z,2020-08-25T06:33:30.324000Z,266.072,1622.0,154.0,1373.377,0.0,0.0,0.0,180.152,0.04567,0.0,0.0,0.0
2020-08-25T06:33:30.325000Z,2020-08-25T06:33:31.894000Z,568.843,1569.0,154.0,256.751,0.0,0.0,0.0,180.152,0.160976,0.0,0.0,0.0
2020-08-25T06:33:31.895000Z,2020-08-25T06:33:34.908000Z,890.394,3013.0,156.0,220.121,0.0,0.0,0.0,180.152,0.516183,0.0,0.0,0.0
2020-08-25T06:33:34.910000Z,2020-08-25T06:33:37.455000Z,894.916,2545.0,178.0,405.576,0.0,0.0,0.0,180.152,0.389156,0.0,0.0,0.0
2020-08-25T06:33:37.456000Z,2020-08-25T06:33:41.796000Z,692.308,4340.0,166.0,484.273,0.0,0.0,0.0,180.152,0.233582,0.0,0.0,0.0
2020-08-25T06:33:41.797000Z,2020-08-25T06:33:44.481000Z,392.827,2684.0,166.0,663.281,0.0,0.0,0.0,180.152,0.155291,0.0,0.0,0.0
2020-08-25T06:33:44.481999Z,2020-08-25T06:33:46.816000Z,535.836,2334.0,136.0,1080.835,0.0,0.0,0.0,180.152,0.06946,0.0,0.0,0.0
2020-08-25T06:33:46.816000Z,2020-08-25T06:33:48.404000Z,342.858,1588.0,4.0,384.532,0.0,0.0,0.0,180.152,0.21555,0.0,0.0,0.0
2020-08-25T06:33:48.405000Z,2020-08-25T06:33:50.316000Z,439.181,1911.0,144.0,431.387,0.0,0.0,0.0,180.152,0.389119,0.0,0.0,0.0
2020-08-25T06:33:50.317000Z,2020-08-25T06:33:51.758000Z,365.245,1441.0,120.0,317.254,0.0,0.0,0.0,180.152,0.269508,0.0,0.0,0.0
2020-08-25T06:33:51.758000Z,2020-08-25T06:33:52.923000Z,293.461,1165.0,126.0,427.668,0.0,0.0,0.0,180.152,0.228895,0.0,0.0,0.0
2020-08-25T06:33:52.924000Z,2020-08-25T06:33:54.094000Z,278.483,1170.0,122.0,291.781,0.0,0.0,0.0,180.152,0.268144,0.0,0.0,0.0
2020-08-25T06:33:54.095000Z,2020-08-25T06:33:55.318000Z,304.051,1223.0,122.0,355.34,0.0,0.0,0.0,180.152,0.2867,0.0,0.0,0.0
2020-08-25T06:33:55.319000Z,2020-08-25T06:33:56.651000Z,382.545,1332.0,122.0,420.258,0.0,0.0,0.0,180.152,0.250676,0.0,0.0,0.0
2020-08-25T06:33:56.652000Z,2020-08-25T06:33:58.727000Z,623.507,2075.0,128.0,280.56,0.0,0.0,0.0,180.152,0.365629,0.0,0.0,0.0
2020-08-25T06:33:58.728999Z,2020-08-25T06:34:01.251000Z,792.474,2522.0,148.0,457.724,0.0,0.0,0.0,180.152,0.258975,0.0,0.0,0.0
2020-08-25T06:34:01.252000Z,2020-08-25T06:34:02.175000Z,279.895,923.0,152.0,345.761,0.0,0.0,0.0,180.152,0.131487,0.0,0.0,0.0
2020-08-25T06:34:02.176000Z,2020-08-25T06:34:04.365000Z,623.104,2189.0,4.0,331.741,0.0,0.0,0.0,180.152,0.440118,0.0,0.0,0.0
2020-08-25T06:34:04.366000Z,2020-08-25T06:34:06.236000Z,697.382,1870.0,156.0,299.294,0.0,0.0,0.0,180.152,0.110994,0.0,0.0,0.0
2020-08-25T06:34:06.237000Z,2020-08-25T06:34:07.665999Z,499.589,1429.0,160.0,467.432,0.0,0.0,0.0,180.152,0.349658,0.0,0.0,0.0
2020-08-25T06:34:07.667000Z,2020-08-25T06:34:08.552000Z,303.687,885.0,154.0,278.787,0.0,0.0,0.0,180.152,0.402276,0.0,0.0,0.0
2020-08-25T06:34:08.553000Z,2020-08-25T06:34:12.212000Z,847.294,3659.0,178.0,357.587,0.0,0.0,0.0,180.152,0.343279,0.0,0.0,0.0
2020-08-25T06:34:12.214000Z,2020-08-25T06:34:14.788000Z,718.922,2574.0,178.0,405.349,0.0,0.0,0.0,180.152,0.044741,0.0,0.0,0.0
2020-08-25T06:34:14.790000Z,2020-08-25T06:34:18.889000Z,1045.287,4099.0,178.0,357.263,0.0,0.0,0.0,180.152,0.211971,0.0,0.0,0.0
2020-08-25T06:34:18.889000Z,2020-08-25T06:34:20.396000Z,317.59,1507.0,138.0,293.806,0.0,0.0,0.0,180.152,0.2808,0.0,0.0,0.0
2020-08-25T06:34:20.396999Z,2020-08-25T06:34:21.435000Z,286.087,1038.0,134.0,552.347,0.0,0.0,0.0,180.152,0.125705,0.0,0.0,0.0
2020-08-25T06:34:21.435000Z,2020-08-25T06:34:22.737000Z,346.399,1302.0,136.0,307.757,0.0,0.0,0.0,180.152,0.390768,0.0,0.0,0.0
2020-08-25T06:34:22.738000Z,2020-08-25T06:34:25.429000Z,452.536,2691.0,136.0,304.231,0.0,0.0,0.0,180.152,0.290454,0.0,0.0,0.0
2020-08-25T06:34:25.430000Z,2020-08-25T06:34:26.707000Z,311.925,1277.0,132.0,336.125,0.0,0.0,0.0,180.152,0.268332,0.0,0.0,0.0
2020-08-25T06:34:26.708000Z,2020-08-25T06:34:27.812000Z,277.6,1104.0,132.0,340.915,0.0,0.0,0.0,180.152,0.357635,0.0,0.0,0.0
2020-08-25T06:34:27.813000Z,2020-08-25T06:34:31.193999Z,555.076,3381.0,106.0,429.909,0.0,0.0,0.0,180.152,0.348883,0.0,0.0,0.0
2020-08-25T06:34:31.195000Z,2020-08-25T06:34:34.734000Z,439.107,3539.0,112.0,1369.542,0.0,0.0,0.0,180.152,0.086241,0.0,0.0,0.0
2020-08-25T06:34:34.735000Z,2020-08-25T06:34:36.933000Z,325.792,2198.0,110.0,493.15,0.0,0.0,0.0,180.152,0.290853,0.0,0.0,0.0
2020-08-25T06:34:36.934000Z,2020-08-25T06:34:39.061000Z,314.651,2127.0,110.0,1226.298,0.0,0.0,0.0,180.53,0.115058,0.0,0.0,0.0
2020-08-25T06:34:39.060999Z,2020-08-25T06:34:39.889000Z,144.592,828.0,96.0,254.504,0.0,0.0,0.0,180.53,0.194583,0.0,0.0,0.0
2020-08-25T06:34:39.891000Z,2020-08-25T06:34:43.363000Z,819.298,3472.0,110.0,360.208,0.0,0.0,0.0,180.53,0.379549,0.0,0.0,0.0
2020-08-25T06:34:43.364000Z,2020-08-25T06:34:46.128000Z,744.779,2764.0,122.0,1113.283,0.0,0.0,0.0,180.53,0.048804,0.0,0.0,0.0
2020-08-25T06:34:46.130000Z,2020-08-25T06:34:49.073999Z,908.599,2944.0,120.0,517.814,0.0,0.0,0.0,180.53,0.295342,0.0,0.0,0.0
2020-08-25T06:34:49.075000Z,2020-08-25T06:34:51.400000Z,767.954,2325.0,128.0,252.571,0.0,0.0,0.0,180.53,0.425481,0.0,0.0,0.0
2020-08-25T06:34:51.401000Z,2020-08-25T06:34:54.100000Z,627.07,2699.0,130.0,269.463,0.0,0.0,0.0,180.53,0.249729,0.0,0.0,0.0
2020-08-25T06:34:54.100999Z,2020-08-25T06:34:55.736000Z,561.553,1635.0,130.0,345.72,0.0,0.0,0.0,180.53,0.339943,0.0,0.0,0.0
2020-08-25T06:34:55.737000Z,2020-08-25T06:34:57.743000Z,632.978,2005.9999999999998,142.0,286.028,0.0,0.0,0.0,180.53,0.473994,0.0,0.0,0.0
2020-08-25T06:34:57.744000Z,2020-08-25T06:35:00.451000Z,803.734,2707.0,4.0,406.583,0.0,0.0,0.0,180.53,0.391863,0.0,0.0,0.0
2020-08-25T06:35:00.452000Z,2020-08-25T06:35:02.237000Z,516.452,1785.0,138.0,368.158,0.0,0.0,0.0,180.53,0.334995,0.0,0.0,0.0
2020-08-25T06:35:02.238000Z,2020-08-25T06:35:03.814000Z,529.603,1576.0,138.0,291.293,0.0,0.0,0.0,180.53,0.331969,0.0,0.0,0.0
2020-08-25T06:35:03.815000Z,2020-08-25T06:35:05.807000Z,601.473,1992.0,140.0,296.193,0.0,0.0,0.0,180.53,0.342517,0.0,0.0,0.0
2020-08-25T06:35:05.808000Z,2020-08-25T06:35:07.598000Z,566.621,1790.0,140.0,472.974,0.0,0.0,0.0,180.53,0.240735,0.0,0.0,0.0
2020-08-25T06:35:07.599000Z,2020-08-25T06:35:09.783000Z,501.381,2184.0,140.0,323.852,0.0,0.0,0.0,180.53,0.338327,0.0,0.0,0.0
2020-08-25T06:35:09.784000Z,2020-08-25T06:35:12.289000Z,412.119,2505.0,192.0,435.631,0.0,0.0,0.0,180.53,0.369307,0.0,0.0,0.0
2020-08-25T06:35:12.289000Z,2020-08-25T06:35:13.092000Z,131.623,803.0,44.0,236.616,0.0,0.0,0.0,180.0,0.126322,0.0,0.0,0.0
2020-08-25T06:35:13.092000Z,2020-08-25T06:35:13.819000Z,140.687,727.0,138.0,374.492,0.0,0.0,0.0,180.0,0.296615,0.0,0.0,0.0
2020-08-25T06:35:13.819000Z,2020-08-25T06:35:14.985999Z,185.217,1167.0,76.0,517.773,0.0,0.0,0.0,180.0,0.259358,0.0,0.0,0.0
2020-08-25T06:35:14.987000Z,2020-08-25T06:35:16.608000Z,256.506,1621.0,76.0,401.89,0.0,0.0,0.0,180.0,0.236273,0.0,0.0,0.0
2020-08-25T06:35:16.609000Z,2020-08-25T06:35:17.736000Z,216.36,1127.0,88.0,640.019,0.0,0.0,0.0,180.0,0.101332,0.0,0.0,0.0
2020-08-25T06:35:17.736000Z,2020-08-25T06:35:18.879000Z,200.834,1143.0,90.0,378.21,0.0,0.0,0.0,180.0,0.242363,0.0,0.0,0.0
2020-08-25T06:35:18.880000Z,2020-08-25T06:35:21.683000Z,785.851,2803.0,90.0,541.497,0.0,0.0,0.0,180.0,0.126283,0.0,0.0,0.0
2020-08-25T06:35:21.684000Z,2020-08-25T06:35:29.700000Z,741.29,8016.0,128.0,295.152,0.0,0.0,0.0,180.0,0.307759,0.0,0.0,0.0
2020-08-25T06:35:29.700000Z,2020-08-25T06:35:30.348000Z,144.114,648.0,134.0,629.761,0.0,0.0,0.0,180.0,0.147107,0.0,0.0,0.0
2020-08-25T06:35:30.348000Z,2020-08-25T06:35:31.073999Z,132.123,726.0,134.0,323.224,0.0,0.0,0.0,180.0,0.252929,0.0,0.0,0.0
2020-08-25T06:35:31.074000Z,2020-08-25T06:35:31.961999Z,115.013,888.0,134.0,416.443,0.0,0.0,0.0,180.0,0.252929,0.0,0.0,0.0
2020-08-25T06:35:31.962000Z,2020-08-25T06:35:34.032000Z,263.502,2070.0,134.0,532.821,0.0,0.0,0.0,180.0,0.252929,0.0,0.0,0.0
2020-08-25T06:35:34.032000Z,2020-08-25T06:35:35.025999Z,168.808,994.0,82.0,1310.952,0.0,0.0,0.0,180.0,0.12213,0.0,0.0,0.0
2020-08-25T06:35:35.027000Z,2020-08-25T06:35:36.307000Z,223.372,1280.0,82.0,365.015,0.0,0.0,0.0,180.0,0.284466,0.0,0.0,0.0
2020-08-25T06:35:36.308000Z,2020-08-25T06:35:37.588000Z,253.491,1280.0,90.0,328.331,0.0,0.0,0.0,180.0,0.140583,0.0,0.0,0.0
