start_time,end_time,size,trans_time,cwnd,rtt,rto,ssthresh,last_snd,min_rtt,delivery_rate,bytes_sent,bytes_retrans,client_trans_time
2020-08-25T10:09:06.363000Z,2020-08-25T10:09:06.561999Z,52.67,199.0,340.0,69.49,0.0,0.0,0.0,61.97,3.482716,0.0,0.0,0.0
2020-08-25T10:09:06.561999Z,2020-08-25T10:09:06.702000Z,43.024,140.0,342.0,71.202,0.0,0.0,0.0,61.97,2.931481,0.0,0.0,0.0
2020-08-25T10:09:06.703000Z,2020-08-25T10:09:06.801000Z,100.576,98.0,342.0,77.429,0.0,0.0,0.0,61.97,0.575617,0.0,0.0,0.0
2020-08-25T10:09:06.801000Z,2020-08-25T10:09:06.933000Z,192.132,132.0,342.0,72.006,0.0,0.0,0.0,61.97,1.103492,0.0,0.0,0.0
2020-08-25T10:09:06.932999Z,2020-08-25T10:09:07.147000Z,530.617,214.0,342.0,69.463,0.0,0.0,0.0,61.97,2.820293,0.0,0.0,0.0
2020-08-25T10:09:07.148000Z,2020-08-25T10:09:07.503000Z,1035.093,355.0,342.0,69.162,0.0,0.0,0.0,61.97,3.517733,0.0,0.0,0.0
2020-08-25T10:09:07.504000Z,2020-08-25T10:09:07.887000Z,1164.649,383.0,344.0,69.33,0.0,0.0,0.0,61.97,3.796835,0.0,0.0,0.0
2020-08-25T10:09:07.889000Z,2020-08-25T10:09:08.257000Z,1086.827,368.0,344.0,70.145,0.0,0.0,0.0,61.97,3.497754,0.0,0.0,0.0
2020-08-25T10:09:08.258000Z,2020-08-25T10:09:08.774000Z,1419.276,516.0,342.0,70.564,0.0,0.0,0.0,61.97,3.418278,0.0,0.0,0.0
2020-08-25T10:09:09.788000Z,2020-08-25T10:09:10.195000Z,1231.774,407.0,342.0,69.243,0.0,0.0,0.0,61.97,1.722171,0.0,0.0,0.0
2020-08-25T10:09:11.788000Z,2020-08-25T10:09:12.104000Z,880.739,316.0,348.0,69.048,0.0,0.0,0.0,61.97,3.519553,0.0,0.0,0.0
2020-08-25T10:09:13.788000Z,2020-08-25T10:09:14.142000Z,1021.049,354.0,346.0,70.203,0.0,0.0,0.0,61.97,3.687364,0.0,0.0,0.0
2020-08-25T10:09:15.789000Z,2020-08-25T10:09:16.241000Z,1278.034,452.0,346.0,70.741,0.0,0.0,0.0,61.97,3.077118,0.0,0.0,0.0
2020-08-25T10:09:17.789000Z,2020-08-25T10:09:18.104000Z,873.107,315.0,342.0,70.208,0.0,0.0,0.0,61.97,3.273917,0.0,0.0,0.0
2020-08-25T10:09:19.789000Z,2020-08-25T10:09:20.125000Z,885.869,336.0,342.0,69.826,0.0,0.0,0.0,61.97,3.341849,0.0,0.0,0.0
2020-08-25T10:09:21.790000Z,2020-08-25T10:09:22.260000Z,1340.074,470.0,340.0,71.653,0.0,0.0,0.0,61.97,3.103552,0.0,0.0,0.0
2020-08-25T10:09:23.789000Z,2020-08-25T10:09:24.272000Z,1413.419,483.0,324.0,71.606,0.0,0.0,0.0,61.97,3.191424,0.0,0.0,0.0
2020-08-25T10:09:25.790000Z,2020-08-25T10:09:26.294000Z,1425.267,504.0,338.0,70.94,0.0,0.0,0.0,61.97,3.415109,0.0,0.0,0.0
2020-08-25T10:09:27.790000Z,2020-08-25T10:09:28.312000Z,1534.796,522.0,338.0,71.477,0.0,0.0,0.0,61.97,3.37902,0.0,0.0,0.0
2020-08-25T10:09:29.791000Z,2020-08-25T10:09:30.563000Z,1306.415,772.0,338.0,72.264,0.0,0.0,0.0,61.97,3.068062,0.0,0.0,0.0
2020-08-25T10:09:31.790000Z,2020-08-25T10:09:32.262000Z,1343.652,472.0,332.0,72.102,0.0,0.0,0.0,61.97,1.32648,0.0,0.0,0.0
2020-08-25T10:09:33.797000Z,2020-08-25T10:09:34.819000Z,3277.3,1022.0,336.0,72.029,0.0,0.0,0.0,61.97,3.507673,0.0,0.0,0.0
2020-08-25T10:09:35.791000Z,2020-08-25T10:09:36.325000Z,1374.43,534.0,336.0,71.801,0.0,0.0,0.0,61.97,3.240738,0.0,0.0,0.0
2020-08-25T10:09:37.791000Z,2020-08-25T10:09:38.397000Z,1835.407,606.0,332.0,73.866,0.0,0.0,0.0,61.97,3.419447,0.0,0.0,0.0
2020-08-25T10:09:39.789000Z,2020-08-25T10:09:40.237000Z,1271.702,448.0,334.0,70.166,0.0,0.0,0.0,61.97,3.428067,0.0,0.0,0.0
2020-08-25T10:09:41.792000Z,2020-08-25T10:09:42.603000Z,2543.006,811.0,342.0,70.614,0.0,0.0,0.0,61.97,3.41392,0.0,0.0,0.0
2020-08-25T10:09:43.792000Z,2020-08-25T10:09:44.395000Z,1852.98,603.0,338.0,74.018,0.0,0.0,0.0,61.97,2.235575,0.0,0.0,0.0
2020-08-25T10:09:45.790000Z,2020-08-25T10:09:45.969000Z,384.345,179.0,338.0,71.041,0.0,0.0,0.0,61.97,3.22023,0.0,0.0,0.0
2020-08-25T10:09:47.790000Z,2020-08-25T10:09:48.137999Z,898.482,348.0,338.0,71.207,0.0,0.0,0.0,61.97,3.216255,0.0,0.0,0.0
2020-08-25T10:09:49.792000Z,2020-08-25T10:09:50.053000Z,594.255,261.0,338.0,72.277,0.0,0.0,0.0,61.97,3.185669,0.0,0.0,0.0
2020-08-25T10:09:51.790000Z,2020-08-25T10:09:52.141000Z,875.518,351.0,334.0,73.27,0.0,0.0,0.0,61.97,2.914619,0.0,0.0,0.0
2020-08-25T10:09:53.790000Z,2020-08-25T10:09:54.137000Z,911.065,347.0,334.0,72.364,0.0,0.0,0.0,61.97,2.838206,0.0,0.0,0.0
2020-08-25T10:09:55.792000Z,2020-08-25T10:09:56.483000Z,1983.33,691.0,350.0,72.779,0.0,0.0,0.0,61.97,3.208406,0.0,0.0,0.0
2020-08-25T10:09:57.792000Z,2020-08-25T10:09:58.601999Z,2480.969,810.0,344.0,79.834,0.0,0.0,0.0,61.97,3.101187,0.0,0.0,0.0
2020-08-25T10:09:59.793000Z,2020-08-25T10:10:00.601000Z,2497.773,808.0,332.0,74.545,0.0,0.0,0.0,61.97,2.668598,0.0,0.0,0.0
2020-08-25T10:10:01.791000Z,2020-08-25T10:10:02.395000Z,1813.42,604.0,338.0,73.208,0.0,0.0,0.0,61.97,3.229963,0.0,0.0,0.0
2020-08-25T10:10:03.796000Z,2020-08-25T10:10:04.137999Z,874.489,342.0,342.0,71.271,0.0,0.0,0.0,61.97,3.265493,0.0,0.0,0.0
2020-08-25T10:10:05.799000Z,2020-08-25T10:10:06.136000Z,884.519,337.0,342.0,72.546,0.0,0.0,0.0,61.97,2.573291,0.0,0.0,0.0
2020-08-25T10:10:07.797000Z,2020-08-25T10:10:08.049000Z,599.98,252.0,330.0,71.466,0.0,0.0,0.0,61.97,3.014271,0.0,0.0,0.0
2020-08-25T10:10:09.803000Z,2020-08-25T10:10:10.089999Z,742.65,287.0,330.0,71.308,0.0,0.0,0.0,61.97,3.213932,0.0,0.0,0.0
2020-08-25T10:10:11.796000Z,2020-08-25T10:10:12.144000Z,857.501,348.0,328.0,74.209,0.0,0.0,0.0,61.97,3.336859,0.0,0.0,0.0
2020-08-25T10:10:13.791000Z,2020-08-25T10:10:13.991000Z,457.229,200.0,358.0,73.307,0.0,0.0,0.0,61.97,3.623702,0.0,0.0,0.0
2020-08-25T10:10:15.795000Z,2020-08-25T10:10:16.085000Z,751.797,290.0,358.0,71.452,0.0,0.0,0.0,61.97,3.225471,0.0,0.0,0.0
2020-08-25T10:10:17.798000Z,2020-08-25T10:10:18.137000Z,862.103,339.0,358.0,72.471,0.0,0.0,0.0,61.97,3.237161,0.0,0.0,0.0
2020-08-25T10:10:19.797000Z,2020-08-25T10:10:20.070000Z,634.639,273.0,356.0,71.021,0.0,0.0,0.0,61.97,2.848743,0.0,0.0,0.0
2020-08-25T10:10:21.799000Z,2020-08-25T10:10:22.063000Z,653.752,264.0,356.0,71.724,0.0,0.0,0.0,61.97,3.037988,0.0,0.0,0.0
2020-08-25T10:10:23.806000Z,2020-08-25T10:10:24.136000Z,789.247,330.0,356.0,71.29,0.0,0.0,0.0,61.97,3.321163,0.0,0.0,0.0
2020-08-25T10:10:25.796000Z,2020-08-25T10:10:26.238000Z,1235.899,442.0,354.0,71.738,0.0,0.0,0.0,61.97,3.502623,0.0,0.0,0.0
2020-08-25T10:10:27.797000Z,2020-08-25T10:10:28.087000Z,780.241,290.0,352.0,74.948,0.0,0.0,0.0,61.97,3.298361,0.0,0.0,0.0
2020-08-25T10:10:29.792000Z,2020-08-25T10:10:30.006000Z,507.706,214.0,330.0,71.03,0.0,0.0,0.0,61.97,3.410109,0.0,0.0,0.0
2020-08-25T10:10:31.798000Z,2020-08-25T10:10:31.919000Z,194.152,121.0,330.0,70.975,0.0,0.0,0.0,61.97,3.316718,0.0,0.0,0.0
2020-08-25T10:10:33.797000Z,2020-08-25T10:10:33.951000Z,287.883,154.0,330.0,71.966,0.0,0.0,0.0,61.97,3.316718,0.0,0.0,0.0
2020-08-25T10:10:35.796000Z,2020-08-25T10:10:35.990000Z,435.778,194.0,330.0,72.174,0.0,0.0,0.0,61.97,3.556005,0.0,0.0,0.0
2020-08-25T10:10:37.796000Z,2020-08-25T10:10:37.985999Z,409.442,190.0,332.0,70.374,0.0,0.0,0.0,61.97,3.459619,0.0,0.0,0.0
2020-08-25T10:10:39.795000Z,2020-08-25T10:10:40.069000Z,695.055,274.0,358.0,71.535,0.0,0.0,0.0,61.97,3.437975,0.0,0.0,0.0
2020-08-25T10:10:41.798000Z,2020-08-25T10:10:42.568000Z,2242.993,770.0,354.0,72.212,0.0,0.0,0.0,61.97,3.308607,0.0,0.0,0.0
2020-08-25T10:10:43.798000Z,2020-08-25T10:10:44.904000Z,3443.729,1106.0,354.0,71.242,0.0,0.0,0.0,61.97,2.806008,0.0,0.0,0.0
2020-08-25T10:10:45.797000Z,2020-08-25T10:10:46.320000Z,1559.672,523.0,352.0,73.419,0.0,0.0,0.0,61.97,2.932579,0.0,0.0,0.0
2020-08-25T10:10:47.798000Z,2020-08-25T10:10:48.119000Z,799.933,321.0,338.0,71.662,0.0,0.0,0.0,61.97,3.118383,0.0,0.0,0.0
2020-08-25T10:10:49.797000Z,2020-08-25T10:10:50.091000Z,799.158,294.0,344.0,72.32,0.0,0.0,0.0,61.97,3.41799,0.0,0.0,0.0
2020-08-25T10:10:51.798000Z,2020-08-25T10:10:52.003000Z,486.445,205.0,344.0,71.162,0.0,0.0,0.0,61.97,3.356054,0.0,0.0,0.0
2020-08-25T10:10:53.796000Z,2020-08-25T10:10:53.999000Z,445.505,203.0,344.0,72.86,0.0,0.0,0.0,61.97,3.541833,0.0,0.0,0.0
2020-08-25T10:10:55.796000Z,2020-08-25T10:10:56.329000Z,1411.628,533.0,344.0,71.74,0.0,0.0,0.0,61.97,3.159067,0.0,0.0,0.0
2020-08-25T10:10:57.793000Z,2020-08-25T10:10:58.237000Z,1188.047,444.0,358.0,71.815,0.0,0.0,0.0,61.97,3.218036,0.0,0.0,0.0
2020-08-25T10:10:59.796000Z,2020-08-25T10:11:00.184000Z,1019.575,388.0,346.0,72.259,0.0,0.0,0.0,61.97,2.580694,0.0,0.0,0.0
2020-08-25T10:11:01.798000Z,2020-08-25T10:11:02.140000Z,942.091,342.0,336.0,72.553,0.0,0.0,0.0,61.97,2.863914,0.0,0.0,0.0
2020-08-25T10:11:03.795000Z,2020-08-25T10:11:03.983000Z,382.125,188.0,338.0,71.096,0.0,0.0,0.0,61.97,3.405389,0.0,0.0,0.0
2020-08-25T10:11:05.795000Z,2020-08-25T10:11:06.024000Z,534.26,229.0,338.0,71.562,0.0,0.0,0.0,61.97,3.189661,0.0,0.0,0.0
2020-08-25T10:11:07.808000Z,2020-08-25T10:11:08.119000Z,753.01,311.0,338.0,75.345,0.0,0.0,0.0,61.97,3.304875,0.0,0.0,0.0
2020-08-25T10:11:09.799000Z,2020-08-25T10:11:10.073000Z,680.527,274.0,318.0,71.498,0.0,0.0,0.0,61.97,2.747744,0.0,0.0,0.0
2020-08-25T10:11:11.799000Z,2020-08-25T10:11:12.511000Z,1159.48,712.0,334.0,73.848,0.0,0.0,0.0,61.97,3.162765,0.0,0.0,0.0
2020-08-25T10:11:13.796000Z,2020-08-25T10:11:14.145000Z,859.681,349.0,352.0,71.752,0.0,0.0,0.0,61.97,3.398482,0.0,0.0,0.0
2020-08-25T10:11:15.797000Z,2020-08-25T10:11:16.145000Z,887.925,348.0,346.0,71.513,0.0,0.0,0.0,61.97,3.019721,0.0,0.0,0.0
2020-08-25T10:11:17.796000Z,2020-08-25T10:11:18.247000Z,1271.878,451.0,328.0,72.866,0.0,0.0,0.0,61.97,2.905104,0.0,0.0,0.0
2020-08-25T10:11:19.796000Z,2020-08-25T10:11:20.103000Z,801.482,307.0,328.0,72.652,0.0,0.0,0.0,61.97,3.052857,0.0,0.0,0.0
2020-08-25T10:11:21.797000Z,2020-08-25T10:11:22.087000Z,732.366,290.0,338.0,71.577,0.0,0.0,0.0,61.97,3.214023,0.0,0.0,0.0
2020-08-25T10:11:23.796000Z,2020-08-25T10:11:23.936000Z,244.911,140.0,338.0,71.702,0.0,0.0,0.0,61.97,2.999548,0.0,0.0,0.0
2020-08-25T10:11:25.796000Z,2020-08-25T10:11:26.089999Z,759.908,294.0,338.0,71.215,0.0,0.0,0.0,61.97,2.999548,0.0,0.0,0.0
2020-08-25T10:11:27.798000Z,2020-08-25T10:11:27.984000Z,383.438,186.0,338.0,72.134,0.0,0.0,0.0,61.97,3.357391,0.0,0.0,0.0
2020-08-25T10:11:29.798000Z,2020-08-25T10:11:30.037000Z,530.554,239.0,334.0,72.923,0.0,0.0,0.0,61.97,2.96097,0.0,0.0,0.0
2020-08-25T10:11:31.799000Z,2020-08-25T10:11:32.140000Z,865.954,341.0,350.0,70.41,0.0,0.0,0.0,61.97,3.278787,0.0,0.0,0.0
2020-08-25T10:11:34.047000Z,2020-08-25T10:11:34.406000Z,951.015,359.0,356.0,72.813,0.0,0.0,0.0,61.97,3.012196,0.0,0.0,0.0
2020-08-25T10:11:35.889999Z,2020-08-25T10:11:36.227000Z,864.55,337.0,354.0,71.687,0.0,0.0,0.0,61.97,2.812152,0.0,0.0,0.0
2020-08-25T10:11:38.046000Z,2020-08-25T10:11:38.303000Z,651.152,257.0,354.0,74.378,0.0,0.0,0.0,61.97,2.958657,0.0,0.0,0.0
2020-08-25T10:11:40.049000Z,2020-08-25T10:11:40.417999Z,1012.256,369.0,352.0,71.318,0.0,0.0,0.0,61.97,3.407938,0.0,0.0,0.0
2020-08-25T10:11:42.044999Z,2020-08-25T10:11:42.318000Z,649.783,273.0,352.0,71.472,0.0,0.0,0.0,61.97,3.403041,0.0,0.0,0.0
2020-08-25T10:11:44.046000Z,2020-08-25T10:11:44.275000Z,541.763,229.0,352.0,72.563,0.0,0.0,0.0,61.97,2.532944,0.0,0.0,0.0
2020-08-25T10:11:46.044000Z,2020-08-25T10:11:46.268000Z,532.213,224.0,352.0,71.342,0.0,0.0,0.0,61.97,3.389015,0.0,0.0,0.0
2020-08-25T10:11:48.043000Z,2020-08-25T10:11:48.247000Z,437.294,204.0,342.0,71.462,0.0,0.0,0.0,61.97,3.558732,0.0,0.0,0.0
2020-08-25T10:11:50.047000Z,2020-08-25T10:11:50.231000Z,378.216,184.0,342.0,70.914,0.0,0.0,0.0,61.97,3.161645,0.0,0.0,0.0
2020-08-25T10:11:52.048000Z,2020-08-25T10:11:52.383000Z,879.561,335.0,344.0,73.061,0.0,0.0,0.0,61.97,3.317713,0.0,0.0,0.0
2020-08-25T10:11:54.047000Z,2020-08-25T10:11:54.753999Z,1178.19,707.0,346.0,71.809,0.0,0.0,0.0,61.97,3.002768,0.0,0.0,0.0
2020-08-25T10:11:56.049000Z,2020-08-25T10:11:56.443000Z,1102.814,394.0,352.0,72.138,0.0,0.0,0.0,61.97,3.187729,0.0,0.0,0.0
2020-08-25T10:11:58.046000Z,2020-08-25T10:11:58.617999Z,1762.62,572.0,352.0,71.435,0.0,0.0,0.0,61.97,3.249515,0.0,0.0,0.0
2020-08-25T10:11:59.892000Z,2020-08-25T10:12:00.529000Z,1914.372,637.0,336.0,71.845,0.0,0.0,0.0,61.97,3.322321,0.0,0.0,0.0
2020-08-25T10:12:02.046000Z,2020-08-25T10:12:02.574000Z,1555.084,528.0,336.0,71.061,0.0,0.0,0.0,61.97,2.895913,0.0,0.0,0.0
2020-08-25T10:12:04.047000Z,2020-08-25T10:12:04.369999Z,865.361,323.0,336.0,72.781,0.0,0.0,0.0,61.97,3.076819,0.0,0.0,0.0
2020-08-25T10:12:06.047000Z,2020-08-25T10:12:06.251000Z,466.125,204.0,334.0,70.837,0.0,0.0,0.0,61.97,3.154857,0.0,0.0,0.0
2020-08-25T10:12:08.044999Z,2020-08-25T10:12:08.288000Z,561.399,243.0,334.0,70.595,0.0,0.0,0.0,61.97,3.420381,0.0,0.0,0.0
2020-08-25T10:12:10.046000Z,2020-08-25T10:12:10.621000Z,1730.874,575.0,334.0,74.546,0.0,0.0,0.0,61.97,3.299519,0.0,0.0,0.0
2020-08-25T10:12:12.046000Z,2020-08-25T10:12:12.452000Z,1156.479,406.0,328.0,73.411,0.0,0.0,0.0,61.97,3.414132,0.0,0.0,0.0
2020-08-25T10:12:14.046000Z,2020-08-25T10:12:14.452000Z,1136.058,406.0,340.0,71.01,0.0,0.0,0.0,61.97,3.083281,0.0,0.0,0.0
2020-08-25T10:12:16.046000Z,2020-08-25T10:12:16.352000Z,797.964,306.0,344.0,76.54,0.0,0.0,0.0,61.97,3.361623,0.0,0.0,0.0
2020-08-25T10:12:18.047000Z,2020-08-25T10:12:18.319000Z,702.225,272.0,324.0,71.011,0.0,0.0,0.0,61.97,3.407166,0.0,0.0,0.0
2020-08-25T10:12:20.044999Z,2020-08-25T10:12:20.352000Z,802.133,307.0,334.0,73.029,0.0,0.0,0.0,61.97,3.143764,0.0,0.0,0.0
2020-08-25T10:12:22.044000Z,2020-08-25T10:12:22.321999Z,690.839,278.0,334.0,73.329,0.0,0.0,0.0,61.97,3.310341,0.0,0.0,0.0
2020-08-25T10:12:23.887000Z,2020-08-25T10:12:24.112000Z,525.577,225.0,334.0,72.001,0.0,0.0,0.0,61.97,2.978273,0.0,0.0,0.0
2020-08-25T10:12:26.046000Z,2020-08-25T10:12:26.717000Z,830.277,671.0,334.0,71.798,0.0,0.0,0.0,61.97,3.430762,0.0,0.0,0.0
2020-08-25T10:12:28.044999Z,2020-08-25T10:12:28.459000Z,946.84,414.0,348.0,122.657,0.0,0.0,0.0,61.97,1.838223,0.0,0.0,0.0
2020-08-25T10:12:30.047000Z,2020-08-25T10:12:30.361999Z,795.296,315.0,334.0,78.504,0.0,0.0,0.0,61.97,2.257187,0.0,0.0,0.0
2020-08-25T10:12:32.046000Z,2020-08-25T10:12:32.439000Z,1076.061,393.0,338.0,71.977,0.0,0.0,0.0,61.97,3.303376,0.0,0.0,0.0
2020-08-25T10:12:34.047000Z,2020-08-25T10:12:34.425000Z,1045.842,378.0,330.0,70.591,0.0,0.0,0.0,61.97,3.431611,0.0,0.0,0.0
2020-08-25T10:12:36.047000Z,2020-08-25T10:12:36.417999Z,1019.011,371.0,336.0,73.325,0.0,0.0,0.0,61.97,2.973405,0.0,0.0,0.0
2020-08-25T10:12:38.055000Z,2020-08-25T10:12:38.439000Z,1042.222,384.0,336.0,71.862,0.0,0.0,0.0,61.97,3.555616,0.0,0.0,0.0
2020-08-25T10:12:40.047000Z,2020-08-25T10:12:40.374000Z,818.671,327.0,330.0,72.224,0.0,0.0,0.0,61.97,3.572163,0.0,0.0,0.0
2020-08-25T10:12:42.047000Z,2020-08-25T10:12:42.529000Z,808.145,482.0,330.0,72.205,0.0,0.0,0.0,61.97,2.439463,0.0,0.0,0.0
2020-08-25T10:12:44.047000Z,2020-08-25T10:12:44.413000Z,958.221,366.0,330.0,71.884,0.0,0.0,0.0,61.97,1.101512,0.0,0.0,0.0
2020-08-25T10:12:46.047000Z,2020-08-25T10:12:46.438000Z,1104.41,391.0,350.0,73.129,0.0,0.0,0.0,61.97,3.0212,0.0,0.0,0.0
2020-08-25T10:12:47.893000Z,2020-08-25T10:12:48.132000Z,586.216,239.0,340.0,72.743,0.0,0.0,0.0,61.97,3.228789,0.0,0.0,0.0
2020-08-25T10:12:50.048000Z,2020-08-25T10:12:50.324000Z,719.51,276.0,340.0,71.48,0.0,0.0,0.0,61.97,3.55391,0.0,0.0,0.0
2020-08-25T10:12:52.046000Z,2020-08-25T10:12:52.445000Z,1081.061,399.0,340.0,71.883,0.0,0.0,0.0,61.97,3.396824,0.0,0.0,0.0
2020-08-25T10:12:54.048000Z,2020-08-25T10:12:54.364000Z,833.348,316.0,338.0,74.936,0.0,0.0,0.0,61.97,3.216452,0.0,0.0,0.0
2020-08-25T10:12:56.046000Z,2020-08-25T10:12:56.284000Z,567.142,238.0,330.0,70.769,0.0,0.0,0.0,61.97,3.495906,0.0,0.0,0.0
2020-08-25T10:12:58.046000Z,2020-08-25T10:12:58.321999Z,669.215,276.0,354.0,70.9,0.0,0.0,0.0,61.97,3.298896,0.0,0.0,0.0
2020-08-25T10:13:00.044999Z,2020-08-25T10:13:00.351000Z,784.52,306.0,352.0,73.966,0.0,0.0,0.0,61.97,2.730459,0.0,0.0,0.0
2020-08-25T10:13:02.046000Z,2020-08-25T10:13:02.367000Z,833.633,321.0,352.0,71.734,0.0,0.0,0.0,61.97,3.167028,0.0,0.0,0.0
2020-08-25T10:13:04.047000Z,2020-08-25T10:13:04.404000Z,969.274,357.0,352.0,73.13,0.0,0.0,0.0,61.97,3.55492,0.0,0.0,0.0
2020-08-25T10:13:06.047000Z,2020-08-25T10:13:06.233000Z,387.741,186.0,338.0,70.86,0.0,0.0,0.0,61.97,3.457485,0.0,0.0,0.0
2020-08-25T10:13:08.047000Z,2020-08-25T10:13:08.429000Z,1054.43,382.0,338.0,72.176,0.0,0.0,0.0,61.97,3.172651,0.0,0.0,0.0
2020-08-25T10:13:10.046000Z,2020-08-25T10:13:10.361999Z,822.455,316.0,328.0,72.184,0.0,0.0,0.0,61.97,3.046445,0.0,0.0,0.0
2020-08-25T10:13:12.046000Z,2020-08-25T10:13:12.307000Z,662.395,261.0,332.0,71.311,0.0,0.0,0.0,61.97,2.998826,0.0,0.0,0.0
2020-08-25T10:13:14.046000Z,2020-08-25T10:13:14.305000Z,643.979,259.0,332.0,71.807,0.0,0.0,0.0,61.97,3.484437,0.0,0.0,0.0
2020-08-25T10:13:16.046000Z,2020-08-25T10:13:16.343000Z,800.801,297.0,336.0,71.458,0.0,0.0,0.0,61.97,3.255498,0.0,0.0,0.0
2020-08-25T10:13:18.054000Z,2020-08-25T10:13:18.231000Z,372.765,177.0,350.0,70.457,0.0,0.0,0.0,61.97,3.266446,0.0,0.0,0.0
2020-08-25T10:13:20.046000Z,2020-08-25T10:13:20.300000Z,564.808,254.0,350.0,71.166,0.0,0.0,0.0,61.97,3.244485,0.0,0.0,0.0
2020-08-25T10:13:22.047000Z,2020-08-25T10:13:22.390000Z,915.554,343.0,350.0,70.767,0.0,0.0,0.0,61.97,2.90729,0.0,0.0,0.0
2020-08-25T10:13:24.046000Z,2020-08-25T10:13:24.429000Z,1050.115,383.0,334.0,72.55,0.0,0.0,0.0,61.97,3.183771,0.0,0.0,0.0
2020-08-25T10:13:26.047000Z,2020-08-25T10:13:26.705999Z,1068.18,659.0,334.0,71.265,0.0,0.0,0.0,61.97,3.092912,0.0,0.0,0.0
2020-08-25T10:13:28.054000Z,2020-08-25T10:13:28.487000Z,1243.275,433.0,346.0,72.475,0.0,0.0,0.0,61.97,3.085178,0.0,0.0,0.0
2020-08-25T10:13:30.047000Z,2020-08-25T10:13:30.428000Z,1081.893,381.0,332.0,71.374,0.0,0.0,0.0,61.97,3.51902,0.0,0.0,0.0
2020-08-25T10:13:32.046000Z,2020-08-25T10:13:32.217999Z,341.725,172.0,330.0,71.602,0.0,0.0,0.0,61.97,3.069934,0.0,0.0,0.0
2020-08-25T10:13:34.046000Z,2020-08-25T10:13:34.355000Z,821.783,309.0,328.0,71.609,0.0,0.0,0.0,61.97,3.601635,0.0,0.0,0.0
2020-08-25T10:13:36.049000Z,2020-08-25T10:13:36.339000Z,749.85,290.0,334.0,71.213,0.0,0.0,0.0,61.97,2.816632,0.0,0.0,0.0
2020-08-25T10:13:38.047000Z,2020-08-25T10:13:38.294000Z,568.774,247.0,334.0,73.651,0.0,0.0,0.0,61.97,3.210555,0.0,0.0,0.0
2020-08-25T10:13:40.047000Z,2020-08-25T10:13:40.384000Z,914.03,337.0,334.0,72.938,0.0,0.0,0.0,61.97,2.93281,0.0,0.0,0.0
2020-08-25T10:13:42.047000Z,2020-08-25T10:13:42.315000Z,632.126,268.0,350.0,71.553,0.0,0.0,0.0,61.97,3.357785,0.0,0.0,0.0
2020-08-25T10:13:44.048000Z,2020-08-25T10:13:44.252000Z,443.973,204.0,350.0,71.877,0.0,0.0,0.0,61.97,2.68647,0.0,0.0,0.0
2020-08-25T10:13:46.046000Z,2020-08-25T10:13:46.283000Z,568.575,237.0,354.0,72.986,0.0,0.0,0.0,61.97,3.191381,0.0,0.0,0.0
2020-08-25T10:13:48.047000Z,2020-08-25T10:13:48.289000Z,560.682,242.0,354.0,71.148,0.0,0.0,0.0,61.97,3.338682,0.0,0.0,0.0
2020-08-25T10:13:50.047000Z,2020-08-25T10:13:50.273000Z,522.436,226.0,354.0,71.882,0.0,0.0,0.0,61.97,3.136988,0.0,0.0,0.0
2020-08-25T10:13:52.047000Z,2020-08-25T10:13:52.385999Z,877.973,339.0,352.0,73.732,0.0,0.0,0.0,61.97,2.93479,0.0,0.0,0.0
2020-08-25T10:13:54.047000Z,2020-08-25T10:13:54.350000Z,784.068,303.0,352.0,72.903,0.0,0.0,0.0,61.97,3.458058,0.0,0.0,0.0
2020-08-25T10:13:56.051000Z,2020-08-25T10:13:56.374000Z,845.591,323.0,348.0,71.047,0.0,0.0,0.0,61.97,3.203402,0.0,0.0,0.0
2020-08-25T10:13:58.047000Z,2020-08-25T10:13:58.403000Z,976.235,356.0,344.0,72.51,0.0,0.0,0.0,61.97,3.465349,0.0,0.0,0.0
2020-08-25T10:14:00.047000Z,2020-08-25T10:14:00.382000Z,890.852,335.0,330.0,71.979,0.0,0.0,0.0,62.245,3.123849,0.0,0.0,0.0
2020-08-25T10:14:02.047000Z,2020-08-25T10:14:02.375000Z,863.609,328.0,332.0,70.901,0.0,0.0,0.0,62.245,3.303906,0.0,0.0,0.0
2020-08-25T10:14:04.049000Z,2020-08-25T10:14:04.304000Z,650.751,255.0,332.0,74.037,0.0,0.0,0.0,62.245,3.271687,0.0,0.0,0.0
2020-08-25T10:14:06.049000Z,2020-08-25T10:14:06.417000Z,1014.748,368.0,332.0,72.145,0.0,0.0,0.0,62.245,3.388156,0.0,0.0,0.0
2020-08-25T10:14:08.048000Z,2020-08-25T10:14:08.301000Z,624.68,253.0,330.0,71.012,0.0,0.0,0.0,62.245,3.318404,0.0,0.0,0.0
2020-08-25T10:14:10.048000Z,2020-08-25T10:14:10.368000Z,851.694,320.0,330.0,71.307,0.0,0.0,0.0,62.245,3.450672,0.0,0.0,0.0
2020-08-25T10:14:12.047000Z,2020-08-25T10:14:12.409000Z,991.01,362.0,332.0,71.892,0.0,0.0,0.0,62.245,3.290309,0.0,0.0,0.0
2020-08-25T10:14:14.047000Z,2020-08-25T10:14:14.373000Z,844.077,326.0,336.0,75.048,0.0,0.0,0.0,62.245,3.10393,0.0,0.0,0.0
2020-08-25T10:14:16.052000Z,2020-08-25T10:14:16.273000Z,468.415,221.0,336.0,73.07,0.0,0.0,0.0,62.245,3.173913,0.0,0.0,0.0
2020-08-25T10:14:18.050000Z,2020-08-25T10:14:18.686000Z,1901.087,636.0,336.0,72.68,0.0,0.0,0.0,62.245,2.507987,0.0,0.0,0.0
2020-08-25T10:14:20.050000Z,2020-08-25T10:14:20.742000Z,1247.933,692.0,338.0,71.596,0.0,0.0,0.0,62.245,3.141127,0.0,0.0,0.0
2020-08-25T10:14:22.048000Z,2020-08-25T10:14:22.358000Z,787.859,310.0,352.0,71.436,0.0,0.0,0.0,62.245,3.15877,0.0,0.0,0.0
2020-08-25T10:14:24.049000Z,2020-08-25T10:14:24.433000Z,1057.471,384.0,340.0,72.274,0.0,0.0,0.0,62.245,2.85789,0.0,0.0,0.0
2020-08-25T10:14:26.048000Z,2020-08-25T10:14:26.487000Z,1266.156,439.0,340.0,72.508,0.0,0.0,0.0,62.245,2.993345,0.0,0.0,0.0
2020-08-25T10:14:28.050000Z,2020-08-25T10:14:28.478000Z,1248.624,428.0,336.0,73.046,0.0,0.0,0.0,62.245,3.618815,0.0,0.0,0.0
2020-08-25T10:14:30.049000Z,2020-08-25T10:14:30.512000Z,1358.865,463.0,334.0,71.733,0.0,0.0,0.0,62.245,3.601672,0.0,0.0,0.0
2020-08-25T10:14:32.050000Z,2020-08-25T10:14:32.543000Z,1455.113,493.0,334.0,71.423,0.0,0.0,0.0,62.16,3.170169,0.0,0.0,0.0
2020-08-25T10:14:34.048000Z,2020-08-25T10:14:34.489000Z,1198.948,441.0,334.0,70.902,0.0,0.0,0.0,62.16,3.491883,0.0,0.0,0.0
2020-08-25T10:14:36.049000Z,2020-08-25T10:14:36.389000Z,876.392,340.0,334.0,72.903,0.0,0.0,0.0,62.16,2.882703,0.0,0.0,0.0
2020-08-25T10:14:38.049000Z,2020-08-25T10:14:38.302000Z,635.955,253.0,320.0,70.899,0.0,0.0,0.0,62.16,3.252332,0.0,0.0,0.0
2020-08-25T10:14:40.048000Z,2020-08-25T10:14:40.599000Z,686.578,551.0,330.0,71.275,0.0,0.0,0.0,62.16,3.27092,0.0,0.0,0.0
2020-08-25T10:14:42.049000Z,2020-08-25T10:14:42.323000Z,673.544,274.0,332.0,70.089,0.0,0.0,0.0,62.16,3.604629,0.0,0.0,0.0
2020-08-25T10:14:44.050000Z,2020-08-25T10:14:44.468000Z,1167.43,418.0,332.0,71.346,0.0,0.0,0.0,62.16,3.183021,0.0,0.0,0.0
2020-08-25T10:14:46.049000Z,2020-08-25T10:14:46.417000Z,1003.344,368.0,326.0,72.08,0.0,0.0,0.0,62.16,3.244569,0.0,0.0,0.0
2020-08-25T10:14:48.049000Z,2020-08-25T10:14:48.377000Z,646.747,328.0,330.0,72.424,0.0,0.0,0.0,62.16,3.330476,0.0,0.0,0.0
2020-08-25T10:14:50.049000Z,2020-08-25T10:14:50.264000Z,472.808,215.0,326.0,71.129,0.0,0.0,0.0,62.16,1.561976,0.0,0.0,0.0
2020-08-25T10:14:52.049000Z,2020-08-25T10:14:52.317000Z,701.915,268.0,326.0,76.532,0.0,0.0,0.0,62.16,2.920878,0.0,0.0,0.0
2020-08-25T10:14:54.052000Z,2020-08-25T10:14:54.496000Z,1255.879,444.0,338.0,71.184,0.0,0.0,0.0,62.16,3.403683,0.0,0.0,0.0
2020-08-25T10:14:56.050000Z,2020-08-25T10:14:56.719000Z,1073.254,669.0,338.0,73.604,0.0,0.0,0.0,62.16,2.938118,0.0,0.0,0.0
2020-08-25T10:14:58.048000Z,2020-08-25T10:14:58.321999Z,697.437,274.0,324.0,71.26,0.0,0.0,0.0,62.16,2.951089,0.0,0.0,0.0
2020-08-25T10:15:00.048000Z,2020-08-25T10:15:00.222000Z,361.281,174.0,336.0,71.354,0.0,0.0,0.0,62.16,3.04312,0.0,0.0,0.0
2020-08-25T10:15:02.049000Z,2020-08-25T10:15:02.257000Z,485.416,208.0,336.0,71.88,0.0,0.0,0.0,62.16,3.370579,0.0,0.0,0.0
2020-08-25T10:15:04.049000Z,2020-08-25T10:15:04.333000Z,721.435,284.0,336.0,72.584,0.0,0.0,0.0,62.16,3.524561,0.0,0.0,0.0
2020-08-25T10:15:06.051000Z,2020-08-25T10:15:06.349000Z,781.647,298.0,336.0,72.264,0.0,0.0,0.0,62.16,2.995111,0.0,0.0,0.0
2020-08-25T10:15:08.049000Z,2020-08-25T10:15:08.649999Z,874.88,601.0,336.0,71.083,0.0,0.0,0.0,62.16,3.438351,0.0,0.0,0.0
2020-08-25T10:15:10.050000Z,2020-08-25T10:15:10.590000Z,1611.342,540.0,354.0,71.59,0.0,0.0,0.0,62.16,3.465657,0.0,0.0,0.0
2020-08-25T10:15:12.050000Z,2020-08-25T10:15:12.311000Z,630.193,261.0,340.0,74.168,0.0,0.0,0.0,62.16,3.375068,0.0,0.0,0.0
2020-08-25T10:15:14.050000Z,2020-08-25T10:15:14.324000Z,669.323,274.0,340.0,71.258,0.0,0.0,0.0,62.16,2.976103,0.0,0.0,0.0
2020-08-25T10:15:16.050000Z,2020-08-25T10:15:16.313999Z,647.364,264.0,340.0,72.832,0.0,0.0,0.0,62.16,2.974188,0.0,0.0,0.0
2020-08-25T10:15:18.050000Z,2020-08-25T10:15:18.187000Z,254.751,137.0,338.0,71.756,0.0,0.0,0.0,62.16,3.13253,0.0,0.0,0.0
2020-08-25T10:15:20.051000Z,2020-08-25T10:15:20.188000Z,243.886,137.0,338.0,70.912,0.0,0.0,0.0,62.16,3.13253,0.0,0.0,0.0
2020-08-25T10:15:22.050000Z,2020-08-25T10:15:22.254000Z,472.073,204.0,366.0,71.198,0.0,0.0,0.0,62.16,3.13253,0.0,0.0,0.0
2020-08-25T10:15:24.051000Z,2020-08-25T10:15:24.415000Z,1005.095,364.0,356.0,74.861,0.0,0.0,0.0,62.16,3.196138,0.0,0.0,0.0
2020-08-25T10:15:26.051000Z,2020-08-25T10:15:26.429000Z,1047.515,378.0,350.0,70.504,0.0,0.0,0.0,62.16,3.303905,0.0,0.0,0.0
2020-08-25T10:15:28.051000Z,2020-08-25T10:15:28.477000Z,1233.997,426.0,348.0,75.45,0.0,0.0,0.0,62.16,3.367643,0.0,0.0,0.0
2020-08-25T10:15:30.051000Z,2020-08-25T10:15:30.582000Z,1533.816,531.0,332.0,70.417,0.0,0.0,0.0,62.16,3.410874,0.0,0.0,0.0
2020-08-25T10:15:32.051000Z,2020-08-25T10:15:32.384000Z,876.515,333.0,328.0,71.329,0.0,0.0,0.0,62.16,3.245425,0.0,0.0,0.0
2020-08-25T10:15:34.051000Z,2020-08-25T10:15:34.422000Z,1035.992,371.0,324.0,71.682,0.0,0.0,0.0,62.16,3.475632,0.0,0.0,0.0
2020-08-25T10:15:36.050000Z,2020-08-25T10:15:36.321999Z,633.636,272.0,334.0,71.378,0.0,0.0,0.0,62.16,3.208484,0.0,0.0,0.0
2020-08-25T10:15:38.052000Z,2020-08-25T10:15:38.300000Z,602.32,248.0,334.0,83.243,0.0,0.0,0.0,62.16,2.713565,0.0,0.0,0.0
2020-08-25T10:15:40.050000Z,2020-08-25T10:15:40.315000Z,659.739,265.0,334.0,71.251,0.0,0.0,0.0,62.16,3.395071,0.0,0.0,0.0
2020-08-25T10:15:42.051000Z,2020-08-25T10:15:42.231000Z,384.398,180.0,364.0,70.839,0.0,0.0,0.0,62.16,3.29027,0.0,0.0,0.0
2020-08-25T10:15:44.052000Z,2020-08-25T10:15:44.281000Z,531.09,229.0,362.0,72.337,0.0,0.0,0.0,62.16,3.277321,0.0,0.0,0.0
2020-08-25T10:15:46.051000Z,2020-08-25T10:15:46.289999Z,566.063,239.0,362.0,71.682,0.0,0.0,0.0,62.16,3.322023,0.0,0.0,0.0
2020-08-25T10:15:48.300000Z,2020-08-25T10:15:48.553000Z,632.687,253.0,362.0,75.486,0.0,0.0,0.0,62.16,3.186928,0.0,0.0,0.0
2020-08-25T10:15:50.300000Z,2020-08-25T10:15:50.567000Z,663.659,267.0,360.0,72.185,0.0,0.0,0.0,62.16,3.149862,0.0,0.0,0.0
2020-08-25T10:15:52.300000Z,2020-08-25T10:15:52.519000Z,539.03,219.0,358.0,72.758,0.0,0.0,0.0,62.16,3.371532,0.0,0.0,0.0
2020-08-25T10:15:54.300000Z,2020-08-25T10:15:54.501000Z,432.572,201.0,336.0,70.645,0.0,0.0,0.0,62.16,3.441306,0.0,0.0,0.0
2020-08-25T10:15:56.301000Z,2020-08-25T10:15:56.567000Z,658.584,266.0,336.0,75.23,0.0,0.0,0.0,62.16,3.140581,0.0,0.0,0.0
2020-08-25T10:15:58.302000Z,2020-08-25T10:15:58.550000Z,595.567,248.0,334.0,71.301,0.0,0.0,0.0,62.16,3.102311,0.0,0.0,0.0
2020-08-25T10:16:00.301000Z,2020-08-25T10:16:00.568000Z,670.2,267.0,332.0,71.704,0.0,0.0,0.0,62.16,3.234086,0.0,0.0,0.0
2020-08-25T10:16:02.302000Z,2020-08-25T10:16:02.817000Z,584.404,515.0,342.0,72.116,0.0,0.0,0.0,62.16,3.337756,0.0,0.0,0.0
2020-08-25T10:16:04.301000Z,2020-08-25T10:16:04.537999Z,569.501,237.0,366.0,70.634,0.0,0.0,0.0,62.16,3.449944,0.0,0.0,0.0
2020-08-25T10:16:06.301000Z,2020-08-25T10:16:06.638000Z,894.763,337.0,344.0,71.59,0.0,0.0,0.0,62.16,3.256004,0.0,0.0,0.0
2020-08-25T10:16:08.302000Z,2020-08-25T10:16:08.678000Z,1042.816,376.0,328.0,71.747,0.0,0.0,0.0,62.16,3.139917,0.0,0.0,0.0
2020-08-25T10:16:10.304999Z,2020-08-25T10:16:10.601999Z,804.443,297.0,322.0,71.834,0.0,0.0,0.0,62.16,3.016182,0.0,0.0,0.0
2020-08-25T10:16:12.301000Z,2020-08-25T10:16:12.601000Z,780.414,300.0,338.0,72.773,0.0,0.0,0.0,62.16,3.408423,0.0,0.0,0.0
2020-08-25T10:16:14.302000Z,2020-08-25T10:16:14.899000Z,843.949,597.0,338.0,72.881,0.0,0.0,0.0,62.16,3.365597,0.0,0.0,0.0
2020-08-25T10:16:16.301000Z,2020-08-25T10:16:16.587000Z,752.616,286.0,356.0,72.305,0.0,0.0,0.0,62.16,3.131988,0.0,0.0,0.0
2020-08-25T10:16:18.302000Z,2020-08-25T10:16:18.581000Z,698.199,279.0,338.0,70.721,0.0,0.0,0.0,62.16,3.291471,0.0,0.0,0.0
2020-08-25T10:16:20.302000Z,2020-08-25T10:16:20.515000Z,503.386,213.0,338.0,71.805,0.0,0.0,0.0,62.16,3.32932,0.0,0.0,0.0
2020-08-25T10:16:22.301000Z,2020-08-25T10:16:22.513000Z,461.022,212.0,338.0,72.173,0.0,0.0,0.0,62.16,3.348192,0.0,0.0,0.0
2020-08-25T10:16:24.303000Z,2020-08-25T10:16:24.607000Z,793.761,304.0,338.0,71.949,0.0,0.0,0.0,62.16,3.133047,0.0,0.0,0.0
2020-08-25T10:16:26.301000Z,2020-08-25T10:16:26.529999Z,525.391,229.0,330.0,75.631,0.0,0.0,0.0,62.16,3.29755,0.0,0.0,0.0
2020-08-25T10:16:28.301000Z,2020-08-25T10:16:28.601999Z,708.404,301.0,4.0,72.585,0.0,0.0,0.0,62.16,3.380607,0.0,0.0,0.0
2020-08-25T10:16:30.302000Z,2020-08-25T10:16:30.545999Z,586.582,244.0,345.0,73.051,0.0,0.0,0.0,62.16,2.711645,0.0,0.0,0.0
2020-08-25T10:16:32.302000Z,2020-08-25T10:16:32.534000Z,530.795,232.0,338.0,71.884,0.0,0.0,0.0,62.16,3.509329,0.0,0.0,0.0
2020-08-25T10:16:34.303000Z,2020-08-25T10:16:34.515000Z,465.202,212.0,342.0,71.274,0.0,0.0,0.0,62.16,3.339672,0.0,0.0,0.0
2020-08-25T10:16:36.303000Z,2020-08-25T10:16:36.499000Z,423.233,196.0,342.0,76.189,0.0,0.0,0.0,62.16,2.992669,0.0,0.0,0.0
2020-08-25T10:16:38.303000Z,2020-08-25T10:16:38.539000Z,560.568,236.0,342.0,70.84,0.0,0.0,0.0,62.16,3.500014,0.0,0.0,0.0
2020-08-25T10:16:40.303000Z,2020-08-25T10:16:40.804000Z,519.379,501.0,344.0,72.797,0.0,0.0,0.0,62.16,3.238927,0.0,0.0,0.0
2020-08-25T10:16:42.303000Z,2020-08-25T10:16:42.496000Z,405.213,193.0,344.0,72.195,0.0,0.0,0.0,62.16,3.198022,0.0,0.0,0.0
2020-08-25T10:16:44.302000Z,2020-08-25T10:16:44.470000Z,323.056,168.0,340.0,71.074,0.0,0.0,0.0,62.16,3.000651,0.0,0.0,0.0
2020-08-25T10:16:46.309000Z,2020-08-25T10:16:46.534000Z,530.749,225.0,342.0,71.508,0.0,0.0,0.0,62.16,3.271052,0.0,0.0,0.0
2020-08-25T10:16:48.301000Z,2020-08-25T10:16:48.515000Z,497.603,214.0,342.0,73.027,0.0,0.0,0.0,62.16,3.30969,0.0,0.0,0.0
2020-08-25T10:16:50.303000Z,2020-08-25T10:16:50.509000Z,458.728,206.0,342.0,72.424,0.0,0.0,0.0,62.16,3.534147,0.0,0.0,0.0
2020-08-25T10:16:52.302000Z,2020-08-25T10:16:52.638000Z,886.797,336.0,342.0,71.825,0.0,0.0,0.0,62.16,3.289706,0.0,0.0,0.0
2020-08-25T10:16:54.303000Z,2020-08-25T10:16:54.736000Z,1239.31,433.0,342.0,70.963,0.0,0.0,0.0,62.16,2.930656,0.0,0.0,0.0
2020-08-25T10:16:56.304999Z,2020-08-25T10:16:57.033999Z,1278.892,729.0,350.0,71.664,0.0,0.0,0.0,62.16,3.224071,0.0,0.0,0.0
2020-08-25T10:16:58.304000Z,2020-08-25T10:16:58.835000Z,1592.3,531.0,346.0,74.803,0.0,0.0,0.0,62.16,3.076002,0.0,0.0,0.0
2020-08-25T10:17:00.308000Z,2020-08-25T10:17:00.548000Z,591.43,240.0,342.0,71.125,0.0,0.0,0.0,62.16,3.458835,0.0,0.0,0.0
2020-08-25T10:17:02.310000Z,2020-08-25T10:17:02.601999Z,699.757,292.0,342.0,71.497,0.0,0.0,0.0,62.16,3.143841,0.0,0.0,0.0
2020-08-25T10:17:04.304999Z,2020-08-25T10:17:04.669000Z,980.894,364.0,342.0,72.707,0.0,0.0,0.0,62.16,3.317092,0.0,0.0,0.0
2020-08-25T10:17:06.311000Z,2020-08-25T10:17:06.584000Z,695.076,273.0,340.0,72.017,0.0,0.0,0.0,62.16,2.942885,0.0,0.0,0.0
2020-08-25T10:17:08.302000Z,2020-08-25T10:17:08.687000Z,1078.313,385.0,340.0,72.146,0.0,0.0,0.0,62.16,3.299552,0.0,0.0,0.0
2020-08-25T10:17:10.304000Z,2020-08-25T10:17:10.804000Z,1448.453,500.0,4.0,72.117,0.0,0.0,0.0,62.16,3.366191,0.0,0.0,0.0
2020-08-25T10:17:12.303000Z,2020-08-25T10:17:12.693000Z,915.971,390.0,342.0,74.949,0.0,0.0,0.0,62.16,3.518949,0.0,0.0,0.0
2020-08-25T10:17:14.312000Z,2020-08-25T10:17:14.750000Z,1261.227,438.0,342.0,74.424,0.0,0.0,0.0,62.16,1.7073,0.0,0.0,0.0
2020-08-25T10:17:16.312000Z,2020-08-25T10:17:16.823000Z,1467.005,511.0,332.0,71.25,0.0,0.0,0.0,62.16,3.15777,0.0,0.0,0.0
2020-08-25T10:17:18.304000Z,2020-08-25T10:17:18.753000Z,1281.174,449.0,340.0,72.134,0.0,0.0,0.0,62.16,3.421542,0.0,0.0,0.0
2020-08-25T10:17:20.303000Z,2020-08-25T10:17:21.005000Z,1261.464,702.0,340.0,71.454,0.0,0.0,0.0,62.16,2.90501,0.0,0.0,0.0
2020-08-25T10:17:22.304000Z,2020-08-25T10:17:22.633000Z,885.794,329.0,334.0,70.306,0.0,0.0,0.0,62.16,3.036941,0.0,0.0,0.0
2020-08-25T10:17:24.309000Z,2020-08-25T10:17:24.617000Z,820.157,308.0,334.0,73.28,0.0,0.0,0.0,62.16,3.294053,0.0,0.0,0.0
2020-08-25T10:17:26.309000Z,2020-08-25T10:17:26.852000Z,1452.936,543.0,332.0,71.962,0.0,0.0,0.0,62.16,3.358371,0.0,0.0,0.0
2020-08-25T10:17:28.308000Z,2020-08-25T10:17:28.636000Z,875.133,328.0,338.0,70.915,0.0,0.0,0.0,62.16,2.594206,0.0,0.0,0.0
2020-08-25T10:17:30.310000Z,2020-08-25T10:17:30.652000Z,859.698,342.0,338.0,72.887,0.0,0.0,0.0,62.16,3.463529,0.0,0.0,0.0
2020-08-25T10:17:32.308000Z,2020-08-25T10:17:32.533000Z,508.21,225.0,358.0,71.424,0.0,0.0,0.0,62.16,3.196082,0.0,0.0,0.0
2020-08-25T10:17:34.309000Z,2020-08-25T10:17:34.544000Z,545.927,235.0,356.0,72.675,0.0,0.0,0.0,62.16,3.181071,0.0,0.0,0.0
2020-08-25T10:17:36.309000Z,2020-08-25T10:17:36.601000Z,719.093,292.0,346.0,73.437,0.0,0.0,0.0,62.16,3.374467,0.0,0.0,0.0
2020-08-25T10:17:38.310000Z,2020-08-25T10:17:38.584000Z,701.058,274.0,344.0,72.291,0.0,0.0,0.0,62.16,3.262146,0.0,0.0,0.0
2020-08-25T10:17:40.310000Z,2020-08-25T10:17:40.583000Z,698.545,273.0,346.0,72.927,0.0,0.0,0.0,62.16,3.286723,0.0,0.0,0.0
2020-08-25T10:17:42.309000Z,2020-08-25T10:17:42.505999Z,443.598,197.0,334.0,70.822,0.0,0.0,0.0,62.16,3.532776,0.0,0.0,0.0
2020-08-25T10:17:44.310000Z,2020-08-25T10:17:44.509000Z,429.474,199.0,334.0,71.735,0.0,0.0,0.0,62.16,3.134546,0.0,0.0,0.0
2020-08-25T10:17:46.310000Z,2020-08-25T10:17:46.732000Z,1114.368,422.0,334.0,70.583,0.0,0.0,0.0,62.16,3.162368,0.0,0.0,0.0
2020-08-25T10:17:48.319000Z,2020-08-25T10:17:48.630000Z,807.863,311.0,330.0,72.012,0.0,0.0,0.0,62.16,2.699953,0.0,0.0,0.0
2020-08-25T10:17:50.308000Z,2020-08-25T10:17:50.915000Z,759.045,607.0,330.0,71.852,0.0,0.0,0.0,62.16,3.20533,0.0,0.0,0.0
2020-08-25T10:17:52.311000Z,2020-08-25T10:17:52.644000Z,863.466,333.0,358.0,71.909,0.0,0.0,0.0,62.16,3.239209,0.0,0.0,0.0
2020-08-25T10:17:54.311000Z,2020-08-25T10:17:54.832000Z,1480.487,521.0,332.0,72.613,0.0,0.0,0.0,62.16,2.711646,0.0,0.0,0.0
2020-08-25T10:17:56.309000Z,2020-08-25T10:17:56.684000Z,1030.687,375.0,328.0,71.504,0.0,0.0,0.0,62.16,3.174352,0.0,0.0,0.0
2020-08-25T10:17:58.308000Z,2020-08-25T10:17:58.716000Z,1155.862,408.0,332.0,72.6,0.0,0.0,0.0,62.16,3.241813,0.0,0.0,0.0
2020-08-25T10:18:00.310000Z,2020-08-25T10:18:00.768000Z,1311.406,458.0,332.0,72.842,0.0,0.0,0.0,62.16,3.336146,0.0,0.0,0.0
2020-08-25T10:18:02.310000Z,2020-08-25T10:18:02.681999Z,1051.054,372.0,330.0,71.666,0.0,0.0,0.0,62.05,2.992989,0.0,0.0,0.0
2020-08-25T10:18:04.309000Z,2020-08-25T10:18:04.673999Z,1019.72,365.0,336.0,71.796,0.0,0.0,0.0,62.05,3.305944,0.0,0.0,0.0
2020-08-25T10:18:06.310000Z,2020-08-25T10:18:06.613000Z,799.374,303.0,336.0,71.924,0.0,0.0,0.0,62.05,3.276281,0.0,0.0,0.0
2020-08-25T10:18:08.311000Z,2020-08-25T10:18:08.633000Z,831.037,322.0,332.0,71.314,0.0,0.0,0.0,62.05,3.628966,0.0,0.0,0.0
2020-08-25T10:18:10.310000Z,2020-08-25T10:18:10.887000Z,766.691,577.0,332.0,73.701,0.0,0.0,0.0,62.05,3.083833,0.0,0.0,0.0
2020-08-25T10:18:12.311000Z,2020-08-25T10:18:12.733000Z,1133.672,422.0,324.0,73.218,0.0,0.0,0.0,62.05,2.995433,0.0,0.0,0.0
2020-08-25T10:18:14.309000Z,2020-08-25T10:18:14.525000Z,434.449,216.0,330.0,71.889,0.0,0.0,0.0,62.05,2.953373,0.0,0.0,0.0
2020-08-25T10:18:16.308000Z,2020-08-25T10:18:16.589000Z,722.139,281.0,330.0,72.296,0.0,0.0,0.0,62.05,3.234283,0.0,0.0,0.0
2020-08-25T10:18:18.308000Z,2020-08-25T10:18:18.541000Z,541.665,233.0,328.0,72.155,0.0,0.0,0.0,62.05,3.274585,0.0,0.0,0.0
2020-08-25T10:18:20.308000Z,2020-08-25T10:18:20.542000Z,554.488,234.0,328.0,71.791,0.0,0.0,0.0,62.05,3.350658,0.0,0.0,0.0
2020-08-25T10:18:22.309000Z,2020-08-25T10:18:22.585000Z,687.552,276.0,328.0,70.867,0.0,0.0,0.0,62.05,3.378729,0.0,0.0,0.0
2020-08-25T10:18:24.309000Z,2020-08-25T10:18:24.601000Z,735.67,292.0,328.0,72.617,0.0,0.0,0.0,62.05,3.4632,0.0,0.0,0.0
2020-08-25T10:18:26.310000Z,2020-08-25T10:18:26.916000Z,904.853,606.0,320.0,71.514,0.0,0.0,0.0,62.05,2.853814,0.0,0.0,0.0
2020-08-25T10:18:28.309000Z,2020-08-25T10:18:28.516000Z,453.137,207.0,352.0,71.796,0.0,0.0,0.0,62.05,3.283,0.0,0.0,0.0
2020-08-25T10:18:30.307000Z,2020-08-25T10:18:30.531000Z,505.334,224.0,332.0,71.374,0.0,0.0,0.0,62.05,3.221959,0.0,0.0,0.0
2020-08-25T10:18:32.305999Z,2020-08-25T10:18:32.593000Z,751.791,287.0,332.0,71.176,0.0,0.0,0.0,62.05,2.964306,0.0,0.0,0.0
2020-08-25T10:18:34.304999Z,2020-08-25T10:18:34.640000Z,883.564,335.0,332.0,71.824,0.0,0.0,0.0,62.05,3.200073,0.0,0.0,0.0
2020-08-25T10:18:36.305999Z,2020-08-25T10:18:36.627000Z,865.274,321.0,324.0,73.593,0.0,0.0,0.0,62.05,3.356839,0.0,0.0,0.0
2020-08-25T10:18:38.304999Z,2020-08-25T10:18:38.904000Z,822.711,599.0,326.0,71.977,0.0,0.0,0.0,62.05,3.213677,0.0,0.0,0.0
2020-08-25T10:18:40.304999Z,2020-08-25T10:18:40.533000Z,524.342,228.0,348.0,71.447,0.0,0.0,0.0,62.05,3.193333,0.0,0.0,0.0
2020-08-25T10:18:42.304999Z,2020-08-25T10:18:42.433000Z,224.211,128.0,338.0,72.428,0.0,0.0,0.0,62.05,3.352643,0.0,0.0,0.0
2020-08-25T10:18:44.304999Z,2020-08-25T10:18:44.499000Z,421.375,194.0,338.0,71.271,0.0,0.0,0.0,62.05,3.352643,0.0,0.0,0.0
2020-08-25T10:18:46.305999Z,2020-08-25T10:18:46.502000Z,401.945,196.0,338.0,71.161,0.0,0.0,0.0,62.05,3.373657,0.0,0.0,0.0
2020-08-25T10:18:48.304999Z,2020-08-25T10:18:48.495000Z,418.591,190.0,338.0,73.123,0.0,0.0,0.0,62.05,3.049961,0.0,0.0,0.0
2020-08-25T10:18:50.305999Z,2020-08-25T10:18:50.509000Z,453.425,203.0,338.0,72.173,0.0,0.0,0.0,62.05,3.450833,0.0,0.0,0.0
2020-08-25T10:18:52.308000Z,2020-08-25T10:18:52.549000Z,593.811,241.0,4.0,71.939,0.0,0.0,0.0,62.05,3.012739,0.0,0.0,0.0
2020-08-25T10:18:54.309000Z,2020-08-25T10:18:54.517000Z,450.687,208.0,348.0,72.382,0.0,0.0,0.0,62.05,3.323261,0.0,0.0,0.0
2020-08-25T10:18:56.311000Z,2020-08-25T10:18:56.551000Z,580.399,240.0,346.0,73.44,0.0,0.0,0.0,62.05,3.14414,0.0,0.0,0.0
2020-08-25T10:18:58.309000Z,2020-08-25T10:18:58.534000Z,500.183,225.0,350.0,71.249,0.0,0.0,0.0,62.05,3.21519,0.0,0.0,0.0
2020-08-25T10:19:00.308000Z,2020-08-25T10:19:00.499000Z,423.956,191.0,350.0,74.53,0.0,0.0,0.0,62.05,2.780952,0.0,0.0,0.0
2020-08-25T10:19:02.310000Z,2020-08-25T10:19:02.531000Z,440.857,221.0,350.0,73.461,0.0,0.0,0.0,62.05,3.239862,0.0,0.0,0.0
2020-08-25T10:19:04.307000Z,2020-08-25T10:19:04.667000Z,971.701,360.0,350.0,73.486,0.0,0.0,0.0,62.05,3.244198,0.0,0.0,0.0
2020-08-25T10:19:06.309000Z,2020-08-25T10:19:06.646000Z,892.302,337.0,350.0,73.608,0.0,0.0,0.0,62.05,3.05491,0.0,0.0,0.0
2020-08-25T10:19:08.311000Z,2020-08-25T10:19:08.598000Z,728.991,287.0,354.0,72.056,0.0,0.0,0.0,62.05,3.423259,0.0,0.0,0.0
2020-08-25T10:19:10.309000Z,2020-08-25T10:19:10.534000Z,532.372,225.0,356.0,72.052,0.0,0.0,0.0,62.05,3.117105,0.0,0.0,0.0
2020-08-25T10:19:12.308000Z,2020-08-25T10:19:12.527000Z,523.019,219.0,346.0,71.109,0.0,0.0,0.0,62.05,3.261125,0.0,0.0,0.0
2020-08-25T10:19:14.308000Z,2020-08-25T10:19:14.532000Z,538.779,224.0,346.0,70.567,0.0,0.0,0.0,62.05,3.708121,0.0,0.0,0.0
2020-08-25T10:19:16.309000Z,2020-08-25T10:19:16.567000Z,621.052,258.0,346.0,72.064,0.0,0.0,0.0,62.05,3.417122,0.0,0.0,0.0
2020-08-25T10:19:18.309000Z,2020-08-25T10:19:18.467000Z,314.14,158.0,334.0,71.689,0.0,0.0,0.0,62.05,3.062117,0.0,0.0,0.0
2020-08-25T10:19:20.308000Z,2020-08-25T10:19:20.472000Z,324.527,164.0,334.0,71.778,0.0,0.0,0.0,62.05,3.315149,0.0,0.0,0.0
2020-08-25T10:19:22.309000Z,2020-08-25T10:19:22.483000Z,332.797,174.0,354.0,70.505,0.0,0.0,0.0,62.05,3.446726,0.0,0.0,0.0
2020-08-25T10:19:24.310000Z,2020-08-25T10:19:24.683000Z,1049.333,373.0,354.0,72.461,0.0,0.0,0.0,62.05,3.283617,0.0,0.0,0.0
2020-08-25T10:19:26.310000Z,2020-08-25T10:19:26.651000Z,820.087,341.0,356.0,72.608,0.0,0.0,0.0,62.05,3.318954,0.0,0.0,0.0
2020-08-25T10:19:28.310000Z,2020-08-25T10:19:28.669000Z,1040.995,359.0,356.0,71.629,0.0,0.0,0.0,62.05,3.124395,0.0,0.0,0.0
2020-08-25T10:19:30.309000Z,2020-08-25T10:19:30.641999Z,901.689,333.0,342.0,71.177,0.0,0.0,0.0,62.05,3.098003,0.0,0.0,0.0
2020-08-25T10:19:32.310000Z,2020-08-25T10:19:32.969999Z,1956.316,660.0,342.0,76.246,0.0,0.0,0.0,62.05,3.221061,0.0,0.0,0.0
2020-08-25T10:19:34.319000Z,2020-08-25T10:19:35.167000Z,2630.166,848.0,332.0,71.738,0.0,0.0,0.0,62.05,2.878443,0.0,0.0,0.0
2020-08-25T10:19:36.309000Z,2020-08-25T10:19:36.793000Z,1448.139,484.0,336.0,71.941,0.0,0.0,0.0,62.05,3.393751,0.0,0.0,0.0
2020-08-25T10:19:38.309000Z,2020-08-25T10:19:38.966000Z,1117.529,657.0,336.0,70.547,0.0,0.0,0.0,62.05,3.543486,0.0,0.0,0.0
2020-08-25T10:19:40.308000Z,2020-08-25T10:19:40.580000Z,687.193,272.0,330.0,70.692,0.0,0.0,0.0,62.05,3.370661,0.0,0.0,0.0
2020-08-25T10:19:42.309000Z,2020-08-25T10:19:42.583000Z,673.043,274.0,330.0,71.729,0.0,0.0,0.0,62.05,3.272083,0.0,0.0,0.0
2020-08-25T10:19:44.309000Z,2020-08-25T10:19:44.716000Z,1160.041,407.0,328.0,72.669,0.0,0.0,0.0,62.05,3.223336,0.0,0.0,0.0
2020-08-25T10:19:46.310000Z,2020-08-25T10:19:46.750000Z,1330.905,440.0,328.0,70.432,0.0,0.0,0.0,62.05,3.435054,0.0,0.0,0.0
2020-08-25T10:19:48.309000Z,2020-08-25T10:19:48.817000Z,1462.176,508.0,340.0,70.74,0.0,0.0,0.0,62.05,3.199779,0.0,0.0,0.0
2020-08-25T10:19:50.309000Z,2020-08-25T10:19:51.080000Z,1077.575,771.0,340.0,74.522,0.0,0.0,0.0,62.05,2.646579,0.0,0.0,0.0
2020-08-25T10:19:52.310000Z,2020-08-25T10:19:52.699000Z,1043.837,389.0,348.0,73.987,0.0,0.0,0.0,62.05,3.334936,0.0,0.0,0.0
2020-08-25T10:19:54.309000Z,2020-08-25T10:19:54.667000Z,963.6,358.0,326.0,72.553,0.0,0.0,0.0,62.05,2.977656,0.0,0.0,0.0
2020-08-25T10:19:56.317000Z,2020-08-25T10:19:56.668000Z,944.478,351.0,330.0,70.758,0.0,0.0,0.0,62.05,3.28934,0.0,0.0,0.0
2020-08-25T10:19:58.309000Z,2020-08-25T10:19:58.486000Z,379.571,177.0,330.0,73.875,0.0,0.0,0.0,62.05,2.998602,0.0,0.0,0.0
2020-08-25T10:20:00.308000Z,2020-08-25T10:20:00.529999Z,518.674,222.0,330.0,72.272,0.0,0.0,0.0,62.05,3.235125,0.0,0.0,0.0
2020-08-25T10:20:02.309000Z,2020-08-25T10:20:02.581000Z,600.619,272.0,328.0,72.277,0.0,0.0,0.0,62.05,3.385908,0.0,0.0,0.0
2020-08-25T10:20:04.309000Z,2020-08-25T10:20:04.528000Z,499.418,219.0,4.0,76.384,0.0,0.0,0.0,62.05,3.066322,0.0,0.0,0.0
2020-08-25T10:20:06.308000Z,2020-08-25T10:20:06.581000Z,658.923,273.0,346.0,71.327,0.0,0.0,0.0,62.05,2.951509,0.0,0.0,0.0
2020-08-25T10:20:08.560000Z,2020-08-25T10:20:08.833999Z,658.777,274.0,352.0,72.487,0.0,0.0,0.0,62.05,3.062747,0.0,0.0,0.0
2020-08-25T10:20:10.563000Z,2020-08-25T10:20:10.827000Z,628.94,264.0,352.0,72.139,0.0,0.0,0.0,62.05,3.102186,0.0,0.0,0.0
2020-08-25T10:20:12.559000Z,2020-08-25T10:20:12.745000Z,388.01,186.0,352.0,71.232,0.0,0.0,0.0,62.05,3.224539,0.0,0.0,0.0
2020-08-25T10:20:14.401000Z,2020-08-25T10:20:14.563000Z,290.443,162.0,352.0,71.188,0.0,0.0,0.0,62.05,3.044211,0.0,0.0,0.0
2020-08-25T10:20:16.559000Z,2020-08-25T10:20:16.725000Z,309.969,166.0,352.0,71.666,0.0,0.0,0.0,62.05,3.41464,0.0,0.0,0.0
2020-08-25T10:20:18.558000Z,2020-08-25T10:20:18.726000Z,329.15,168.0,356.0,71.337,0.0,0.0,0.0,62.05,3.361036,0.0,0.0,0.0
2020-08-25T10:20:20.559000Z,2020-08-25T10:20:20.732000Z,350.849,173.0,354.0,71.834,0.0,0.0,0.0,62.05,3.238158,0.0,0.0,0.0
2020-08-25T10:20:22.558000Z,2020-08-25T10:20:22.769999Z,481.489,212.0,354.0,72.249,0.0,0.0,0.0,62.05,3.141942,0.0,0.0,0.0
2020-08-25T10:20:24.559000Z,2020-08-25T10:20:24.835000Z,678.128,276.0,354.0,71.731,0.0,0.0,0.0,62.05,3.159097,0.0,0.0,0.0
2020-08-25T10:20:26.559000Z,2020-08-25T10:20:26.837000Z,701.282,278.0,342.0,72.233,0.0,0.0,0.0,62.05,3.27741,0.0,0.0,0.0
2020-08-25T10:20:28.563000Z,2020-08-25T10:20:28.905999Z,938.833,343.0,346.0,71.346,0.0,0.0,0.0,62.05,3.432617,0.0,0.0,0.0
2020-08-25T10:20:30.560000Z,2020-08-25T10:20:30.851000Z,739.136,291.0,338.0,71.413,0.0,0.0,0.0,62.05,3.26613,0.0,0.0,0.0
2020-08-25T10:20:32.560000Z,2020-08-25T10:20:32.745999Z,415.584,186.0,338.0,71.409,0.0,0.0,0.0,62.05,3.130678,0.0,0.0,0.0
2020-08-25T10:20:34.558000Z,2020-08-25T10:20:34.792000Z,550.887,234.0,338.0,71.356,0.0,0.0,0.0,62.05,3.291135,0.0,0.0,0.0
2020-08-25T10:20:36.559000Z,2020-08-25T10:20:36.767000Z,479.846,208.0,330.0,72.889,0.0,0.0,0.0,62.05,3.177165,0.0,0.0,0.0
2020-08-25T10:20:38.396999Z,2020-08-25T10:20:38.494000Z,75.937,97.0,330.0,71.812,0.0,0.0,0.0,62.05,3.465744,0.0,0.0,0.0
2020-08-25T10:20:40.559000Z,2020-08-25T10:20:40.801999Z,574.712,243.0,330.0,71.43,0.0,0.0,0.0,62.05,3.465744,0.0,0.0,0.0
2020-08-25T10:20:42.560000Z,2020-08-25T10:20:43.083000Z,1492.044,523.0,352.0,71.668,0.0,0.0,0.0,62.05,3.011763,0.0,0.0,0.0
2020-08-25T10:20:44.559000Z,2020-08-25T10:20:45.083000Z,1533.639,524.0,348.0,72.901,0.0,0.0,0.0,62.05,2.991766,0.0,0.0,0.0
2020-08-25T10:20:46.561999Z,2020-08-25T10:20:47.239000Z,2129.38,677.0,346.0,71.42,0.0,0.0,0.0,62.05,3.577721,0.0,0.0,0.0
2020-08-25T10:20:48.560999Z,2020-08-25T10:20:49.296000Z,2217.562,735.0,344.0,70.78,0.0,0.0,0.0,62.05,3.481033,0.0,0.0,0.0
2020-08-25T10:20:50.560000Z,2020-08-25T10:20:51.182000Z,1907.407,622.0,340.0,71.807,0.0,0.0,0.0,62.05,2.87801,0.0,0.0,0.0
2020-08-25T10:20:52.563000Z,2020-08-25T10:20:52.883000Z,881.392,320.0,338.0,70.906,0.0,0.0,0.0,62.05,3.178016,0.0,0.0,0.0
2020-08-25T10:20:54.560000Z,2020-08-25T10:20:54.989000Z,1236.274,429.0,338.0,73.031,0.0,0.0,0.0,62.05,3.446011,0.0,0.0,0.0
2020-08-25T10:20:56.560000Z,2020-08-25T10:20:57.016000Z,1336.686,456.0,338.0,74.673,0.0,0.0,0.0,62.05,3.066496,0.0,0.0,0.0
2020-08-25T10:20:58.560000Z,2020-08-25T10:20:58.864000Z,794.35,304.0,340.0,69.75,0.0,0.0,0.0,62.05,2.89832,0.0,0.0,0.0
2020-08-25T10:21:00.563000Z,2020-08-25T10:21:00.937999Z,1018.879,375.0,340.0,72.126,0.0,0.0,0.0,62.05,3.196775,0.0,0.0,0.0
2020-08-25T10:21:02.418000Z,2020-08-25T10:21:02.677000Z,628.393,259.0,334.0,73.443,0.0,0.0,0.0,62.05,3.276455,0.0,0.0,0.0
2020-08-25T10:21:04.563000Z,2020-08-25T10:21:04.761999Z,432.189,199.0,334.0,71.695,0.0,0.0,0.0,62.05,3.15339,0.0,0.0,0.0
2020-08-25T10:21:06.568000Z,2020-08-25T10:21:06.775000Z,457.634,207.0,4.0,71.845,0.0,0.0,0.0,62.05,3.076431,0.0,0.0,0.0
2020-08-25T10:21:08.560000Z,2020-08-25T10:21:08.871000Z,804.548,311.0,340.0,72.065,0.0,0.0,0.0,62.05,3.198084,0.0,0.0,0.0
2020-08-25T10:21:10.560000Z,2020-08-25T10:21:10.923000Z,970.924,363.0,338.0,72.881,0.0,0.0,0.0,62.05,3.146084,0.0,0.0,0.0
2020-08-25T10:21:12.561999Z,2020-08-25T10:21:12.797000Z,564.972,235.0,330.0,74.34,0.0,0.0,0.0,62.05,3.258928,0.0,0.0,0.0
2020-08-25T10:21:14.563000Z,2020-08-25T10:21:14.799000Z,558.912,236.0,330.0,72.608,0.0,0.0,0.0,62.05,3.438299,0.0,0.0,0.0
2020-08-25T10:21:16.563000Z,2020-08-25T10:21:16.913000Z,908.07,350.0,330.0,72.946,0.0,0.0,0.0,62.05,3.224252,0.0,0.0,0.0
2020-08-25T10:21:18.563000Z,2020-08-25T10:21:18.865000Z,779.338,302.0,350.0,73.117,0.0,0.0,0.0,62.05,3.021572,0.0,0.0,0.0
2020-08-25T10:21:20.560000Z,2020-08-25T10:21:20.873999Z,829.563,314.0,350.0,85.057,0.0,0.0,0.0,62.05,3.040527,0.0,0.0,0.0
2020-08-25T10:21:22.560999Z,2020-08-25T10:21:22.913999Z,930.747,353.0,340.0,71.266,0.0,0.0,0.0,62.05,3.540021,0.0,0.0,0.0
2020-08-25T10:21:24.563000Z,2020-08-25T10:21:24.873999Z,814.995,311.0,350.0,72.113,0.0,0.0,0.0,62.05,3.034704,0.0,0.0,0.0
2020-08-25T10:21:26.403000Z,2020-08-25T10:21:26.696000Z,784.521,293.0,350.0,71.443,0.0,0.0,0.0,62.05,3.261546,0.0,0.0,0.0
2020-08-25T10:21:28.563000Z,2020-08-25T10:21:28.878000Z,854.739,315.0,350.0,71.725,0.0,0.0,0.0,62.05,3.687821,0.0,0.0,0.0
2020-08-25T10:21:30.564000Z,2020-08-25T10:21:30.891000Z,867.46,327.0,344.0,72.051,0.0,0.0,0.0,62.05,2.944577,0.0,0.0,0.0
2020-08-25T10:21:32.560000Z,2020-08-25T10:21:32.857999Z,761.004,298.0,344.0,71.807,0.0,0.0,0.0,62.05,3.400757,0.0,0.0,0.0
2020-08-25T10:21:34.560000Z,2020-08-25T10:21:34.844000Z,727.986,284.0,344.0,72.915,0.0,0.0,0.0,62.05,3.015607,0.0,0.0,0.0
2020-08-25T10:21:36.563000Z,2020-08-25T10:21:37.005000Z,1102.99,442.0,332.0,71.624,0.0,0.0,0.0,62.05,3.183934,0.0,0.0,0.0
2020-08-25T10:21:38.563000Z,2020-08-25T10:21:39.264000Z,1202.634,701.0,332.0,79.672,0.0,0.0,0.0,62.05,2.228867,0.0,0.0,0.0
2020-08-25T10:21:40.563000Z,2020-08-25T10:21:40.957000Z,1077.887,394.0,336.0,72.91,0.0,0.0,0.0,62.05,3.013357,0.0,0.0,0.0
2020-08-25T10:21:42.563000Z,2020-08-25T10:21:42.980000Z,1159.527,417.0,336.0,73.037,0.0,0.0,0.0,62.05,3.125572,0.0,0.0,0.0
2020-08-25T10:21:44.560000Z,2020-08-25T10:21:44.903000Z,896.878,343.0,332.0,71.593,0.0,0.0,0.0,62.05,3.106961,0.0,0.0,0.0
2020-08-25T10:21:46.563000Z,2020-08-25T10:21:46.943000Z,1038.123,380.0,332.0,72.407,0.0,0.0,0.0,62.05,3.12066,0.0,0.0,0.0
2020-08-25T10:21:48.563000Z,2020-08-25T10:21:49.068000Z,1288.22,505.0,332.0,74.48,0.0,0.0,0.0,62.05,2.720872,0.0,0.0,0.0
2020-08-25T10:21:50.563000Z,2020-08-25T10:21:51.229000Z,1132.059,666.0,332.0,70.504,0.0,0.0,0.0,62.05,2.470071,0.0,0.0,0.0
2020-08-25T10:21:52.564000Z,2020-08-25T10:21:52.877000Z,809.342,313.0,340.0,75.257,0.0,0.0,0.0,62.05,3.247296,0.0,0.0,0.0
2020-08-25T10:21:54.561999Z,2020-08-25T10:21:54.772000Z,470.393,210.0,342.0,72.964,0.0,0.0,0.0,62.05,2.394158,0.0,0.0,0.0
2020-08-25T10:21:56.563000Z,2020-08-25T10:21:56.920000Z,950.337,357.0,342.0,74.94,0.0,0.0,0.0,62.05,2.96459,0.0,0.0,0.0
2020-08-25T10:21:58.563000Z,2020-08-25T10:21:58.848000Z,729.732,285.0,342.0,75.137,0.0,0.0,0.0,62.05,3.250205,0.0,0.0,0.0
2020-08-25T10:22:00.563000Z,2020-08-25T10:22:00.913000Z,925.593,350.0,350.0,72.031,0.0,0.0,0.0,62.05,3.241955,0.0,0.0,0.0
2020-08-25T10:22:02.563000Z,2020-08-25T10:22:03.229000Z,1120.129,666.0,350.0,75.133,0.0,0.0,0.0,62.05,3.263568,0.0,0.0,0.0
2020-08-25T10:22:04.564999Z,2020-08-25T10:22:05.005000Z,1224.86,440.0,330.0,73.436,0.0,0.0,0.0,62.05,3.086304,0.0,0.0,0.0
2020-08-25T10:22:06.563000Z,2020-08-25T10:22:06.873999Z,849.882,311.0,340.0,72.978,0.0,0.0,0.0,62.05,3.239532,0.0,0.0,0.0
2020-08-25T10:22:08.563000Z,2020-08-25T10:22:08.900000Z,874.772,337.0,342.0,72.094,0.0,0.0,0.0,62.05,3.19992,0.0,0.0,0.0
2020-08-25T10:22:10.564999Z,2020-08-25T10:22:10.939000Z,1071.817,374.0,346.0,70.592,0.0,0.0,0.0,62.05,2.575949,0.0,0.0,0.0
2020-08-25T10:22:12.563000Z,2020-08-25T10:22:12.945000Z,1079.841,382.0,346.0,70.983,0.0,0.0,0.0,62.05,3.398846,0.0,0.0,0.0
2020-08-25T10:22:14.563000Z,2020-08-25T10:22:14.909000Z,942.654,346.0,338.0,71.164,0.0,0.0,0.0,62.05,3.22252,0.0,0.0,0.0
2020-08-25T10:22:16.563000Z,2020-08-25T10:22:17.006000Z,1288.185,443.0,336.0,72.436,0.0,0.0,0.0,62.05,3.145258,0.0,0.0,0.0
2020-08-25T10:22:18.564000Z,2020-08-25T10:22:19.073999Z,1450.775,510.0,344.0,70.835,0.0,0.0,0.0,62.05,2.906617,0.0,0.0,0.0
2020-08-25T10:22:20.563000Z,2020-08-25T10:22:21.289999Z,1347.257,727.0,344.0,74.861,0.0,0.0,0.0,62.05,3.31198,0.0,0.0,0.0
2020-08-25T10:22:22.563000Z,2020-08-25T10:22:22.924000Z,1011.084,361.0,330.0,71.7,0.0,0.0,0.0,62.05,3.026021,0.0,0.0,0.0
2020-08-25T10:22:24.564000Z,2020-08-25T10:22:25.144000Z,1537.07,580.0,332.0,72.163,0.0,0.0,0.0,62.05,3.235538,0.0,0.0,0.0
2020-08-25T10:22:26.563000Z,2020-08-25T10:22:27.097999Z,1614.003,535.0,338.0,73.928,0.0,0.0,0.0,62.05,3.233479,0.0,0.0,0.0
2020-08-25T10:22:28.563000Z,2020-08-25T10:22:29.048000Z,1371.048,485.0,336.0,71.51,0.0,0.0,0.0,62.05,3.699536,0.0,0.0,0.0
2020-08-25T10:22:30.563000Z,2020-08-25T10:22:30.957000Z,1101.036,394.0,338.0,73.406,0.0,0.0,0.0,62.05,3.338429,0.0,0.0,0.0
2020-08-25T10:22:32.563000Z,2020-08-25T10:22:32.985999Z,1192.24,423.0,338.0,74.431,0.0,0.0,0.0,62.05,3.031372,0.0,0.0,0.0
2020-08-25T10:22:34.564999Z,2020-08-25T10:22:35.197000Z,1867.221,632.0,338.0,73.524,0.0,0.0,0.0,62.05,2.749369,0.0,0.0,0.0
2020-08-25T10:22:36.563000Z,2020-08-25T10:22:36.897000Z,905.843,334.0,346.0,71.385,0.0,0.0,0.0,62.05,3.561125,0.0,0.0,0.0
2020-08-25T10:22:38.564999Z,2020-08-25T10:22:38.929000Z,1021.242,364.0,348.0,71.985,0.0,0.0,0.0,62.05,3.617401,0.0,0.0,0.0
2020-08-25T10:22:40.564000Z,2020-08-25T10:22:41.033999Z,1335.879,470.0,338.0,71.696,0.0,0.0,0.0,62.05,3.478656,0.0,0.0,0.0
2020-08-25T10:22:42.564000Z,2020-08-25T10:22:42.869000Z,779.076,305.0,338.0,74.291,0.0,0.0,0.0,62.05,3.118954,0.0,0.0,0.0
2020-08-25T10:22:44.571000Z,2020-08-25T10:22:44.912000Z,894.012,341.0,334.0,71.434,0.0,0.0,0.0,62.05,2.968264,0.0,0.0,0.0
2020-08-25T10:22:46.564999Z,2020-08-25T10:22:46.988000Z,1211.479,423.0,334.0,74.09,0.0,0.0,0.0,62.05,3.035766,0.0,0.0,0.0
2020-08-25T10:22:48.579000Z,2020-08-25T10:22:49.025000Z,1222.033,446.0,334.0,74.789,0.0,0.0,0.0,62.05,2.857684,0.0,0.0,0.0
2020-08-25T10:22:50.564000Z,2020-08-25T10:22:51.055000Z,1356.149,491.0,350.0,71.733,0.0,0.0,0.0,62.05,3.678838,0.0,0.0,0.0
2020-08-25T10:22:52.566000Z,2020-08-25T10:22:53.005000Z,1275.399,439.0,352.0,72.344,0.0,0.0,0.0,62.05,3.423933,0.0,0.0,0.0
2020-08-25T10:22:54.573000Z,2020-08-25T10:22:54.945999Z,943.032,373.0,336.0,71.841,0.0,0.0,0.0,62.05,3.249394,0.0,0.0,0.0
2020-08-25T10:22:56.573000Z,2020-08-25T10:22:57.021000Z,1199.682,448.0,336.0,77.881,0.0,0.0,0.0,62.05,3.326936,0.0,0.0,0.0
2020-08-25T10:22:58.564999Z,2020-08-25T10:22:59.063000Z,1468.659,498.0,332.0,70.88,0.0,0.0,0.0,62.05,2.391451,0.0,0.0,0.0
2020-08-25T10:23:00.564000Z,2020-08-25T10:23:01.054000Z,1471.901,490.0,354.0,69.391,0.0,0.0,0.0,62.05,3.639979,0.0,0.0,0.0
2020-08-25T10:23:02.564000Z,2020-08-25T10:23:02.908000Z,892.156,344.0,354.0,72.287,0.0,0.0,0.0,62.06,3.140855,0.0,0.0,0.0
2020-08-25T10:23:04.572000Z,2020-08-25T10:23:04.955000Z,1088.958,383.0,330.0,72.791,0.0,0.0,0.0,62.06,2.873352,0.0,0.0,0.0
2020-08-25T10:23:06.564999Z,2020-08-25T10:23:07.089999Z,1556.367,525.0,332.0,71.652,0.0,0.0,0.0,62.06,3.060753,0.0,0.0,0.0
2020-08-25T10:23:08.564999Z,2020-08-25T10:23:09.454000Z,1818.182,889.0,332.0,72.828,0.0,0.0,0.0,62.06,3.263712,0.0,0.0,0.0
2020-08-25T10:23:10.590000Z,2020-08-25T10:23:11.068000Z,1361.211,478.0,324.0,70.57,0.0,0.0,0.0,62.06,3.074549,0.0,0.0,0.0
2020-08-25T10:23:12.564000Z,2020-08-25T10:23:12.807000Z,592.307,243.0,342.0,73.182,0.0,0.0,0.0,62.06,3.408607,0.0,0.0,0.0
2020-08-25T10:23:14.564000Z,2020-08-25T10:23:14.830000Z,663.91,266.0,342.0,71.354,0.0,0.0,0.0,62.06,2.952253,0.0,0.0,0.0
2020-08-25T10:23:16.566000Z,2020-08-25T10:23:17.281000Z,1976.923,715.0,342.0,70.957,0.0,0.0,0.0,62.06,3.32375,0.0,0.0,0.0
2020-08-25T10:23:18.566000Z,2020-08-25T10:23:19.073000Z,1516.382,507.0,334.0,74.582,0.0,0.0,0.0,62.06,2.937625,0.0,0.0,0.0
2020-08-25T10:23:20.564999Z,2020-08-25T10:23:20.918000Z,947.06,353.0,344.0,72.065,0.0,0.0,0.0,62.06,3.222057,0.0,0.0,0.0
2020-08-25T10:23:22.564999Z,2020-08-25T10:23:22.747000Z,351.264,182.0,346.0,72.087,0.0,0.0,0.0,62.06,3.135261,0.0,0.0,0.0
2020-08-25T10:23:24.564000Z,2020-08-25T10:23:24.732000Z,341.017,168.0,346.0,73.854,0.0,0.0,0.0,62.06,2.815974,0.0,0.0,0.0
2020-08-25T10:23:26.564000Z,2020-08-25T10:23:26.737999Z,349.821,174.0,338.0,72.601,0.0,0.0,0.0,62.06,3.523966,0.0,0.0,0.0
2020-08-25T10:23:28.564000Z,2020-08-25T10:23:28.779000Z,475.687,215.0,338.0,72.097,0.0,0.0,0.0,62.06,3.122896,0.0,0.0,0.0
2020-08-25T10:23:30.564000Z,2020-08-25T10:23:30.844000Z,721.502,280.0,326.0,71.759,0.0,0.0,0.0,62.06,2.938188,0.0,0.0,0.0
2020-08-25T10:23:32.564000Z,2020-08-25T10:23:33.262000Z,1149.467,698.0,328.0,72.427,0.0,0.0,0.0,62.06,2.936832,0.0,0.0,0.0
2020-08-25T10:23:34.567000Z,2020-08-25T10:23:35.073000Z,1461.522,506.0,352.0,73.92,0.0,0.0,0.0,62.06,3.306995,0.0,0.0,0.0
