start_time,end_time,size,trans_time,cwnd,rtt,rto,ssthresh,last_snd,min_rtt,delivery_rate,bytes_sent,bytes_retrans,client_trans_time
2020-08-25T02:30:38.137999Z,2020-08-25T02:30:38.359000Z,12.81,221.0,410.0,155.858,0.0,0.0,0.0,153.621,1.041167,0.0,0.0,0.0
2020-08-25T02:30:38.360000Z,2020-08-25T02:30:38.675000Z,43.508,315.0,410.0,155.963,0.0,0.0,0.0,153.621,1.513444,0.0,0.0,0.0
2020-08-25T02:30:38.676000Z,2020-08-25T02:30:38.921000Z,166.158,245.0,410.0,156.119,0.0,0.0,0.0,153.621,0.257163,0.0,0.0,0.0
2020-08-25T02:30:38.922000Z,2020-08-25T02:30:39.237000Z,362.533,315.0,410.0,156.517,0.0,0.0,0.0,153.527,0.68466,0.0,0.0,0.0
2020-08-25T02:30:39.238000Z,2020-08-25T02:30:39.645000Z,630.034,407.0,412.0,158.519,0.0,0.0,0.0,153.527,2.306726,0.0,0.0,0.0
2020-08-25T02:30:39.647000Z,2020-08-25T02:30:40.095000Z,871.004,448.0,572.0,155.445,0.0,0.0,0.0,153.527,2.676117,0.0,0.0,0.0
2020-08-25T02:30:40.096000Z,2020-08-25T02:30:40.406000Z,638.957,310.0,708.0,154.974,0.0,0.0,0.0,153.527,3.320179,0.0,0.0,0.0
2020-08-25T02:30:40.408000Z,2020-08-25T02:30:40.811000Z,894.528,403.0,710.0,155.051,0.0,0.0,0.0,153.527,3.277848,0.0,0.0,0.0
2020-08-25T02:30:40.814000Z,2020-08-25T02:30:41.284000Z,1290.548,470.0,826.0,155.493,0.0,0.0,0.0,153.527,3.876205,0.0,0.0,0.0
2020-08-25T02:30:41.595000Z,2020-08-25T02:30:41.919000Z,813.782,324.0,1046.0,155.23,0.0,0.0,0.0,153.527,3.387927,0.0,0.0,0.0
2020-08-25T02:30:43.597000Z,2020-08-25T02:30:43.944000Z,875.605,347.0,1064.0,154.992,0.0,0.0,0.0,153.527,4.981404,0.0,0.0,0.0
2020-08-25T02:30:45.593999Z,2020-08-25T02:30:45.910000Z,784.303,316.0,1082.0,155.247,0.0,0.0,0.0,153.527,5.03342,0.0,0.0,0.0
2020-08-25T02:30:47.587000Z,2020-08-25T02:30:47.971000Z,1226.745,384.0,1086.0,155.531,0.0,0.0,0.0,153.527,4.950317,0.0,0.0,0.0
2020-08-25T02:30:49.590000Z,2020-08-25T02:30:49.856000Z,605.102,266.0,1192.0,156.146,0.0,0.0,0.0,153.527,5.596017,0.0,0.0,0.0
2020-08-25T02:30:51.597000Z,2020-08-25T02:30:51.895000Z,777.5,298.0,1198.0,155.062,0.0,0.0,0.0,153.527,5.596017,0.0,0.0,0.0
2020-08-25T02:30:53.597000Z,2020-08-25T02:30:53.901000Z,820.565,304.0,1194.0,156.226,0.0,0.0,0.0,153.527,5.596017,0.0,0.0,0.0
2020-08-25T02:30:55.593000Z,2020-08-25T02:30:55.917000Z,885.866,324.0,1192.0,155.246,0.0,0.0,0.0,153.527,5.596017,0.0,0.0,0.0
2020-08-25T02:30:57.593999Z,2020-08-25T02:30:57.934000Z,1047.57,340.0,1192.0,156.708,0.0,0.0,0.0,153.527,5.255384,0.0,0.0,0.0
2020-08-25T02:30:59.588000Z,2020-08-25T02:30:59.872000Z,742.806,284.0,1248.0,155.735,0.0,0.0,0.0,153.527,5.844534,0.0,0.0,0.0
2020-08-25T02:31:01.592000Z,2020-08-25T02:31:02.017000Z,1672.8,425.0,1248.0,155.471,0.0,0.0,0.0,153.527,5.844534,0.0,0.0,0.0
2020-08-25T02:31:03.590000Z,2020-08-25T02:31:04.519000Z,1685.966,929.0,1432.0,157.72,0.0,0.0,0.0,153.527,6.654867,0.0,0.0,0.0
2020-08-25T02:31:05.593999Z,2020-08-25T02:31:05.935000Z,1237.739,341.0,1434.0,155.31,0.0,0.0,0.0,153.527,5.556651,0.0,0.0,0.0
2020-08-25T02:31:07.587000Z,2020-08-25T02:31:07.913999Z,1080.385,327.0,1462.0,155.24,0.0,0.0,0.0,153.527,6.835494,0.0,0.0,0.0
2020-08-25T02:31:09.591000Z,2020-08-25T02:31:09.949000Z,1353.721,358.0,1490.0,155.654,0.0,0.0,0.0,153.527,6.950914,0.0,0.0,0.0
2020-08-25T02:31:11.793000Z,2020-08-25T02:31:12.268000Z,2147.696,475.0,1511.0,166.306,0.0,0.0,0.0,153.527,7.245975,0.0,0.0,0.0
2020-08-25T02:31:13.791000Z,2020-08-25T02:31:14.235000Z,1941.352,444.0,1548.0,160.206,0.0,0.0,0.0,153.527,6.911164,0.0,0.0,0.0
2020-08-25T02:31:15.787000Z,2020-08-25T02:31:16.174000Z,1577.78,387.0,1548.0,192.636,0.0,0.0,0.0,153.527,6.867915,0.0,0.0,0.0
2020-08-25T02:31:17.784000Z,2020-08-25T02:31:18.080000Z,887.571,296.0,1548.0,179.019,0.0,0.0,0.0,153.527,6.825128,0.0,0.0,0.0
2020-08-25T02:31:19.790000Z,2020-08-25T02:31:20.083000Z,918.175,293.0,1552.0,161.426,0.0,0.0,0.0,153.527,6.825128,0.0,0.0,0.0
2020-08-25T02:31:21.798000Z,2020-08-25T02:31:22.111000Z,1067.25,313.0,1552.0,161.437,0.0,0.0,0.0,153.527,6.825128,0.0,0.0,0.0
2020-08-25T02:31:23.788000Z,2020-08-25T02:31:24.047000Z,725.215,259.0,1550.0,156.866,0.0,0.0,0.0,153.527,6.825128,0.0,0.0,0.0
2020-08-25T02:31:25.792000Z,2020-08-25T02:31:26.088000Z,961.636,296.0,1550.0,157.018,0.0,0.0,0.0,153.527,6.825128,0.0,0.0,0.0
2020-08-25T02:31:27.787000Z,2020-08-25T02:31:28.081999Z,955.558,295.0,1550.0,157.151,0.0,0.0,0.0,153.527,6.825128,0.0,0.0,0.0
2020-08-25T02:31:29.798000Z,2020-08-25T02:31:30.149000Z,1333.24,351.0,1550.0,162.296,0.0,0.0,0.0,153.527,6.825128,0.0,0.0,0.0
2020-08-25T02:31:31.790000Z,2020-08-25T02:31:32.199000Z,1631.181,409.0,1504.0,171.094,0.0,0.0,0.0,153.527,6.885871,0.0,0.0,0.0
2020-08-25T02:31:33.795000Z,2020-08-25T02:31:34.144000Z,1302.992,349.0,1510.0,171.954,0.0,0.0,0.0,153.527,6.84852,0.0,0.0,0.0
2020-08-25T02:31:35.795000Z,2020-08-25T02:31:36.151000Z,1372.453,356.0,1520.0,165.244,0.0,0.0,0.0,153.527,6.912266,0.0,0.0,0.0
2020-08-25T02:31:37.792000Z,2020-08-25T02:31:38.105999Z,1062.005,314.0,1520.0,156.997,0.0,0.0,0.0,153.527,6.92879,0.0,0.0,0.0
2020-08-25T02:31:39.784000Z,2020-08-25T02:31:40.054000Z,788.866,270.0,1520.0,160.381,0.0,0.0,0.0,153.527,6.92879,0.0,0.0,0.0
2020-08-25T02:31:41.797000Z,2020-08-25T02:31:42.084000Z,807.656,287.0,1520.0,158.886,0.0,0.0,0.0,153.527,6.92879,0.0,0.0,0.0
2020-08-25T02:31:43.797000Z,2020-08-25T02:31:44.153000Z,1342.979,356.0,4.0,157.906,0.0,0.0,0.0,153.527,6.92879,0.0,0.0,0.0
2020-08-25T02:31:45.788000Z,2020-08-25T02:31:46.110000Z,1107.345,322.0,1524.0,168.296,0.0,0.0,0.0,153.527,6.88808,0.0,0.0,0.0
2020-08-25T02:31:47.793000Z,2020-08-25T02:31:48.086000Z,923.737,293.0,1524.0,157.704,0.0,0.0,0.0,153.527,6.88808,0.0,0.0,0.0
2020-08-25T02:31:49.785999Z,2020-08-25T02:31:50.030000Z,623.194,244.0,1524.0,157.075,0.0,0.0,0.0,153.527,6.88808,0.0,0.0,0.0
2020-08-25T02:31:51.794000Z,2020-08-25T02:31:52.029000Z,535.195,235.0,1524.0,156.856,0.0,0.0,0.0,153.527,6.88808,0.0,0.0,0.0
2020-08-25T02:31:53.798000Z,2020-08-25T02:31:54.075000Z,830.9,277.0,1524.0,157.042,0.0,0.0,0.0,153.527,6.88808,0.0,0.0,0.0
2020-08-25T02:31:55.789000Z,2020-08-25T02:31:56.128000Z,1163.863,339.0,1524.0,158.426,0.0,0.0,0.0,153.527,6.88808,0.0,0.0,0.0
2020-08-25T02:31:57.798000Z,2020-08-25T02:31:58.118000Z,990.025,320.0,1514.0,163.657,0.0,0.0,0.0,153.527,6.964855,0.0,0.0,0.0
2020-08-25T02:31:59.790000Z,2020-08-25T02:32:00.073000Z,864.15,283.0,1514.0,178.023,0.0,0.0,0.0,153.527,6.964855,0.0,0.0,0.0
2020-08-25T02:32:01.793000Z,2020-08-25T02:32:02.046000Z,679.276,253.0,1514.0,155.607,0.0,0.0,0.0,153.527,6.964855,0.0,0.0,0.0
2020-08-25T02:32:03.785999Z,2020-08-25T02:32:04.092000Z,1014.181,306.0,1514.0,156.114,0.0,0.0,0.0,153.527,6.964855,0.0,0.0,0.0
2020-08-25T02:32:05.794000Z,2020-08-25T02:32:06.099000Z,922.768,305.0,1514.0,159.466,0.0,0.0,0.0,153.527,6.964855,0.0,0.0,0.0
2020-08-25T02:32:07.789000Z,2020-08-25T02:32:08.071000Z,882.579,282.0,4.0,160.585,0.0,0.0,0.0,153.527,6.964855,0.0,0.0,0.0
2020-08-25T02:32:09.783000Z,2020-08-25T02:32:10.025999Z,611.758,243.0,1516.0,157.144,0.0,0.0,0.0,153.527,6.964855,0.0,0.0,0.0
2020-08-25T02:32:11.791000Z,2020-08-25T02:32:12.032000Z,580.805,241.0,1516.0,156.392,0.0,0.0,0.0,153.527,6.964855,0.0,0.0,0.0
2020-08-25T02:32:13.787000Z,2020-08-25T02:32:14.014000Z,499.883,227.0,1512.0,155.311,0.0,0.0,0.0,153.527,6.964855,0.0,0.0,0.0
2020-08-25T02:32:15.798000Z,2020-08-25T02:32:16.065999Z,775.479,268.0,1512.0,155.888,0.0,0.0,0.0,153.527,6.964855,0.0,0.0,0.0
2020-08-25T02:32:17.787000Z,2020-08-25T02:32:18.065999Z,830.305,279.0,1512.0,155.943,0.0,0.0,0.0,153.527,6.964855,0.0,0.0,0.0
2020-08-25T02:32:19.795000Z,2020-08-25T02:32:20.070000Z,731.542,275.0,1512.0,156.417,0.0,0.0,0.0,153.527,6.964855,0.0,0.0,0.0
2020-08-25T02:32:21.792000Z,2020-08-25T02:32:22.038000Z,625.63,246.0,1512.0,156.444,0.0,0.0,0.0,153.527,6.964855,0.0,0.0,0.0
2020-08-25T02:32:23.789000Z,2020-08-25T02:32:24.064000Z,824.579,275.0,4.0,158.398,0.0,0.0,0.0,153.527,6.964855,0.0,0.0,0.0
2020-08-25T02:32:25.797000Z,2020-08-25T02:32:26.108000Z,1036.845,311.0,1506.0,155.881,0.0,0.0,0.0,153.527,6.964855,0.0,0.0,0.0
2020-08-25T02:32:27.790000Z,2020-08-25T02:32:28.123000Z,1188.495,333.0,1506.0,158.533,0.0,0.0,0.0,153.527,6.964855,0.0,0.0,0.0
2020-08-25T02:32:29.789000Z,2020-08-25T02:32:30.095000Z,949.105,306.0,1506.0,162.238,0.0,0.0,0.0,153.527,6.929718,0.0,0.0,0.0
2020-08-25T02:32:31.793000Z,2020-08-25T02:32:32.049999Z,673.193,257.0,1504.0,158.7,0.0,0.0,0.0,153.527,6.929718,0.0,0.0,0.0
2020-08-25T02:32:33.798000Z,2020-08-25T02:32:34.147000Z,1295.508,349.0,1504.0,155.734,0.0,0.0,0.0,153.527,6.929718,0.0,0.0,0.0
2020-08-25T02:32:35.794000Z,2020-08-25T02:32:36.183000Z,1558.994,389.0,1506.0,164.146,0.0,0.0,0.0,153.527,6.930841,0.0,0.0,0.0
2020-08-25T02:32:37.791000Z,2020-08-25T02:32:38.136000Z,1303.686,345.0,1506.0,168.468,0.0,0.0,0.0,153.527,6.544363,0.0,0.0,0.0
2020-08-25T02:32:39.797000Z,2020-08-25T02:32:40.137999Z,1267.071,341.0,1512.0,158.168,0.0,0.0,0.0,153.527,6.999308,0.0,0.0,0.0
2020-08-25T02:32:41.794000Z,2020-08-25T02:32:42.069000Z,809.256,275.0,1524.0,161.34,0.0,0.0,0.0,153.527,7.012037,0.0,0.0,0.0
2020-08-25T02:32:43.787000Z,2020-08-25T02:32:44.040000Z,602.739,253.0,1524.0,157.644,0.0,0.0,0.0,153.527,7.012037,0.0,0.0,0.0
2020-08-25T02:32:45.808000Z,2020-08-25T02:32:46.084000Z,836.282,276.0,1524.0,155.828,0.0,0.0,0.0,153.527,7.012037,0.0,0.0,0.0
2020-08-25T02:32:47.789000Z,2020-08-25T02:32:48.045000Z,696.432,256.0,1520.0,155.286,0.0,0.0,0.0,153.487,7.012037,0.0,0.0,0.0
2020-08-25T02:32:49.787000Z,2020-08-25T02:32:50.027000Z,593.135,240.0,1520.0,155.361,0.0,0.0,0.0,153.487,7.012037,0.0,0.0,0.0
2020-08-25T02:32:51.794000Z,2020-08-25T02:32:52.065999Z,803.701,272.0,1520.0,155.972,0.0,0.0,0.0,153.487,7.012037,0.0,0.0,0.0
2020-08-25T02:32:53.785999Z,2020-08-25T02:32:54.051000Z,672.971,265.0,1520.0,156.007,0.0,0.0,0.0,153.487,7.012037,0.0,0.0,0.0
2020-08-25T02:32:55.798000Z,2020-08-25T02:32:56.049999Z,669.149,252.0,1520.0,155.913,0.0,0.0,0.0,153.487,7.012037,0.0,0.0,0.0
2020-08-25T02:32:57.791000Z,2020-08-25T02:32:58.041999Z,661.285,251.0,1520.0,155.834,0.0,0.0,0.0,153.487,7.012037,0.0,0.0,0.0
2020-08-25T02:32:59.784999Z,2020-08-25T02:33:00.052000Z,748.672,267.0,1528.0,155.631,0.0,0.0,0.0,153.487,7.012037,0.0,0.0,0.0
2020-08-25T02:33:01.792000Z,2020-08-25T02:33:02.081000Z,897.113,289.0,1524.0,156.197,0.0,0.0,0.0,153.487,7.012037,0.0,0.0,0.0
2020-08-25T02:33:03.800000Z,2020-08-25T02:33:04.150000Z,764.847,350.0,1524.0,156.008,0.0,0.0,0.0,153.487,7.012037,0.0,0.0,0.0
2020-08-25T02:33:05.785999Z,2020-08-25T02:33:06.079000Z,531.334,293.0,836.0,156.529,0.0,0.0,0.0,153.487,3.928679,0.0,0.0,0.0
2020-08-25T02:33:07.798000Z,2020-08-25T02:33:08.160000Z,698.485,362.0,836.0,155.362,0.0,0.0,0.0,153.487,3.928679,0.0,0.0,0.0
2020-08-25T02:33:09.797000Z,2020-08-25T02:33:10.135000Z,674.076,338.0,836.0,156.161,0.0,0.0,0.0,153.487,3.781194,0.0,0.0,0.0
2020-08-25T02:33:11.792000Z,2020-08-25T02:33:12.606000Z,765.694,814.0,840.0,155.386,0.0,0.0,0.0,153.487,3.79838,0.0,0.0,0.0
2020-08-25T02:33:13.791000Z,2020-08-25T02:33:14.070000Z,495.715,279.0,870.0,155.192,0.0,0.0,0.0,153.452,4.07225,0.0,0.0,0.0
2020-08-25T02:33:15.788000Z,2020-08-25T02:33:16.083000Z,560.478,295.0,870.0,155.2,0.0,0.0,0.0,153.452,4.07225,0.0,0.0,0.0
2020-08-25T02:33:17.798000Z,2020-08-25T02:33:18.128000Z,640.464,330.0,870.0,155.176,0.0,0.0,0.0,153.452,4.07225,0.0,0.0,0.0
2020-08-25T02:33:19.791000Z,2020-08-25T02:33:20.101000Z,651.762,310.0,902.0,155.458,0.0,0.0,0.0,153.452,4.237548,0.0,0.0,0.0
2020-08-25T02:33:21.784000Z,2020-08-25T02:33:22.093000Z,650.063,309.0,902.0,155.467,0.0,0.0,0.0,153.452,4.237548,0.0,0.0,0.0
2020-08-25T02:33:23.796000Z,2020-08-25T02:33:24.110000Z,658.697,314.0,902.0,156.575,0.0,0.0,0.0,153.452,4.237548,0.0,0.0,0.0
2020-08-25T02:33:25.787000Z,2020-08-25T02:33:26.081999Z,590.099,295.0,904.0,155.705,0.0,0.0,0.0,153.452,4.237548,0.0,0.0,0.0
2020-08-25T02:33:27.788000Z,2020-08-25T02:33:28.103000Z,645.814,315.0,904.0,155.837,0.0,0.0,0.0,153.452,4.237548,0.0,0.0,0.0
2020-08-25T02:33:29.798000Z,2020-08-25T02:33:30.142000Z,793.344,344.0,904.0,155.173,0.0,0.0,0.0,153.452,4.237548,0.0,0.0,0.0
2020-08-25T02:33:31.794000Z,2020-08-25T02:33:32.140000Z,733.276,346.0,922.0,155.547,0.0,0.0,0.0,153.398,4.333714,0.0,0.0,0.0
2020-08-25T02:33:33.799000Z,2020-08-25T02:33:34.133000Z,765.173,334.0,938.0,155.84,0.0,0.0,0.0,153.398,4.398576,0.0,0.0,0.0
2020-08-25T02:33:35.784000Z,2020-08-25T02:33:36.070000Z,549.654,286.0,940.0,156.646,0.0,0.0,0.0,153.398,4.413457,0.0,0.0,0.0
2020-08-25T02:33:37.797000Z,2020-08-25T02:33:38.225000Z,1254.328,428.0,940.0,155.231,0.0,0.0,0.0,153.398,4.413457,0.0,0.0,0.0
2020-08-25T02:33:39.792000Z,2020-08-25T02:33:40.696000Z,1416.656,904.0,1072.0,154.881,0.0,0.0,0.0,153.398,5.011697,0.0,0.0,0.0
2020-08-25T02:33:41.787000Z,2020-08-25T02:33:42.172000Z,1137.385,385.0,1116.0,155.242,0.0,0.0,0.0,153.398,5.177077,0.0,0.0,0.0
2020-08-25T02:33:43.793000Z,2020-08-25T02:33:44.104000Z,828.231,311.0,1188.0,156.118,0.0,0.0,0.0,153.398,5.394847,0.0,0.0,0.0
2020-08-25T02:33:45.785999Z,2020-08-25T02:33:46.089999Z,785.383,304.0,1188.0,155.374,0.0,0.0,0.0,153.398,5.394847,0.0,0.0,0.0
2020-08-25T02:33:47.792000Z,2020-08-25T02:33:48.076000Z,694.472,284.0,1188.0,156.257,0.0,0.0,0.0,153.398,5.394847,0.0,0.0,0.0
2020-08-25T02:33:49.788000Z,2020-08-25T02:33:50.159000Z,1217.564,371.0,1188.0,155.317,0.0,0.0,0.0,153.398,5.394847,0.0,0.0,0.0
2020-08-25T02:33:51.793000Z,2020-08-25T02:33:52.054000Z,615.045,261.0,1258.0,155.719,0.0,0.0,0.0,153.398,5.884456,0.0,0.0,0.0
2020-08-25T02:33:53.787000Z,2020-08-25T02:33:54.037000Z,544.874,250.0,1258.0,155.492,0.0,0.0,0.0,153.398,5.884456,0.0,0.0,0.0
2020-08-25T02:33:55.793000Z,2020-08-25T02:33:56.044000Z,457.993,251.0,1258.0,155.074,0.0,0.0,0.0,153.398,5.884456,0.0,0.0,0.0
2020-08-25T02:33:57.790000Z,2020-08-25T02:33:58.087000Z,795.484,297.0,4.0,156.175,0.0,0.0,0.0,153.398,5.884456,0.0,0.0,0.0
2020-08-25T02:33:59.785999Z,2020-08-25T02:34:00.120000Z,1004.057,334.0,1260.0,160.193,0.0,0.0,0.0,153.398,5.884456,0.0,0.0,0.0
2020-08-25T02:34:01.787000Z,2020-08-25T02:34:02.121999Z,998.506,335.0,1282.0,157.092,0.0,0.0,0.0,153.398,5.752826,0.0,0.0,0.0
2020-08-25T02:34:03.792000Z,2020-08-25T02:34:04.069000Z,729.292,277.0,1286.0,158.986,0.0,0.0,0.0,153.398,5.957037,0.0,0.0,0.0
2020-08-25T02:34:05.789000Z,2020-08-25T02:34:06.121999Z,926.659,333.0,1286.0,155.285,0.0,0.0,0.0,153.398,5.957037,0.0,0.0,0.0
2020-08-25T02:34:07.796000Z,2020-08-25T02:34:08.033999Z,500.802,238.0,1286.0,160.587,0.0,0.0,0.0,153.398,5.911368,0.0,0.0,0.0
2020-08-25T02:34:09.797000Z,2020-08-25T02:34:10.059000Z,609.077,262.0,1286.0,155.275,0.0,0.0,0.0,153.398,5.911368,0.0,0.0,0.0
2020-08-25T02:34:11.785999Z,2020-08-25T02:34:12.054000Z,659.923,268.0,1284.0,156.067,0.0,0.0,0.0,153.398,5.911368,0.0,0.0,0.0
2020-08-25T02:34:13.792000Z,2020-08-25T02:34:14.155000Z,1304.069,363.0,1284.0,155.493,0.0,0.0,0.0,153.398,5.911368,0.0,0.0,0.0
2020-08-25T02:34:15.788000Z,2020-08-25T02:34:16.156000Z,1381.745,368.0,1390.0,156.412,0.0,0.0,0.0,153.398,6.30391,0.0,0.0,0.0
2020-08-25T02:34:17.800000Z,2020-08-25T02:34:18.251000Z,1956.462,451.0,1432.0,158.147,0.0,0.0,0.0,153.398,6.621627,0.0,0.0,0.0
2020-08-25T02:34:19.794000Z,2020-08-25T02:34:20.140000Z,1208.125,346.0,1482.0,174.29,0.0,0.0,0.0,153.398,6.62287,0.0,0.0,0.0
2020-08-25T02:34:21.785999Z,2020-08-25T02:34:22.096000Z,1055.745,310.0,1506.0,162.062,0.0,0.0,0.0,153.398,6.914075,0.0,0.0,0.0
2020-08-25T02:34:23.793000Z,2020-08-25T02:34:24.175000Z,1543.928,382.0,1506.0,160.324,0.0,0.0,0.0,153.398,6.914075,0.0,0.0,0.0
2020-08-25T02:34:25.793000Z,2020-08-25T02:34:26.110000Z,1111.471,317.0,1506.0,157.715,0.0,0.0,0.0,153.398,6.851578,0.0,0.0,0.0
2020-08-25T02:34:27.799000Z,2020-08-25T02:34:28.125000Z,1163.256,326.0,4.0,159.871,0.0,0.0,0.0,153.398,6.851578,0.0,0.0,0.0
2020-08-25T02:34:29.789000Z,2020-08-25T02:34:30.140000Z,1240.005,351.0,1508.0,160.38,0.0,0.0,0.0,153.398,6.952978,0.0,0.0,0.0
2020-08-25T02:34:31.793000Z,2020-08-25T02:34:32.149000Z,1343.889,356.0,1508.0,166.388,0.0,0.0,0.0,153.398,6.907496,0.0,0.0,0.0
2020-08-25T02:34:33.800000Z,2020-08-25T02:34:34.148000Z,1281.077,348.0,1504.0,166.661,0.0,0.0,0.0,153.398,6.855392,0.0,0.0,0.0
2020-08-25T02:34:35.787000Z,2020-08-25T02:34:36.079000Z,927.882,292.0,1504.0,167.113,0.0,0.0,0.0,153.398,6.877441,0.0,0.0,0.0
2020-08-25T02:34:37.791000Z,2020-08-25T02:34:38.086000Z,949.881,295.0,1504.0,159.056,0.0,0.0,0.0,153.398,6.877441,0.0,0.0,0.0
2020-08-25T02:34:39.791000Z,2020-08-25T02:34:40.137000Z,1269.933,346.0,1504.0,156.278,0.0,0.0,0.0,153.398,6.877441,0.0,0.0,0.0
2020-08-25T02:34:41.799000Z,2020-08-25T02:34:42.318000Z,1175.628,519.0,1504.0,164.401,0.0,0.0,0.0,153.398,6.951538,0.0,0.0,0.0
2020-08-25T02:34:43.785999Z,2020-08-25T02:34:44.080000Z,860.066,294.0,4.0,161.538,0.0,0.0,0.0,153.398,6.936252,0.0,0.0,0.0
2020-08-25T02:34:45.792000Z,2020-08-25T02:34:46.113999Z,1101.801,322.0,1504.0,159.266,0.0,0.0,0.0,153.398,6.936252,0.0,0.0,0.0
2020-08-25T02:34:47.796000Z,2020-08-25T02:34:48.085000Z,912.544,289.0,1502.0,160.549,0.0,0.0,0.0,153.398,6.936252,0.0,0.0,0.0
2020-08-25T02:34:49.801000Z,2020-08-25T02:34:50.103000Z,986.856,302.0,1508.0,155.692,0.0,0.0,0.0,153.398,6.936252,0.0,0.0,0.0
2020-08-25T02:34:51.793000Z,2020-08-25T02:34:52.121999Z,1180.244,329.0,1508.0,159.047,0.0,0.0,0.0,153.398,6.936252,0.0,0.0,0.0
2020-08-25T02:34:53.797000Z,2020-08-25T02:34:54.294000Z,1335.053,497.0,1508.0,163.201,0.0,0.0,0.0,153.398,6.937236,0.0,0.0,0.0
2020-08-25T02:34:55.810000Z,2020-08-25T02:34:56.160000Z,1297.102,350.0,1500.0,168.81,0.0,0.0,0.0,153.398,1.363186,0.0,0.0,0.0
2020-08-25T02:34:57.789000Z,2020-08-25T02:34:58.085000Z,964.836,296.0,1500.0,160.792,0.0,0.0,0.0,153.398,6.903755,0.0,0.0,0.0
2020-08-25T02:34:59.794000Z,2020-08-25T02:35:00.067000Z,803.089,273.0,1500.0,156.015,0.0,0.0,0.0,153.398,6.903755,0.0,0.0,0.0
2020-08-25T02:35:01.800000Z,2020-08-25T02:35:02.065000Z,746.165,265.0,1504.0,156.015,0.0,0.0,0.0,153.398,6.903755,0.0,0.0,0.0
2020-08-25T02:35:03.789000Z,2020-08-25T02:35:04.102000Z,1086.694,313.0,1504.0,158.092,0.0,0.0,0.0,153.398,6.903755,0.0,0.0,0.0
2020-08-25T02:35:05.798000Z,2020-08-25T02:35:06.097999Z,980.281,300.0,1504.0,158.823,0.0,0.0,0.0,153.398,6.903755,0.0,0.0,0.0
2020-08-25T02:35:07.798000Z,2020-08-25T02:35:08.089000Z,857.459,291.0,1504.0,159.198,0.0,0.0,0.0,153.398,6.903755,0.0,0.0,0.0
2020-08-25T02:35:09.800000Z,2020-08-25T02:35:10.203000Z,1422.088,403.0,1504.0,157.955,0.0,0.0,0.0,153.398,6.903755,0.0,0.0,0.0
2020-08-25T02:35:12.788000Z,2020-08-25T02:35:13.193999Z,1715.033,406.0,1502.0,169.447,0.0,0.0,0.0,153.398,5.769452,0.0,0.0,0.0
2020-08-25T02:35:14.787000Z,2020-08-25T02:35:15.526000Z,1462.241,739.0,1502.0,160.441,0.0,0.0,0.0,153.398,6.859241,0.0,0.0,0.0
2020-08-25T02:35:16.792000Z,2020-08-25T02:35:17.069000Z,842.961,277.0,1503.0,226.43,0.0,0.0,0.0,153.398,0.137394,0.0,0.0,0.0
2020-08-25T02:35:18.799000Z,2020-08-25T02:35:19.095000Z,945.221,296.0,1506.0,156.743,0.0,0.0,0.0,153.398,3.080832,0.0,0.0,0.0
2020-08-25T02:35:20.798000Z,2020-08-25T02:35:21.403000Z,1558.73,605.0,1506.0,156.109,0.0,0.0,0.0,153.398,3.255855,0.0,0.0,0.0
2020-08-25T02:35:22.799000Z,2020-08-25T02:35:23.174000Z,1497.314,375.0,1498.0,225.637,0.0,0.0,0.0,153.398,0.077358,0.0,0.0,0.0
2020-08-25T02:35:24.793000Z,2020-08-25T02:35:25.116000Z,1138.702,323.0,1520.0,162.593,0.0,0.0,0.0,153.398,6.847946,0.0,0.0,0.0
2020-08-25T02:35:26.793000Z,2020-08-25T02:35:27.125000Z,887.559,332.0,1520.0,161.998,0.0,0.0,0.0,153.398,7.027764,0.0,0.0,0.0
2020-08-25T02:35:28.785999Z,2020-08-25T02:35:29.036000Z,658.621,250.0,4.0,176.601,0.0,0.0,0.0,153.398,7.027764,0.0,0.0,0.0
2020-08-25T02:35:30.794000Z,2020-08-25T02:35:31.049999Z,700.859,256.0,1522.0,157.383,0.0,0.0,0.0,153.398,7.027764,0.0,0.0,0.0
2020-08-25T02:35:31.956000Z,2020-08-25T02:35:32.221000Z,760.743,265.0,1528.0,156.014,0.0,0.0,0.0,153.398,7.027764,0.0,0.0,0.0
2020-08-25T02:35:34.795000Z,2020-08-25T02:35:35.051000Z,687.842,256.0,1528.0,158.657,0.0,0.0,0.0,153.398,7.027764,0.0,0.0,0.0
2020-08-25T02:35:39.024000Z,2020-08-25T02:35:39.508000Z,740.543,484.0,1528.0,158.36,0.0,0.0,0.0,153.398,7.027764,0.0,0.0,0.0
2020-08-25T02:35:39.508999Z,2020-08-25T02:35:39.917000Z,616.514,408.0,1528.0,179.845,0.0,0.0,0.0,153.398,7.027764,0.0,0.0,0.0
2020-08-25T02:35:40.796000Z,2020-08-25T02:35:41.136000Z,652.858,340.0,1528.0,157.994,0.0,0.0,0.0,153.398,7.027764,0.0,0.0,0.0
2020-08-25T02:35:41.957000Z,2020-08-25T02:35:42.325000Z,1017.188,368.0,1526.0,155.948,0.0,0.0,0.0,153.398,7.027764,0.0,0.0,0.0
2020-08-25T02:35:44.790000Z,2020-08-25T02:35:45.133000Z,970.13,343.0,1520.0,159.996,0.0,0.0,0.0,153.398,7.027764,0.0,0.0,0.0
2020-08-25T02:35:46.797000Z,2020-08-25T02:35:47.053000Z,674.754,256.0,1520.0,181.446,0.0,0.0,0.0,153.398,7.027764,0.0,0.0,0.0
2020-08-25T02:35:48.790000Z,2020-08-25T02:35:49.129999Z,1003.556,340.0,1526.0,156.978,0.0,0.0,0.0,153.398,7.027764,0.0,0.0,0.0
2020-08-25T02:35:50.799000Z,2020-08-25T02:35:51.127000Z,964.761,328.0,1526.0,161.649,0.0,0.0,0.0,153.398,7.027764,0.0,0.0,0.0
2020-08-25T02:35:52.791000Z,2020-08-25T02:35:53.073000Z,848.965,282.0,1526.0,159.458,0.0,0.0,0.0,153.398,7.027764,0.0,0.0,0.0
2020-08-25T02:35:54.797000Z,2020-08-25T02:35:55.024000Z,504.84,227.0,1534.0,158.975,0.0,0.0,0.0,153.398,7.027764,0.0,0.0,0.0
2020-08-25T02:35:55.959000Z,2020-08-25T02:35:56.208000Z,639.522,249.0,1530.0,155.75,0.0,0.0,0.0,153.398,7.027764,0.0,0.0,0.0
2020-08-25T02:35:58.793000Z,2020-08-25T02:35:59.051000Z,698.43,258.0,1530.0,156.818,0.0,0.0,0.0,153.398,7.027764,0.0,0.0,0.0
2020-08-25T02:36:00.790000Z,2020-08-25T02:36:01.033999Z,612.581,244.0,1530.0,158.263,0.0,0.0,0.0,153.398,7.027764,0.0,0.0,0.0
2020-08-25T02:36:02.796000Z,2020-08-25T02:36:03.080000Z,719.027,284.0,1530.0,156.575,0.0,0.0,0.0,153.398,7.027764,0.0,0.0,0.0
2020-08-25T02:36:04.799000Z,2020-08-25T02:36:05.072000Z,819.927,273.0,1530.0,179.953,0.0,0.0,0.0,153.398,7.027764,0.0,0.0,0.0
2020-08-25T02:36:06.790000Z,2020-08-25T02:36:07.040000Z,663.749,250.0,1532.0,157.219,0.0,0.0,0.0,153.398,7.027764,0.0,0.0,0.0
2020-08-25T02:36:08.797000Z,2020-08-25T02:36:09.184000Z,1240.378,387.0,1530.0,157.269,0.0,0.0,0.0,153.398,7.027764,0.0,0.0,0.0
2020-08-25T02:36:10.792000Z,2020-08-25T02:36:11.093000Z,786.168,301.0,1192.0,208.482,0.0,0.0,0.0,153.398,5.486573,0.0,0.0,0.0
2020-08-25T02:36:12.799000Z,2020-08-25T02:36:13.089999Z,725.759,291.0,1190.0,157.877,0.0,0.0,0.0,153.398,5.486573,0.0,0.0,0.0
2020-08-25T02:36:14.793000Z,2020-08-25T02:36:15.067000Z,590.255,274.0,1190.0,155.161,0.0,0.0,0.0,153.398,5.486573,0.0,0.0,0.0
2020-08-25T02:36:16.790000Z,2020-08-25T02:36:17.099000Z,816.754,309.0,1190.0,157.701,0.0,0.0,0.0,153.398,5.486573,0.0,0.0,0.0
2020-08-25T02:36:18.797000Z,2020-08-25T02:36:19.101000Z,795.0,304.0,1190.0,155.624,0.0,0.0,0.0,153.398,5.486573,0.0,0.0,0.0
2020-08-25T02:36:19.968999Z,2020-08-25T02:36:20.249999Z,667.259,281.0,1190.0,156.019,0.0,0.0,0.0,153.398,5.486573,0.0,0.0,0.0
2020-08-25T02:36:22.799000Z,2020-08-25T02:36:23.119000Z,866.942,320.0,1190.0,155.48,0.0,0.0,0.0,153.398,5.486573,0.0,0.0,0.0
2020-08-25T02:36:24.800000Z,2020-08-25T02:36:25.121000Z,913.418,321.0,1192.0,156.158,0.0,0.0,0.0,153.398,5.486573,0.0,0.0,0.0
2020-08-25T02:36:26.792000Z,2020-08-25T02:36:27.117000Z,903.519,325.0,1198.0,155.965,0.0,0.0,0.0,153.398,5.615135,0.0,0.0,0.0
2020-08-25T02:36:28.785999Z,2020-08-25T02:36:29.054000Z,596.115,268.0,1198.0,156.175,0.0,0.0,0.0,153.398,5.471878,0.0,0.0,0.0
2020-08-25T02:36:29.973000Z,2020-08-25T02:36:30.272000Z,801.879,299.0,1198.0,155.763,0.0,0.0,0.0,153.398,5.471878,0.0,0.0,0.0
2020-08-25T02:36:32.788000Z,2020-08-25T02:36:33.061000Z,653.52,273.0,1198.0,155.403,0.0,0.0,0.0,153.398,5.471878,0.0,0.0,0.0
2020-08-25T02:36:34.792000Z,2020-08-25T02:36:35.221000Z,1143.79,429.0,1198.0,155.09,0.0,0.0,0.0,153.398,5.471878,0.0,0.0,0.0
2020-08-25T02:36:36.799000Z,2020-08-25T02:36:37.182000Z,1117.959,383.0,1198.0,214.29,0.0,0.0,0.0,153.398,4.629342,0.0,0.0,0.0
2020-08-25T02:36:38.788000Z,2020-08-25T02:36:39.047000Z,572.878,259.0,1174.0,188.529,0.0,0.0,0.0,153.398,5.045353,0.0,0.0,0.0
2020-08-25T02:36:40.794000Z,2020-08-25T02:36:41.089999Z,767.909,296.0,1174.0,155.978,0.0,0.0,0.0,153.398,5.045353,0.0,0.0,0.0
2020-08-25T02:36:42.792000Z,2020-08-25T02:36:43.057999Z,598.704,266.0,1176.0,155.338,0.0,0.0,0.0,153.398,5.045353,0.0,0.0,0.0
2020-08-25T02:36:43.968000Z,2020-08-25T02:36:44.224000Z,546.282,256.0,1174.0,155.596,0.0,0.0,0.0,153.398,5.045353,0.0,0.0,0.0
2020-08-25T02:36:46.793000Z,2020-08-25T02:36:47.081999Z,719.933,289.0,1170.0,155.49,0.0,0.0,0.0,153.339,5.045353,0.0,0.0,0.0
2020-08-25T02:36:48.800000Z,2020-08-25T02:36:49.163000Z,1199.263,363.0,1170.0,155.047,0.0,0.0,0.0,153.339,5.045353,0.0,0.0,0.0
2020-08-25T02:36:50.789000Z,2020-08-25T02:36:51.110000Z,1006.935,321.0,1302.0,154.977,0.0,0.0,0.0,153.339,6.104046,0.0,0.0,0.0
2020-08-25T02:36:52.801000Z,2020-08-25T02:36:53.260000Z,1786.062,459.0,1329.0,155.676,0.0,0.0,0.0,153.339,6.245158,0.0,0.0,0.0
2020-08-25T02:36:54.793000Z,2020-08-25T02:36:55.176000Z,1492.912,383.0,1488.0,158.333,0.0,0.0,0.0,153.339,0.456252,0.0,0.0,0.0
2020-08-25T02:36:56.799000Z,2020-08-25T02:36:57.153000Z,1313.719,354.0,1558.0,169.452,0.0,0.0,0.0,153.339,6.921873,0.0,0.0,0.0
2020-08-25T02:36:58.800000Z,2020-08-25T02:36:59.165000Z,1292.634,365.0,1558.0,165.855,0.0,0.0,0.0,153.339,6.763384,0.0,0.0,0.0
2020-08-25T02:37:00.801000Z,2020-08-25T02:37:01.045000Z,620.917,244.0,1558.0,167.772,0.0,0.0,0.0,153.339,6.91766,0.0,0.0,0.0
2020-08-25T02:37:02.791000Z,2020-08-25T02:37:03.028000Z,564.825,237.0,1558.0,158.756,0.0,0.0,0.0,153.339,6.91766,0.0,0.0,0.0
2020-08-25T02:37:04.799000Z,2020-08-25T02:37:05.062000Z,729.501,263.0,1558.0,157.581,0.0,0.0,0.0,153.339,6.91766,0.0,0.0,0.0
2020-08-25T02:37:06.790000Z,2020-08-25T02:37:07.092000Z,951.867,302.0,4.0,160.234,0.0,0.0,0.0,153.339,6.91766,0.0,0.0,0.0
2020-08-25T02:37:07.956000Z,2020-08-25T02:37:08.225999Z,718.596,270.0,1568.0,157.79,0.0,0.0,0.0,153.339,6.91766,0.0,0.0,0.0
2020-08-25T02:37:10.791000Z,2020-08-25T02:37:11.094000Z,883.381,303.0,1564.0,167.705,0.0,0.0,0.0,153.339,6.91766,0.0,0.0,0.0
2020-08-25T02:37:12.795000Z,2020-08-25T02:37:13.070000Z,805.543,275.0,1564.0,174.247,0.0,0.0,0.0,153.339,6.91766,0.0,0.0,0.0
2020-08-25T02:37:14.798000Z,2020-08-25T02:37:15.213000Z,1566.118,415.0,1560.0,156.597,0.0,0.0,0.0,153.339,6.91766,0.0,0.0,0.0
2020-08-25T02:37:16.800000Z,2020-08-25T02:37:17.155000Z,1251.59,355.0,1506.0,173.465,0.0,0.0,0.0,153.339,6.837008,0.0,0.0,0.0
2020-08-25T02:37:18.800000Z,2020-08-25T02:37:19.057999Z,682.702,258.0,1514.0,156.514,0.0,0.0,0.0,153.339,7.00191,0.0,0.0,0.0
2020-08-25T02:37:20.798000Z,2020-08-25T02:37:21.060000Z,717.86,262.0,1514.0,155.569,0.0,0.0,0.0,153.339,7.00191,0.0,0.0,0.0
2020-08-25T02:37:22.792000Z,2020-08-25T02:37:23.055000Z,623.939,263.0,1514.0,155.589,0.0,0.0,0.0,153.339,7.00191,0.0,0.0,0.0
2020-08-25T02:37:24.791000Z,2020-08-25T02:37:25.015000Z,458.748,224.0,1514.0,155.395,0.0,0.0,0.0,153.339,7.00191,0.0,0.0,0.0
2020-08-25T02:37:26.799000Z,2020-08-25T02:37:27.060000Z,719.792,261.0,1514.0,155.32,0.0,0.0,0.0,153.339,7.00191,0.0,0.0,0.0
2020-08-25T02:37:28.791000Z,2020-08-25T02:37:29.056000Z,740.592,265.0,1510.0,156.081,0.0,0.0,0.0,153.339,7.00191,0.0,0.0,0.0
2020-08-25T02:37:30.791000Z,2020-08-25T02:37:31.028000Z,551.789,237.0,1510.0,155.355,0.0,0.0,0.0,153.339,7.00191,0.0,0.0,0.0
2020-08-25T02:37:31.958000Z,2020-08-25T02:37:32.215000Z,695.502,257.0,1510.0,155.969,0.0,0.0,0.0,153.339,7.00191,0.0,0.0,0.0
2020-08-25T02:37:34.792000Z,2020-08-25T02:37:35.089000Z,946.21,297.0,1510.0,156.943,0.0,0.0,0.0,153.339,7.00191,0.0,0.0,0.0
2020-08-25T02:37:36.794000Z,2020-08-25T02:37:37.078000Z,859.805,284.0,1510.0,158.639,0.0,0.0,0.0,153.339,7.00191,0.0,0.0,0.0
2020-08-25T02:37:38.800000Z,2020-08-25T02:37:39.141000Z,1144.852,341.0,4.0,156.857,0.0,0.0,0.0,153.339,7.00191,0.0,0.0,0.0
2020-08-25T02:37:40.800000Z,2020-08-25T02:37:41.085000Z,795.292,285.0,1504.0,162.069,0.0,0.0,0.0,153.339,7.011032,0.0,0.0,0.0
2020-08-25T02:37:42.800000Z,2020-08-25T02:37:43.102000Z,942.054,302.0,1502.0,158.03,0.0,0.0,0.0,153.339,7.011032,0.0,0.0,0.0
2020-08-25T02:37:44.789000Z,2020-08-25T02:37:45.073999Z,884.521,285.0,1502.0,164.938,0.0,0.0,0.0,153.339,7.011032,0.0,0.0,0.0
2020-08-25T02:37:46.798000Z,2020-08-25T02:37:47.055000Z,595.442,257.0,1502.0,158.76,0.0,0.0,0.0,153.339,7.011032,0.0,0.0,0.0
2020-08-25T02:37:48.787000Z,2020-08-25T02:37:49.004000Z,424.114,217.0,1502.0,156.808,0.0,0.0,0.0,153.339,7.011032,0.0,0.0,0.0
2020-08-25T02:37:50.794000Z,2020-08-25T02:37:51.013000Z,440.838,219.0,1502.0,155.978,0.0,0.0,0.0,153.339,7.011032,0.0,0.0,0.0
2020-08-25T02:37:52.790000Z,2020-08-25T02:37:53.039000Z,552.106,249.0,1502.0,158.003,0.0,0.0,0.0,153.339,7.011032,0.0,0.0,0.0
2020-08-25T02:37:54.798000Z,2020-08-25T02:37:55.056000Z,701.819,258.0,4.0,166.731,0.0,0.0,0.0,153.339,7.011032,0.0,0.0,0.0
2020-08-25T02:37:55.964000Z,2020-08-25T02:37:56.236000Z,796.679,272.0,1506.0,157.056,0.0,0.0,0.0,153.339,7.011032,0.0,0.0,0.0
2020-08-25T02:37:58.801000Z,2020-08-25T02:37:59.061000Z,625.622,260.0,1506.0,156.668,0.0,0.0,0.0,153.339,7.011032,0.0,0.0,0.0
2020-08-25T02:38:00.788000Z,2020-08-25T02:38:01.036000Z,633.443,248.0,1506.0,169.583,0.0,0.0,0.0,153.339,7.011032,0.0,0.0,0.0
2020-08-25T02:38:02.795000Z,2020-08-25T02:38:03.036000Z,579.837,241.0,1506.0,157.178,0.0,0.0,0.0,153.339,7.011032,0.0,0.0,0.0
2020-08-25T02:38:04.792000Z,2020-08-25T02:38:05.063000Z,697.313,271.0,1506.0,156.138,0.0,0.0,0.0,153.339,7.011032,0.0,0.0,0.0
2020-08-25T02:38:06.798000Z,2020-08-25T02:38:07.095000Z,965.022,297.0,1504.0,158.25,0.0,0.0,0.0,153.339,7.011032,0.0,0.0,0.0
2020-08-25T02:38:08.795000Z,2020-08-25T02:38:09.067000Z,803.13,272.0,1498.0,155.488,0.0,0.0,0.0,153.256,7.011032,0.0,0.0,0.0
2020-08-25T02:38:10.790000Z,2020-08-25T02:38:11.072000Z,791.157,282.0,1498.0,156.973,0.0,0.0,0.0,153.256,7.011032,0.0,0.0,0.0
2020-08-25T02:38:12.794000Z,2020-08-25T02:38:13.056000Z,724.497,262.0,1498.0,158.085,0.0,0.0,0.0,153.256,7.011032,0.0,0.0,0.0
2020-08-25T02:38:14.794000Z,2020-08-25T02:38:15.040000Z,625.317,246.0,1498.0,156.318,0.0,0.0,0.0,153.256,7.011032,0.0,0.0,0.0
2020-08-25T02:38:16.798000Z,2020-08-25T02:38:17.048000Z,647.739,250.0,1498.0,156.754,0.0,0.0,0.0,153.256,7.011032,0.0,0.0,0.0
2020-08-25T02:38:18.791000Z,2020-08-25T02:38:19.038000Z,615.532,247.0,4.0,156.038,0.0,0.0,0.0,153.256,7.011032,0.0,0.0,0.0
2020-08-25T02:38:20.794000Z,2020-08-25T02:38:21.036000Z,600.16,242.0,1496.0,155.844,0.0,0.0,0.0,153.256,7.011032,0.0,0.0,0.0
2020-08-25T02:38:22.799000Z,2020-08-25T02:38:23.087000Z,684.345,288.0,1502.0,156.181,0.0,0.0,0.0,153.256,7.011032,0.0,0.0,0.0
2020-08-25T02:38:24.798000Z,2020-08-25T02:38:25.032000Z,520.516,234.0,1502.0,187.977,0.0,0.0,0.0,153.256,7.011032,0.0,0.0,0.0
2020-08-25T02:38:26.788000Z,2020-08-25T02:38:27.079000Z,911.895,291.0,1502.0,156.647,0.0,0.0,0.0,153.256,7.011032,0.0,0.0,0.0
2020-08-25T02:38:28.793000Z,2020-08-25T02:38:29.105000Z,841.266,312.0,1502.0,158.296,0.0,0.0,0.0,153.256,7.011032,0.0,0.0,0.0
2020-08-25T02:38:30.795000Z,2020-08-25T02:38:31.040000Z,613.18,245.0,1502.0,161.386,0.0,0.0,0.0,153.256,7.011032,0.0,0.0,0.0
2020-08-25T02:38:32.799000Z,2020-08-25T02:38:33.070000Z,791.525,271.0,1502.0,156.107,0.0,0.0,0.0,153.256,7.011032,0.0,0.0,0.0
2020-08-25T02:38:34.799000Z,2020-08-25T02:38:35.137999Z,1064.521,339.0,1502.0,156.941,0.0,0.0,0.0,153.256,7.011032,0.0,0.0,0.0
2020-08-25T02:38:36.793000Z,2020-08-25T02:38:37.135000Z,1136.348,342.0,4.0,160.587,0.0,0.0,0.0,153.256,7.007781,0.0,0.0,0.0
2020-08-25T02:38:38.793000Z,2020-08-25T02:38:39.104000Z,1060.582,311.0,1501.0,159.772,0.0,0.0,0.0,153.256,7.063191,0.0,0.0,0.0
2020-08-25T02:38:40.800000Z,2020-08-25T02:38:41.076000Z,817.31,276.0,1504.0,156.336,0.0,0.0,0.0,153.256,7.063191,0.0,0.0,0.0
2020-08-25T02:38:42.792000Z,2020-08-25T02:38:43.040000Z,639.838,248.0,1510.0,157.241,0.0,0.0,0.0,153.256,7.063191,0.0,0.0,0.0
2020-08-25T02:38:44.789000Z,2020-08-25T02:38:45.049000Z,712.929,260.0,1510.0,155.893,0.0,0.0,0.0,153.256,7.063191,0.0,0.0,0.0
2020-08-25T02:38:46.799000Z,2020-08-25T02:38:47.140000Z,1205.417,341.0,1510.0,155.18,0.0,0.0,0.0,153.256,7.063191,0.0,0.0,0.0
2020-08-25T02:38:48.804000Z,2020-08-25T02:38:49.133000Z,1166.331,329.0,1510.0,157.899,0.0,0.0,0.0,153.256,6.990568,0.0,0.0,0.0
2020-08-25T02:38:50.795000Z,2020-08-25T02:38:51.073000Z,842.178,278.0,1510.0,156.126,0.0,0.0,0.0,153.256,6.92313,0.0,0.0,0.0
2020-08-25T02:38:52.792000Z,2020-08-25T02:38:53.030000Z,568.446,238.0,1508.0,158.06,0.0,0.0,0.0,153.256,6.92313,0.0,0.0,0.0
2020-08-25T02:38:54.793000Z,2020-08-25T02:38:55.044000Z,630.637,251.0,1508.0,155.758,0.0,0.0,0.0,153.256,6.92313,0.0,0.0,0.0
2020-08-25T02:38:56.790000Z,2020-08-25T02:38:57.039000Z,634.052,249.0,1508.0,162.793,0.0,0.0,0.0,153.256,6.92313,0.0,0.0,0.0
2020-08-25T02:38:58.797000Z,2020-08-25T02:38:59.103000Z,675.292,306.0,1508.0,156.473,0.0,0.0,0.0,153.256,6.92313,0.0,0.0,0.0
2020-08-25T02:39:00.791000Z,2020-08-25T02:39:01.075000Z,873.621,284.0,1508.0,197.627,0.0,0.0,0.0,153.256,6.92313,0.0,0.0,0.0
2020-08-25T02:39:02.799000Z,2020-08-25T02:39:03.040000Z,488.22,241.0,4.0,158.266,0.0,0.0,0.0,153.256,6.92313,0.0,0.0,0.0
2020-08-25T02:39:04.801000Z,2020-08-25T02:39:05.092000Z,793.754,291.0,1512.0,165.106,0.0,0.0,0.0,153.256,6.92313,0.0,0.0,0.0
2020-08-25T02:39:06.788000Z,2020-08-25T02:39:07.076000Z,867.822,288.0,1518.0,178.054,0.0,0.0,0.0,153.256,6.92313,0.0,0.0,0.0
2020-08-25T02:39:08.800000Z,2020-08-25T02:39:09.052000Z,664.503,252.0,1512.0,155.583,0.0,0.0,0.0,153.256,6.92313,0.0,0.0,0.0
2020-08-25T02:39:10.789000Z,2020-08-25T02:39:11.067000Z,834.926,278.0,1512.0,156.822,0.0,0.0,0.0,153.256,6.92313,0.0,0.0,0.0
2020-08-25T02:39:12.794000Z,2020-08-25T02:39:13.070000Z,823.328,276.0,1512.0,158.237,0.0,0.0,0.0,153.256,6.92313,0.0,0.0,0.0
2020-08-25T02:39:14.800000Z,2020-08-25T02:39:15.081999Z,871.063,282.0,1512.0,159.043,0.0,0.0,0.0,153.256,6.92313,0.0,0.0,0.0
2020-08-25T02:39:16.796000Z,2020-08-25T02:39:17.097999Z,767.238,302.0,1512.0,157.91,0.0,0.0,0.0,153.256,6.92313,0.0,0.0,0.0
2020-08-25T02:39:18.798000Z,2020-08-25T02:39:19.079000Z,849.968,281.0,1512.0,160.406,0.0,0.0,0.0,153.256,6.92313,0.0,0.0,0.0
2020-08-25T02:39:20.800000Z,2020-08-25T02:39:21.057999Z,693.818,258.0,4.0,157.957,0.0,0.0,0.0,153.256,6.92313,0.0,0.0,0.0
2020-08-25T02:39:22.793000Z,2020-08-25T02:39:23.111000Z,845.465,318.0,1506.0,156.644,0.0,0.0,0.0,153.256,6.92313,0.0,0.0,0.0
2020-08-25T02:39:24.796000Z,2020-08-25T02:39:25.095000Z,975.119,299.0,1512.0,182.727,0.0,0.0,0.0,153.256,6.92313,0.0,0.0,0.0
2020-08-25T02:39:26.796000Z,2020-08-25T02:39:27.059000Z,739.998,263.0,1510.0,158.967,0.0,0.0,0.0,153.256,6.92313,0.0,0.0,0.0
2020-08-25T02:39:28.792000Z,2020-08-25T02:39:29.113999Z,1139.761,322.0,1510.0,157.155,0.0,0.0,0.0,153.256,6.92313,0.0,0.0,0.0
2020-08-25T02:39:30.790000Z,2020-08-25T02:39:31.065000Z,794.476,275.0,1498.0,160.112,0.0,0.0,0.0,153.256,7.000223,0.0,0.0,0.0
2020-08-25T02:39:32.794000Z,2020-08-25T02:39:33.060000Z,759.387,266.0,1498.0,155.488,0.0,0.0,0.0,153.256,7.000223,0.0,0.0,0.0
2020-08-25T02:39:34.795000Z,2020-08-25T02:39:35.057999Z,637.581,263.0,1498.0,156.282,0.0,0.0,0.0,153.256,7.000223,0.0,0.0,0.0
2020-08-25T02:39:36.791000Z,2020-08-25T02:39:37.049999Z,710.923,259.0,4.0,170.438,0.0,0.0,0.0,153.256,7.000223,0.0,0.0,0.0
2020-08-25T02:39:38.792000Z,2020-08-25T02:39:39.099000Z,1031.583,307.0,1498.0,156.262,0.0,0.0,0.0,153.256,7.000223,0.0,0.0,0.0
2020-08-25T02:39:40.798000Z,2020-08-25T02:39:41.097000Z,786.703,299.0,1498.0,158.316,0.0,0.0,0.0,153.256,7.000223,0.0,0.0,0.0
2020-08-25T02:39:42.798000Z,2020-08-25T02:39:43.148000Z,1310.575,350.0,1498.0,161.001,0.0,0.0,0.0,153.256,7.000223,0.0,0.0,0.0
2020-08-25T02:39:44.797000Z,2020-08-25T02:39:45.088000Z,917.112,291.0,1510.0,165.15,0.0,0.0,0.0,153.256,6.898794,0.0,0.0,0.0
2020-08-25T02:39:46.791000Z,2020-08-25T02:39:47.079000Z,693.486,288.0,1510.0,157.762,0.0,0.0,0.0,153.256,6.898794,0.0,0.0,0.0
2020-08-25T02:39:48.801000Z,2020-08-25T02:39:49.083000Z,861.048,282.0,1510.0,176.641,0.0,0.0,0.0,153.256,6.898794,0.0,0.0,0.0
2020-08-25T02:39:50.800000Z,2020-08-25T02:39:51.081999Z,864.333,282.0,1510.0,158.091,0.0,0.0,0.0,153.256,6.898794,0.0,0.0,0.0
2020-08-25T02:39:52.797000Z,2020-08-25T02:39:53.124000Z,816.386,327.0,1510.0,156.483,0.0,0.0,0.0,153.256,6.898794,0.0,0.0,0.0
2020-08-25T02:39:54.789000Z,2020-08-25T02:39:55.059000Z,779.173,270.0,1510.0,200.294,0.0,0.0,0.0,153.256,6.898794,0.0,0.0,0.0
2020-08-25T02:39:56.796000Z,2020-08-25T02:39:57.060000Z,739.475,264.0,1512.0,156.28,0.0,0.0,0.0,153.256,6.898794,0.0,0.0,0.0
2020-08-25T02:39:58.800000Z,2020-08-25T02:39:59.116000Z,870.123,316.0,1506.0,156.535,0.0,0.0,0.0,153.256,6.898794,0.0,0.0,0.0
2020-08-25T02:40:00.796000Z,2020-08-25T02:40:01.077000Z,866.745,281.0,1506.0,189.568,0.0,0.0,0.0,153.256,6.898794,0.0,0.0,0.0
2020-08-25T02:40:02.797000Z,2020-08-25T02:40:03.080000Z,868.442,283.0,1506.0,157.373,0.0,0.0,0.0,153.256,6.898794,0.0,0.0,0.0
2020-08-25T02:40:04.795000Z,2020-08-25T02:40:05.039000Z,612.336,244.0,1506.0,157.425,0.0,0.0,0.0,153.256,6.898794,0.0,0.0,0.0
2020-08-25T02:40:06.790000Z,2020-08-25T02:40:07.016000Z,484.411,226.0,1506.0,156.561,0.0,0.0,0.0,153.256,6.898794,0.0,0.0,0.0
2020-08-25T02:40:08.798000Z,2020-08-25T02:40:09.035000Z,563.874,237.0,1506.0,155.973,0.0,0.0,0.0,153.256,6.898794,0.0,0.0,0.0
2020-08-25T02:40:10.791000Z,2020-08-25T02:40:11.071000Z,753.464,280.0,1512.0,155.884,0.0,0.0,0.0,153.256,6.898794,0.0,0.0,0.0
2020-08-25T02:40:12.790000Z,2020-08-25T02:40:13.032000Z,597.061,242.0,1512.0,158.089,0.0,0.0,0.0,153.256,6.898794,0.0,0.0,0.0
2020-08-25T02:40:14.794000Z,2020-08-25T02:40:15.102000Z,1035.48,308.0,1512.0,155.861,0.0,0.0,0.0,153.256,6.898794,0.0,0.0,0.0
2020-08-25T02:40:16.801999Z,2020-08-25T02:40:17.095000Z,939.203,293.0,1506.0,156.245,0.0,0.0,0.0,153.256,6.898794,0.0,0.0,0.0
2020-08-25T02:40:18.789000Z,2020-08-25T02:40:19.049999Z,706.349,261.0,1506.0,157.911,0.0,0.0,0.0,153.256,6.898794,0.0,0.0,0.0
2020-08-25T02:40:20.797000Z,2020-08-25T02:40:21.105999Z,1050.145,309.0,1506.0,156.467,0.0,0.0,0.0,153.256,6.898794,0.0,0.0,0.0
2020-08-25T02:40:22.790000Z,2020-08-25T02:40:23.071000Z,860.833,281.0,1506.0,160.195,0.0,0.0,0.0,153.256,6.898794,0.0,0.0,0.0
2020-08-25T02:40:24.792000Z,2020-08-25T02:40:25.081000Z,898.062,289.0,1506.0,158.099,0.0,0.0,0.0,153.256,6.898794,0.0,0.0,0.0
2020-08-25T02:40:26.801000Z,2020-08-25T02:40:27.097000Z,972.344,296.0,1506.0,157.487,0.0,0.0,0.0,153.256,6.898794,0.0,0.0,0.0
2020-08-25T02:40:28.799000Z,2020-08-25T02:40:29.156000Z,1230.837,357.0,1506.0,159.432,0.0,0.0,0.0,153.256,6.898794,0.0,0.0,0.0
2020-08-25T02:40:30.801000Z,2020-08-25T02:40:31.108000Z,981.45,307.0,1384.0,158.205,0.0,0.0,0.0,153.256,6.358369,0.0,0.0,0.0
2020-08-25T02:40:32.794000Z,2020-08-25T02:40:33.084000Z,861.651,290.0,1384.0,156.353,0.0,0.0,0.0,153.256,6.358369,0.0,0.0,0.0
2020-08-25T02:40:34.791000Z,2020-08-25T02:40:35.126000Z,1030.103,335.0,4.0,155.572,0.0,0.0,0.0,153.256,6.358369,0.0,0.0,0.0
2020-08-25T02:40:36.794000Z,2020-08-25T02:40:37.065000Z,737.902,271.0,1384.0,155.345,0.0,0.0,0.0,153.256,6.355934,0.0,0.0,0.0
2020-08-25T02:40:38.791000Z,2020-08-25T02:40:39.052000Z,663.716,261.0,1384.0,155.756,0.0,0.0,0.0,153.256,6.355934,0.0,0.0,0.0
2020-08-25T02:40:40.795000Z,2020-08-25T02:40:41.120000Z,860.542,325.0,1384.0,156.446,0.0,0.0,0.0,153.256,6.355934,0.0,0.0,0.0
2020-08-25T02:40:42.801999Z,2020-08-25T02:40:43.092000Z,880.239,290.0,1384.0,187.404,0.0,0.0,0.0,153.256,6.355934,0.0,0.0,0.0
2020-08-25T02:40:44.792000Z,2020-08-25T02:40:45.089999Z,924.623,298.0,1384.0,156.005,0.0,0.0,0.0,153.256,6.355934,0.0,0.0,0.0
2020-08-25T02:40:46.801999Z,2020-08-25T02:40:47.063000Z,682.154,261.0,1388.0,155.379,0.0,0.0,0.0,153.256,6.355934,0.0,0.0,0.0
2020-08-25T02:40:48.789000Z,2020-08-25T02:40:49.100000Z,1009.457,311.0,1386.0,155.229,0.0,0.0,0.0,153.256,6.355934,0.0,0.0,0.0
2020-08-25T02:40:50.791000Z,2020-08-25T02:40:51.054000Z,697.47,263.0,1386.0,156.598,0.0,0.0,0.0,153.256,6.355934,0.0,0.0,0.0
2020-08-25T02:40:52.795000Z,2020-08-25T02:40:53.060000Z,706.805,265.0,1386.0,155.578,0.0,0.0,0.0,153.256,6.355934,0.0,0.0,0.0
2020-08-25T02:40:54.796000Z,2020-08-25T02:40:55.061000Z,680.348,265.0,1386.0,160.123,0.0,0.0,0.0,153.256,6.355934,0.0,0.0,0.0
2020-08-25T02:40:56.789000Z,2020-08-25T02:40:57.047000Z,666.05,258.0,1386.0,155.968,0.0,0.0,0.0,153.256,6.355934,0.0,0.0,0.0
2020-08-25T02:40:58.799000Z,2020-08-25T02:40:59.081000Z,747.721,282.0,1386.0,155.146,0.0,0.0,0.0,153.256,6.355934,0.0,0.0,0.0
2020-08-25T02:41:00.801000Z,2020-08-25T02:41:01.075000Z,760.737,274.0,1386.0,155.247,0.0,0.0,0.0,153.256,6.355934,0.0,0.0,0.0
2020-08-25T02:41:02.800000Z,2020-08-25T02:41:03.081000Z,781.4,281.0,1386.0,155.008,0.0,0.0,0.0,153.256,6.355934,0.0,0.0,0.0
2020-08-25T02:41:04.794000Z,2020-08-25T02:41:05.127000Z,922.128,333.0,4.0,157.288,0.0,0.0,0.0,153.256,6.355934,0.0,0.0,0.0
2020-08-25T02:41:06.794000Z,2020-08-25T02:41:07.060000Z,714.653,266.0,1390.0,187.544,0.0,0.0,0.0,153.256,6.355934,0.0,0.0,0.0
2020-08-25T02:41:08.800000Z,2020-08-25T02:41:09.047000Z,584.941,247.0,1386.0,156.016,0.0,0.0,0.0,153.256,6.355934,0.0,0.0,0.0
2020-08-25T02:41:10.792000Z,2020-08-25T02:41:11.041000Z,585.365,249.0,1382.0,155.203,0.0,0.0,0.0,153.256,6.355934,0.0,0.0,0.0
2020-08-25T02:41:12.792000Z,2020-08-25T02:41:13.101000Z,995.249,309.0,1384.0,156.534,0.0,0.0,0.0,153.256,6.355934,0.0,0.0,0.0
2020-08-25T02:41:14.796000Z,2020-08-25T02:41:15.078000Z,784.246,282.0,1384.0,155.749,0.0,0.0,0.0,153.256,6.355934,0.0,0.0,0.0
2020-08-25T02:41:16.791000Z,2020-08-25T02:41:17.070000Z,789.102,279.0,1384.0,155.189,0.0,0.0,0.0,153.256,6.355934,0.0,0.0,0.0
2020-08-25T02:41:18.790000Z,2020-08-25T02:41:19.097999Z,987.913,308.0,1384.0,155.767,0.0,0.0,0.0,153.256,6.355934,0.0,0.0,0.0
2020-08-25T02:41:20.798000Z,2020-08-25T02:41:21.105000Z,969.689,307.0,4.0,155.3,0.0,0.0,0.0,153.256,6.355934,0.0,0.0,0.0
2020-08-25T02:41:22.796000Z,2020-08-25T02:41:23.140000Z,1098.979,344.0,1384.0,155.504,0.0,0.0,0.0,153.256,6.355934,0.0,0.0,0.0
2020-08-25T02:41:24.793000Z,2020-08-25T02:41:25.133000Z,1189.229,340.0,1394.0,161.243,0.0,0.0,0.0,153.256,6.345631,0.0,0.0,0.0
2020-08-25T02:41:26.798000Z,2020-08-25T02:41:27.177999Z,1513.197,380.0,1426.0,155.258,0.0,0.0,0.0,153.256,6.645723,0.0,0.0,0.0
2020-08-25T02:41:28.798000Z,2020-08-25T02:41:29.200000Z,1405.267,402.0,1500.0,169.416,0.0,0.0,0.0,153.256,6.682694,0.0,0.0,0.0
2020-08-25T02:41:30.801000Z,2020-08-25T02:41:31.084000Z,875.764,283.0,1500.0,208.154,0.0,0.0,0.0,153.256,5.686344,0.0,0.0,0.0
2020-08-25T02:41:32.801000Z,2020-08-25T02:41:33.046000Z,614.626,245.0,1500.0,155.765,0.0,0.0,0.0,153.256,5.686344,0.0,0.0,0.0
2020-08-25T02:41:34.800000Z,2020-08-25T02:41:35.072000Z,577.66,272.0,1500.0,155.133,0.0,0.0,0.0,153.256,5.686344,0.0,0.0,0.0
2020-08-25T02:41:36.799000Z,2020-08-25T02:41:37.148000Z,1310.192,349.0,1500.0,182.878,0.0,0.0,0.0,153.256,5.686344,0.0,0.0,0.0
2020-08-25T02:41:38.801999Z,2020-08-25T02:41:39.244000Z,1901.423,442.0,4.0,166.26,0.0,0.0,0.0,153.256,7.01944,0.0,0.0,0.0
2020-08-25T02:41:40.797000Z,2020-08-25T02:41:41.451000Z,2050.055,654.0,1522.0,186.917,0.0,0.0,0.0,153.256,6.850725,0.0,0.0,0.0
2020-08-25T02:41:42.799000Z,2020-08-25T02:41:43.517000Z,3673.639,718.0,1512.0,199.963,0.0,0.0,0.0,153.256,0.00918,0.0,0.0,0.0
2020-08-25T02:41:44.804999Z,2020-08-25T02:41:45.309000Z,2326.009,504.0,1520.0,180.1,0.0,0.0,0.0,153.256,6.835137,0.0,0.0,0.0
2020-08-25T02:41:46.791000Z,2020-08-25T02:41:47.601000Z,1691.659,810.0,1514.0,201.691,0.0,0.0,0.0,153.256,6.840108,0.0,0.0,0.0
2020-08-25T02:41:48.797000Z,2020-08-25T02:41:49.139000Z,1237.842,342.0,1515.0,225.757,0.0,0.0,0.0,153.256,0.026385,0.0,0.0,0.0
2020-08-25T02:41:50.790000Z,2020-08-25T02:41:51.171000Z,1527.062,381.0,1524.0,165.127,0.0,0.0,0.0,153.256,6.94015,0.0,0.0,0.0
2020-08-25T02:41:52.801999Z,2020-08-25T02:41:53.725000Z,1802.784,923.0,1550.0,178.465,0.0,0.0,0.0,153.256,6.8906,0.0,0.0,0.0
2020-08-25T02:41:54.790000Z,2020-08-25T02:41:55.135000Z,1252.305,345.0,1558.0,157.827,0.0,0.0,0.0,153.256,5.739019,0.0,0.0,0.0
2020-08-25T02:41:56.798000Z,2020-08-25T02:41:57.121000Z,1146.384,323.0,1550.0,156.646,0.0,0.0,0.0,153.256,7.045618,0.0,0.0,0.0
2020-08-25T02:41:58.800000Z,2020-08-25T02:41:59.116000Z,1093.235,316.0,1556.0,163.977,0.0,0.0,0.0,153.256,7.045618,0.0,0.0,0.0
2020-08-25T02:42:00.795000Z,2020-08-25T02:42:01.116000Z,1134.056,321.0,1556.0,165.43,0.0,0.0,0.0,153.256,7.045618,0.0,0.0,0.0
2020-08-25T02:42:02.803000Z,2020-08-25T02:42:03.203000Z,1563.15,400.0,1552.0,157.135,0.0,0.0,0.0,153.256,7.045618,0.0,0.0,0.0
2020-08-25T02:42:04.798000Z,2020-08-25T02:42:05.173000Z,1155.895,375.0,1506.0,184.347,0.0,0.0,0.0,153.256,6.687741,0.0,0.0,0.0
2020-08-25T02:42:06.797000Z,2020-08-25T02:42:07.038000Z,593.066,241.0,1506.0,163.585,0.0,0.0,0.0,153.256,5.398251,0.0,0.0,0.0
2020-08-25T02:42:08.794000Z,2020-08-25T02:42:09.004000Z,371.383,210.0,1506.0,156.318,0.0,0.0,0.0,153.256,5.398251,0.0,0.0,0.0
2020-08-25T02:42:10.801999Z,2020-08-25T02:42:11.704000Z,1681.438,902.0,1506.0,155.525,0.0,0.0,0.0,153.256,5.398251,0.0,0.0,0.0
2020-08-25T02:42:12.798000Z,2020-08-25T02:42:13.480000Z,3319.116,682.0,1456.0,165.993,0.0,0.0,0.0,153.256,6.487483,0.0,0.0,0.0
2020-08-25T02:42:14.803000Z,2020-08-25T02:42:15.097000Z,940.672,294.0,1540.0,210.882,0.0,0.0,0.0,153.256,6.813205,0.0,0.0,0.0
2020-08-25T02:42:16.797000Z,2020-08-25T02:42:17.119000Z,1054.297,322.0,1540.0,158.922,0.0,0.0,0.0,153.256,6.813205,0.0,0.0,0.0
2020-08-25T02:42:18.795000Z,2020-08-25T02:42:19.193999Z,1593.22,399.0,1540.0,171.966,0.0,0.0,0.0,153.256,6.813205,0.0,0.0,0.0
2020-08-25T02:42:20.799000Z,2020-08-25T02:42:21.065999Z,740.562,267.0,1540.0,156.305,0.0,0.0,0.0,153.256,7.00493,0.0,0.0,0.0
2020-08-25T02:42:22.864000Z,2020-08-25T02:42:23.144000Z,786.715,280.0,1538.0,157.375,0.0,0.0,0.0,153.256,7.00493,0.0,0.0,0.0
2020-08-25T02:42:24.800000Z,2020-08-25T02:42:25.092000Z,917.576,292.0,1538.0,162.743,0.0,0.0,0.0,153.256,7.00493,0.0,0.0,0.0
2020-08-25T02:42:26.793000Z,2020-08-25T02:42:27.137999Z,1283.053,345.0,1538.0,157.5,0.0,0.0,0.0,153.256,7.00493,0.0,0.0,0.0
2020-08-25T02:42:28.799000Z,2020-08-25T02:42:29.207000Z,1332.327,408.0,1504.0,167.753,0.0,0.0,0.0,153.256,6.999331,0.0,0.0,0.0
2020-08-25T02:42:30.794000Z,2020-08-25T02:42:31.702000Z,1920.869,908.0,1504.0,160.559,0.0,0.0,0.0,153.256,5.143484,0.0,0.0,0.0
2020-08-25T02:42:32.796000Z,2020-08-25T02:42:33.073999Z,815.815,278.0,1572.0,156.778,0.0,0.0,0.0,153.256,6.857038,0.0,0.0,0.0
2020-08-25T02:42:34.792000Z,2020-08-25T02:42:34.981000Z,168.322,189.0,1572.0,161.765,0.0,0.0,0.0,153.256,6.857038,0.0,0.0,0.0
2020-08-25T02:42:36.796000Z,2020-08-25T02:42:37.116000Z,1116.864,320.0,1570.0,155.279,0.0,0.0,0.0,153.256,6.857038,0.0,0.0,0.0
2020-08-25T02:42:38.796000Z,2020-08-25T02:42:39.198000Z,1674.865,402.0,1570.0,165.849,0.0,0.0,0.0,153.256,6.857038,0.0,0.0,0.0
2020-08-25T02:42:40.792000Z,2020-08-25T02:42:41.216000Z,1815.332,424.0,1572.0,180.621,0.0,0.0,0.0,153.256,6.840755,0.0,0.0,0.0
2020-08-25T02:42:42.797000Z,2020-08-25T02:42:43.464000Z,2508.193,667.0,1572.0,190.851,0.0,0.0,0.0,153.256,6.786078,0.0,0.0,0.0
2020-08-25T02:42:44.801000Z,2020-08-25T02:42:45.745000Z,2194.351,944.0,1538.0,170.817,0.0,0.0,0.0,153.256,1.443393,0.0,0.0,0.0
2020-08-25T02:42:46.804000Z,2020-08-25T02:42:47.549000Z,2326.576,745.0,1544.0,161.414,0.0,0.0,0.0,153.256,6.934422,0.0,0.0,0.0
2020-08-25T02:42:48.794000Z,2020-08-25T02:42:49.475000Z,2337.186,681.0,1526.0,226.315,0.0,0.0,0.0,153.256,1.057137,0.0,0.0,0.0
2020-08-25T02:42:50.797000Z,2020-08-25T02:42:51.431000Z,3155.164,634.0,1516.0,219.267,0.0,0.0,0.0,153.256,1.528363,0.0,0.0,0.0
2020-08-25T02:42:52.798000Z,2020-08-25T02:42:53.287000Z,2161.067,489.0,1500.0,165.61,0.0,0.0,0.0,153.256,6.725267,0.0,0.0,0.0
2020-08-25T02:42:54.346000Z,2020-08-25T02:42:54.825000Z,2195.867,479.0,1520.0,167.785,0.0,0.0,0.0,153.256,7.026883,0.0,0.0,0.0
2020-08-25T02:42:56.343000Z,2020-08-25T02:42:56.793000Z,1944.868,450.0,1520.0,196.394,0.0,0.0,0.0,153.256,6.855364,0.0,0.0,0.0
2020-08-25T02:42:58.275000Z,2020-08-25T02:42:58.455000Z,166.489,180.0,1520.0,163.641,0.0,0.0,0.0,153.256,6.852485,0.0,0.0,0.0
2020-08-25T02:43:00.342000Z,2020-08-25T02:43:00.536000Z,253.021,194.0,1520.0,157.064,0.0,0.0,0.0,153.256,6.852485,0.0,0.0,0.0
2020-08-25T02:43:02.340999Z,2020-08-25T02:43:02.527000Z,183.392,186.0,1520.0,156.271,0.0,0.0,0.0,153.256,6.852485,0.0,0.0,0.0
2020-08-25T02:43:04.343000Z,2020-08-25T02:43:04.529000Z,202.058,186.0,1520.0,155.328,0.0,0.0,0.0,153.256,6.852485,0.0,0.0,0.0
2020-08-25T02:43:06.343000Z,2020-08-25T02:43:06.641000Z,952.831,298.0,1520.0,155.66,0.0,0.0,0.0,153.256,6.852485,0.0,0.0,0.0
2020-08-25T02:43:08.342000Z,2020-08-25T02:43:08.686000Z,1284.351,344.0,1516.0,155.662,0.0,0.0,0.0,153.579,6.852485,0.0,0.0,0.0
2020-08-25T02:43:10.345000Z,2020-08-25T02:43:10.837000Z,2281.302,492.0,1514.0,165.58,0.0,0.0,0.0,153.579,6.923976,0.0,0.0,0.0
2020-08-25T02:43:12.342000Z,2020-08-25T02:43:12.749000Z,1622.447,407.0,1512.0,198.954,0.0,0.0,0.0,153.579,6.841707,0.0,0.0,0.0
2020-08-25T02:43:14.792000Z,2020-08-25T02:43:15.141000Z,1253.257,349.0,1532.0,178.678,0.0,0.0,0.0,153.579,6.836223,0.0,0.0,0.0
2020-08-25T02:43:16.800000Z,2020-08-25T02:43:17.084000Z,857.836,284.0,1532.0,171.509,0.0,0.0,0.0,153.579,6.775019,0.0,0.0,0.0
2020-08-25T02:43:18.800000Z,2020-08-25T02:43:19.127000Z,1165.588,327.0,1532.0,156.826,0.0,0.0,0.0,153.579,6.775019,0.0,0.0,0.0
2020-08-25T02:43:20.797000Z,2020-08-25T02:43:21.134000Z,1237.47,337.0,1532.0,162.545,0.0,0.0,0.0,153.579,7.094553,0.0,0.0,0.0
2020-08-25T02:43:22.804999Z,2020-08-25T02:43:23.213000Z,1538.402,408.0,1532.0,164.168,0.0,0.0,0.0,153.579,6.954338,0.0,0.0,0.0
2020-08-25T02:43:24.793000Z,2020-08-25T02:43:25.545000Z,1655.942,752.0,1534.0,191.421,0.0,0.0,0.0,153.579,6.483099,0.0,0.0,0.0
2020-08-25T02:43:26.799000Z,2020-08-25T02:43:27.176000Z,1491.309,377.0,1518.0,226.128,0.0,0.0,0.0,153.579,0.43035,0.0,0.0,0.0
2020-08-25T02:43:28.804999Z,2020-08-25T02:43:29.281999Z,2135.844,477.0,1518.0,163.593,0.0,0.0,0.0,153.579,6.82214,0.0,0.0,0.0
2020-08-25T02:43:30.793000Z,2020-08-25T02:43:31.169999Z,1507.974,377.0,1524.0,168.313,0.0,0.0,0.0,153.579,6.825358,0.0,0.0,0.0
2020-08-25T02:43:32.803000Z,2020-08-25T02:43:33.113000Z,1015.527,310.0,1516.0,157.66,0.0,0.0,0.0,153.579,6.908173,0.0,0.0,0.0
2020-08-25T02:43:34.797000Z,2020-08-25T02:43:35.009999Z,388.615,213.0,1516.0,166.077,0.0,0.0,0.0,153.579,6.908173,0.0,0.0,0.0
2020-08-25T02:43:36.799000Z,2020-08-25T02:43:37.142000Z,1194.14,343.0,1516.0,156.303,0.0,0.0,0.0,153.579,6.908173,0.0,0.0,0.0
2020-08-25T02:43:38.801000Z,2020-08-25T02:43:39.127000Z,1168.176,326.0,1520.0,164.641,0.0,0.0,0.0,153.579,6.928473,0.0,0.0,0.0
2020-08-25T02:43:40.793000Z,2020-08-25T02:43:41.175000Z,1492.119,382.0,1520.0,161.471,0.0,0.0,0.0,153.579,6.978916,0.0,0.0,0.0
2020-08-25T02:43:42.795000Z,2020-08-25T02:43:43.128000Z,1211.923,333.0,1518.0,159.232,0.0,0.0,0.0,153.579,6.801306,0.0,0.0,0.0
2020-08-25T02:43:44.803000Z,2020-08-25T02:43:45.111000Z,1030.549,308.0,1518.0,162.988,0.0,0.0,0.0,153.579,7.03831,0.0,0.0,0.0
2020-08-25T02:43:46.799000Z,2020-08-25T02:43:47.078000Z,764.817,279.0,1518.0,161.648,0.0,0.0,0.0,153.579,7.03831,0.0,0.0,0.0
2020-08-25T02:43:48.801999Z,2020-08-25T02:43:49.097999Z,927.947,296.0,1518.0,158.46,0.0,0.0,0.0,153.579,7.03831,0.0,0.0,0.0
2020-08-25T02:43:50.799000Z,2020-08-25T02:43:51.151000Z,1304.699,352.0,1518.0,159.388,0.0,0.0,0.0,153.579,7.03831,0.0,0.0,0.0
2020-08-25T02:43:52.801999Z,2020-08-25T02:43:53.116000Z,1053.977,314.0,4.0,168.714,0.0,0.0,0.0,153.579,6.998341,0.0,0.0,0.0
2020-08-25T02:43:54.803000Z,2020-08-25T02:43:55.115000Z,1027.596,312.0,1512.0,160.722,0.0,0.0,0.0,153.579,6.998341,0.0,0.0,0.0
2020-08-25T02:43:56.799000Z,2020-08-25T02:43:57.231000Z,1863.601,432.0,1508.0,155.418,0.0,0.0,0.0,153.579,6.998341,0.0,0.0,0.0
2020-08-25T02:43:58.793000Z,2020-08-25T02:43:59.115000Z,1107.712,322.0,1514.0,185.62,0.0,0.0,0.0,153.579,6.771194,0.0,0.0,0.0
2020-08-25T02:44:00.804999Z,2020-08-25T02:44:01.160000Z,1258.043,355.0,1512.0,161.102,0.0,0.0,0.0,153.579,6.771194,0.0,0.0,0.0
2020-08-25T02:44:02.795000Z,2020-08-25T02:44:03.110000Z,1041.874,315.0,1512.0,166.717,0.0,0.0,0.0,153.579,6.915149,0.0,0.0,0.0
2020-08-25T02:44:04.801000Z,2020-08-25T02:44:05.123000Z,1143.413,322.0,1512.0,161.282,0.0,0.0,0.0,153.579,6.915149,0.0,0.0,0.0
2020-08-25T02:44:06.796000Z,2020-08-25T02:44:07.080000Z,882.975,284.0,1514.0,157.018,0.0,0.0,0.0,153.579,7.010566,0.0,0.0,0.0
2020-08-25T02:44:08.797000Z,2020-08-25T02:44:09.040000Z,602.378,243.0,1514.0,158.115,0.0,0.0,0.0,153.579,7.010566,0.0,0.0,0.0
2020-08-25T02:44:10.804000Z,2020-08-25T02:44:11.071000Z,666.686,267.0,4.0,156.314,0.0,0.0,0.0,153.579,7.010566,0.0,0.0,0.0
2020-08-25T02:44:12.793000Z,2020-08-25T02:44:13.144000Z,1322.233,351.0,1512.0,157.834,0.0,0.0,0.0,153.579,7.010566,0.0,0.0,0.0
2020-08-25T02:44:14.801000Z,2020-08-25T02:44:15.169999Z,1414.008,369.0,1514.0,161.107,0.0,0.0,0.0,153.579,6.933789,0.0,0.0,0.0
2020-08-25T02:44:16.804000Z,2020-08-25T02:44:17.133000Z,1162.203,329.0,1514.0,162.967,0.0,0.0,0.0,153.579,6.878216,0.0,0.0,0.0
2020-08-25T02:44:18.801000Z,2020-08-25T02:44:19.169000Z,1438.996,368.0,1520.0,161.899,0.0,0.0,0.0,153.579,6.953659,0.0,0.0,0.0
2020-08-25T02:44:20.797000Z,2020-08-25T02:44:21.141000Z,1264.599,344.0,1516.0,159.009,0.0,0.0,0.0,153.579,6.838387,0.0,0.0,0.0
2020-08-25T02:44:22.792000Z,2020-08-25T02:44:23.174000Z,1515.391,382.0,1520.0,163.228,0.0,0.0,0.0,153.579,6.977937,0.0,0.0,0.0
2020-08-25T02:44:24.800000Z,2020-08-25T02:44:25.167000Z,1335.115,367.0,1520.0,173.483,0.0,0.0,0.0,153.579,6.917662,0.0,0.0,0.0
2020-08-25T02:44:26.803000Z,2020-08-25T02:44:27.116000Z,1049.882,313.0,1522.0,169.889,0.0,0.0,0.0,153.579,6.936708,0.0,0.0,0.0
2020-08-25T02:44:28.804000Z,2020-08-25T02:44:29.153000Z,1281.342,349.0,1522.0,158.926,0.0,0.0,0.0,153.579,6.936708,0.0,0.0,0.0
2020-08-25T02:44:30.804000Z,2020-08-25T02:44:31.093000Z,899.984,289.0,1522.0,156.754,0.0,0.0,0.0,153.579,6.991115,0.0,0.0,0.0
2020-08-25T02:44:32.798000Z,2020-08-25T02:44:33.140000Z,987.12,342.0,1522.0,158.875,0.0,0.0,0.0,153.579,6.991115,0.0,0.0,0.0
2020-08-25T02:44:34.803000Z,2020-08-25T02:44:35.049999Z,566.451,247.0,1522.0,196.812,0.0,0.0,0.0,153.579,6.991115,0.0,0.0,0.0
2020-08-25T02:44:36.793000Z,2020-08-25T02:44:37.120000Z,1148.596,327.0,1522.0,156.901,0.0,0.0,0.0,153.579,6.991115,0.0,0.0,0.0
2020-08-25T02:44:38.801999Z,2020-08-25T02:44:39.105000Z,822.698,303.0,4.0,161.157,0.0,0.0,0.0,153.579,7.047386,0.0,0.0,0.0
2020-08-25T02:44:40.797000Z,2020-08-25T02:44:41.053000Z,673.53,256.0,1524.0,161.326,0.0,0.0,0.0,153.579,7.047386,0.0,0.0,0.0
2020-08-25T02:44:42.791000Z,2020-08-25T02:44:43.121000Z,1146.667,330.0,1524.0,156.636,0.0,0.0,0.0,153.579,7.047386,0.0,0.0,0.0
2020-08-25T02:44:44.801000Z,2020-08-25T02:44:45.180000Z,1189.363,379.0,1506.0,156.562,0.0,0.0,0.0,153.579,6.917616,0.0,0.0,0.0
2020-08-25T02:44:46.798000Z,2020-08-25T02:44:47.116000Z,1078.801,318.0,1500.0,162.514,0.0,0.0,0.0,153.579,5.171149,0.0,0.0,0.0
2020-08-25T02:44:48.516000Z,2020-08-25T02:44:48.782000Z,752.711,266.0,1500.0,156.688,0.0,0.0,0.0,153.579,5.171149,0.0,0.0,0.0
2020-08-25T02:44:50.593000Z,2020-08-25T02:44:50.902000Z,824.093,309.0,1500.0,157.187,0.0,0.0,0.0,153.579,5.171149,0.0,0.0,0.0
2020-08-25T02:44:52.599000Z,2020-08-25T02:44:52.889000Z,914.076,290.0,1506.0,188.126,0.0,0.0,0.0,153.579,5.171149,0.0,0.0,0.0
2020-08-25T02:44:54.600999Z,2020-08-25T02:44:54.877000Z,830.1,276.0,1506.0,155.303,0.0,0.0,0.0,153.579,5.171149,0.0,0.0,0.0
2020-08-25T02:44:56.593000Z,2020-08-25T02:44:56.917000Z,1027.665,324.0,1506.0,157.419,0.0,0.0,0.0,153.579,5.171149,0.0,0.0,0.0
2020-08-25T02:44:58.595000Z,2020-08-25T02:44:58.908000Z,1080.614,313.0,1512.0,157.707,0.0,0.0,0.0,153.579,5.171149,0.0,0.0,0.0
2020-08-25T02:45:00.600999Z,2020-08-25T02:45:00.871000Z,787.016,270.0,1512.0,159.267,0.0,0.0,0.0,153.579,5.171149,0.0,0.0,0.0
2020-08-25T02:45:02.592000Z,2020-08-25T02:45:02.902000Z,873.114,310.0,1510.0,157.107,0.0,0.0,0.0,153.579,5.171149,0.0,0.0,0.0
2020-08-25T02:45:04.598000Z,2020-08-25T02:45:04.861000Z,745.33,263.0,1510.0,157.819,0.0,0.0,0.0,153.579,5.171149,0.0,0.0,0.0
2020-08-25T02:45:06.600000Z,2020-08-25T02:45:06.869000Z,777.893,269.0,1508.0,156.666,0.0,0.0,0.0,153.579,5.171149,0.0,0.0,0.0
2020-08-25T02:45:08.603000Z,2020-08-25T02:45:08.918000Z,827.74,315.0,1508.0,156.312,0.0,0.0,0.0,153.579,5.171149,0.0,0.0,0.0
2020-08-25T02:45:10.604000Z,2020-08-25T02:45:10.852000Z,641.666,248.0,1508.0,193.222,0.0,0.0,0.0,153.579,5.171149,0.0,0.0,0.0
2020-08-25T02:45:12.516000Z,2020-08-25T02:45:12.755000Z,584.138,239.0,1508.0,156.201,0.0,0.0,0.0,153.579,5.171149,0.0,0.0,0.0
2020-08-25T02:45:14.604000Z,2020-08-25T02:45:14.911000Z,822.942,307.0,1508.0,156.561,0.0,0.0,0.0,153.579,5.171149,0.0,0.0,0.0
2020-08-25T02:45:16.599000Z,2020-08-25T02:45:16.886000Z,904.082,287.0,4.0,187.047,0.0,0.0,0.0,153.579,5.171149,0.0,0.0,0.0
2020-08-25T02:45:18.598000Z,2020-08-25T02:45:18.849999Z,660.176,252.0,1502.0,156.053,0.0,0.0,0.0,153.579,5.171149,0.0,0.0,0.0
2020-08-25T02:45:20.603000Z,2020-08-25T02:45:20.880000Z,638.006,277.0,1508.0,156.714,0.0,0.0,0.0,153.579,5.171149,0.0,0.0,0.0
2020-08-25T02:45:22.593000Z,2020-08-25T02:45:22.871000Z,838.616,278.0,1508.0,159.602,0.0,0.0,0.0,153.579,5.171149,0.0,0.0,0.0
