start_time,end_time,size,trans_time,cwnd,rtt,rto,ssthresh,last_snd,min_rtt,delivery_rate,bytes_sent,bytes_retrans,client_trans_time
2020-08-25T01:08:27.651000Z,2020-08-25T01:08:27.947000Z,34.052,296.0,84.0,117.331,0.0,0.0,0.0,61.405,0.847241,0.0,0.0,0.0
2020-08-25T01:08:27.947000Z,2020-08-25T01:08:28.051000Z,30.501,104.0,82.0,126.825,0.0,0.0,0.0,61.405,0.812959,0.0,0.0,0.0
2020-08-25T01:08:28.051000Z,2020-08-25T01:08:28.249000Z,109.287,198.0,82.0,75.431,0.0,0.0,0.0,61.405,0.812959,0.0,0.0,0.0
2020-08-25T01:08:28.248999Z,2020-08-25T01:08:28.537999Z,184.555,289.0,82.0,90.72,0.0,0.0,0.0,61.405,0.791582,0.0,0.0,0.0
2020-08-25T01:08:28.537999Z,2020-08-25T01:08:28.903000Z,250.232,365.0,82.0,72.73,0.0,0.0,0.0,61.405,0.84966,0.0,0.0,0.0
2020-08-25T01:08:28.903000Z,2020-08-25T01:08:29.333000Z,305.162,430.0,84.0,85.65,0.0,0.0,0.0,61.405,0.866075,0.0,0.0,0.0
2020-08-25T01:08:29.334000Z,2020-08-25T01:08:30.165000Z,639.633,831.0,84.0,99.558,0.0,0.0,0.0,61.405,0.801526,0.0,0.0,0.0
2020-08-25T01:08:30.166000Z,2020-08-25T01:08:30.867000Z,533.815,701.0,84.0,107.946,0.0,0.0,0.0,61.405,0.84528,0.0,0.0,0.0
2020-08-25T01:08:30.868000Z,2020-08-25T01:08:31.512000Z,484.172,644.0,84.0,115.528,0.0,0.0,0.0,61.405,0.808753,0.0,0.0,0.0
