start_time,end_time,size,trans_time,cwnd,rtt,rto,ssthresh,last_snd,min_rtt,delivery_rate,bytes_sent,bytes_retrans,client_trans_time
2020-08-25T03:16:32.600999Z,2020-08-25T03:16:32.913999Z,31.198,313.0,90.0,90.798,0.0,0.0,0.0,68.681,0.284438,0.0,0.0,0.0
2020-08-25T03:16:32.915000Z,2020-08-25T03:16:33.143000Z,47.474,228.0,90.0,82.577,0.0,0.0,0.0,68.681,0.675802,0.0,0.0,0.0
2020-08-25T03:16:33.143000Z,2020-08-25T03:16:33.444000Z,80.459,301.0,90.0,84.581,0.0,0.0,0.0,68.681,0.038282,0.0,0.0,0.0
2020-08-25T03:16:33.444000Z,2020-08-25T03:16:33.685000Z,67.81,241.0,88.0,85.674,0.0,0.0,0.0,68.681,0.119535,0.0,0.0,0.0
2020-08-25T03:16:33.685000Z,2020-08-25T03:16:34.150000Z,170.42,465.0,88.0,75.185,0.0,0.0,0.0,68.681,0.47571,0.0,0.0,0.0
2020-08-25T03:16:34.150000Z,2020-08-25T03:16:34.685000Z,256.024,535.0,90.0,82.933,0.0,0.0,0.0,68.681,0.059876,0.0,0.0,0.0
2020-08-25T03:16:34.686000Z,2020-08-25T03:16:35.591000Z,347.183,905.0,90.0,88.456,0.0,0.0,0.0,68.681,0.301571,0.0,0.0,0.0
2020-08-25T03:16:35.592000Z,2020-08-25T03:16:36.411000Z,488.385,819.0,90.0,86.974,0.0,0.0,0.0,68.681,0.235869,0.0,0.0,0.0
2020-08-25T03:16:36.412000Z,2020-08-25T03:16:36.949000Z,227.86,537.0,88.0,80.104,0.0,0.0,0.0,68.681,0.806835,0.0,0.0,0.0
2020-08-25T03:16:36.949000Z,2020-08-25T03:16:37.804000Z,381.933,855.0,88.0,86.586,0.0,0.0,0.0,68.681,0.073983,0.0,0.0,0.0
2020-08-25T03:16:38.202000Z,2020-08-25T03:16:39.075000Z,550.981,873.0,92.0,81.449,0.0,0.0,0.0,68.681,0.239099,0.0,0.0,0.0
2020-08-25T03:16:40.198000Z,2020-08-25T03:16:41.063000Z,495.779,865.0,88.0,77.549,0.0,0.0,0.0,68.681,0.141034,0.0,0.0,0.0
2020-08-25T03:16:42.195000Z,2020-08-25T03:16:42.983000Z,410.2,788.0,88.0,89.157,0.0,0.0,0.0,68.681,0.324148,0.0,0.0,0.0
2020-08-25T03:16:44.211000Z,2020-08-25T03:16:45.209000Z,447.968,998.0,88.0,87.789,0.0,0.0,0.0,68.681,0.392856,0.0,0.0,0.0
2020-08-25T03:16:46.209999Z,2020-08-25T03:16:47.171000Z,544.672,961.0,84.0,87.958,0.0,0.0,0.0,68.681,0.16249,0.0,0.0,0.0
2020-08-25T03:16:48.197000Z,2020-08-25T03:16:49.268000Z,454.564,1071.0,86.0,87.379,0.0,0.0,0.0,68.681,0.430546,0.0,0.0,0.0
2020-08-25T03:16:50.202000Z,2020-08-25T03:16:50.761999Z,295.044,560.0,92.0,77.285,0.0,0.0,0.0,68.681,0.265399,0.0,0.0,0.0
2020-08-25T03:16:52.203000Z,2020-08-25T03:16:52.788000Z,266.421,585.0,92.0,80.342,0.0,0.0,0.0,68.681,0.488516,0.0,0.0,0.0
2020-08-25T03:16:54.200000Z,2020-08-25T03:16:55.412000Z,723.624,1212.0,92.0,81.717,0.0,0.0,0.0,68.681,0.133547,0.0,0.0,0.0
2020-08-25T03:16:56.200000Z,2020-08-25T03:16:58.273000Z,1404.65,2073.0,90.0,87.542,0.0,0.0,0.0,68.681,0.275204,0.0,0.0,0.0
2020-08-25T03:16:58.275000Z,2020-08-25T03:16:59.735000Z,991.024,1460.0,90.0,79.559,0.0,0.0,0.0,68.681,0.073155,0.0,0.0,0.0
2020-08-25T03:17:00.549000Z,2020-08-25T03:17:02.584000Z,1410.471,2035.0000000000002,90.0,77.136,0.0,0.0,0.0,68.681,0.224955,0.0,0.0,0.0
2020-08-25T03:17:02.587000Z,2020-08-25T03:17:04.968000Z,1449.704,2381.0,90.0,77.806,0.0,0.0,0.0,68.681,0.571451,0.0,0.0,0.0
2020-08-25T03:17:04.971000Z,2020-08-25T03:17:06.941000Z,1412.857,1970.0,90.0,84.735,0.0,0.0,0.0,68.681,0.372497,0.0,0.0,0.0
2020-08-25T03:17:06.944000Z,2020-08-25T03:17:10.413000Z,1889.815,3469.0,90.0,90.409,0.0,0.0,0.0,68.681,0.028534,0.0,0.0,0.0
2020-08-25T03:17:10.416000Z,2020-08-25T03:17:12.201000Z,1290.613,1785.0,92.0,89.708,0.0,0.0,0.0,68.681,0.384521,0.0,0.0,0.0
2020-08-25T03:17:12.204000Z,2020-08-25T03:17:14.351000Z,1487.151,2147.0,90.0,82.359,0.0,0.0,0.0,68.681,0.708615,0.0,0.0,0.0
2020-08-25T03:17:14.353000Z,2020-08-25T03:17:16.697000Z,1649.219,2344.0,88.0,78.503,0.0,0.0,0.0,68.681,0.181615,0.0,0.0,0.0
2020-08-25T03:17:16.700000Z,2020-08-25T03:17:19.283000Z,1604.555,2583.0,88.0,80.488,0.0,0.0,0.0,68.681,0.781282,0.0,0.0,0.0
2020-08-25T03:17:19.286000Z,2020-08-25T03:17:21.863000Z,1362.099,2577.0,88.0,87.505,0.0,0.0,0.0,68.681,0.202268,0.0,0.0,0.0
2020-08-25T03:17:21.864000Z,2020-08-25T03:17:22.685000Z,387.559,821.0,90.0,81.073,0.0,0.0,0.0,68.681,0.444231,0.0,0.0,0.0
2020-08-25T03:17:22.687000Z,2020-08-25T03:17:24.197000Z,987.909,1510.0,90.0,78.748,0.0,0.0,0.0,68.681,0.77087,0.0,0.0,0.0
2020-08-25T03:17:24.198000Z,2020-08-25T03:17:24.744000Z,302.461,546.0,90.0,76.083,0.0,0.0,0.0,68.681,0.796265,0.0,0.0,0.0
2020-08-25T03:17:24.745000Z,2020-08-25T03:17:25.612000Z,496.005,867.0,90.0,87.378,0.0,0.0,0.0,68.681,0.271574,0.0,0.0,0.0
2020-08-25T03:17:26.208000Z,2020-08-25T03:17:27.344000Z,648.68,1136.0,90.0,84.214,0.0,0.0,0.0,68.681,0.307529,0.0,0.0,0.0
2020-08-25T03:17:28.203000Z,2020-08-25T03:17:29.767000Z,1027.008,1564.0,88.0,84.165,0.0,0.0,0.0,68.681,0.156461,0.0,0.0,0.0
2020-08-25T03:17:30.203000Z,2020-08-25T03:17:32.108000Z,1306.688,1905.0,90.0,77.016,0.0,0.0,0.0,68.681,0.096395,0.0,0.0,0.0
2020-08-25T03:17:32.207000Z,2020-08-25T03:17:35.336000Z,2289.077,3129.0,90.0,81.794,0.0,0.0,0.0,68.681,0.183974,0.0,0.0,0.0
2020-08-25T03:17:35.339000Z,2020-08-25T03:17:37.839000Z,1684.991,2500.0,88.0,80.718,0.0,0.0,0.0,68.681,0.414079,0.0,0.0,0.0
2020-08-25T03:17:37.840000Z,2020-08-25T03:17:38.873000Z,647.454,1033.0,86.0,80.887,0.0,0.0,0.0,68.681,0.018222,0.0,0.0,0.0
2020-08-25T03:17:38.876000Z,2020-08-25T03:17:41.443000Z,1860.163,2567.0,90.0,82.008,0.0,0.0,0.0,68.681,0.790508,0.0,0.0,0.0
2020-08-25T03:17:41.445000Z,2020-08-25T03:17:43.221000Z,1051.485,1776.0,4.0,81.605,0.0,0.0,0.0,68.681,0.223948,0.0,0.0,0.0
2020-08-25T03:17:43.222000Z,2020-08-25T03:17:44.277000Z,656.652,1055.0,90.0,81.295,0.0,0.0,0.0,68.681,0.630629,0.0,0.0,0.0
2020-08-25T03:17:44.280000Z,2020-08-25T03:17:46.313999Z,1419.814,2033.9999999999998,88.0,82.686,0.0,0.0,0.0,68.681,0.659205,0.0,0.0,0.0
2020-08-25T03:17:46.318000Z,2020-08-25T03:17:48.959000Z,1905.081,2641.0,90.0,86.878,0.0,0.0,0.0,68.681,0.240004,0.0,0.0,0.0
2020-08-25T03:17:48.961000Z,2020-08-25T03:17:50.617000Z,1114.608,1656.0,90.0,80.151,0.0,0.0,0.0,68.681,0.5872,0.0,0.0,0.0
2020-08-25T03:17:50.619000Z,2020-08-25T03:17:52.416000Z,1230.349,1797.0,90.0,77.779,0.0,0.0,0.0,68.681,0.020555,0.0,0.0,0.0
2020-08-25T03:17:52.419000Z,2020-08-25T03:17:55.105999Z,2033.356,2687.0,88.0,79.19,0.0,0.0,0.0,68.681,0.813857,0.0,0.0,0.0
2020-08-25T03:17:55.108000Z,2020-08-25T03:17:56.407000Z,845.947,1299.0,88.0,72.716,0.0,0.0,0.0,68.681,0.778738,0.0,0.0,0.0
2020-08-25T03:17:56.409000Z,2020-08-25T03:17:58.808000Z,1142.837,2399.0,90.0,77.082,0.0,0.0,0.0,68.681,0.813431,0.0,0.0,0.0
2020-08-25T03:17:58.810000Z,2020-08-25T03:18:00.900000Z,1381.838,2090.0,90.0,80.547,0.0,0.0,0.0,68.681,0.807454,0.0,0.0,0.0
2020-08-25T03:18:00.902000Z,2020-08-25T03:18:02.553000Z,1132.061,1651.0,92.0,86.972,0.0,0.0,0.0,68.681,0.166707,0.0,0.0,0.0
2020-08-25T03:18:02.554000Z,2020-08-25T03:18:03.557000Z,456.542,1002.9999999999999,90.0,73.696,0.0,0.0,0.0,68.681,0.018091,0.0,0.0,0.0
2020-08-25T03:18:04.195000Z,2020-08-25T03:18:05.125000Z,532.199,930.0,90.0,88.963,0.0,0.0,0.0,68.681,0.092531,0.0,0.0,0.0
2020-08-25T03:18:06.201000Z,2020-08-25T03:18:07.403000Z,578.653,1202.0,90.0,75.909,0.0,0.0,0.0,68.681,0.139152,0.0,0.0,0.0
2020-08-25T03:18:08.203000Z,2020-08-25T03:18:10.065999Z,1318.689,1863.0,90.0,74.239,0.0,0.0,0.0,68.681,0.838717,0.0,0.0,0.0
2020-08-25T03:18:10.206000Z,2020-08-25T03:18:11.688000Z,1015.494,1482.0,88.0,94.984,0.0,0.0,0.0,68.681,0.101588,0.0,0.0,0.0
2020-08-25T03:18:12.207000Z,2020-08-25T03:18:13.835000Z,1077.462,1628.0,90.0,79.055,0.0,0.0,0.0,68.681,0.148583,0.0,0.0,0.0
2020-08-25T03:18:14.204000Z,2020-08-25T03:18:15.209999Z,552.14,1006.0,90.0,83.168,0.0,0.0,0.0,68.681,0.367547,0.0,0.0,0.0
2020-08-25T03:18:16.206000Z,2020-08-25T03:18:18.857000Z,1571.367,2651.0,86.0,86.008,0.0,0.0,0.0,68.681,0.153987,0.0,0.0,0.0
2020-08-25T03:18:18.859000Z,2020-08-25T03:18:20.572000Z,1157.877,1713.0,90.0,85.997,0.0,0.0,0.0,68.681,0.063712,0.0,0.0,0.0
2020-08-25T03:18:20.573000Z,2020-08-25T03:18:21.804000Z,746.587,1231.0,90.0,87.153,0.0,0.0,0.0,68.681,0.084927,0.0,0.0,0.0
2020-08-25T03:18:22.200000Z,2020-08-25T03:18:23.206000Z,645.03,1006.0,90.0,81.063,0.0,0.0,0.0,68.681,0.336844,0.0,0.0,0.0
2020-08-25T03:18:24.208000Z,2020-08-25T03:18:26.741000Z,825.74,2533.0,90.0,79.137,0.0,0.0,0.0,68.681,0.111895,0.0,0.0,0.0
2020-08-25T03:18:26.859000Z,2020-08-25T03:18:28.464000Z,1068.585,1605.0,88.0,86.535,0.0,0.0,0.0,68.681,0.086989,0.0,0.0,0.0
2020-08-25T03:18:28.467000Z,2020-08-25T03:18:31.337999Z,1856.76,2871.0,90.0,77.798,0.0,0.0,0.0,68.681,0.204171,0.0,0.0,0.0
2020-08-25T03:18:31.340000Z,2020-08-25T03:18:33.857000Z,1814.526,2517.0,88.0,92.167,0.0,0.0,0.0,68.681,0.353371,0.0,0.0,0.0
2020-08-25T03:18:33.857999Z,2020-08-25T03:18:35.385000Z,1013.779,1527.0,90.0,87.96,0.0,0.0,0.0,68.681,0.036541,0.0,0.0,0.0
2020-08-25T03:18:35.388000Z,2020-08-25T03:18:37.800000Z,1781.998,2412.0,88.0,89.701,0.0,0.0,0.0,68.681,0.304483,0.0,0.0,0.0
2020-08-25T03:18:37.801000Z,2020-08-25T03:18:39.115000Z,888.215,1314.0,90.0,83.999,0.0,0.0,0.0,68.681,0.423604,0.0,0.0,0.0
2020-08-25T03:18:39.116999Z,2020-08-25T03:18:40.513000Z,922.177,1396.0,90.0,85.57,0.0,0.0,0.0,68.681,0.41608,0.0,0.0,0.0
2020-08-25T03:18:40.514000Z,2020-08-25T03:18:42.102000Z,700.342,1588.0,90.0,79.112,0.0,0.0,0.0,68.681,0.128221,0.0,0.0,0.0
2020-08-25T03:18:42.203000Z,2020-08-25T03:18:43.556000Z,868.804,1353.0,90.0,89.298,0.0,0.0,0.0,68.681,0.36109,0.0,0.0,0.0
2020-08-25T03:18:44.202000Z,2020-08-25T03:18:45.733000Z,720.058,1531.0,88.0,79.282,0.0,0.0,0.0,68.681,0.528673,0.0,0.0,0.0
2020-08-25T03:18:46.209999Z,2020-08-25T03:18:47.936000Z,1161.272,1726.0,90.0,85.762,0.0,0.0,0.0,68.681,0.400481,0.0,0.0,0.0
2020-08-25T03:18:48.212999Z,2020-08-25T03:18:49.528000Z,889.816,1315.0,88.0,88.522,0.0,0.0,0.0,68.681,0.360545,0.0,0.0,0.0
2020-08-25T03:18:50.204000Z,2020-08-25T03:18:50.976000Z,468.487,772.0,88.0,75.93,0.0,0.0,0.0,68.681,0.16528,0.0,0.0,0.0
2020-08-25T03:18:52.200000Z,2020-08-25T03:18:53.513999Z,914.138,1314.0,90.0,80.251,0.0,0.0,0.0,68.681,0.79471,0.0,0.0,0.0
2020-08-25T03:18:54.208000Z,2020-08-25T03:18:55.608000Z,898.412,1400.0,92.0,79.529,0.0,0.0,0.0,68.681,0.168005,0.0,0.0,0.0
2020-08-25T03:18:56.217000Z,2020-08-25T03:18:58.031000Z,1302.128,1814.0,88.0,78.752,0.0,0.0,0.0,68.681,0.07016,0.0,0.0,0.0
2020-08-25T03:18:58.207000Z,2020-08-25T03:18:59.123000Z,581.391,916.0,92.0,74.169,0.0,0.0,0.0,68.681,0.398751,0.0,0.0,0.0
2020-08-25T03:19:00.211000Z,2020-08-25T03:19:00.992000Z,435.038,781.0,88.0,78.492,0.0,0.0,0.0,68.681,0.700889,0.0,0.0,0.0
2020-08-25T03:19:02.204000Z,2020-08-25T03:19:03.289000Z,665.304,1085.0,90.0,87.849,0.0,0.0,0.0,68.681,0.148686,0.0,0.0,0.0
2020-08-25T03:19:04.993000Z,2020-08-25T03:19:06.277000Z,876.787,1284.0,90.0,88.813,0.0,0.0,0.0,68.681,0.113092,0.0,0.0,0.0
2020-08-25T03:19:06.278000Z,2020-08-25T03:19:07.580000Z,820.841,1302.0,92.0,78.432,0.0,0.0,0.0,68.681,0.638505,0.0,0.0,0.0
2020-08-25T03:19:08.212000Z,2020-08-25T03:19:09.428000Z,672.753,1216.0,88.0,82.255,0.0,0.0,0.0,68.681,0.227921,0.0,0.0,0.0
2020-08-25T03:19:10.205000Z,2020-08-25T03:19:11.128000Z,565.403,923.0,90.0,86.337,0.0,0.0,0.0,68.681,0.120718,0.0,0.0,0.0
2020-08-25T03:19:12.205000Z,2020-08-25T03:19:13.229000Z,704.504,1024.0,92.0,77.835,0.0,0.0,0.0,68.681,0.276705,0.0,0.0,0.0
2020-08-25T03:19:14.573000Z,2020-08-25T03:19:17.060000Z,1336.659,2487.0,94.0,76.493,0.0,0.0,0.0,68.681,0.655771,0.0,0.0,0.0
2020-08-25T03:19:17.060999Z,2020-08-25T03:19:18.228000Z,790.037,1167.0,90.0,87.379,0.0,0.0,0.0,68.681,0.393373,0.0,0.0,0.0
2020-08-25T03:19:18.228999Z,2020-08-25T03:19:18.731000Z,162.378,502.0,90.0,76.741,0.0,0.0,0.0,68.681,0.537181,0.0,0.0,0.0
2020-08-25T03:19:20.215000Z,2020-08-25T03:19:20.841999Z,273.262,627.0,90.0,77.489,0.0,0.0,0.0,68.681,0.017994,0.0,0.0,0.0
2020-08-25T03:19:22.211000Z,2020-08-25T03:19:23.785999Z,1111.111,1575.0,88.0,78.62,0.0,0.0,0.0,68.681,0.05543,0.0,0.0,0.0
2020-08-25T03:19:24.206000Z,2020-08-25T03:19:26.151000Z,1062.369,1945.0,92.0,75.827,0.0,0.0,0.0,68.681,0.134599,0.0,0.0,0.0
2020-08-25T03:19:26.228000Z,2020-08-25T03:19:26.833000Z,281.263,605.0,92.0,90.133,0.0,0.0,0.0,68.681,0.27741,0.0,0.0,0.0
2020-08-25T03:19:28.215000Z,2020-08-25T03:19:29.048000Z,467.184,833.0,88.0,78.146,0.0,0.0,0.0,68.681,0.1375,0.0,0.0,0.0
2020-08-25T03:19:30.205000Z,2020-08-25T03:19:30.995000Z,441.064,790.0,90.0,81.933,0.0,0.0,0.0,68.681,0.201668,0.0,0.0,0.0
2020-08-25T03:19:32.556000Z,2020-08-25T03:19:33.237000Z,279.198,681.0,90.0,79.958,0.0,0.0,0.0,68.681,0.727227,0.0,0.0,0.0
2020-08-25T03:19:34.212000Z,2020-08-25T03:19:34.773000Z,163.46,561.0,88.0,80.089,0.0,0.0,0.0,68.681,0.498864,0.0,0.0,0.0
2020-08-25T03:19:36.982000Z,2020-08-25T03:19:37.536000Z,231.866,554.0,94.0,85.086,0.0,0.0,0.0,68.681,0.835899,0.0,0.0,0.0
2020-08-25T03:19:38.207000Z,2020-08-25T03:19:38.676000Z,165.909,469.0,88.0,86.427,0.0,0.0,0.0,68.681,0.326211,0.0,0.0,0.0
2020-08-25T03:19:40.207000Z,2020-08-25T03:19:40.748000Z,210.537,541.0,88.0,72.66,0.0,0.0,0.0,68.681,0.073951,0.0,0.0,0.0
2020-08-25T03:19:42.219000Z,2020-08-25T03:19:42.679000Z,137.854,460.0,88.0,77.831,0.0,0.0,0.0,68.681,0.128239,0.0,0.0,0.0
2020-08-25T03:19:44.206000Z,2020-08-25T03:19:44.814000Z,321.478,608.0,88.0,87.234,0.0,0.0,0.0,68.681,0.033939,0.0,0.0,0.0
2020-08-25T03:19:46.202000Z,2020-08-25T03:19:46.622000Z,193.675,420.0,88.0,87.438,0.0,0.0,0.0,68.681,0.497272,0.0,0.0,0.0
2020-08-25T03:19:48.208000Z,2020-08-25T03:19:48.760000Z,236.147,552.0,88.0,89.579,0.0,0.0,0.0,68.681,0.133242,0.0,0.0,0.0
2020-08-25T03:19:50.212000Z,2020-08-25T03:19:50.668000Z,198.27,456.0,90.0,81.59,0.0,0.0,0.0,68.681,0.391592,0.0,0.0,0.0
2020-08-25T03:19:52.215000Z,2020-08-25T03:19:52.657999Z,196.906,443.0,90.0,89.824,0.0,0.0,0.0,68.681,0.140837,0.0,0.0,0.0
2020-08-25T03:19:54.215000Z,2020-08-25T03:19:55.364000Z,488.472,1149.0,88.0,81.714,0.0,0.0,0.0,68.681,0.430541,0.0,0.0,0.0
2020-08-25T03:19:56.211000Z,2020-08-25T03:19:57.536000Z,550.553,1325.0,88.0,89.001,0.0,0.0,0.0,68.681,0.073754,0.0,0.0,0.0
2020-08-25T03:19:58.458000Z,2020-08-25T03:19:59.371000Z,429.731,913.0,88.0,88.692,0.0,0.0,0.0,68.681,0.319307,0.0,0.0,0.0
2020-08-25T03:20:00.455000Z,2020-08-25T03:20:01.886000Z,917.811,1431.0,88.0,76.612,0.0,0.0,0.0,68.681,0.559372,0.0,0.0,0.0
2020-08-25T03:20:02.462000Z,2020-08-25T03:20:03.911000Z,928.209,1449.0,88.0,88.536,0.0,0.0,0.0,68.681,0.256963,0.0,0.0,0.0
2020-08-25T03:20:04.462000Z,2020-08-25T03:20:05.873000Z,666.519,1411.0,88.0,87.361,0.0,0.0,0.0,68.681,0.278942,0.0,0.0,0.0
2020-08-25T03:20:06.465999Z,2020-08-25T03:20:07.780000Z,823.202,1314.0,90.0,89.489,0.0,0.0,0.0,68.681,0.162017,0.0,0.0,0.0
2020-08-25T03:20:08.471000Z,2020-08-25T03:20:10.101000Z,735.738,1630.0,88.0,84.491,0.0,0.0,0.0,68.681,0.128016,0.0,0.0,0.0
2020-08-25T03:20:10.457000Z,2020-08-25T03:20:11.847000Z,909.471,1390.0,90.0,93.316,0.0,0.0,0.0,68.681,0.024658,0.0,0.0,0.0
2020-08-25T03:20:12.461000Z,2020-08-25T03:20:14.294000Z,1083.879,1833.0,90.0,86.263,0.0,0.0,0.0,68.681,0.420749,0.0,0.0,0.0
2020-08-25T03:20:14.462000Z,2020-08-25T03:20:16.649000Z,1551.247,2187.0,90.0,86.112,0.0,0.0,0.0,68.681,0.481892,0.0,0.0,0.0
2020-08-25T03:20:16.651000Z,2020-08-25T03:20:18.696000Z,1493.996,2045.0,90.0,78.841,0.0,0.0,0.0,68.681,0.092285,0.0,0.0,0.0
2020-08-25T03:20:18.697000Z,2020-08-25T03:20:19.752000Z,648.998,1055.0,90.0,80.305,0.0,0.0,0.0,68.681,0.777241,0.0,0.0,0.0
2020-08-25T03:20:20.566000Z,2020-08-25T03:20:21.324000Z,369.079,758.0,90.0,81.58,0.0,0.0,0.0,68.681,0.559952,0.0,0.0,0.0
2020-08-25T03:20:22.467000Z,2020-08-25T03:20:24.157000Z,886.82,1690.0,90.0,74.689,0.0,0.0,0.0,68.681,0.811987,0.0,0.0,0.0
2020-08-25T03:20:24.467000Z,2020-08-25T03:20:26.104000Z,1155.603,1637.0,90.0,80.041,0.0,0.0,0.0,68.681,0.3616,0.0,0.0,0.0
2020-08-25T03:20:26.461000Z,2020-08-25T03:20:29.710000Z,2431.156,3249.0,90.0,78.423,0.0,0.0,0.0,68.681,0.338093,0.0,0.0,0.0
2020-08-25T03:20:29.712999Z,2020-08-25T03:20:32.000000Z,1330.701,2287.0,90.0,74.853,0.0,0.0,0.0,68.681,0.224307,0.0,0.0,0.0
2020-08-25T03:20:32.003000Z,2020-08-25T03:20:33.686000Z,1160.931,1683.0,90.0,86.712,0.0,0.0,0.0,68.681,0.289484,0.0,0.0,0.0
2020-08-25T03:20:33.688000Z,2020-08-25T03:20:35.247000Z,1098.253,1559.0,92.0,75.858,0.0,0.0,0.0,68.681,0.168716,0.0,0.0,0.0
2020-08-25T03:20:35.248000Z,2020-08-25T03:20:35.837000Z,289.526,589.0,90.0,77.331,0.0,0.0,0.0,68.681,0.640891,0.0,0.0,0.0
2020-08-25T03:20:36.458000Z,2020-08-25T03:20:36.900000Z,194.828,442.0,90.0,73.648,0.0,0.0,0.0,68.681,0.638597,0.0,0.0,0.0
2020-08-25T03:20:38.461000Z,2020-08-25T03:20:39.248000Z,435.582,787.0,90.0,87.555,0.0,0.0,0.0,68.681,0.227717,0.0,0.0,0.0
2020-08-25T03:20:40.468999Z,2020-08-25T03:20:42.373000Z,1239.186,1904.0,90.0,72.476,0.0,0.0,0.0,68.681,0.145839,0.0,0.0,0.0
2020-08-25T03:20:42.375000Z,2020-08-25T03:20:43.853000Z,993.831,1478.0,86.0,81.951,0.0,0.0,0.0,68.681,0.191396,0.0,0.0,0.0
2020-08-25T03:20:44.465000Z,2020-08-25T03:20:45.367000Z,315.924,902.0,86.0,88.553,0.0,0.0,0.0,68.681,0.163418,0.0,0.0,0.0
2020-08-25T03:20:46.458000Z,2020-08-25T03:20:47.377999Z,516.613,920.0,4.0,73.46,0.0,0.0,0.0,68.681,0.8052,0.0,0.0,0.0
2020-08-25T03:20:48.465999Z,2020-08-25T03:20:49.838000Z,919.436,1372.0,92.0,75.674,0.0,0.0,0.0,68.681,0.057193,0.0,0.0,0.0
2020-08-25T03:20:50.461000Z,2020-08-25T03:20:51.644000Z,741.03,1183.0,90.0,87.197,0.0,0.0,0.0,68.681,0.42263,0.0,0.0,0.0
2020-08-25T03:20:53.062000Z,2020-08-25T03:20:54.095000Z,638.557,1033.0,92.0,82.788,0.0,0.0,0.0,68.681,0.011479,0.0,0.0,0.0
2020-08-25T03:20:54.463000Z,2020-08-25T03:20:55.732000Z,852.282,1269.0,94.0,78.576,0.0,0.0,0.0,68.681,0.118234,0.0,0.0,0.0
2020-08-25T03:20:56.462000Z,2020-08-25T03:20:57.211000Z,420.17,749.0,94.0,78.497,0.0,0.0,0.0,68.681,0.488039,0.0,0.0,0.0
2020-08-25T03:20:58.458000Z,2020-08-25T03:20:59.631000Z,321.365,1173.0,92.0,84.386,0.0,0.0,0.0,68.681,0.39621,0.0,0.0,0.0
2020-08-25T03:21:00.470000Z,2020-08-25T03:21:01.089999Z,300.566,620.0,92.0,87.521,0.0,0.0,0.0,68.681,0.280299,0.0,0.0,0.0
2020-08-25T03:21:02.462000Z,2020-08-25T03:21:03.739000Z,353.74,1277.0,90.0,75.495,0.0,0.0,0.0,68.681,0.578244,0.0,0.0,0.0
2020-08-25T03:21:04.463000Z,2020-08-25T03:21:05.171000Z,426.837,708.0,92.0,88.836,0.0,0.0,0.0,68.681,0.14872,0.0,0.0,0.0
2020-08-25T03:21:06.463000Z,2020-08-25T03:21:08.079000Z,740.25,1616.0,90.0,79.087,0.0,0.0,0.0,68.681,0.75525,0.0,0.0,0.0
2020-08-25T03:21:08.459000Z,2020-08-25T03:21:10.345000Z,1318.819,1886.0,90.0,82.22,0.0,0.0,0.0,68.681,0.137537,0.0,0.0,0.0
2020-08-25T03:21:10.348000Z,2020-08-25T03:21:12.046000Z,1166.685,1698.0,92.0,78.418,0.0,0.0,0.0,68.681,0.092429,0.0,0.0,0.0
2020-08-25T03:21:12.462000Z,2020-08-25T03:21:12.865999Z,193.548,404.0,90.0,80.158,0.0,0.0,0.0,68.681,0.495408,0.0,0.0,0.0
2020-08-25T03:21:14.576000Z,2020-08-25T03:21:15.358000Z,436.07,782.0,92.0,84.541,0.0,0.0,0.0,68.704,0.091172,0.0,0.0,0.0
2020-08-25T03:21:16.468999Z,2020-08-25T03:21:17.344000Z,531.576,875.0,92.0,83.788,0.0,0.0,0.0,68.704,0.094896,0.0,0.0,0.0
2020-08-25T03:21:18.465000Z,2020-08-25T03:21:18.953000Z,238.996,488.0,94.0,76.878,0.0,0.0,0.0,68.704,0.133333,0.0,0.0,0.0
2020-08-25T03:21:20.463000Z,2020-08-25T03:21:21.228000Z,436.035,765.0,94.0,74.838,0.0,0.0,0.0,68.704,0.059248,0.0,0.0,0.0
2020-08-25T03:21:22.462000Z,2020-08-25T03:21:23.705000Z,858.637,1243.0,96.0,73.517,0.0,0.0,0.0,68.704,0.256366,0.0,0.0,0.0
2020-08-25T03:21:24.467000Z,2020-08-25T03:21:25.366000Z,572.711,899.0,94.0,74.739,0.0,0.0,0.0,68.704,0.196424,0.0,0.0,0.0
2020-08-25T03:21:26.465000Z,2020-08-25T03:21:27.104000Z,326.699,639.0,96.0,73.04,0.0,0.0,0.0,68.704,0.416827,0.0,0.0,0.0
2020-08-25T03:21:28.464000Z,2020-08-25T03:21:29.109000Z,335.453,645.0,94.0,73.711,0.0,0.0,0.0,68.704,0.178295,0.0,0.0,0.0
2020-08-25T03:21:30.459000Z,2020-08-25T03:21:31.030000Z,347.717,571.0,98.0,70.314,0.0,0.0,0.0,68.704,0.144255,0.0,0.0,0.0
2020-08-25T03:21:32.456000Z,2020-08-25T03:21:33.073000Z,297.999,617.0,98.0,71.441,0.0,0.0,0.0,68.704,0.185887,0.0,0.0,0.0
2020-08-25T03:21:34.454000Z,2020-08-25T03:21:35.905000Z,1034.788,1451.0,98.0,76.409,0.0,0.0,0.0,68.704,0.068466,0.0,0.0,0.0
2020-08-25T03:21:36.451000Z,2020-08-25T03:21:37.912000Z,951.997,1461.0,98.0,70.448,0.0,0.0,0.0,68.704,0.708608,0.0,0.0,0.0
2020-08-25T03:21:38.447000Z,2020-08-25T03:21:39.676000Z,876.873,1229.0,98.0,82.659,0.0,0.0,0.0,68.704,0.285479,0.0,0.0,0.0
2020-08-25T03:21:40.446000Z,2020-08-25T03:21:41.616000Z,825.958,1170.0,98.0,70.383,0.0,0.0,0.0,68.704,0.247616,0.0,0.0,0.0
2020-08-25T03:21:42.446000Z,2020-08-25T03:21:43.537000Z,740.698,1091.0,100.0,77.202,0.0,0.0,0.0,68.704,0.180781,0.0,0.0,0.0
2020-08-25T03:21:44.447000Z,2020-08-25T03:21:45.608000Z,811.806,1161.0,100.0,70.614,0.0,0.0,0.0,68.704,0.12448,0.0,0.0,0.0
2020-08-25T03:21:46.448000Z,2020-08-25T03:21:47.380000Z,657.805,932.0,98.0,70.567,0.0,0.0,0.0,68.704,0.188106,0.0,0.0,0.0
2020-08-25T03:21:48.447000Z,2020-08-25T03:21:49.525000Z,585.815,1078.0,100.0,70.341,0.0,0.0,0.0,68.704,0.040707,0.0,0.0,0.0
2020-08-25T03:21:50.449999Z,2020-08-25T03:21:51.185000Z,465.503,735.0,98.0,81.505,0.0,0.0,0.0,68.704,0.302032,0.0,0.0,0.0
2020-08-25T03:21:52.449999Z,2020-08-25T03:21:53.363000Z,602.155,913.0,96.0,71.763,0.0,0.0,0.0,68.704,0.183569,0.0,0.0,0.0
2020-08-25T03:21:54.444000Z,2020-08-25T03:21:55.525000Z,731.529,1081.0,98.0,76.53,0.0,0.0,0.0,68.704,0.406416,0.0,0.0,0.0
2020-08-25T03:21:56.443000Z,2020-08-25T03:21:57.597000Z,822.869,1154.0,98.0,76.513,0.0,0.0,0.0,68.704,0.122344,0.0,0.0,0.0
2020-08-25T03:21:58.443000Z,2020-08-25T03:21:59.577999Z,840.441,1135.0,98.0,69.865,0.0,0.0,0.0,68.704,0.373682,0.0,0.0,0.0
2020-08-25T03:22:00.440000Z,2020-08-25T03:22:01.313999Z,675.545,874.0,98.0,76.862,0.0,0.0,0.0,68.704,0.186937,0.0,0.0,0.0
2020-08-25T03:22:02.435000Z,2020-08-25T03:22:03.668000Z,869.998,1233.0,98.0,70.809,0.0,0.0,0.0,68.704,0.895073,0.0,0.0,0.0
2020-08-25T03:22:04.433999Z,2020-08-25T03:22:05.576000Z,803.994,1142.0,100.0,73.231,0.0,0.0,0.0,68.704,0.629027,0.0,0.0,0.0
2020-08-25T03:22:06.435000Z,2020-08-25T03:22:07.356000Z,628.179,921.0,100.0,74.003,0.0,0.0,0.0,68.704,0.110369,0.0,0.0,0.0
2020-08-25T03:22:08.435000Z,2020-08-25T03:22:09.347000Z,684.339,912.0,100.0,69.525,0.0,0.0,0.0,68.704,0.290863,0.0,0.0,0.0
2020-08-25T03:22:10.433999Z,2020-08-25T03:22:11.157000Z,538.838,723.0,100.0,78.368,0.0,0.0,0.0,68.704,0.34848,0.0,0.0,0.0
2020-08-25T03:22:12.435000Z,2020-08-25T03:22:13.716000Z,930.082,1281.0,98.0,69.832,0.0,0.0,0.0,68.704,0.167498,0.0,0.0,0.0
2020-08-25T03:22:14.437000Z,2020-08-25T03:22:16.152000Z,1203.686,1715.0,100.0,70.452,0.0,0.0,0.0,68.704,0.104507,0.0,0.0,0.0
2020-08-25T03:22:16.443000Z,2020-08-25T03:22:17.884000Z,1054.915,1441.0,98.0,77.108,0.0,0.0,0.0,68.704,0.145858,0.0,0.0,0.0
2020-08-25T03:22:18.439000Z,2020-08-25T03:22:19.756000Z,945.752,1317.0,98.0,69.871,0.0,0.0,0.0,68.704,0.062699,0.0,0.0,0.0
2020-08-25T03:22:20.441000Z,2020-08-25T03:22:21.661000Z,861.373,1220.0,98.0,76.219,0.0,0.0,0.0,68.704,0.119946,0.0,0.0,0.0
2020-08-25T03:22:22.444000Z,2020-08-25T03:22:23.509000Z,804.03,1065.0,98.0,77.494,0.0,0.0,0.0,68.704,0.041083,0.0,0.0,0.0
2020-08-25T03:22:24.445000Z,2020-08-25T03:22:25.517000Z,768.655,1072.0,98.0,78.502,0.0,0.0,0.0,68.704,0.297977,0.0,0.0,0.0
2020-08-25T03:22:26.444000Z,2020-08-25T03:22:27.309000Z,543.896,865.0,100.0,70.692,0.0,0.0,0.0,68.704,0.901194,0.0,0.0,0.0
2020-08-25T03:22:28.445000Z,2020-08-25T03:22:28.931000Z,275.533,486.0,98.0,76.156,0.0,0.0,0.0,68.704,0.041475,0.0,0.0,0.0
2020-08-25T03:22:30.446000Z,2020-08-25T03:22:31.037000Z,321.251,591.0,98.0,77.007,0.0,0.0,0.0,68.704,0.121069,0.0,0.0,0.0
2020-08-25T03:22:32.448000Z,2020-08-25T03:22:33.365000Z,579.844,917.0,98.0,71.498,0.0,0.0,0.0,68.704,0.871202,0.0,0.0,0.0
2020-08-25T03:22:34.447000Z,2020-08-25T03:22:35.217000Z,543.234,770.0,98.0,71.56,0.0,0.0,0.0,68.704,0.060759,0.0,0.0,0.0
2020-08-25T03:22:36.447000Z,2020-08-25T03:22:36.937000Z,302.152,490.0,96.0,79.028,0.0,0.0,0.0,68.704,0.385718,0.0,0.0,0.0
2020-08-25T03:22:38.449000Z,2020-08-25T03:22:39.350000Z,631.199,901.0,96.0,71.895,0.0,0.0,0.0,68.704,0.652638,0.0,0.0,0.0
2020-08-25T03:22:40.446000Z,2020-08-25T03:22:41.273000Z,535.905,827.0,98.0,79.391,0.0,0.0,0.0,68.704,0.181638,0.0,0.0,0.0
2020-08-25T03:22:42.449000Z,2020-08-25T03:22:44.049999Z,1301.86,1601.0,98.0,76.16,0.0,0.0,0.0,68.704,0.584929,0.0,0.0,0.0
2020-08-25T03:22:44.465000Z,2020-08-25T03:22:45.629000Z,811.805,1164.0,98.0,71.73,0.0,0.0,0.0,68.704,0.185506,0.0,0.0,0.0
2020-08-25T03:22:46.448000Z,2020-08-25T03:22:48.099000Z,1298.276,1651.0,100.0,70.823,0.0,0.0,0.0,68.704,0.020787,0.0,0.0,0.0
2020-08-25T03:22:48.449000Z,2020-08-25T03:22:50.321000Z,1463.276,1872.0,100.0,71.935,0.0,0.0,0.0,68.704,0.801927,0.0,0.0,0.0
2020-08-25T03:22:50.471000Z,2020-08-25T03:22:51.616000Z,803.19,1145.0,98.0,81.729,0.0,0.0,0.0,68.704,0.113412,0.0,0.0,0.0
2020-08-25T03:22:52.446000Z,2020-08-25T03:22:53.417000Z,668.563,971.0,98.0,70.542,0.0,0.0,0.0,68.704,0.082925,0.0,0.0,0.0
2020-08-25T03:22:54.447000Z,2020-08-25T03:22:56.324000Z,1515.99,1877.0,98.0,74.886,0.0,0.0,0.0,68.704,0.111627,0.0,0.0,0.0
2020-08-25T03:22:56.444000Z,2020-08-25T03:22:57.004000Z,321.3,560.0,98.0,76.168,0.0,0.0,0.0,68.704,0.072933,0.0,0.0,0.0
2020-08-25T03:22:58.437000Z,2020-08-25T03:22:58.872000Z,281.607,435.0,100.0,74.368,0.0,0.0,0.0,68.704,0.697385,0.0,0.0,0.0
2020-08-25T03:23:00.438000Z,2020-08-25T03:23:00.996000Z,323.817,558.0,100.0,69.515,0.0,0.0,0.0,68.704,0.914036,0.0,0.0,0.0
2020-08-25T03:23:02.439000Z,2020-08-25T03:23:03.680000Z,998.757,1241.0,100.0,69.887,0.0,0.0,0.0,68.704,0.883539,0.0,0.0,0.0
2020-08-25T03:23:04.439000Z,2020-08-25T03:23:05.472000Z,795.034,1033.0,98.0,76.697,0.0,0.0,0.0,68.704,0.490843,0.0,0.0,0.0
2020-08-25T03:23:06.438000Z,2020-08-25T03:23:07.392000Z,662.948,954.0,100.0,79.971,0.0,0.0,0.0,68.704,0.421721,0.0,0.0,0.0
2020-08-25T03:23:08.438000Z,2020-08-25T03:23:09.320000Z,587.227,882.0,98.0,79.694,0.0,0.0,0.0,68.704,0.125317,0.0,0.0,0.0
2020-08-25T03:23:10.438000Z,2020-08-25T03:23:11.488000Z,746.585,1050.0,100.0,70.182,0.0,0.0,0.0,68.704,0.202681,0.0,0.0,0.0
2020-08-25T03:23:12.437000Z,2020-08-25T03:23:13.275000Z,646.959,838.0,100.0,70.951,0.0,0.0,0.0,68.704,0.645536,0.0,0.0,0.0
2020-08-25T03:23:14.438000Z,2020-08-25T03:23:15.571000Z,817.972,1133.0,100.0,74.968,0.0,0.0,0.0,68.681,0.206838,0.0,0.0,0.0
2020-08-25T03:23:16.439000Z,2020-08-25T03:23:17.669000Z,967.538,1230.0,98.0,69.155,0.0,0.0,0.0,68.641,0.293958,0.0,0.0,0.0
2020-08-25T03:23:18.439000Z,2020-08-25T03:23:19.575000Z,905.635,1136.0,100.0,75.81,0.0,0.0,0.0,68.641,0.1167,0.0,0.0,0.0
2020-08-25T03:23:20.439000Z,2020-08-25T03:23:21.400000Z,704.559,961.0,100.0,75.806,0.0,0.0,0.0,68.641,0.392053,0.0,0.0,0.0
2020-08-25T03:23:22.439000Z,2020-08-25T03:23:23.316000Z,467.983,877.0,100.0,70.184,0.0,0.0,0.0,68.641,0.060842,0.0,0.0,0.0
2020-08-25T03:23:24.439000Z,2020-08-25T03:23:25.128000Z,507.061,689.0,100.0,78.405,0.0,0.0,0.0,68.641,0.062855,0.0,0.0,0.0
2020-08-25T03:23:26.439000Z,2020-08-25T03:23:27.252000Z,515.311,813.0,100.0,71.664,0.0,0.0,0.0,68.641,0.884609,0.0,0.0,0.0
2020-08-25T03:23:28.439000Z,2020-08-25T03:23:29.483000Z,742.917,1044.0,98.0,70.085,0.0,0.0,0.0,68.641,0.188948,0.0,0.0,0.0
2020-08-25T03:23:30.439000Z,2020-08-25T03:23:31.476000Z,827.207,1037.0,98.0,70.055,0.0,0.0,0.0,68.617,0.628572,0.0,0.0,0.0
2020-08-25T03:23:32.439000Z,2020-08-25T03:23:33.537999Z,887.304,1099.0,98.0,75.468,0.0,0.0,0.0,68.615,0.120277,0.0,0.0,0.0
2020-08-25T03:23:34.439000Z,2020-08-25T03:23:35.587000Z,893.983,1148.0,100.0,74.8,0.0,0.0,0.0,68.615,0.524021,0.0,0.0,0.0
2020-08-25T03:23:36.439000Z,2020-08-25T03:23:37.396000Z,752.023,957.0,98.0,76.866,0.0,0.0,0.0,68.615,0.269478,0.0,0.0,0.0
2020-08-25T03:23:38.439000Z,2020-08-25T03:23:39.560000Z,859.039,1121.0,100.0,70.257,0.0,0.0,0.0,68.615,0.020987,0.0,0.0,0.0
2020-08-25T03:23:40.440000Z,2020-08-25T03:23:40.995000Z,318.842,555.0,100.0,69.562,0.0,0.0,0.0,68.615,0.462082,0.0,0.0,0.0
2020-08-25T03:23:42.440000Z,2020-08-25T03:23:43.228000Z,589.284,788.0,98.0,75.113,0.0,0.0,0.0,68.615,0.120311,0.0,0.0,0.0
2020-08-25T03:23:44.440000Z,2020-08-25T03:23:45.404000Z,713.141,964.0,98.0,76.807,0.0,0.0,0.0,68.615,0.390491,0.0,0.0,0.0
2020-08-25T03:23:46.441000Z,2020-08-25T03:23:48.124000Z,1221.895,1683.0,98.0,76.018,0.0,0.0,0.0,68.615,0.087481,0.0,0.0,0.0
2020-08-25T03:23:48.441000Z,2020-08-25T03:23:49.800000Z,1005.624,1359.0,98.0,69.658,0.0,0.0,0.0,68.615,0.293265,0.0,0.0,0.0
2020-08-25T03:23:50.440000Z,2020-08-25T03:23:51.326000Z,690.968,886.0,98.0,76.235,0.0,0.0,0.0,68.615,0.251319,0.0,0.0,0.0
2020-08-25T03:23:52.440000Z,2020-08-25T03:23:53.723000Z,721.568,1283.0,98.0,70.409,0.0,0.0,0.0,68.615,0.671341,0.0,0.0,0.0
2020-08-25T03:23:54.441000Z,2020-08-25T03:23:55.364000Z,689.668,923.0,98.0,72.064,0.0,0.0,0.0,68.615,0.77589,0.0,0.0,0.0
2020-08-25T03:23:56.441000Z,2020-08-25T03:23:57.329999Z,660.492,889.0,100.0,74.78,0.0,0.0,0.0,68.615,0.11645,0.0,0.0,0.0
2020-08-25T03:23:58.441000Z,2020-08-25T03:23:59.240000Z,577.757,799.0,98.0,81.542,0.0,0.0,0.0,68.615,0.364182,0.0,0.0,0.0
2020-08-25T03:24:00.441000Z,2020-08-25T03:24:00.934000Z,331.759,493.0,98.0,73.661,0.0,0.0,0.0,68.615,0.52403,0.0,0.0,0.0
2020-08-25T03:24:02.441000Z,2020-08-25T03:24:03.016000Z,356.942,575.0,98.0,69.959,0.0,0.0,0.0,68.615,0.83703,0.0,0.0,0.0
2020-08-25T03:24:04.442000Z,2020-08-25T03:24:05.240000Z,586.931,798.0,100.0,76.057,0.0,0.0,0.0,68.615,0.025265,0.0,0.0,0.0
2020-08-25T03:24:06.443000Z,2020-08-25T03:24:07.348000Z,692.372,905.0,98.0,77.664,0.0,0.0,0.0,68.615,0.166729,0.0,0.0,0.0
2020-08-25T03:24:08.446000Z,2020-08-25T03:24:09.396000Z,697.609,950.0,98.0,77.784,0.0,0.0,0.0,68.615,0.436871,0.0,0.0,0.0
2020-08-25T03:24:10.454000Z,2020-08-25T03:24:11.349000Z,545.97,895.0,98.0,70.927,0.0,0.0,0.0,68.615,0.864477,0.0,0.0,0.0
2020-08-25T03:24:12.455000Z,2020-08-25T03:24:13.097000Z,363.908,642.0,98.0,80.655,0.0,0.0,0.0,68.615,0.144773,0.0,0.0,0.0
2020-08-25T03:24:14.460000Z,2020-08-25T03:24:15.301000Z,462.129,841.0,98.0,70.416,0.0,0.0,0.0,68.615,0.184914,0.0,0.0,0.0
2020-08-25T03:24:16.462000Z,2020-08-25T03:24:17.198000Z,490.974,736.0,98.0,70.911,0.0,0.0,0.0,68.615,0.186059,0.0,0.0,0.0
2020-08-25T03:24:18.467000Z,2020-08-25T03:24:19.008000Z,243.387,541.0,98.0,87.428,0.0,0.0,0.0,68.615,0.305109,0.0,0.0,0.0
2020-08-25T03:24:20.574000Z,2020-08-25T03:24:21.112000Z,268.243,538.0,94.0,76.763,0.0,0.0,0.0,68.615,0.126626,0.0,0.0,0.0
2020-08-25T03:24:22.716000Z,2020-08-25T03:24:23.595000Z,604.276,879.0,98.0,70.682,0.0,0.0,0.0,68.615,0.164924,0.0,0.0,0.0
2020-08-25T03:24:24.717000Z,2020-08-25T03:24:25.591000Z,571.3,874.0,98.0,77.686,0.0,0.0,0.0,68.615,0.480013,0.0,0.0,0.0
2020-08-25T03:24:26.712999Z,2020-08-25T03:24:27.828000Z,777.785,1115.0,98.0,77.253,0.0,0.0,0.0,68.615,0.186654,0.0,0.0,0.0
2020-08-25T03:24:28.714000Z,2020-08-25T03:24:29.461000Z,497.915,747.0,98.0,70.168,0.0,0.0,0.0,68.615,0.164934,0.0,0.0,0.0
2020-08-25T03:24:30.715000Z,2020-08-25T03:24:32.273000Z,1158.184,1558.0,98.0,76.787,0.0,0.0,0.0,68.615,0.125118,0.0,0.0,0.0
2020-08-25T03:24:32.714000Z,2020-08-25T03:24:34.085000Z,783.689,1371.0,98.0,74.732,0.0,0.0,0.0,68.615,0.64047,0.0,0.0,0.0
2020-08-25T03:24:34.714000Z,2020-08-25T03:24:35.681999Z,662.955,968.0,98.0,81.832,0.0,0.0,0.0,68.615,0.113313,0.0,0.0,0.0
2020-08-25T03:24:36.715000Z,2020-08-25T03:24:38.110000Z,1011.059,1395.0,98.0,70.816,0.0,0.0,0.0,68.615,0.368114,0.0,0.0,0.0
2020-08-25T03:24:38.714000Z,2020-08-25T03:24:40.020000Z,965.139,1306.0,98.0,73.131,0.0,0.0,0.0,68.615,0.335674,0.0,0.0,0.0
2020-08-25T03:24:40.714000Z,2020-08-25T03:24:42.229000Z,1166.047,1515.0,98.0,70.26,0.0,0.0,0.0,68.615,0.82385,0.0,0.0,0.0
2020-08-25T03:24:42.716000Z,2020-08-25T03:24:44.165000Z,1094.972,1449.0,98.0,74.254,0.0,0.0,0.0,68.615,0.653349,0.0,0.0,0.0
2020-08-25T03:24:44.714000Z,2020-08-25T03:24:45.854000Z,823.173,1140.0,98.0,71.165,0.0,0.0,0.0,68.615,0.144026,0.0,0.0,0.0
2020-08-25T03:24:46.721000Z,2020-08-25T03:24:47.936000Z,855.94,1215.0,100.0,78.89,0.0,0.0,0.0,68.615,0.425983,0.0,0.0,0.0
2020-08-25T03:24:48.716000Z,2020-08-25T03:24:50.261000Z,1178.392,1545.0,98.0,71.89,0.0,0.0,0.0,68.615,0.36474,0.0,0.0,0.0
2020-08-25T03:24:50.716000Z,2020-08-25T03:24:52.040000Z,980.859,1324.0,98.0,71.695,0.0,0.0,0.0,68.615,0.122178,0.0,0.0,0.0
2020-08-25T03:24:52.715000Z,2020-08-25T03:24:53.620000Z,575.325,905.0,98.0,71.355,0.0,0.0,0.0,68.615,0.815315,0.0,0.0,0.0
