start_time,end_time,size,trans_time,cwnd,rtt,rto,ssthresh,last_snd,min_rtt,delivery_rate,bytes_sent,bytes_retrans,client_trans_time
2020-08-25T05:54:57.774000Z,2020-08-25T05:54:57.905999Z,44.45,132.0,1110.0,65.47,0.0,0.0,0.0,64.955,12.096525,0.0,0.0,0.0
2020-08-25T05:54:57.906000Z,2020-08-25T05:54:58.038000Z,50.754,132.0,1110.0,65.87,0.0,0.0,0.0,64.955,1.007848,0.0,0.0,0.0
2020-08-25T05:54:58.039000Z,2020-08-25T05:54:58.115000Z,104.088,76.0,1110.0,65.751,0.0,0.0,0.0,64.955,0.699684,0.0,0.0,0.0
2020-08-25T05:54:58.115000Z,2020-08-25T05:54:58.195000Z,150.225,80.0,1110.0,65.469,0.0,0.0,0.0,64.955,1.456787,0.0,0.0,0.0
2020-08-25T05:54:58.195000Z,2020-08-25T05:54:58.326000Z,311.067,131.0,1110.0,65.423,0.0,0.0,0.0,64.955,1.966202,0.0,0.0,0.0
2020-08-25T05:54:58.327000Z,2020-08-25T05:54:58.433000Z,447.725,106.0,1110.0,65.696,0.0,0.0,0.0,64.955,4.630681,0.0,0.0,0.0
2020-08-25T05:54:58.433999Z,2020-08-25T05:54:58.564000Z,470.372,130.0,1110.0,65.435,0.0,0.0,0.0,64.955,4.630681,0.0,0.0,0.0
2020-08-25T05:54:58.564999Z,2020-08-25T05:54:58.662000Z,350.913,97.0,1110.0,65.445,0.0,0.0,0.0,64.955,7.087697,0.0,0.0,0.0
2020-08-25T05:54:59.234000Z,2020-08-25T05:54:59.348000Z,553.4,114.0,1110.0,65.663,0.0,0.0,0.0,64.955,7.087697,0.0,0.0,0.0
2020-08-25T05:55:01.234000Z,2020-08-25T05:55:01.353000Z,585.011,119.0,1110.0,65.48,0.0,0.0,0.0,64.955,7.087697,0.0,0.0,0.0
2020-08-25T05:55:03.234000Z,2020-08-25T05:55:03.341000Z,457.762,107.0,1110.0,66.078,0.0,0.0,0.0,64.955,7.087697,0.0,0.0,0.0
2020-08-25T05:55:05.234000Z,2020-08-25T05:55:05.342000Z,474.231,108.0,1114.0,65.66,0.0,0.0,0.0,64.955,7.087697,0.0,0.0,0.0
2020-08-25T05:55:07.238000Z,2020-08-25T05:55:07.373000Z,427.186,135.0,1112.0,65.549,0.0,0.0,0.0,64.955,7.087697,0.0,0.0,0.0
2020-08-25T05:55:09.236000Z,2020-08-25T05:55:09.337000Z,405.694,101.0,1112.0,65.735,0.0,0.0,0.0,64.955,7.087697,0.0,0.0,0.0
2020-08-25T05:55:11.235000Z,2020-08-25T05:55:11.359000Z,677.342,124.0,1112.0,65.477,0.0,0.0,0.0,64.955,7.087697,0.0,0.0,0.0
2020-08-25T05:55:13.235000Z,2020-08-25T05:55:13.382000Z,893.923,147.0,1112.0,65.584,0.0,0.0,0.0,64.955,7.087697,0.0,0.0,0.0
2020-08-25T05:55:15.234000Z,2020-08-25T05:55:15.368000Z,773.664,134.0,1120.0,66.052,0.0,0.0,0.0,64.955,12.191558,0.0,0.0,0.0
2020-08-25T05:55:17.234000Z,2020-08-25T05:55:17.392000Z,1097.354,158.0,1120.0,65.73,0.0,0.0,0.0,64.955,12.191558,0.0,0.0,0.0
2020-08-25T05:55:19.234000Z,2020-08-25T05:55:19.422000Z,1089.201,188.0,1180.0,65.64,0.0,0.0,0.0,64.955,11.749389,0.0,0.0,0.0
2020-08-25T05:55:21.234000Z,2020-08-25T05:55:21.337000Z,447.684,103.0,1181.0,65.356,0.0,0.0,0.0,64.955,6.966795,0.0,0.0,0.0
2020-08-25T05:55:23.234000Z,2020-08-25T05:55:23.352000Z,635.198,118.0,1206.0,65.643,0.0,0.0,0.0,64.955,6.966795,0.0,0.0,0.0
2020-08-25T05:55:25.235000Z,2020-08-25T05:55:25.366000Z,803.806,131.0,1206.0,65.581,0.0,0.0,0.0,64.955,6.966795,0.0,0.0,0.0
2020-08-25T05:55:27.234000Z,2020-08-25T05:55:27.350000Z,615.072,116.0,1204.0,65.438,0.0,0.0,0.0,64.955,6.966795,0.0,0.0,0.0
2020-08-25T05:55:29.234000Z,2020-08-25T05:55:29.360000Z,721.949,126.0,1210.0,66.751,0.0,0.0,0.0,64.955,6.966795,0.0,0.0,0.0
2020-08-25T05:55:31.235000Z,2020-08-25T05:55:31.351000Z,610.623,116.0,1210.0,65.543,0.0,0.0,0.0,64.955,6.966795,0.0,0.0,0.0
2020-08-25T05:55:33.234000Z,2020-08-25T05:55:33.347000Z,592.165,113.0,1210.0,65.691,0.0,0.0,0.0,64.955,6.966795,0.0,0.0,0.0
2020-08-25T05:55:35.234000Z,2020-08-25T05:55:35.348000Z,580.032,114.0,1210.0,65.62,0.0,0.0,0.0,64.955,6.966795,0.0,0.0,0.0
2020-08-25T05:55:37.234000Z,2020-08-25T05:55:37.345000Z,569.668,111.0,1210.0,66.185,0.0,0.0,0.0,64.955,6.966795,0.0,0.0,0.0
2020-08-25T05:55:39.234000Z,2020-08-25T05:55:39.409999Z,549.763,176.0,1216.0,65.77,0.0,0.0,0.0,64.955,7.374291,0.0,0.0,0.0
2020-08-25T05:55:41.235000Z,2020-08-25T05:55:42.324000Z,490.365,1089.0,38.0,65.446,0.0,0.0,0.0,64.955,0.287149,0.0,0.0,0.0
2020-08-25T05:55:43.235000Z,2020-08-25T05:55:43.567000Z,307.366,332.0,88.0,65.485,0.0,0.0,0.0,64.955,0.890851,0.0,0.0,0.0
2020-08-25T05:55:45.235000Z,2020-08-25T05:55:45.577999Z,516.412,343.0,136.0,65.6,0.0,0.0,0.0,64.955,1.430968,0.0,0.0,0.0
2020-08-25T05:55:47.237000Z,2020-08-25T05:55:47.742000Z,1551.518,505.0,214.0,66.243,0.0,0.0,0.0,64.955,2.200689,0.0,0.0,0.0
2020-08-25T05:55:49.237000Z,2020-08-25T05:55:49.595000Z,1904.43,358.0,472.0,65.63,0.0,0.0,0.0,64.955,5.074564,0.0,0.0,0.0
2020-08-25T05:55:51.237000Z,2020-08-25T05:55:51.505000Z,1918.413,268.0,756.0,65.66,0.0,0.0,0.0,64.955,8.160971,0.0,0.0,0.0
2020-08-25T05:55:53.238000Z,2020-08-25T05:55:53.477000Z,2164.498,239.0,1058.0,65.544,0.0,0.0,0.0,64.955,11.401388,0.0,0.0,0.0
2020-08-25T05:55:55.239000Z,2020-08-25T05:55:55.470000Z,2506.932,231.0,1352.0,65.684,0.0,0.0,0.0,64.955,14.626593,0.0,0.0,0.0
2020-08-25T05:55:57.239000Z,2020-08-25T05:55:57.520000Z,2252.672,281.0,1670.0,70.725,0.0,0.0,0.0,64.955,0.738987,0.0,0.0,0.0
2020-08-25T05:55:59.237000Z,2020-08-25T05:55:59.399000Z,1397.025,162.0,1716.0,79.952,0.0,0.0,0.0,64.955,1.796422,0.0,0.0,0.0
2020-08-25T05:56:01.236000Z,2020-08-25T05:56:01.375000Z,994.217,139.0,1714.0,68.877,0.0,0.0,0.0,64.955,14.029,0.0,0.0,0.0
2020-08-25T05:56:03.235000Z,2020-08-25T05:56:03.371000Z,931.546,136.0,1715.0,67.465,0.0,0.0,0.0,64.955,14.66547,0.0,0.0,0.0
2020-08-25T05:56:05.236000Z,2020-08-25T05:56:05.373000Z,898.81,137.0,1726.0,66.195,0.0,0.0,0.0,64.955,13.090903,0.0,0.0,0.0
2020-08-25T05:56:07.236000Z,2020-08-25T05:56:07.376000Z,1271.802,140.0,1690.0,67.499,0.0,0.0,0.0,64.955,0.758847,0.0,0.0,0.0
2020-08-25T05:56:09.236000Z,2020-08-25T05:56:09.372000Z,941.23,136.0,1680.0,66.147,0.0,0.0,0.0,64.955,18.064202,0.0,0.0,0.0
2020-08-25T05:56:11.236000Z,2020-08-25T05:56:11.371000Z,788.764,135.0,1680.0,66.461,0.0,0.0,0.0,64.955,13.293058,0.0,0.0,0.0
2020-08-25T05:56:13.236000Z,2020-08-25T05:56:13.371000Z,868.976,135.0,1680.0,66.228,0.0,0.0,0.0,64.955,11.191696,0.0,0.0,0.0
2020-08-25T05:56:15.235000Z,2020-08-25T05:56:15.369000Z,296.625,134.0,1678.0,65.691,0.0,0.0,0.0,64.955,13.024204,0.0,0.0,0.0
2020-08-25T05:56:17.235000Z,2020-08-25T05:56:17.369000Z,487.118,134.0,1678.0,65.922,0.0,0.0,0.0,64.955,13.024204,0.0,0.0,0.0
2020-08-25T05:56:19.235000Z,2020-08-25T05:56:19.333000Z,387.962,98.0,1196.0,66.392,0.0,0.0,0.0,64.955,6.891909,0.0,0.0,0.0
2020-08-25T05:56:21.235000Z,2020-08-25T05:56:21.340000Z,459.068,105.0,1196.0,65.609,0.0,0.0,0.0,64.955,6.891909,0.0,0.0,0.0
2020-08-25T05:56:23.235000Z,2020-08-25T05:56:23.332000Z,369.566,97.0,1196.0,65.55,0.0,0.0,0.0,64.955,6.891909,0.0,0.0,0.0
2020-08-25T05:56:25.236000Z,2020-08-25T05:56:25.350000Z,579.595,114.0,4.0,65.596,0.0,0.0,0.0,64.955,6.891909,0.0,0.0,0.0
2020-08-25T05:56:27.236000Z,2020-08-25T05:56:27.343000Z,492.347,107.0,1190.0,65.759,0.0,0.0,0.0,64.955,7.229264,0.0,0.0,0.0
2020-08-25T05:56:29.235000Z,2020-08-25T05:56:29.340000Z,448.747,105.0,1190.0,65.881,0.0,0.0,0.0,64.955,7.229264,0.0,0.0,0.0
2020-08-25T05:56:31.235000Z,2020-08-25T05:56:31.337999Z,445.373,103.0,1198.0,66.078,0.0,0.0,0.0,64.955,7.229264,0.0,0.0,0.0
2020-08-25T05:56:33.235000Z,2020-08-25T05:56:33.332000Z,371.684,97.0,1198.0,65.498,0.0,0.0,0.0,64.955,7.229264,0.0,0.0,0.0
2020-08-25T05:56:35.235000Z,2020-08-25T05:56:35.350000Z,594.963,115.0,1198.0,65.709,0.0,0.0,0.0,64.955,7.229264,0.0,0.0,0.0
2020-08-25T05:56:37.237000Z,2020-08-25T05:56:37.428000Z,1691.697,191.0,1198.0,65.507,0.0,0.0,0.0,64.955,7.229264,0.0,0.0,0.0
2020-08-25T05:56:39.236000Z,2020-08-25T05:56:39.371000Z,293.896,135.0,1384.0,65.644,0.0,0.0,0.0,64.955,15.084297,0.0,0.0,0.0
2020-08-25T05:56:41.236000Z,2020-08-25T05:56:41.369999Z,195.032,134.0,1386.0,65.726,0.0,0.0,0.0,64.955,4.064481,0.0,0.0,0.0
2020-08-25T05:56:43.237000Z,2020-08-25T05:56:43.406000Z,1530.736,169.0,1386.0,65.762,0.0,0.0,0.0,64.955,2.631902,0.0,0.0,0.0
2020-08-25T05:56:45.237000Z,2020-08-25T05:56:45.403000Z,1557.204,166.0,1512.0,66.124,0.0,0.0,0.0,64.955,0.917474,0.0,0.0,0.0
2020-08-25T05:56:47.238000Z,2020-08-25T05:56:47.393999Z,1510.495,156.0,1618.0,65.47,0.0,0.0,0.0,64.955,17.369302,0.0,0.0,0.0
2020-08-25T05:56:49.237000Z,2020-08-25T05:56:49.396000Z,1586.781,159.0,1677.0,66.607,0.0,0.0,0.0,64.955,18.322223,0.0,0.0,0.0
2020-08-25T05:56:51.237000Z,2020-08-25T05:56:51.392000Z,1615.209,155.0,1787.0,66.314,0.0,0.0,0.0,64.955,19.312169,0.0,0.0,0.0
2020-08-25T05:56:53.238000Z,2020-08-25T05:56:53.388000Z,1593.324,150.0,1838.0,66.937,0.0,0.0,0.0,64.955,20.047825,0.0,0.0,0.0
2020-08-25T05:56:55.245000Z,2020-08-25T05:56:55.406000Z,1624.094,161.0,1898.0,65.882,0.0,0.0,0.0,64.955,0.962224,0.0,0.0,0.0
2020-08-25T05:56:57.237000Z,2020-08-25T05:56:57.385000Z,1570.086,148.0,1909.0,67.522,0.0,0.0,0.0,64.955,20.833482,0.0,0.0,0.0
2020-08-25T05:56:59.237000Z,2020-08-25T05:56:59.384000Z,1583.473,147.0,1954.0,66.211,0.0,0.0,0.0,64.955,0.760337,0.0,0.0,0.0
2020-08-25T05:57:01.237000Z,2020-08-25T05:57:01.336000Z,671.052,99.0,4.0,65.531,0.0,0.0,0.0,64.955,21.311145,0.0,0.0,0.0
2020-08-25T05:57:03.236000Z,2020-08-25T05:57:03.369999Z,351.678,134.0,1990.0,65.91,0.0,0.0,0.0,64.955,21.311145,0.0,0.0,0.0
2020-08-25T05:57:05.236000Z,2020-08-25T05:57:05.368000Z,53.833,132.0,1990.0,66.225,0.0,0.0,0.0,64.955,0.939679,0.0,0.0,0.0
2020-08-25T05:57:07.234000Z,2020-08-25T05:57:07.368000Z,82.628,134.0,1990.0,65.88,0.0,0.0,0.0,64.955,0.568016,0.0,0.0,0.0
2020-08-25T05:57:09.237000Z,2020-08-25T05:57:09.416000Z,584.592,179.0,458.0,67.508,0.0,0.0,0.0,64.955,0.927956,0.0,0.0,0.0
2020-08-25T05:57:11.236000Z,2020-08-25T05:57:11.797000Z,681.803,561.0,514.0,65.523,0.0,0.0,0.0,64.955,5.58393,0.0,0.0,0.0
2020-08-25T05:57:13.236000Z,2020-08-25T05:57:13.446000Z,848.111,210.0,529.0,65.528,0.0,0.0,0.0,64.955,1.386013,0.0,0.0,0.0
2020-08-25T05:57:15.237000Z,2020-08-25T05:57:15.447000Z,1137.557,210.0,678.0,65.545,0.0,0.0,0.0,64.955,7.340036,0.0,0.0,0.0
2020-08-25T05:57:17.241000Z,2020-08-25T05:57:17.585000Z,3056.967,344.0,834.0,65.51,0.0,0.0,0.0,64.955,8.926973,0.0,0.0,0.0
2020-08-25T05:57:19.237000Z,2020-08-25T05:57:19.413000Z,1535.914,176.0,1298.0,65.754,0.0,0.0,0.0,64.955,0.927751,0.0,0.0,0.0
2020-08-25T05:57:21.237000Z,2020-08-25T05:57:21.376000Z,970.771,139.0,1430.0,65.476,0.0,0.0,0.0,64.955,15.557649,0.0,0.0,0.0
2020-08-25T05:57:23.237000Z,2020-08-25T05:57:23.387000Z,1253.405,150.0,1430.0,66.24,0.0,0.0,0.0,64.955,13.065946,0.0,0.0,0.0
2020-08-25T05:57:25.235000Z,2020-08-25T05:57:25.371000Z,374.725,136.0,1472.0,65.658,0.0,0.0,0.0,64.955,15.908735,0.0,0.0,0.0
2020-08-25T05:57:27.237000Z,2020-08-25T05:57:27.375000Z,708.974,138.0,1472.0,66.871,0.0,0.0,0.0,64.955,5.187284,0.0,0.0,0.0
2020-08-25T05:57:29.238000Z,2020-08-25T05:57:29.388000Z,1257.008,150.0,1472.0,66.347,0.0,0.0,0.0,64.955,0.930818,0.0,0.0,0.0
2020-08-25T05:57:31.237000Z,2020-08-25T05:57:31.373000Z,455.488,136.0,1512.0,65.5,0.0,0.0,0.0,64.955,16.341138,0.0,0.0,0.0
2020-08-25T05:57:33.237000Z,2020-08-25T05:57:33.367000Z,924.083,130.0,1508.0,66.275,0.0,0.0,0.0,64.955,6.608017,0.0,0.0,0.0
2020-08-25T05:57:35.237000Z,2020-08-25T05:57:35.341000Z,488.829,104.0,1506.0,65.659,0.0,0.0,0.0,64.955,7.598193,0.0,0.0,0.0
2020-08-25T05:57:37.235000Z,2020-08-25T05:57:37.369000Z,171.375,134.0,1516.0,68.348,0.0,0.0,0.0,64.955,7.598193,0.0,0.0,0.0
2020-08-25T05:57:39.236000Z,2020-08-25T05:57:39.369000Z,284.143,133.0,1516.0,65.949,0.0,0.0,0.0,64.955,3.485003,0.0,0.0,0.0
2020-08-25T05:57:41.236000Z,2020-08-25T05:57:41.371000Z,585.928,135.0,1514.0,67.606,0.0,0.0,0.0,64.955,4.006526,0.0,0.0,0.0
2020-08-25T05:57:43.237000Z,2020-08-25T05:57:43.469000Z,722.246,232.0,370.0,70.193,0.0,0.0,0.0,64.955,0.953964,0.0,0.0,0.0
2020-08-25T05:57:45.237000Z,2020-08-25T05:57:45.468000Z,915.828,231.0,458.0,65.349,0.0,0.0,0.0,64.955,4.922499,0.0,0.0,0.0
2020-08-25T05:57:47.236000Z,2020-08-25T05:57:47.453000Z,1032.805,217.0,580.0,65.427,0.0,0.0,0.0,64.955,6.264187,0.0,0.0,0.0
2020-08-25T05:57:49.235000Z,2020-08-25T05:57:49.361000Z,459.332,126.0,720.0,65.55,0.0,0.0,0.0,64.955,7.697365,0.0,0.0,0.0
2020-08-25T05:57:51.237000Z,2020-08-25T05:57:51.385000Z,653.644,148.0,720.0,65.428,0.0,0.0,0.0,64.955,7.697365,0.0,0.0,0.0
2020-08-25T05:57:53.237000Z,2020-08-25T05:57:53.397000Z,758.185,160.0,758.0,65.411,0.0,0.0,0.0,64.955,8.228108,0.0,0.0,0.0
2020-08-25T05:57:55.237000Z,2020-08-25T05:57:55.376000Z,610.207,139.0,794.0,65.566,0.0,0.0,0.0,64.955,8.591071,0.0,0.0,0.0
2020-08-25T05:57:57.236000Z,2020-08-25T05:57:57.367000Z,526.106,131.0,794.0,65.738,0.0,0.0,0.0,64.955,8.513055,0.0,0.0,0.0
2020-08-25T05:57:59.237000Z,2020-08-25T05:57:59.451000Z,869.375,214.0,794.0,65.544,0.0,0.0,0.0,64.955,8.513055,0.0,0.0,0.0
2020-08-25T05:58:01.236000Z,2020-08-25T05:58:01.387000Z,648.11,151.0,795.0,65.507,0.0,0.0,0.0,64.955,5.885596,0.0,0.0,0.0
2020-08-25T05:58:03.237000Z,2020-08-25T05:58:03.387000Z,730.107,150.0,4.0,65.928,0.0,0.0,0.0,64.955,8.959345,0.0,0.0,0.0
2020-08-25T05:58:05.237000Z,2020-08-25T05:58:05.356000Z,459.819,119.0,846.0,65.679,0.0,0.0,0.0,64.955,9.032682,0.0,0.0,0.0
2020-08-25T05:58:07.236000Z,2020-08-25T05:58:07.355000Z,455.371,119.0,848.0,65.585,0.0,0.0,0.0,64.955,9.032682,0.0,0.0,0.0
2020-08-25T05:58:09.237000Z,2020-08-25T05:58:09.353000Z,356.92,116.0,848.0,65.41,0.0,0.0,0.0,64.955,9.032682,0.0,0.0,0.0
2020-08-25T05:58:11.237000Z,2020-08-25T05:58:11.321999Z,151.986,85.0,848.0,65.781,0.0,0.0,0.0,64.955,9.032682,0.0,0.0,0.0
2020-08-25T05:58:13.237000Z,2020-08-25T05:58:13.408000Z,985.751,171.0,848.0,65.522,0.0,0.0,0.0,64.955,9.032682,0.0,0.0,0.0
2020-08-25T05:58:15.236000Z,2020-08-25T05:58:15.371000Z,645.154,135.0,932.0,65.638,0.0,0.0,0.0,64.955,10.082872,0.0,0.0,0.0
2020-08-25T05:58:17.237000Z,2020-08-25T05:58:17.417000Z,1201.506,180.0,932.0,65.856,0.0,0.0,0.0,64.955,10.082872,0.0,0.0,0.0
2020-08-25T05:58:19.236000Z,2020-08-25T05:58:19.347000Z,484.192,111.0,1064.0,65.681,0.0,0.0,0.0,64.955,11.513952,0.0,0.0,0.0
2020-08-25T05:58:21.238000Z,2020-08-25T05:58:21.389000Z,893.178,151.0,1064.0,65.8,0.0,0.0,0.0,64.955,11.513952,0.0,0.0,0.0
2020-08-25T05:58:23.238000Z,2020-08-25T05:58:23.489000Z,582.763,251.0,1100.0,65.903,0.0,0.0,0.0,64.955,11.849515,0.0,0.0,0.0
2020-08-25T05:58:25.237000Z,2020-08-25T05:58:25.382000Z,843.102,145.0,4.0,65.608,0.0,0.0,0.0,64.955,11.849515,0.0,0.0,0.0
2020-08-25T05:58:27.237000Z,2020-08-25T05:58:27.360000Z,661.065,123.0,1128.0,65.541,0.0,0.0,0.0,64.955,12.229905,0.0,0.0,0.0
2020-08-25T05:58:29.238000Z,2020-08-25T05:58:29.365000Z,707.391,127.0,1126.0,65.922,0.0,0.0,0.0,64.955,12.229905,0.0,0.0,0.0
2020-08-25T05:58:31.238000Z,2020-08-25T05:58:31.393999Z,1078.223,156.0,1126.0,65.624,0.0,0.0,0.0,64.955,12.229905,0.0,0.0,0.0
2020-08-25T05:58:33.239000Z,2020-08-25T05:58:33.408000Z,1398.887,169.0,1190.0,66.666,0.0,0.0,0.0,64.955,12.924554,0.0,0.0,0.0
2020-08-25T05:58:35.236000Z,2020-08-25T05:58:35.371000Z,59.344,135.0,1362.0,65.817,0.0,0.0,0.0,64.955,0.933406,0.0,0.0,0.0
2020-08-25T05:58:37.236000Z,2020-08-25T05:58:37.369000Z,24.503,133.0,1362.0,66.412,0.0,0.0,0.0,64.955,0.495477,0.0,0.0,0.0
2020-08-25T05:58:39.236000Z,2020-08-25T05:58:39.369999Z,245.586,134.0,1362.0,66.231,0.0,0.0,0.0,64.955,0.131253,0.0,0.0,0.0
2020-08-25T05:58:41.486000Z,2020-08-25T05:58:41.620000Z,257.546,134.0,1362.0,65.852,0.0,0.0,0.0,64.955,3.420775,0.0,0.0,0.0
2020-08-25T05:58:43.486000Z,2020-08-25T05:58:43.609999Z,204.162,124.0,330.0,66.094,0.0,0.0,0.0,64.955,3.576635,0.0,0.0,0.0
2020-08-25T05:58:45.487000Z,2020-08-25T05:58:45.600000Z,164.347,113.0,332.0,65.502,0.0,0.0,0.0,64.955,3.576635,0.0,0.0,0.0
2020-08-25T05:58:47.488000Z,2020-08-25T05:58:47.621000Z,234.282,133.0,332.0,66.102,0.0,0.0,0.0,64.955,3.576635,0.0,0.0,0.0
2020-08-25T05:58:49.327000Z,2020-08-25T05:58:49.492000Z,362.287,165.0,332.0,65.771,0.0,0.0,0.0,64.955,3.509986,0.0,0.0,0.0
2020-08-25T05:58:51.488000Z,2020-08-25T05:58:51.625000Z,265.652,137.0,357.0,65.595,0.0,0.0,0.0,64.955,3.8787,0.0,0.0,0.0
2020-08-25T05:58:53.486000Z,2020-08-25T05:58:53.606000Z,196.947,120.0,358.0,65.57,0.0,0.0,0.0,64.955,3.784447,0.0,0.0,0.0
2020-08-25T05:58:55.487000Z,2020-08-25T05:58:55.687000Z,562.135,200.0,358.0,65.628,0.0,0.0,0.0,64.955,3.784447,0.0,0.0,0.0
2020-08-25T05:58:57.487000Z,2020-08-25T05:58:57.606000Z,233.277,119.0,434.0,65.516,0.0,0.0,0.0,64.955,4.694604,0.0,0.0,0.0
2020-08-25T05:58:59.487000Z,2020-08-25T05:58:59.593999Z,178.082,107.0,432.0,65.665,0.0,0.0,0.0,64.955,4.694604,0.0,0.0,0.0
2020-08-25T05:59:01.488000Z,2020-08-25T05:59:01.644000Z,392.958,156.0,432.0,65.549,0.0,0.0,0.0,64.955,4.694604,0.0,0.0,0.0
2020-08-25T05:59:03.487000Z,2020-08-25T05:59:03.609999Z,265.367,123.0,434.0,66.285,0.0,0.0,0.0,64.955,4.279723,0.0,0.0,0.0
2020-08-25T05:59:05.487000Z,2020-08-25T05:59:05.596000Z,196.426,109.0,434.0,65.43,0.0,0.0,0.0,64.955,4.279723,0.0,0.0,0.0
2020-08-25T05:59:07.487000Z,2020-08-25T05:59:07.596000Z,196.426,109.0,434.0,65.571,0.0,0.0,0.0,64.955,4.279723,0.0,0.0,0.0
2020-08-25T05:59:09.487000Z,2020-08-25T05:59:09.637000Z,383.974,150.0,434.0,65.464,0.0,0.0,0.0,64.955,4.279723,0.0,0.0,0.0
2020-08-25T05:59:11.488000Z,2020-08-25T05:59:11.725000Z,896.947,237.0,442.0,65.597,0.0,0.0,0.0,64.955,4.725981,0.0,0.0,0.0
2020-08-25T05:59:13.318000Z,2020-08-25T05:59:13.544000Z,1029.802,226.0,546.0,65.529,0.0,0.0,0.0,64.955,5.86452,0.0,0.0,0.0
2020-08-25T05:59:15.488000Z,2020-08-25T05:59:15.644000Z,654.79,156.0,666.0,65.542,0.0,0.0,0.0,64.955,7.206165,0.0,0.0,0.0
2020-08-25T05:59:17.488000Z,2020-08-25T05:59:17.672000Z,926.648,184.0,701.0,65.626,0.0,0.0,0.0,64.955,7.626618,0.0,0.0,0.0
2020-08-25T05:59:19.488999Z,2020-08-25T05:59:19.685000Z,1188.19,196.0,808.0,65.663,0.0,0.0,0.0,64.955,8.781259,0.0,0.0,0.0
2020-08-25T05:59:21.488999Z,2020-08-25T05:59:21.662000Z,816.025,173.0,954.0,65.475,0.0,0.0,0.0,64.955,10.371147,0.0,0.0,0.0
2020-08-25T05:59:23.488000Z,2020-08-25T05:59:23.681000Z,1270.795,193.0,956.0,65.608,0.0,0.0,0.0,64.955,6.763338,0.0,0.0,0.0
2020-08-25T05:59:25.488999Z,2020-08-25T05:59:25.654000Z,945.032,165.0,964.0,65.469,0.0,0.0,0.0,64.955,10.249954,0.0,0.0,0.0
2020-08-25T05:59:27.488000Z,2020-08-25T05:59:27.654000Z,1004.792,166.0,970.0,65.539,0.0,0.0,0.0,64.955,10.196459,0.0,0.0,0.0
2020-08-25T05:59:29.488000Z,2020-08-25T05:59:29.613000Z,629.162,125.0,1054.0,65.665,0.0,0.0,0.0,64.955,11.455855,0.0,0.0,0.0
2020-08-25T05:59:31.488000Z,2020-08-25T05:59:31.633000Z,836.436,145.0,1054.0,65.629,0.0,0.0,0.0,64.955,11.455855,0.0,0.0,0.0
2020-08-25T05:59:33.488000Z,2020-08-25T05:59:33.619000Z,705.449,131.0,1054.0,65.752,0.0,0.0,0.0,64.955,11.275573,0.0,0.0,0.0
2020-08-25T05:59:35.487000Z,2020-08-25T05:59:35.607000Z,587.438,120.0,1054.0,65.59,0.0,0.0,0.0,64.955,11.275573,0.0,0.0,0.0
2020-08-25T05:59:37.312000Z,2020-08-25T05:59:37.441000Z,656.511,129.0,1050.0,65.574,0.0,0.0,0.0,64.955,11.275573,0.0,0.0,0.0
2020-08-25T05:59:39.488999Z,2020-08-25T05:59:39.635000Z,895.033,146.0,1048.0,65.716,0.0,0.0,0.0,64.955,11.275573,0.0,0.0,0.0
2020-08-25T05:59:41.488000Z,2020-08-25T05:59:41.617999Z,675.372,130.0,1094.0,65.58,0.0,0.0,0.0,64.955,11.724242,0.0,0.0,0.0
2020-08-25T05:59:43.488000Z,2020-08-25T05:59:43.569999Z,177.096,82.0,1094.0,65.657,0.0,0.0,0.0,64.955,11.724242,0.0,0.0,0.0
2020-08-25T05:59:45.488000Z,2020-08-25T05:59:45.569000Z,170.722,81.0,1094.0,65.605,0.0,0.0,0.0,64.955,11.724242,0.0,0.0,0.0
2020-08-25T05:59:47.488999Z,2020-08-25T05:59:47.632000Z,899.96,143.0,1094.0,65.934,0.0,0.0,0.0,64.955,11.724242,0.0,0.0,0.0
2020-08-25T05:59:49.488999Z,2020-08-25T05:59:49.605000Z,562.064,116.0,1106.0,65.535,0.0,0.0,0.0,64.955,12.02945,0.0,0.0,0.0
2020-08-25T05:59:51.488999Z,2020-08-25T05:59:51.611000Z,631.091,122.0,1106.0,65.525,0.0,0.0,0.0,64.955,12.02945,0.0,0.0,0.0
2020-08-25T05:59:53.488000Z,2020-08-25T05:59:53.615000Z,704.997,127.0,4.0,65.597,0.0,0.0,0.0,65.008,12.02945,0.0,0.0,0.0
2020-08-25T05:59:55.488999Z,2020-08-25T05:59:55.638000Z,961.2,149.0,1102.0,65.595,0.0,0.0,0.0,65.008,12.02945,0.0,0.0,0.0
2020-08-25T05:59:57.491000Z,2020-08-25T05:59:57.728000Z,2237.853,237.0,1126.0,65.626,0.0,0.0,0.0,65.008,12.216362,0.0,0.0,0.0
2020-08-25T05:59:59.488999Z,2020-08-25T05:59:59.627000Z,919.943,138.0,1394.0,65.555,0.0,0.0,0.0,65.008,15.144491,0.0,0.0,0.0
2020-08-25T06:00:01.379000Z,2020-08-25T06:00:01.512000Z,255.464,133.0,1394.0,67.64,0.0,0.0,0.0,65.008,0.688994,0.0,0.0,0.0
2020-08-25T06:00:03.488000Z,2020-08-25T06:00:03.625999Z,358.274,138.0,1394.0,65.759,0.0,0.0,0.0,65.008,3.578006,0.0,0.0,0.0
2020-08-25T06:00:05.488999Z,2020-08-25T06:00:05.625000Z,485.97,136.0,1394.0,66.362,0.0,0.0,0.0,65.008,4.787573,0.0,0.0,0.0
2020-08-25T06:00:07.488999Z,2020-08-25T06:00:07.675000Z,603.662,186.0,442.0,66.428,0.0,0.0,0.0,65.008,0.799479,0.0,0.0,0.0
2020-08-25T06:00:09.488999Z,2020-08-25T06:00:09.683000Z,750.244,194.0,508.0,65.906,0.0,0.0,0.0,65.008,5.532743,0.0,0.0,0.0
2020-08-25T06:00:11.489999Z,2020-08-25T06:00:11.724000Z,1205.948,234.0,600.0,65.798,0.0,0.0,0.0,65.008,6.519725,0.0,0.0,0.0
2020-08-25T06:00:13.488999Z,2020-08-25T06:00:13.729999Z,1567.557,241.0,736.0,65.568,0.0,0.0,0.0,65.008,7.976806,0.0,0.0,0.0
2020-08-25T06:00:15.488999Z,2020-08-25T06:00:15.673999Z,1272.59,185.0,934.0,65.416,0.0,0.0,0.0,65.008,10.067904,0.0,0.0,0.0
2020-08-25T06:00:17.488999Z,2020-08-25T06:00:17.624000Z,783.479,135.0,1098.0,65.584,0.0,0.0,0.0,65.008,11.669395,0.0,0.0,0.0
2020-08-25T06:00:19.488999Z,2020-08-25T06:00:19.559000Z,49.111,70.0,1098.0,65.781,0.0,0.0,0.0,65.008,11.669395,0.0,0.0,0.0
2020-08-25T06:00:21.487000Z,2020-08-25T06:00:21.557000Z,49.646,70.0,1098.0,65.673,0.0,0.0,0.0,65.008,11.669395,0.0,0.0,0.0
2020-08-25T06:00:23.488999Z,2020-08-25T06:00:23.590000Z,404.228,101.0,1098.0,65.61,0.0,0.0,0.0,65.008,11.669395,0.0,0.0,0.0
2020-08-25T06:00:25.488999Z,2020-08-25T06:00:25.659000Z,1294.759,170.0,1100.0,65.67,0.0,0.0,0.0,65.008,11.669395,0.0,0.0,0.0
2020-08-25T06:00:27.491000Z,2020-08-25T06:00:27.661000Z,1492.874,170.0,1255.0,65.546,0.0,0.0,0.0,65.008,13.690972,0.0,0.0,0.0
2020-08-25T06:00:29.488999Z,2020-08-25T06:00:29.640000Z,1234.624,151.0,1443.0,65.576,0.0,0.0,0.0,65.008,15.552274,0.0,0.0,0.0
2020-08-25T06:00:31.488999Z,2020-08-25T06:00:31.633000Z,1152.857,144.0,1470.0,66.004,0.0,0.0,0.0,65.008,0.939314,0.0,0.0,0.0
2020-08-25T06:00:33.488000Z,2020-08-25T06:00:33.625000Z,675.767,137.0,1486.0,65.442,0.0,0.0,0.0,65.008,16.135628,0.0,0.0,0.0
2020-08-25T06:00:35.488999Z,2020-08-25T06:00:35.624000Z,570.224,135.0,1486.0,65.951,0.0,0.0,0.0,65.008,0.938724,0.0,0.0,0.0
2020-08-25T06:00:37.488999Z,2020-08-25T06:00:37.624000Z,778.723,135.0,1484.0,65.508,0.0,0.0,0.0,65.008,8.402592,0.0,0.0,0.0
2020-08-25T06:00:39.488999Z,2020-08-25T06:00:39.623000Z,507.311,134.0,1484.0,65.839,0.0,0.0,0.0,65.008,11.654733,0.0,0.0,0.0
2020-08-25T06:00:41.488999Z,2020-08-25T06:00:41.625000Z,751.361,136.0,1484.0,65.715,0.0,0.0,0.0,65.008,7.195054,0.0,0.0,0.0
2020-08-25T06:00:43.488000Z,2020-08-25T06:00:43.615000Z,680.02,127.0,1072.0,65.593,0.0,0.0,0.0,65.008,11.287222,0.0,0.0,0.0
2020-08-25T06:00:45.488999Z,2020-08-25T06:00:45.609999Z,584.946,121.0,1072.0,65.846,0.0,0.0,0.0,65.008,11.287222,0.0,0.0,0.0
2020-08-25T06:00:47.488999Z,2020-08-25T06:00:47.617999Z,685.914,129.0,4.0,65.585,0.0,0.0,0.0,65.008,11.287222,0.0,0.0,0.0
2020-08-25T06:00:49.488999Z,2020-08-25T06:00:49.628000Z,801.729,139.0,1068.0,65.571,0.0,0.0,0.0,65.008,11.287222,0.0,0.0,0.0
2020-08-25T06:00:51.489999Z,2020-08-25T06:00:51.638000Z,892.047,148.0,1058.0,65.57,0.0,0.0,0.0,65.008,11.460072,0.0,0.0,0.0
2020-08-25T06:00:53.488999Z,2020-08-25T06:00:53.601000Z,407.308,112.0,1064.0,65.465,0.0,0.0,0.0,65.008,11.32915,0.0,0.0,0.0
2020-08-25T06:00:55.488999Z,2020-08-25T06:00:55.561999Z,76.862,73.0,1064.0,65.438,0.0,0.0,0.0,65.008,11.32915,0.0,0.0,0.0
2020-08-25T06:00:57.488999Z,2020-08-25T06:00:57.638000Z,918.746,149.0,1064.0,65.741,0.0,0.0,0.0,65.008,11.32915,0.0,0.0,0.0
2020-08-25T06:00:59.488999Z,2020-08-25T06:00:59.628000Z,833.52,139.0,1094.0,65.625,0.0,0.0,0.0,65.008,11.907193,0.0,0.0,0.0
2020-08-25T06:01:01.488999Z,2020-08-25T06:01:01.612000Z,663.254,123.0,1094.0,65.609,0.0,0.0,0.0,65.008,11.758715,0.0,0.0,0.0
2020-08-25T06:01:03.491000Z,2020-08-25T06:01:03.681000Z,1487.961,190.0,1094.0,65.467,0.0,0.0,0.0,65.008,11.758715,0.0,0.0,0.0
2020-08-25T06:01:05.491000Z,2020-08-25T06:01:05.624000Z,853.029,133.0,1164.0,65.647,0.0,0.0,0.0,65.008,13.257111,0.0,0.0,0.0
2020-08-25T06:01:07.488999Z,2020-08-25T06:01:07.609999Z,714.425,121.0,1268.0,65.525,0.0,0.0,0.0,65.008,13.257111,0.0,0.0,0.0
2020-08-25T06:01:09.491000Z,2020-08-25T06:01:09.611000Z,695.002,120.0,1268.0,65.508,0.0,0.0,0.0,65.008,13.257111,0.0,0.0,0.0
2020-08-25T06:01:11.488999Z,2020-08-25T06:01:11.615000Z,758.353,126.0,4.0,65.519,0.0,0.0,0.0,65.008,13.257111,0.0,0.0,0.0
2020-08-25T06:01:13.488999Z,2020-08-25T06:01:13.631000Z,966.081,142.0,1268.0,65.658,0.0,0.0,0.0,65.008,13.257111,0.0,0.0,0.0
2020-08-25T06:01:15.489999Z,2020-08-25T06:01:15.617000Z,775.483,127.0,1274.0,65.481,0.0,0.0,0.0,65.008,13.415483,0.0,0.0,0.0
2020-08-25T06:01:17.488000Z,2020-08-25T06:01:17.560000Z,71.307,72.0,1274.0,65.478,0.0,0.0,0.0,65.008,13.415483,0.0,0.0,0.0
2020-08-25T06:01:19.488000Z,2020-08-25T06:01:19.560000Z,71.752,72.0,1274.0,65.771,0.0,0.0,0.0,65.008,13.415483,0.0,0.0,0.0
2020-08-25T06:01:21.488000Z,2020-08-25T06:01:21.560000Z,73.83,72.0,1274.0,65.634,0.0,0.0,0.0,65.008,13.415483,0.0,0.0,0.0
2020-08-25T06:01:23.491000Z,2020-08-25T06:01:23.647000Z,1228.824,156.0,1278.0,65.552,0.0,0.0,0.0,65.008,13.415483,0.0,0.0,0.0
2020-08-25T06:01:25.488999Z,2020-08-25T06:01:25.625999Z,928.472,137.0,1338.0,65.52,0.0,0.0,0.0,65.008,14.526923,0.0,0.0,0.0
2020-08-25T06:01:27.489999Z,2020-08-25T06:01:27.638000Z,1147.448,148.0,1338.0,66.192,0.0,0.0,0.0,65.008,13.037199,0.0,0.0,0.0
2020-08-25T06:01:29.488999Z,2020-08-25T06:01:29.624000Z,822.143,135.0,1384.0,65.504,0.0,0.0,0.0,65.008,14.926122,0.0,0.0,0.0
2020-08-25T06:01:31.489999Z,2020-08-25T06:01:31.625999Z,728.466,136.0,1384.0,66.163,0.0,0.0,0.0,65.008,11.679325,0.0,0.0,0.0
2020-08-25T06:01:33.489999Z,2020-08-25T06:01:33.647000Z,1303.13,157.0,1384.0,65.841,0.0,0.0,0.0,65.008,0.939778,0.0,0.0,0.0
2020-08-25T06:01:35.493000Z,2020-08-25T06:01:35.671000Z,1792.387,178.0,1442.0,65.447,0.0,0.0,0.0,65.008,15.645195,0.0,0.0,0.0
2020-08-25T06:01:37.491000Z,2020-08-25T06:01:37.655000Z,1704.905,164.0,1616.0,66.048,0.0,0.0,0.0,65.008,17.551984,0.0,0.0,0.0
2020-08-25T06:01:39.489999Z,2020-08-25T06:01:39.627000Z,831.375,137.0,1728.0,65.604,0.0,0.0,0.0,65.008,18.613156,0.0,0.0,0.0
2020-08-25T06:01:41.489999Z,2020-08-25T06:01:41.628000Z,1235.572,138.0,1730.0,66.133,0.0,0.0,0.0,65.008,11.481023,0.0,0.0,0.0
2020-08-25T06:01:43.491000Z,2020-08-25T06:01:43.648000Z,1609.846,157.0,1730.0,65.848,0.0,0.0,0.0,65.008,0.923574,0.0,0.0,0.0
2020-08-25T06:01:45.491000Z,2020-08-25T06:01:45.645000Z,1632.334,154.0,1790.0,66.446,0.0,0.0,0.0,65.008,19.249839,0.0,0.0,0.0
2020-08-25T06:01:47.492000Z,2020-08-25T06:01:47.628000Z,976.758,136.0,1838.0,66.008,0.0,0.0,0.0,65.008,0.758959,0.0,0.0,0.0
2020-08-25T06:01:49.491000Z,2020-08-25T06:01:49.635000Z,1518.207,144.0,1838.0,66.678,0.0,0.0,0.0,65.008,13.715641,0.0,0.0,0.0
2020-08-25T06:01:51.491000Z,2020-08-25T06:01:51.643000Z,1650.277,152.0,1862.0,65.543,0.0,0.0,0.0,65.008,20.206921,0.0,0.0,0.0
2020-08-25T06:01:53.491000Z,2020-08-25T06:01:53.691000Z,1032.471,200.0,1966.0,65.969,0.0,0.0,0.0,65.008,21.151478,0.0,0.0,0.0
2020-08-25T06:01:55.489999Z,2020-08-25T06:01:55.597000Z,793.187,107.0,4.0,66.312,0.0,0.0,0.0,65.008,0.15588,0.0,0.0,0.0
2020-08-25T06:01:57.491000Z,2020-08-25T06:01:57.625000Z,1032.649,134.0,1966.0,70.02,0.0,0.0,0.0,65.008,0.960023,0.0,0.0,0.0
2020-08-25T06:01:59.492000Z,2020-08-25T06:01:59.631000Z,1366.643,139.0,1966.0,66.365,0.0,0.0,0.0,65.008,14.893176,0.0,0.0,0.0
2020-08-25T06:02:01.491000Z,2020-08-25T06:02:01.625999Z,934.694,135.0,1850.0,67.473,0.0,0.0,0.0,65.008,0.820567,0.0,0.0,0.0
2020-08-25T06:02:03.491000Z,2020-08-25T06:02:03.625999Z,863.141,135.0,1850.0,66.265,0.0,0.0,0.0,65.008,13.313133,0.0,0.0,0.0
2020-08-25T06:02:05.491000Z,2020-08-25T06:02:05.628000Z,1350.808,137.0,1850.0,65.935,0.0,0.0,0.0,65.008,12.965302,0.0,0.0,0.0
2020-08-25T06:02:07.492000Z,2020-08-25T06:02:07.655000Z,1719.495,163.0,1850.0,65.705,0.0,0.0,0.0,65.008,0.939328,0.0,0.0,0.0
2020-08-25T06:02:09.491000Z,2020-08-25T06:02:09.625999Z,1151.765,135.0,1872.0,69.995,0.0,0.0,0.0,65.008,19.944219,0.0,0.0,0.0
2020-08-25T06:02:11.489999Z,2020-08-25T06:02:11.625000Z,852.894,135.0,1872.0,66.117,0.0,0.0,0.0,65.008,0.937574,0.0,0.0,0.0
2020-08-25T06:02:13.488999Z,2020-08-25T06:02:13.623000Z,726.543,134.0,1872.0,66.359,0.0,0.0,0.0,65.008,12.144489,0.0,0.0,0.0
2020-08-25T06:02:15.491000Z,2020-08-25T06:02:15.625000Z,688.879,134.0,1872.0,65.89,0.0,0.0,0.0,65.008,12.144489,0.0,0.0,0.0
2020-08-25T06:02:17.489999Z,2020-08-25T06:02:17.599000Z,794.665,109.0,4.0,65.764,0.0,0.0,0.0,65.008,10.323457,0.0,0.0,0.0
2020-08-25T06:02:19.489999Z,2020-08-25T06:02:19.627000Z,837.426,137.0,1864.0,65.757,0.0,0.0,0.0,65.008,10.323457,0.0,0.0,0.0
2020-08-25T06:02:21.491000Z,2020-08-25T06:02:21.609000Z,578.225,118.0,1110.0,65.836,0.0,0.0,0.0,65.008,11.778456,0.0,0.0,0.0
2020-08-25T06:02:23.489999Z,2020-08-25T06:02:23.614000Z,641.304,124.0,1116.0,65.683,0.0,0.0,0.0,65.008,11.778456,0.0,0.0,0.0
2020-08-25T06:02:25.492000Z,2020-08-25T06:02:25.680000Z,1488.028,188.0,1116.0,65.62,0.0,0.0,0.0,65.008,11.778456,0.0,0.0,0.0
2020-08-25T06:02:27.491000Z,2020-08-25T06:02:27.645000Z,1229.979,154.0,1276.0,66.271,0.0,0.0,0.0,65.008,13.896372,0.0,0.0,0.0
2020-08-25T06:02:29.489999Z,2020-08-25T06:02:29.625000Z,734.505,135.0,1378.0,65.518,0.0,0.0,0.0,65.008,15.008151,0.0,0.0,0.0
