start_time,end_time,size,trans_time,cwnd,rtt,rto,ssthresh,last_snd,min_rtt,delivery_rate,bytes_sent,bytes_retrans,client_trans_time
2020-08-25T05:32:40.379000Z,2020-08-25T05:32:41.440000Z,35.582,1061.0,40.0,83.231,0.0,0.0,0.0,39.452,0.504277,0.0,0.0,0.0
2020-08-25T05:32:41.441000Z,2020-08-25T05:32:41.569999Z,34.548,129.0,40.0,112.234,0.0,0.0,0.0,39.452,0.500932,0.0,0.0,0.0
2020-08-25T05:32:41.570000Z,2020-08-25T05:32:41.849000Z,114.608,279.0,40.0,59.087,0.0,0.0,0.0,39.452,0.44854,0.0,0.0,0.0
2020-08-25T05:32:41.850000Z,2020-08-25T05:32:42.302000Z,186.525,452.0,40.0,68.159,0.0,0.0,0.0,39.452,0.525868,0.0,0.0,0.0
2020-08-25T05:32:42.303000Z,2020-08-25T05:32:42.804000Z,228.47,501.0,42.0,103.639,0.0,0.0,0.0,39.452,0.437691,0.0,0.0,0.0
2020-08-25T05:32:42.804999Z,2020-08-25T05:32:44.376000Z,541.281,1571.0,42.0,112.977,0.0,0.0,0.0,39.452,0.517271,0.0,0.0,0.0
2020-08-25T05:32:44.376999Z,2020-08-25T05:32:46.763000Z,620.311,2386.0,38.0,159.003,0.0,0.0,0.0,39.452,0.125302,0.0,0.0,0.0
2020-08-25T05:32:46.764000Z,2020-08-25T05:32:47.748000Z,477.04,984.0,28.0,57.16,0.0,0.0,0.0,39.452,0.322178,0.0,0.0,0.0
2020-08-25T05:32:47.748999Z,2020-08-25T05:32:48.971000Z,623.942,1222.0,40.0,89.942,0.0,0.0,0.0,39.452,0.547296,0.0,0.0,0.0
2020-08-25T05:32:48.972000Z,2020-08-25T05:32:50.564000Z,776.929,1592.0,38.0,103.477,0.0,0.0,0.0,39.452,0.534886,0.0,0.0,0.0
2020-08-25T05:32:50.564999Z,2020-08-25T05:32:52.407000Z,799.06,1842.0,38.0,102.008,0.0,0.0,0.0,39.452,0.50629,0.0,0.0,0.0
2020-08-25T05:32:52.408000Z,2020-08-25T05:32:53.387000Z,491.332,979.0,38.0,97.498,0.0,0.0,0.0,39.452,0.541776,0.0,0.0,0.0
2020-08-25T05:32:53.388000Z,2020-08-25T05:32:55.070000Z,783.713,1682.0,40.0,102.449,0.0,0.0,0.0,39.452,0.521776,0.0,0.0,0.0
2020-08-25T05:32:55.071000Z,2020-08-25T05:32:56.437000Z,579.684,1366.0,40.0,107.485,0.0,0.0,0.0,39.452,0.532375,0.0,0.0,0.0
2020-08-25T05:33:03.521000Z,2020-08-25T05:33:05.336000Z,936.886,1815.0,40.0,111.485,0.0,0.0,0.0,39.452,0.33534,0.0,0.0,0.0
2020-08-25T05:33:05.563000Z,2020-08-25T05:33:07.505999Z,1000.047,1943.0,40.0,101.048,0.0,0.0,0.0,39.452,0.533515,0.0,0.0,0.0
2020-08-25T05:33:07.507000Z,2020-08-25T05:33:09.641999Z,1060.454,2135.0,40.0,109.709,0.0,0.0,0.0,39.452,0.511061,0.0,0.0,0.0
2020-08-25T05:33:09.644000Z,2020-08-25T05:33:11.633999Z,1030.817,1990.0,40.0,103.694,0.0,0.0,0.0,39.452,0.468646,0.0,0.0,0.0
2020-08-25T05:33:11.635000Z,2020-08-25T05:33:12.167000Z,256.657,532.0,40.0,108.638,0.0,0.0,0.0,39.452,0.532594,0.0,0.0,0.0
2020-08-25T05:33:13.561999Z,2020-08-25T05:33:13.710000Z,55.046,148.0,40.0,83.276,0.0,0.0,0.0,39.452,0.537427,0.0,0.0,0.0
2020-08-25T05:33:15.561999Z,2020-08-25T05:33:15.649999Z,24.37,88.0,42.0,54.667,0.0,0.0,0.0,39.452,0.536648,0.0,0.0,0.0
2020-08-25T05:33:17.610000Z,2020-08-25T05:33:17.988000Z,176.468,378.0,42.0,63.845,0.0,0.0,0.0,39.452,0.492325,0.0,0.0,0.0
2020-08-25T05:33:19.564000Z,2020-08-25T05:33:20.695000Z,576.675,1131.0,42.0,75.465,0.0,0.0,0.0,39.452,0.4877,0.0,0.0,0.0
2020-08-25T05:33:21.567000Z,2020-08-25T05:33:24.697000Z,1554.975,3130.0,42.0,108.812,0.0,0.0,0.0,39.452,0.504269,0.0,0.0,0.0
2020-08-25T05:33:24.700000Z,2020-08-25T05:33:27.427000Z,1406.751,2727.0,42.0,115.571,0.0,0.0,0.0,39.452,0.465225,0.0,0.0,0.0
2020-08-25T05:33:27.428000Z,2020-08-25T05:33:28.990000Z,803.911,1562.0,40.0,102.102,0.0,0.0,0.0,39.452,0.541231,0.0,0.0,0.0
2020-08-25T05:33:28.992000Z,2020-08-25T05:33:31.425999Z,1154.481,2434.0,42.0,115.177,0.0,0.0,0.0,39.452,0.514349,0.0,0.0,0.0
2020-08-25T05:33:31.429000Z,2020-08-25T05:33:33.390000Z,980.692,1961.0,40.0,106.986,0.0,0.0,0.0,39.452,0.481273,0.0,0.0,0.0
2020-08-25T05:33:33.390000Z,2020-08-25T05:33:34.184000Z,353.871,794.0,40.0,105.598,0.0,0.0,0.0,39.452,0.538263,0.0,0.0,0.0
2020-08-25T05:33:34.185999Z,2020-08-25T05:33:36.200000Z,913.814,2013.9999999999998,42.0,109.872,0.0,0.0,0.0,39.452,0.494558,0.0,0.0,0.0
2020-08-25T05:33:36.202000Z,2020-08-25T05:33:38.591000Z,1100.386,2389.0,40.0,111.573,0.0,0.0,0.0,39.452,0.4792,0.0,0.0,0.0
2020-08-25T05:33:38.593000Z,2020-08-25T05:33:40.150000Z,745.712,1557.0,38.0,109.038,0.0,0.0,0.0,39.452,0.45801,0.0,0.0,0.0
2020-08-25T05:33:40.151000Z,2020-08-25T05:33:41.676000Z,766.842,1525.0,38.0,101.157,0.0,0.0,0.0,39.452,0.490888,0.0,0.0,0.0
2020-08-25T05:33:41.677000Z,2020-08-25T05:33:44.008000Z,830.875,2331.0,40.0,107.159,0.0,0.0,0.0,39.452,0.547313,0.0,0.0,0.0
2020-08-25T05:33:44.008999Z,2020-08-25T05:33:45.976000Z,764.71,1967.0,30.0,166.399,0.0,0.0,0.0,39.452,0.227732,0.0,0.0,0.0
2020-08-25T05:33:45.977000Z,2020-08-25T05:33:46.750000Z,332.337,773.0,38.0,104.261,0.0,0.0,0.0,39.452,0.423982,0.0,0.0,0.0
2020-08-25T05:33:47.564999Z,2020-08-25T05:33:48.825999Z,641.86,1261.0,38.0,102.854,0.0,0.0,0.0,39.452,0.531397,0.0,0.0,0.0
2020-08-25T05:33:49.564000Z,2020-08-25T05:33:50.603000Z,525.187,1039.0,40.0,107.056,0.0,0.0,0.0,39.452,0.53757,0.0,0.0,0.0
2020-08-25T05:33:51.568000Z,2020-08-25T05:33:52.774000Z,615.153,1206.0,40.0,109.469,0.0,0.0,0.0,39.452,0.537666,0.0,0.0,0.0
2020-08-25T05:33:53.566000Z,2020-08-25T05:33:55.012000Z,616.55,1446.0,40.0,110.96,0.0,0.0,0.0,39.452,0.516644,0.0,0.0,0.0
2020-08-25T05:33:55.563000Z,2020-08-25T05:33:57.019000Z,748.413,1456.0,40.0,53.929,0.0,0.0,0.0,39.452,0.555414,0.0,0.0,0.0
2020-08-25T05:33:57.588000Z,2020-08-25T05:33:58.862000Z,620.469,1274.0,40.0,108.593,0.0,0.0,0.0,39.452,0.499371,0.0,0.0,0.0
2020-08-25T05:33:59.612000Z,2020-08-25T05:34:03.209999Z,1279.407,3598.0,40.0,109.24,0.0,0.0,0.0,39.452,0.503834,0.0,0.0,0.0
2020-08-25T05:34:03.211000Z,2020-08-25T05:34:04.473999Z,597.07,1263.0,40.0,62.453,0.0,0.0,0.0,39.24,0.509228,0.0,0.0,0.0
2020-08-25T05:34:04.476000Z,2020-08-25T05:34:07.139000Z,1382.066,2663.0,38.0,98.764,0.0,0.0,0.0,39.24,0.526207,0.0,0.0,0.0
2020-08-25T05:34:07.140000Z,2020-08-25T05:34:08.561000Z,599.931,1421.0,38.0,93.09,0.0,0.0,0.0,39.24,0.474483,0.0,0.0,0.0
2020-08-25T05:34:08.561999Z,2020-08-25T05:34:10.387000Z,743.118,1825.0,38.0,101.91,0.0,0.0,0.0,39.24,0.462548,0.0,0.0,0.0
2020-08-25T05:34:10.388000Z,2020-08-25T05:34:12.379000Z,810.902,1991.0,38.0,143.851,0.0,0.0,0.0,39.24,0.273,0.0,0.0,0.0
2020-08-25T05:34:12.380000Z,2020-08-25T05:34:13.988000Z,637.367,1608.0,38.0,103.293,0.0,0.0,0.0,39.24,0.46137,0.0,0.0,0.0
2020-08-25T05:34:13.988999Z,2020-08-25T05:34:15.228000Z,628.246,1239.0,40.0,83.172,0.0,0.0,0.0,39.24,0.504776,0.0,0.0,0.0
2020-08-25T05:34:15.817000Z,2020-08-25T05:34:17.089999Z,633.809,1273.0,38.0,98.903,0.0,0.0,0.0,39.24,0.486714,0.0,0.0,0.0
2020-08-25T05:34:17.813000Z,2020-08-25T05:34:19.804000Z,1031.605,1991.0,40.0,116.762,0.0,0.0,0.0,39.24,0.488617,0.0,0.0,0.0
2020-08-25T05:34:19.807000Z,2020-08-25T05:34:22.596000Z,1400.794,2789.0,40.0,102.34,0.0,0.0,0.0,39.24,0.516362,0.0,0.0,0.0
2020-08-25T05:34:22.599000Z,2020-08-25T05:34:25.881999Z,1616.886,3283.0,40.0,98.05,0.0,0.0,0.0,39.24,0.465528,0.0,0.0,0.0
2020-08-25T05:34:25.883000Z,2020-08-25T05:34:27.038000Z,587.284,1155.0,40.0,107.458,0.0,0.0,0.0,39.24,0.48983,0.0,0.0,0.0
2020-08-25T05:34:27.039000Z,2020-08-25T05:34:28.614000Z,792.959,1575.0,40.0,110.133,0.0,0.0,0.0,39.24,0.508097,0.0,0.0,0.0
2020-08-25T05:34:28.615000Z,2020-08-25T05:34:30.038000Z,725.767,1423.0,40.0,101.77,0.0,0.0,0.0,39.24,0.461571,0.0,0.0,0.0
2020-08-25T05:34:30.040000Z,2020-08-25T05:34:31.787000Z,835.76,1747.0,40.0,106.633,0.0,0.0,0.0,39.24,0.525297,0.0,0.0,0.0
2020-08-25T05:34:31.789000Z,2020-08-25T05:34:33.596000Z,928.104,1807.0,40.0,112.318,0.0,0.0,0.0,39.24,0.481117,0.0,0.0,0.0
2020-08-25T05:34:33.598000Z,2020-08-25T05:34:35.588000Z,887.588,1990.0,40.0,108.347,0.0,0.0,0.0,39.24,0.53973,0.0,0.0,0.0
2020-08-25T05:34:35.814000Z,2020-08-25T05:34:37.790000Z,1023.676,1976.0,40.0,105.521,0.0,0.0,0.0,39.24,0.527236,0.0,0.0,0.0
2020-08-25T05:34:37.792000Z,2020-08-25T05:34:39.616000Z,942.978,1824.0,38.0,100.898,0.0,0.0,0.0,39.24,0.502029,0.0,0.0,0.0
2020-08-25T05:34:39.616999Z,2020-08-25T05:34:41.377000Z,855.321,1760.0,38.0,98.406,0.0,0.0,0.0,39.24,0.541396,0.0,0.0,0.0
2020-08-25T05:34:41.813000Z,2020-08-25T05:34:43.836000Z,1017.883,2023.0000000000002,38.0,101.02,0.0,0.0,0.0,39.24,0.478115,0.0,0.0,0.0
2020-08-25T05:34:43.838000Z,2020-08-25T05:34:46.333000Z,1119.044,2495.0,42.0,68.029,0.0,0.0,0.0,39.24,0.538054,0.0,0.0,0.0
2020-08-25T05:34:46.335000Z,2020-08-25T05:34:49.273000Z,1067.459,2938.0,40.0,98.344,0.0,0.0,0.0,39.24,0.480821,0.0,0.0,0.0
2020-08-25T05:34:49.274000Z,2020-08-25T05:34:51.572000Z,625.948,2298.0,36.0,153.141,0.0,0.0,0.0,39.24,0.193443,0.0,0.0,0.0
2020-08-25T05:34:51.574000Z,2020-08-25T05:34:54.095000Z,679.072,2521.0,30.0,127.353,0.0,0.0,0.0,39.24,0.336222,0.0,0.0,0.0
2020-08-25T05:34:54.097000Z,2020-08-25T05:34:55.980000Z,699.994,1883.0,26.0,149.436,0.0,0.0,0.0,39.24,0.249425,0.0,0.0,0.0
2020-08-25T05:34:55.981000Z,2020-08-25T05:34:58.249000Z,796.127,2268.0,38.0,89.841,0.0,0.0,0.0,39.24,0.479632,0.0,0.0,0.0
2020-08-25T05:34:58.251000Z,2020-08-25T05:35:00.669000Z,1077.521,2418.0,38.0,130.098,0.0,0.0,0.0,39.24,0.409028,0.0,0.0,0.0
2020-08-25T05:35:00.671000Z,2020-08-25T05:35:03.025000Z,1163.483,2354.0,38.0,95.01,0.0,0.0,0.0,39.24,0.499339,0.0,0.0,0.0
2020-08-25T05:35:03.025999Z,2020-08-25T05:35:04.669000Z,613.968,1643.0,38.0,98.866,0.0,0.0,0.0,39.24,0.502937,0.0,0.0,0.0
2020-08-25T05:35:04.671000Z,2020-08-25T05:35:07.327000Z,716.453,2656.0,38.0,139.066,0.0,0.0,0.0,39.24,0.449555,0.0,0.0,0.0
2020-08-25T05:35:07.328000Z,2020-08-25T05:35:09.339000Z,721.672,2011.0000000000002,52.0,127.213,0.0,0.0,0.0,39.24,0.307811,0.0,0.0,0.0
2020-08-25T05:35:09.340000Z,2020-08-25T05:35:11.275000Z,451.512,1935.0,36.0,127.124,0.0,0.0,0.0,39.24,0.33602,0.0,0.0,0.0
2020-08-25T05:35:11.276000Z,2020-08-25T05:35:13.304000Z,575.762,2028.0,32.0,140.735,0.0,0.0,0.0,39.24,0.193968,0.0,0.0,0.0
2020-08-25T05:35:13.304999Z,2020-08-25T05:35:14.841999Z,391.5,1537.0,32.0,101.544,0.0,0.0,0.0,39.24,0.352894,0.0,0.0,0.0
2020-08-25T05:35:14.844000Z,2020-08-25T05:35:17.193999Z,703.453,2350.0,38.0,103.355,0.0,0.0,0.0,39.24,0.141073,0.0,0.0,0.0
2020-08-25T05:35:17.195000Z,2020-08-25T05:35:19.536000Z,813.572,2341.0,30.0,139.479,0.0,0.0,0.0,39.24,0.315391,0.0,0.0,0.0
2020-08-25T05:35:19.537000Z,2020-08-25T05:35:21.033999Z,766.358,1497.0,38.0,67.088,0.0,0.0,0.0,39.133,0.551856,0.0,0.0,0.0
2020-08-25T05:35:21.035000Z,2020-08-25T05:35:22.829000Z,914.583,1794.0,40.0,107.464,0.0,0.0,0.0,39.133,0.532827,0.0,0.0,0.0
2020-08-25T05:35:22.830000Z,2020-08-25T05:35:24.574000Z,886.046,1744.0,38.0,105.704,0.0,0.0,0.0,39.133,0.47648,0.0,0.0,0.0
2020-08-25T05:35:24.576000Z,2020-08-25T05:35:26.439000Z,944.634,1863.0,38.0,81.367,0.0,0.0,0.0,39.133,0.367279,0.0,0.0,0.0
2020-08-25T05:35:26.441000Z,2020-08-25T05:35:28.653000Z,1147.349,2212.0,38.0,99.66,0.0,0.0,0.0,39.133,0.48574,0.0,0.0,0.0
2020-08-25T05:35:28.655000Z,2020-08-25T05:35:30.761000Z,975.59,2106.0,38.0,101.21,0.0,0.0,0.0,39.133,0.521881,0.0,0.0,0.0
2020-08-25T05:35:30.761999Z,2020-08-25T05:35:32.382000Z,814.915,1620.0,40.0,108.616,0.0,0.0,0.0,39.133,0.524991,0.0,0.0,0.0
2020-08-25T05:35:32.383000Z,2020-08-25T05:35:33.547000Z,590.715,1164.0,40.0,110.266,0.0,0.0,0.0,39.133,0.467218,0.0,0.0,0.0
2020-08-25T05:35:33.549000Z,2020-08-25T05:35:35.846000Z,1170.659,2297.0,40.0,109.601,0.0,0.0,0.0,39.133,0.510971,0.0,0.0,0.0
2020-08-25T05:35:35.848000Z,2020-08-25T05:35:38.030000Z,1128.261,2182.0,40.0,86.277,0.0,0.0,0.0,39.133,0.48966,0.0,0.0,0.0
2020-08-25T05:35:38.031000Z,2020-08-25T05:35:39.713000Z,754.198,1682.0,40.0,111.195,0.0,0.0,0.0,39.133,0.465094,0.0,0.0,0.0
2020-08-25T05:35:39.715000Z,2020-08-25T05:35:41.092000Z,691.258,1377.0,40.0,72.59,0.0,0.0,0.0,39.133,0.546374,0.0,0.0,0.0
2020-08-25T05:35:41.094000Z,2020-08-25T05:35:43.463000Z,987.536,2369.0,38.0,104.075,0.0,0.0,0.0,39.133,0.491242,0.0,0.0,0.0
2020-08-25T05:35:43.464000Z,2020-08-25T05:35:45.481000Z,572.702,2017.0,36.0,72.479,0.0,0.0,0.0,39.133,0.484426,0.0,0.0,0.0
2020-08-25T05:35:45.481999Z,2020-08-25T05:35:47.481999Z,574.342,2000.0,30.0,125.358,0.0,0.0,0.0,39.133,0.34527,0.0,0.0,0.0
2020-08-25T05:35:47.483000Z,2020-08-25T05:35:48.900000Z,513.371,1417.0,26.0,138.024,0.0,0.0,0.0,39.133,0.276656,0.0,0.0,0.0
2020-08-25T05:35:48.902000Z,2020-08-25T05:35:51.060000Z,992.998,2158.0,38.0,133.694,0.0,0.0,0.0,39.133,0.370744,0.0,0.0,0.0
2020-08-25T05:35:51.062000Z,2020-08-25T05:35:52.675000Z,822.624,1613.0,38.0,123.686,0.0,0.0,0.0,39.133,0.411392,0.0,0.0,0.0
2020-08-25T05:35:52.676000Z,2020-08-25T05:35:54.216000Z,745.991,1540.0,40.0,107.357,0.0,0.0,0.0,39.133,0.531013,0.0,0.0,0.0
2020-08-25T05:35:54.218000Z,2020-08-25T05:35:56.083000Z,947.643,1865.0,38.0,96.569,0.0,0.0,0.0,39.133,0.504751,0.0,0.0,0.0
2020-08-25T05:35:56.085000Z,2020-08-25T05:35:58.367000Z,1041.348,2282.0,38.0,71.83,0.0,0.0,0.0,39.133,0.537241,0.0,0.0,0.0
2020-08-25T05:35:58.368000Z,2020-08-25T05:36:00.025000Z,853.555,1657.0,40.0,49.401,0.0,0.0,0.0,39.133,0.538109,0.0,0.0,0.0
2020-08-25T05:36:00.025999Z,2020-08-25T05:36:01.936000Z,986.716,1910.0,40.0,108.381,0.0,0.0,0.0,39.133,0.484599,0.0,0.0,0.0
2020-08-25T05:36:01.938000Z,2020-08-25T05:36:04.006000Z,1022.61,2068.0,38.0,102.971,0.0,0.0,0.0,39.133,0.511874,0.0,0.0,0.0
2020-08-25T05:36:04.008000Z,2020-08-25T05:36:05.990000Z,1026.893,1982.0,40.0,106.304,0.0,0.0,0.0,39.133,0.542947,0.0,0.0,0.0
2020-08-25T05:36:05.992000Z,2020-08-25T05:36:07.603000Z,777.41,1611.0,38.0,96.497,0.0,0.0,0.0,39.133,0.482671,0.0,0.0,0.0
2020-08-25T05:36:07.814000Z,2020-08-25T05:36:10.601000Z,1070.662,2787.0,40.0,107.467,0.0,0.0,0.0,39.133,0.546187,0.0,0.0,0.0
2020-08-25T05:36:10.601999Z,2020-08-25T05:36:13.400000Z,998.674,2798.0,38.0,73.682,0.0,0.0,0.0,39.133,0.349436,0.0,0.0,0.0
2020-08-25T05:36:13.401000Z,2020-08-25T05:36:14.241000Z,391.645,840.0,40.0,152.8,0.0,0.0,0.0,39.133,0.39429,0.0,0.0,0.0
2020-08-25T05:36:14.241999Z,2020-08-25T05:36:16.443000Z,923.81,2201.0,38.0,106.562,0.0,0.0,0.0,39.133,0.375682,0.0,0.0,0.0
2020-08-25T05:36:16.445000Z,2020-08-25T05:36:18.875000Z,1060.114,2430.0,38.0,176.727,0.0,0.0,0.0,39.133,0.222427,0.0,0.0,0.0
2020-08-25T05:36:18.876999Z,2020-08-25T05:36:21.537999Z,1375.391,2661.0,38.0,90.253,0.0,0.0,0.0,39.133,0.443518,0.0,0.0,0.0
2020-08-25T05:36:21.539000Z,2020-08-25T05:36:23.095000Z,657.446,1556.0,38.0,89.169,0.0,0.0,0.0,39.133,0.516255,0.0,0.0,0.0
2020-08-25T05:36:23.097000Z,2020-08-25T05:36:24.709000Z,820.566,1612.0,42.0,74.774,0.0,0.0,0.0,39.133,0.505928,0.0,0.0,0.0
2020-08-25T05:36:24.711000Z,2020-08-25T05:36:26.569000Z,940.042,1858.0,38.0,82.596,0.0,0.0,0.0,39.133,0.457166,0.0,0.0,0.0
2020-08-25T05:36:26.570000Z,2020-08-25T05:36:28.300000Z,842.43,1730.0,40.0,105.092,0.0,0.0,0.0,39.133,0.53036,0.0,0.0,0.0
2020-08-25T05:36:28.301000Z,2020-08-25T05:36:29.689999Z,703.564,1389.0,38.0,103.423,0.0,0.0,0.0,39.133,0.485003,0.0,0.0,0.0
2020-08-25T05:36:29.813000Z,2020-08-25T05:36:31.323000Z,769.777,1510.0,38.0,98.856,0.0,0.0,0.0,39.133,0.526642,0.0,0.0,0.0
2020-08-25T05:36:31.814000Z,2020-08-25T05:36:33.497999Z,763.051,1684.0,38.0,107.42,0.0,0.0,0.0,39.133,0.489461,0.0,0.0,0.0
2020-08-25T05:36:33.813000Z,2020-08-25T05:36:35.358000Z,796.899,1545.0,40.0,87.955,0.0,0.0,0.0,39.133,0.496804,0.0,0.0,0.0
2020-08-25T05:36:35.813000Z,2020-08-25T05:36:37.448000Z,835.638,1635.0,40.0,100.892,0.0,0.0,0.0,39.133,0.497707,0.0,0.0,0.0
2020-08-25T05:36:37.813000Z,2020-08-25T05:36:39.825999Z,1042.73,2013.0,38.0,94.593,0.0,0.0,0.0,39.133,0.480133,0.0,0.0,0.0
2020-08-25T05:36:39.829000Z,2020-08-25T05:36:43.699000Z,1878.914,3870.0,38.0,102.58,0.0,0.0,0.0,39.133,0.527556,0.0,0.0,0.0
2020-08-25T05:36:43.701000Z,2020-08-25T05:36:46.339000Z,1367.129,2638.0,40.0,57.454,0.0,0.0,0.0,39.133,0.528852,0.0,0.0,0.0
2020-08-25T05:36:46.340999Z,2020-08-25T05:36:48.263000Z,950.729,1922.0,38.0,95.036,0.0,0.0,0.0,39.133,0.486041,0.0,0.0,0.0
2020-08-25T05:36:48.264000Z,2020-08-25T05:36:50.259000Z,1029.364,1995.0,40.0,103.384,0.0,0.0,0.0,39.133,0.477407,0.0,0.0,0.0
2020-08-25T05:36:50.260000Z,2020-08-25T05:36:51.548000Z,613.163,1288.0,38.0,87.663,0.0,0.0,0.0,39.133,0.506235,0.0,0.0,0.0
2020-08-25T05:36:51.549000Z,2020-08-25T05:36:52.648000Z,559.466,1099.0,38.0,101.225,0.0,0.0,0.0,39.133,0.494044,0.0,0.0,0.0
2020-08-25T05:36:52.649999Z,2020-08-25T05:36:54.937000Z,1183.337,2287.0,38.0,94.966,0.0,0.0,0.0,39.133,0.502303,0.0,0.0,0.0
2020-08-25T05:36:54.938000Z,2020-08-25T05:36:56.790000Z,902.23,1852.0,38.0,103.904,0.0,0.0,0.0,39.133,0.53566,0.0,0.0,0.0
2020-08-25T05:36:56.792000Z,2020-08-25T05:36:59.878000Z,1581.323,3086.0,38.0,99.654,0.0,0.0,0.0,39.133,0.5499,0.0,0.0,0.0
2020-08-25T05:36:59.880000Z,2020-08-25T05:37:02.465000Z,1152.236,2585.0,38.0,99.005,0.0,0.0,0.0,39.133,0.530384,0.0,0.0,0.0
2020-08-25T05:37:02.467000Z,2020-08-25T05:37:04.585000Z,1099.32,2118.0,40.0,106.853,0.0,0.0,0.0,39.133,0.535543,0.0,0.0,0.0
2020-08-25T05:37:04.587000Z,2020-08-25T05:37:06.078000Z,759.953,1491.0,38.0,102.787,0.0,0.0,0.0,39.133,0.533923,0.0,0.0,0.0
2020-08-25T05:37:06.079000Z,2020-08-25T05:37:07.625999Z,781.361,1547.0,40.0,116.166,0.0,0.0,0.0,39.133,0.477181,0.0,0.0,0.0
2020-08-25T05:37:07.628000Z,2020-08-25T05:37:09.217999Z,814.478,1590.0,38.0,91.104,0.0,0.0,0.0,39.133,0.506015,0.0,0.0,0.0
2020-08-25T05:37:09.221000Z,2020-08-25T05:37:11.977000Z,1388.819,2756.0,38.0,101.785,0.0,0.0,0.0,39.133,0.514392,0.0,0.0,0.0
2020-08-25T05:37:11.978000Z,2020-08-25T05:37:13.447000Z,685.751,1469.0,4.0,103.833,0.0,0.0,0.0,39.133,0.454775,0.0,0.0,0.0
2020-08-25T05:37:13.448000Z,2020-08-25T05:37:14.655000Z,564.525,1207.0,40.0,107.544,0.0,0.0,0.0,39.133,0.514365,0.0,0.0,0.0
2020-08-25T05:37:14.656999Z,2020-08-25T05:37:17.708000Z,1587.526,3051.0,40.0,105.535,0.0,0.0,0.0,39.133,0.501577,0.0,0.0,0.0
2020-08-25T05:37:17.711000Z,2020-08-25T05:37:20.257000Z,1321.374,2546.0,40.0,108.968,0.0,0.0,0.0,39.133,0.423692,0.0,0.0,0.0
2020-08-25T05:37:20.259000Z,2020-08-25T05:37:22.822000Z,1187.066,2563.0,40.0,102.705,0.0,0.0,0.0,39.133,0.497618,0.0,0.0,0.0
2020-08-25T05:37:22.823000Z,2020-08-25T05:37:24.073000Z,629.953,1250.0,40.0,72.976,0.0,0.0,0.0,39.133,0.479223,0.0,0.0,0.0
2020-08-25T05:37:24.073000Z,2020-08-25T05:37:25.263000Z,599.203,1190.0,40.0,109.493,0.0,0.0,0.0,39.133,0.525331,0.0,0.0,0.0
2020-08-25T05:37:25.264000Z,2020-08-25T05:37:26.791000Z,774.276,1527.0,38.0,110.327,0.0,0.0,0.0,39.133,0.517909,0.0,0.0,0.0
2020-08-25T05:37:26.793000Z,2020-08-25T05:37:30.016000Z,1680.097,3223.0,38.0,106.502,0.0,0.0,0.0,39.133,0.458436,0.0,0.0,0.0
2020-08-25T05:37:30.017000Z,2020-08-25T05:37:31.547000Z,738.7,1530.0,38.0,103.179,0.0,0.0,0.0,39.133,0.522619,0.0,0.0,0.0
2020-08-25T05:37:31.548000Z,2020-08-25T05:37:33.001000Z,642.618,1453.0,38.0,101.481,0.0,0.0,0.0,39.133,0.535304,0.0,0.0,0.0
2020-08-25T05:37:33.003000Z,2020-08-25T05:37:35.574000Z,1289.708,2571.0,38.0,50.883,0.0,0.0,0.0,39.133,0.526458,0.0,0.0,0.0
2020-08-25T05:37:35.576000Z,2020-08-25T05:37:37.944000Z,1230.098,2368.0,38.0,98.213,0.0,0.0,0.0,39.133,0.533414,0.0,0.0,0.0
2020-08-25T05:37:37.945999Z,2020-08-25T05:37:40.303000Z,1175.268,2357.0,38.0,95.937,0.0,0.0,0.0,39.133,0.491989,0.0,0.0,0.0
2020-08-25T05:37:40.304999Z,2020-08-25T05:37:42.791000Z,1296.922,2486.0,38.0,96.865,0.0,0.0,0.0,39.133,0.504162,0.0,0.0,0.0
2020-08-25T05:37:42.793000Z,2020-08-25T05:37:45.720000Z,1441.656,2927.0,4.0,100.566,0.0,0.0,0.0,39.133,0.501346,0.0,0.0,0.0
2020-08-25T05:37:45.722000Z,2020-08-25T05:37:48.350000Z,1361.981,2628.0,38.0,97.852,0.0,0.0,0.0,39.133,0.483132,0.0,0.0,0.0
2020-08-25T05:37:48.352000Z,2020-08-25T05:37:50.724000Z,1223.052,2372.0,38.0,102.818,0.0,0.0,0.0,39.133,0.532049,0.0,0.0,0.0
2020-08-25T05:37:50.725000Z,2020-08-25T05:37:52.449999Z,880.583,1725.0,38.0,104.768,0.0,0.0,0.0,39.133,0.518919,0.0,0.0,0.0
2020-08-25T05:37:52.451000Z,2020-08-25T05:37:53.525000Z,444.585,1074.0,38.0,96.318,0.0,0.0,0.0,39.133,0.500386,0.0,0.0,0.0
2020-08-25T05:37:53.526000Z,2020-08-25T05:37:54.809000Z,655.189,1283.0,38.0,49.405,0.0,0.0,0.0,39.133,0.552553,0.0,0.0,0.0
2020-08-25T05:37:54.811000Z,2020-08-25T05:37:57.025000Z,1136.509,2214.0,40.0,103.787,0.0,0.0,0.0,39.133,0.524161,0.0,0.0,0.0
2020-08-25T05:37:57.027000Z,2020-08-25T05:37:59.961000Z,1529.984,2934.0,38.0,103.992,0.0,0.0,0.0,39.133,0.538844,0.0,0.0,0.0
2020-08-25T05:37:59.964000Z,2020-08-25T05:38:02.395000Z,1257.565,2431.0,38.0,100.084,0.0,0.0,0.0,39.133,0.485801,0.0,0.0,0.0
2020-08-25T05:38:02.398000Z,2020-08-25T05:38:04.945000Z,1226.551,2547.0,38.0,94.797,0.0,0.0,0.0,39.133,0.53712,0.0,0.0,0.0
2020-08-25T05:38:04.947000Z,2020-08-25T05:38:06.505000Z,781.902,1558.0,38.0,100.345,0.0,0.0,0.0,39.133,0.515876,0.0,0.0,0.0
2020-08-25T05:38:06.507000Z,2020-08-25T05:38:07.969999Z,754.372,1463.0,38.0,98.908,0.0,0.0,0.0,39.133,0.507919,0.0,0.0,0.0
2020-08-25T05:38:07.971000Z,2020-08-25T05:38:09.333000Z,696.685,1362.0,38.0,102.041,0.0,0.0,0.0,39.133,0.495855,0.0,0.0,0.0
2020-08-25T05:38:09.334000Z,2020-08-25T05:38:10.574000Z,619.669,1240.0,40.0,103.862,0.0,0.0,0.0,39.133,0.516184,0.0,0.0,0.0
2020-08-25T05:38:10.575000Z,2020-08-25T05:38:11.735000Z,582.583,1160.0,40.0,109.796,0.0,0.0,0.0,39.133,0.535087,0.0,0.0,0.0
2020-08-25T05:38:11.736000Z,2020-08-25T05:38:12.763000Z,468.722,1027.0,40.0,114.515,0.0,0.0,0.0,39.133,0.475661,0.0,0.0,0.0
2020-08-25T05:38:12.764000Z,2020-08-25T05:38:14.608000Z,852.314,1844.0,38.0,97.329,0.0,0.0,0.0,39.133,0.499882,0.0,0.0,0.0
2020-08-25T05:38:14.609000Z,2020-08-25T05:38:16.352000Z,898.247,1743.0,38.0,90.053,0.0,0.0,0.0,39.133,0.471258,0.0,0.0,0.0
2020-08-25T05:38:16.353999Z,2020-08-25T05:38:18.672000Z,1157.071,2318.0,38.0,101.228,0.0,0.0,0.0,39.133,0.509554,0.0,0.0,0.0
2020-08-25T05:38:18.672999Z,2020-08-25T05:38:20.692000Z,1042.721,2019.0000000000002,38.0,102.381,0.0,0.0,0.0,39.133,0.546208,0.0,0.0,0.0
2020-08-25T05:38:20.692999Z,2020-08-25T05:38:22.483000Z,879.24,1790.0,38.0,102.372,0.0,0.0,0.0,39.133,0.531891,0.0,0.0,0.0
2020-08-25T05:38:22.484000Z,2020-08-25T05:38:24.075000Z,816.662,1591.0,38.0,90.445,0.0,0.0,0.0,39.133,0.45066,0.0,0.0,0.0
2020-08-25T05:38:24.076000Z,2020-08-25T05:38:25.881000Z,781.734,1805.0,4.0,105.554,0.0,0.0,0.0,39.133,0.512001,0.0,0.0,0.0
2020-08-25T05:38:25.882000Z,2020-08-25T05:38:27.651000Z,915.597,1769.0,38.0,100.275,0.0,0.0,0.0,39.133,0.538364,0.0,0.0,0.0
2020-08-25T05:38:28.064000Z,2020-08-25T05:38:29.928000Z,960.117,1864.0,40.0,106.981,0.0,0.0,0.0,39.133,0.546255,0.0,0.0,0.0
2020-08-25T05:38:29.929999Z,2020-08-25T05:38:31.976000Z,1016.042,2045.9999999999998,38.0,101.906,0.0,0.0,0.0,39.133,0.531005,0.0,0.0,0.0
2020-08-25T05:38:31.977000Z,2020-08-25T05:38:33.547000Z,805.607,1570.0,38.0,101.803,0.0,0.0,0.0,39.133,0.54537,0.0,0.0,0.0
2020-08-25T05:38:34.064000Z,2020-08-25T05:38:35.936000Z,868.214,1872.0,38.0,101.685,0.0,0.0,0.0,39.133,0.542188,0.0,0.0,0.0
2020-08-25T05:38:35.938000Z,2020-08-25T05:38:37.489000Z,795.118,1551.0,40.0,105.812,0.0,0.0,0.0,39.133,0.491363,0.0,0.0,0.0
2020-08-25T05:38:38.064999Z,2020-08-25T05:38:40.073000Z,1024.411,2008.0,38.0,106.696,0.0,0.0,0.0,39.133,0.455411,0.0,0.0,0.0
2020-08-25T05:38:40.075000Z,2020-08-25T05:38:42.427000Z,1145.988,2352.0,38.0,99.743,0.0,0.0,0.0,39.133,0.513115,0.0,0.0,0.0
2020-08-25T05:38:42.428000Z,2020-08-25T05:38:44.279000Z,947.128,1851.0,38.0,98.466,0.0,0.0,0.0,39.133,0.464955,0.0,0.0,0.0
2020-08-25T05:38:44.280000Z,2020-08-25T05:38:46.051000Z,769.41,1771.0,38.0,84.597,0.0,0.0,0.0,39.133,0.541896,0.0,0.0,0.0
2020-08-25T05:38:46.052000Z,2020-08-25T05:38:47.712000Z,848.782,1660.0,40.0,102.141,0.0,0.0,0.0,39.133,0.498544,0.0,0.0,0.0
2020-08-25T05:38:48.006000Z,2020-08-25T05:38:49.489000Z,759.047,1483.0,38.0,50.112,0.0,0.0,0.0,39.133,0.531885,0.0,0.0,0.0
2020-08-25T05:38:50.064000Z,2020-08-25T05:38:52.925000Z,1493.759,2861.0,40.0,106.764,0.0,0.0,0.0,39.133,0.53671,0.0,0.0,0.0
2020-08-25T05:38:52.926000Z,2020-08-25T05:38:54.625000Z,876.273,1699.0,38.0,101.284,0.0,0.0,0.0,39.133,0.541691,0.0,0.0,0.0
2020-08-25T05:38:54.626000Z,2020-08-25T05:38:56.137000Z,629.268,1511.0,40.0,99.162,0.0,0.0,0.0,39.133,0.507363,0.0,0.0,0.0
2020-08-25T05:38:56.137999Z,2020-08-25T05:38:57.864000Z,887.662,1726.0,38.0,100.151,0.0,0.0,0.0,39.133,0.49539,0.0,0.0,0.0
2020-08-25T05:38:57.865000Z,2020-08-25T05:38:59.783000Z,942.978,1918.0,38.0,101.029,0.0,0.0,0.0,39.133,0.503135,0.0,0.0,0.0
2020-08-25T05:39:00.063000Z,2020-08-25T05:39:01.621000Z,791.818,1558.0,38.0,111.49,0.0,0.0,0.0,39.133,0.517836,0.0,0.0,0.0
2020-08-25T05:39:02.063000Z,2020-08-25T05:39:03.720000Z,853.167,1657.0,40.0,110.252,0.0,0.0,0.0,39.133,0.423611,0.0,0.0,0.0
2020-08-25T05:39:03.860000Z,2020-08-25T05:39:05.529999Z,773.962,1670.0,38.0,102.894,0.0,0.0,0.0,39.133,0.514465,0.0,0.0,0.0
2020-08-25T05:39:06.062000Z,2020-08-25T05:39:07.787000Z,884.065,1725.0,40.0,54.433,0.0,0.0,0.0,39.133,0.542337,0.0,0.0,0.0
2020-08-25T05:39:07.921000Z,2020-08-25T05:39:09.409000Z,760.315,1488.0,40.0,100.675,0.0,0.0,0.0,39.133,0.503681,0.0,0.0,0.0
2020-08-25T05:39:10.062000Z,2020-08-25T05:39:11.449999Z,702.857,1388.0,40.0,106.356,0.0,0.0,0.0,39.133,0.507021,0.0,0.0,0.0
2020-08-25T05:39:12.004000Z,2020-08-25T05:39:13.437000Z,735.131,1433.0,40.0,48.057,0.0,0.0,0.0,39.133,0.526393,0.0,0.0,0.0
2020-08-25T05:39:14.064000Z,2020-08-25T05:39:16.139000Z,951.088,2075.0,40.0,104.978,0.0,0.0,0.0,39.133,0.486363,0.0,0.0,0.0
2020-08-25T05:39:16.140000Z,2020-08-25T05:39:17.832000Z,864.223,1692.0,38.0,56.018,0.0,0.0,0.0,39.133,0.312566,0.0,0.0,0.0
2020-08-25T05:39:17.959000Z,2020-08-25T05:39:19.553000Z,793.524,1594.0,40.0,107.966,0.0,0.0,0.0,39.133,0.519425,0.0,0.0,0.0
2020-08-25T05:39:20.104000Z,2020-08-25T05:39:22.891000Z,1256.238,2787.0,40.0,124.845,0.0,0.0,0.0,39.133,0.457142,0.0,0.0,0.0
2020-08-25T05:39:22.893000Z,2020-08-25T05:39:26.199000Z,1084.771,3306.0,38.0,98.086,0.0,0.0,0.0,39.133,0.531725,0.0,0.0,0.0
2020-08-25T05:39:26.201000Z,2020-08-25T05:39:28.404000Z,697.684,2203.0,34.0,58.407,0.0,0.0,0.0,39.133,0.40123,0.0,0.0,0.0
2020-08-25T05:39:28.405000Z,2020-08-25T05:39:29.897000Z,574.371,1492.0,30.0,145.38,0.0,0.0,0.0,39.133,0.295068,0.0,0.0,0.0
2020-08-25T05:39:29.897999Z,2020-08-25T05:39:31.213000Z,662.25,1315.0,38.0,82.843,0.0,0.0,0.0,39.133,0.529765,0.0,0.0,0.0
2020-08-25T05:39:31.215000Z,2020-08-25T05:39:33.055000Z,943.715,1840.0,38.0,102.075,0.0,0.0,0.0,39.133,0.537466,0.0,0.0,0.0
2020-08-25T05:39:33.056000Z,2020-08-25T05:39:34.615000Z,756.013,1559.0,40.0,95.388,0.0,0.0,0.0,39.133,0.49713,0.0,0.0,0.0
2020-08-25T05:39:34.616999Z,2020-08-25T05:39:37.321999Z,1404.933,2705.0,38.0,102.399,0.0,0.0,0.0,39.133,0.544276,0.0,0.0,0.0
2020-08-25T05:39:37.324000Z,2020-08-25T05:39:40.697000Z,1608.718,3373.0,38.0,104.301,0.0,0.0,0.0,39.133,0.52676,0.0,0.0,0.0
2020-08-25T05:39:40.698000Z,2020-08-25T05:39:41.680000Z,494.349,982.0,40.0,110.774,0.0,0.0,0.0,39.133,0.468466,0.0,0.0,0.0
2020-08-25T05:39:41.681000Z,2020-08-25T05:39:42.782000Z,555.395,1101.0,40.0,93.364,0.0,0.0,0.0,39.133,0.483979,0.0,0.0,0.0
2020-08-25T05:39:42.784000Z,2020-08-25T05:39:44.411000Z,784.385,1627.0,38.0,97.885,0.0,0.0,0.0,39.133,0.512235,0.0,0.0,0.0
2020-08-25T05:39:44.412000Z,2020-08-25T05:39:46.120000Z,869.619,1708.0,38.0,102.031,0.0,0.0,0.0,39.133,0.527366,0.0,0.0,0.0
2020-08-25T05:39:46.122000Z,2020-08-25T05:39:47.622000Z,722.328,1500.0,38.0,103.544,0.0,0.0,0.0,39.133,0.500486,0.0,0.0,0.0
2020-08-25T05:39:48.072000Z,2020-08-25T05:39:49.577000Z,693.837,1505.0,40.0,103.68,0.0,0.0,0.0,39.133,0.509659,0.0,0.0,0.0
2020-08-25T05:39:50.063000Z,2020-08-25T05:39:51.807000Z,898.166,1744.0,38.0,96.813,0.0,0.0,0.0,39.133,0.529614,0.0,0.0,0.0
2020-08-25T05:39:51.952000Z,2020-08-25T05:39:53.366000Z,726.572,1414.0,42.0,109.49,0.0,0.0,0.0,39.133,0.513627,0.0,0.0,0.0
2020-08-25T05:39:54.062000Z,2020-08-25T05:39:55.991000Z,859.523,1929.0,42.0,111.326,0.0,0.0,0.0,39.133,0.49923,0.0,0.0,0.0
2020-08-25T05:39:55.992000Z,2020-08-25T05:39:57.804000Z,846.737,1812.0,44.0,61.833,0.0,0.0,0.0,39.133,0.480506,0.0,0.0,0.0
2020-08-25T05:39:58.062000Z,2020-08-25T05:40:00.462000Z,760.184,2400.0,42.0,113.374,0.0,0.0,0.0,39.133,0.488784,0.0,0.0,0.0
2020-08-25T05:40:00.464000Z,2020-08-25T05:40:03.353999Z,1112.73,2890.0,32.0,152.971,0.0,0.0,0.0,39.133,0.372181,0.0,0.0,0.0
2020-08-25T05:40:03.356000Z,2020-08-25T05:40:05.411000Z,1061.479,2055.0,42.0,78.018,0.0,0.0,0.0,39.133,0.520128,0.0,0.0,0.0
2020-08-25T05:40:05.412999Z,2020-08-25T05:40:07.185000Z,914.248,1772.0,40.0,107.587,0.0,0.0,0.0,39.133,0.500272,0.0,0.0,0.0
2020-08-25T05:40:07.187000Z,2020-08-25T05:40:09.273000Z,1034.227,2086.0,42.0,108.199,0.0,0.0,0.0,39.133,0.50522,0.0,0.0,0.0
2020-08-25T05:40:09.275000Z,2020-08-25T05:40:11.367000Z,1073.987,2092.0,40.0,98.922,0.0,0.0,0.0,39.133,0.501844,0.0,0.0,0.0
2020-08-25T05:40:11.368000Z,2020-08-25T05:40:13.331000Z,969.322,1963.0,38.0,94.047,0.0,0.0,0.0,39.133,0.475561,0.0,0.0,0.0
2020-08-25T05:40:13.332000Z,2020-08-25T05:40:15.055000Z,891.265,1723.0,38.0,92.494,0.0,0.0,0.0,39.133,0.461879,0.0,0.0,0.0
2020-08-25T05:40:15.057000Z,2020-08-25T05:40:17.028000Z,1019.57,1971.0,38.0,98.863,0.0,0.0,0.0,39.133,0.500013,0.0,0.0,0.0
2020-08-25T05:40:17.030000Z,2020-08-25T05:40:18.913999Z,927.798,1884.0,38.0,102.848,0.0,0.0,0.0,39.133,0.515153,0.0,0.0,0.0
2020-08-25T05:40:18.916000Z,2020-08-25T05:40:20.609999Z,775.703,1694.0,38.0,98.4,0.0,0.0,0.0,39.21,0.540051,0.0,0.0,0.0
2020-08-25T05:40:20.611000Z,2020-08-25T05:40:22.268000Z,787.979,1657.0,40.0,95.117,0.0,0.0,0.0,39.21,0.5295,0.0,0.0,0.0
2020-08-25T05:40:22.269000Z,2020-08-25T05:40:23.717000Z,744.03,1448.0,38.0,98.17,0.0,0.0,0.0,39.21,0.474964,0.0,0.0,0.0
2020-08-25T05:40:24.108000Z,2020-08-25T05:40:26.056000Z,1011.239,1948.0,40.0,59.869,0.0,0.0,0.0,39.21,0.561853,0.0,0.0,0.0
2020-08-25T05:40:26.057999Z,2020-08-25T05:40:27.776000Z,887.906,1718.0,38.0,100.892,0.0,0.0,0.0,39.21,0.495308,0.0,0.0,0.0
2020-08-25T05:40:28.062000Z,2020-08-25T05:40:30.019000Z,916.366,1957.0,40.0,106.106,0.0,0.0,0.0,39.21,0.517513,0.0,0.0,0.0
2020-08-25T05:40:30.020000Z,2020-08-25T05:40:31.739000Z,830.076,1719.0,38.0,48.908,0.0,0.0,0.0,39.21,0.494042,0.0,0.0,0.0
2020-08-25T05:40:32.064000Z,2020-08-25T05:40:33.925000Z,962.357,1861.0,40.0,108.337,0.0,0.0,0.0,39.21,0.498516,0.0,0.0,0.0
2020-08-25T05:40:34.068000Z,2020-08-25T05:40:35.638000Z,807.763,1570.0,40.0,105.043,0.0,0.0,0.0,39.21,0.50577,0.0,0.0,0.0
2020-08-25T05:40:36.064999Z,2020-08-25T05:40:37.897000Z,945.822,1832.0,40.0,107.058,0.0,0.0,0.0,39.21,0.554579,0.0,0.0,0.0
2020-08-25T05:40:38.064000Z,2020-08-25T05:40:39.879000Z,934.833,1815.0,40.0,107.619,0.0,0.0,0.0,39.21,0.540207,0.0,0.0,0.0
2020-08-25T05:40:40.069000Z,2020-08-25T05:40:42.078000Z,981.624,2009.0,4.0,100.959,0.0,0.0,0.0,39.21,0.483061,0.0,0.0,0.0
2020-08-25T05:40:42.079000Z,2020-08-25T05:40:43.469000Z,711.387,1390.0,40.0,94.902,0.0,0.0,0.0,39.21,0.454599,0.0,0.0,0.0
2020-08-25T05:40:44.062000Z,2020-08-25T05:40:45.569999Z,774.893,1508.0,40.0,106.542,0.0,0.0,0.0,39.21,0.538045,0.0,0.0,0.0
2020-08-25T05:40:46.078000Z,2020-08-25T05:40:47.452000Z,704.92,1374.0,40.0,104.286,0.0,0.0,0.0,39.21,0.517822,0.0,0.0,0.0
2020-08-25T05:40:48.003000Z,2020-08-25T05:40:49.356000Z,696.35,1353.0,40.0,51.62,0.0,0.0,0.0,39.21,0.560645,0.0,0.0,0.0
2020-08-25T05:40:50.063000Z,2020-08-25T05:40:51.900000Z,845.631,1837.0,40.0,88.444,0.0,0.0,0.0,39.21,0.467335,0.0,0.0,0.0
2020-08-25T05:40:52.063000Z,2020-08-25T05:40:53.529000Z,752.183,1466.0,38.0,97.907,0.0,0.0,0.0,39.21,0.542427,0.0,0.0,0.0
2020-08-25T05:40:54.064999Z,2020-08-25T05:40:55.797000Z,886.307,1732.0,38.0,108.074,0.0,0.0,0.0,39.21,0.543604,0.0,0.0,0.0
2020-08-25T05:40:56.063000Z,2020-08-25T05:40:57.827000Z,907.447,1764.0,40.0,104.242,0.0,0.0,0.0,39.21,0.535053,0.0,0.0,0.0
2020-08-25T05:40:58.063000Z,2020-08-25T05:40:59.617000Z,803.203,1554.0,38.0,99.613,0.0,0.0,0.0,39.21,0.509896,0.0,0.0,0.0
2020-08-25T05:41:00.063000Z,2020-08-25T05:41:01.675000Z,723.646,1612.0,38.0,101.005,0.0,0.0,0.0,39.21,0.539234,0.0,0.0,0.0
2020-08-25T05:41:02.063000Z,2020-08-25T05:41:03.659000Z,821.449,1596.0,40.0,92.928,0.0,0.0,0.0,39.21,0.533279,0.0,0.0,0.0
2020-08-25T05:41:04.063000Z,2020-08-25T05:41:06.095000Z,1054.289,2032.0,40.0,103.492,0.0,0.0,0.0,39.21,0.496119,0.0,0.0,0.0
2020-08-25T05:41:06.097000Z,2020-08-25T05:41:07.968000Z,965.348,1871.0,38.0,94.922,0.0,0.0,0.0,39.21,0.484513,0.0,0.0,0.0
2020-08-25T05:41:08.063000Z,2020-08-25T05:41:10.008000Z,1008.219,1945.0,38.0,102.128,0.0,0.0,0.0,39.21,0.535226,0.0,0.0,0.0
2020-08-25T05:41:10.010000Z,2020-08-25T05:41:11.713000Z,878.784,1703.0,38.0,102.034,0.0,0.0,0.0,39.21,0.536807,0.0,0.0,0.0
2020-08-25T05:41:11.985999Z,2020-08-25T05:41:13.505999Z,782.746,1520.0,40.0,49.68,0.0,0.0,0.0,39.21,0.54363,0.0,0.0,0.0
2020-08-25T05:41:14.067000Z,2020-08-25T05:41:16.673999Z,1199.564,2607.0,40.0,108.945,0.0,0.0,0.0,39.21,0.531851,0.0,0.0,0.0
2020-08-25T05:41:16.676000Z,2020-08-25T05:41:20.100000Z,1046.824,3424.0,36.0,157.265,0.0,0.0,0.0,39.21,0.291889,0.0,0.0,0.0
2020-08-25T05:41:20.100999Z,2020-08-25T05:41:22.543000Z,565.025,2442.0,28.0,146.644,0.0,0.0,0.0,39.21,0.300731,0.0,0.0,0.0
2020-08-25T05:41:22.544000Z,2020-08-25T05:41:23.464000Z,457.69,920.0,36.0,43.76,0.0,0.0,0.0,39.21,0.436185,0.0,0.0,0.0
2020-08-25T05:41:23.465999Z,2020-08-25T05:41:24.857999Z,657.312,1392.0,40.0,107.496,0.0,0.0,0.0,39.21,0.536281,0.0,0.0,0.0
2020-08-25T05:41:24.860000Z,2020-08-25T05:41:26.669000Z,858.759,1809.0,38.0,101.185,0.0,0.0,0.0,39.21,0.416706,0.0,0.0,0.0
2020-08-25T05:41:26.671000Z,2020-08-25T05:41:28.408000Z,894.365,1737.0,40.0,100.271,0.0,0.0,0.0,39.21,0.547231,0.0,0.0,0.0
2020-08-25T05:41:28.409999Z,2020-08-25T05:41:30.350000Z,925.505,1940.0,38.0,102.551,0.0,0.0,0.0,39.21,0.532146,0.0,0.0,0.0
2020-08-25T05:41:30.352000Z,2020-08-25T05:41:32.435000Z,1078.57,2083.0,38.0,103.167,0.0,0.0,0.0,39.21,0.361775,0.0,0.0,0.0
2020-08-25T05:41:32.436000Z,2020-08-25T05:41:34.430000Z,842.862,1994.0,38.0,76.982,0.0,0.0,0.0,39.21,0.436701,0.0,0.0,0.0
2020-08-25T05:41:34.432000Z,2020-08-25T05:41:37.805000Z,1429.37,3373.0,40.0,134.452,0.0,0.0,0.0,39.21,0.362308,0.0,0.0,0.0
2020-08-25T05:41:37.808000Z,2020-08-25T05:41:39.947000Z,1060.195,2139.0,40.0,108.228,0.0,0.0,0.0,39.21,0.517904,0.0,0.0,0.0
2020-08-25T05:41:39.949000Z,2020-08-25T05:41:41.980000Z,1041.617,2031.0000000000002,40.0,105.011,0.0,0.0,0.0,39.21,0.499617,0.0,0.0,0.0
2020-08-25T05:41:41.981000Z,2020-08-25T05:41:42.689000Z,353.507,708.0,40.0,99.405,0.0,0.0,0.0,39.21,0.469726,0.0,0.0,0.0
2020-08-25T05:41:42.691000Z,2020-08-25T05:41:44.463000Z,778.983,1772.0,40.0,81.028,0.0,0.0,0.0,39.21,0.506962,0.0,0.0,0.0
2020-08-25T05:41:44.464000Z,2020-08-25T05:41:45.735000Z,637.661,1271.0,40.0,102.132,0.0,0.0,0.0,38.889,0.50943,0.0,0.0,0.0
2020-08-25T05:41:46.063000Z,2020-08-25T05:41:47.278000Z,622.324,1215.0,40.0,106.857,0.0,0.0,0.0,38.889,0.524058,0.0,0.0,0.0
2020-08-25T05:41:48.062000Z,2020-08-25T05:41:49.325000Z,637.052,1263.0,40.0,109.91,0.0,0.0,0.0,38.889,0.534323,0.0,0.0,0.0
2020-08-25T05:41:50.066000Z,2020-08-25T05:41:51.366000Z,663.337,1300.0,38.0,116.41,0.0,0.0,0.0,38.889,0.492989,0.0,0.0,0.0
2020-08-25T05:41:52.063000Z,2020-08-25T05:41:53.385000Z,649.416,1322.0,38.0,100.913,0.0,0.0,0.0,38.889,0.531524,0.0,0.0,0.0
2020-08-25T05:41:54.062000Z,2020-08-25T05:41:55.287000Z,626.694,1225.0,4.0,70.122,0.0,0.0,0.0,38.889,0.498311,0.0,0.0,0.0
2020-08-25T05:41:56.064000Z,2020-08-25T05:41:57.252000Z,605.899,1188.0,42.0,111.259,0.0,0.0,0.0,38.889,0.52322,0.0,0.0,0.0
2020-08-25T05:41:58.087000Z,2020-08-25T05:41:59.313000Z,619.891,1226.0,42.0,109.646,0.0,0.0,0.0,38.889,0.492479,0.0,0.0,0.0
2020-08-25T05:42:00.060999Z,2020-08-25T05:42:01.284000Z,625.802,1223.0,42.0,51.262,0.0,0.0,0.0,38.889,0.563716,0.0,0.0,0.0
2020-08-25T05:42:02.062000Z,2020-08-25T05:42:03.297999Z,632.427,1236.0,42.0,114.429,0.0,0.0,0.0,38.889,0.527851,0.0,0.0,0.0
2020-08-25T05:42:04.062000Z,2020-08-25T05:42:05.839000Z,916.827,1777.0,42.0,114.939,0.0,0.0,0.0,38.889,0.498321,0.0,0.0,0.0
2020-08-25T05:42:06.075000Z,2020-08-25T05:42:08.942000Z,1494.148,2867.0,42.0,107.708,0.0,0.0,0.0,38.889,0.525184,0.0,0.0,0.0
2020-08-25T05:42:08.943000Z,2020-08-25T05:42:10.843000Z,976.494,1900.0,42.0,105.36,0.0,0.0,0.0,38.889,0.454795,0.0,0.0,0.0
2020-08-25T05:42:10.845000Z,2020-08-25T05:42:12.757000Z,846.113,1912.0,42.0,108.837,0.0,0.0,0.0,38.889,0.521284,0.0,0.0,0.0
2020-08-25T05:42:12.759000Z,2020-08-25T05:42:15.455000Z,1390.292,2696.0,38.0,54.338,0.0,0.0,0.0,38.889,0.442909,0.0,0.0,0.0
2020-08-25T05:42:15.458000Z,2020-08-25T05:42:18.412000Z,1537.884,2954.0,38.0,107.793,0.0,0.0,0.0,38.889,0.408193,0.0,0.0,0.0
2020-08-25T05:42:18.412999Z,2020-08-25T05:42:20.177999Z,828.425,1765.0,38.0,99.712,0.0,0.0,0.0,38.889,0.527533,0.0,0.0,0.0
2020-08-25T05:42:20.180000Z,2020-08-25T05:42:22.419000Z,1156.135,2239.0,40.0,75.675,0.0,0.0,0.0,38.889,0.53644,0.0,0.0,0.0
2020-08-25T05:42:22.421000Z,2020-08-25T05:42:24.633000Z,998.9,2212.0,38.0,102.356,0.0,0.0,0.0,38.889,0.528385,0.0,0.0,0.0
2020-08-25T05:42:24.633999Z,2020-08-25T05:42:25.897000Z,640.619,1263.0,40.0,108.129,0.0,0.0,0.0,38.889,0.537817,0.0,0.0,0.0
2020-08-25T05:42:25.899000Z,2020-08-25T05:42:28.303000Z,1195.526,2404.0,38.0,108.377,0.0,0.0,0.0,38.889,0.501818,0.0,0.0,0.0
2020-08-25T05:42:28.304999Z,2020-08-25T05:42:30.241999Z,1004.326,1937.0,40.0,100.483,0.0,0.0,0.0,38.889,0.506611,0.0,0.0,0.0
2020-08-25T05:42:30.241999Z,2020-08-25T05:42:30.865000Z,303.038,623.0,38.0,108.453,0.0,0.0,0.0,38.889,0.515578,0.0,0.0,0.0
2020-08-25T05:42:30.868000Z,2020-08-25T05:42:34.507000Z,1787.661,3639.0,40.0,78.755,0.0,0.0,0.0,38.889,0.529703,0.0,0.0,0.0
2020-08-25T05:42:34.508999Z,2020-08-25T05:42:36.636000Z,1102.947,2127.0,38.0,100.284,0.0,0.0,0.0,38.889,0.433046,0.0,0.0,0.0
2020-08-25T05:42:36.638000Z,2020-08-25T05:42:38.717000Z,1001.838,2079.0,38.0,99.065,0.0,0.0,0.0,38.889,0.532416,0.0,0.0,0.0
2020-08-25T05:42:38.719000Z,2020-08-25T05:42:41.134000Z,1229.114,2415.0,38.0,103.294,0.0,0.0,0.0,38.889,0.549247,0.0,0.0,0.0
2020-08-25T05:42:41.136999Z,2020-08-25T05:42:44.073999Z,1483.544,2937.0,40.0,106.74,0.0,0.0,0.0,38.889,0.396343,0.0,0.0,0.0
2020-08-25T05:42:44.076000Z,2020-08-25T05:42:46.783000Z,1366.636,2707.0,38.0,101.994,0.0,0.0,0.0,38.889,0.532228,0.0,0.0,0.0
2020-08-25T05:42:46.784000Z,2020-08-25T05:42:48.084000Z,659.126,1300.0,40.0,93.649,0.0,0.0,0.0,38.889,0.539504,0.0,0.0,0.0
2020-08-25T05:42:48.086000Z,2020-08-25T05:42:50.065999Z,999.69,1980.0,38.0,95.304,0.0,0.0,0.0,38.889,0.482143,0.0,0.0,0.0
2020-08-25T05:42:50.067000Z,2020-08-25T05:42:51.352000Z,563.89,1285.0,4.0,113.233,0.0,0.0,0.0,38.889,0.416455,0.0,0.0,0.0
2020-08-25T05:42:51.353999Z,2020-08-25T05:42:52.657999Z,634.038,1304.0,40.0,107.813,0.0,0.0,0.0,38.889,0.535719,0.0,0.0,0.0
2020-08-25T05:42:52.659000Z,2020-08-25T05:42:53.663000Z,506.397,1004.0,38.0,104.762,0.0,0.0,0.0,38.889,0.511341,0.0,0.0,0.0
2020-08-25T05:42:53.664000Z,2020-08-25T05:42:54.533000Z,432.304,869.0,40.0,104.905,0.0,0.0,0.0,38.889,0.541151,0.0,0.0,0.0
2020-08-25T05:42:54.534000Z,2020-08-25T05:42:56.272000Z,808.143,1738.0,40.0,103.898,0.0,0.0,0.0,38.889,0.542631,0.0,0.0,0.0
2020-08-25T05:42:56.273000Z,2020-08-25T05:42:57.637000Z,688.358,1364.0,42.0,113.439,0.0,0.0,0.0,38.889,0.542121,0.0,0.0,0.0
2020-08-25T05:42:58.312000Z,2020-08-25T05:42:59.807000Z,770.465,1495.0,38.0,101.867,0.0,0.0,0.0,38.889,0.496046,0.0,0.0,0.0
2020-08-25T05:43:00.311000Z,2020-08-25T05:43:01.673999Z,666.405,1363.0,38.0,98.951,0.0,0.0,0.0,38.889,0.53757,0.0,0.0,0.0
2020-08-25T05:43:02.312000Z,2020-08-25T05:43:03.637000Z,678.151,1325.0,40.0,98.12,0.0,0.0,0.0,38.889,0.487954,0.0,0.0,0.0
2020-08-25T05:43:04.311000Z,2020-08-25T05:43:05.443000Z,576.077,1132.0,40.0,108.789,0.0,0.0,0.0,38.889,0.529234,0.0,0.0,0.0
2020-08-25T05:43:06.312000Z,2020-08-25T05:43:07.223000Z,460.751,911.0,40.0,108.196,0.0,0.0,0.0,38.889,0.536069,0.0,0.0,0.0
2020-08-25T05:43:08.311000Z,2020-08-25T05:43:09.398000Z,554.692,1087.0,40.0,105.426,0.0,0.0,0.0,38.889,0.517396,0.0,0.0,0.0
2020-08-25T05:43:10.312000Z,2020-08-25T05:43:11.625000Z,571.359,1313.0,40.0,103.096,0.0,0.0,0.0,38.889,0.546913,0.0,0.0,0.0
2020-08-25T05:43:12.312000Z,2020-08-25T05:43:13.393000Z,550.055,1081.0,40.0,46.926,0.0,0.0,0.0,38.889,0.533508,0.0,0.0,0.0
2020-08-25T05:43:14.312000Z,2020-08-25T05:43:15.537999Z,627.647,1226.0,40.0,107.627,0.0,0.0,0.0,38.889,0.549942,0.0,0.0,0.0
2020-08-25T05:43:16.312000Z,2020-08-25T05:43:17.388000Z,544.756,1076.0,40.0,107.852,0.0,0.0,0.0,38.889,0.542453,0.0,0.0,0.0
2020-08-25T05:43:18.311000Z,2020-08-25T05:43:19.068000Z,378.857,757.0,40.0,105.726,0.0,0.0,0.0,38.889,0.538725,0.0,0.0,0.0
2020-08-25T05:43:20.312000Z,2020-08-25T05:43:21.881999Z,709.939,1570.0,40.0,103.641,0.0,0.0,0.0,38.889,0.514298,0.0,0.0,0.0
2020-08-25T05:43:22.311000Z,2020-08-25T05:43:23.214000Z,457.096,903.0,38.0,77.156,0.0,0.0,0.0,38.889,0.509482,0.0,0.0,0.0
2020-08-25T05:43:24.312000Z,2020-08-25T05:43:25.436000Z,573.402,1124.0,40.0,94.242,0.0,0.0,0.0,38.889,0.541136,0.0,0.0,0.0
2020-08-25T05:43:26.313000Z,2020-08-25T05:43:27.657999Z,434.032,1345.0,40.0,101.567,0.0,0.0,0.0,38.889,0.530203,0.0,0.0,0.0
2020-08-25T05:43:28.314000Z,2020-08-25T05:43:29.398000Z,533.961,1084.0,38.0,137.654,0.0,0.0,0.0,38.889,0.374641,0.0,0.0,0.0
2020-08-25T05:43:30.312000Z,2020-08-25T05:43:31.352000Z,525.851,1040.0,40.0,109.242,0.0,0.0,0.0,38.889,0.449915,0.0,0.0,0.0
2020-08-25T05:43:32.310000Z,2020-08-25T05:43:33.664000Z,460.78,1354.0,38.0,106.638,0.0,0.0,0.0,38.889,0.524569,0.0,0.0,0.0
2020-08-25T05:43:34.312000Z,2020-08-25T05:43:35.995000Z,547.537,1683.0,60.0,145.892,0.0,0.0,0.0,38.889,0.430411,0.0,0.0,0.0
2020-08-25T05:43:36.312000Z,2020-08-25T05:43:37.908000Z,455.799,1596.0,50.0,104.614,0.0,0.0,0.0,38.889,0.289145,0.0,0.0,0.0
2020-08-25T05:43:38.313000Z,2020-08-25T05:43:40.424000Z,505.285,2111.0,50.0,87.72,0.0,0.0,0.0,38.889,0.543226,0.0,0.0,0.0
2020-08-25T05:43:40.425000Z,2020-08-25T05:43:42.037000Z,477.636,1612.0,40.0,115.83,0.0,0.0,0.0,38.889,0.372,0.0,0.0,0.0
2020-08-25T05:43:42.273000Z,2020-08-25T05:43:43.671000Z,499.849,1398.0,36.0,157.602,0.0,0.0,0.0,38.889,0.154794,0.0,0.0,0.0
2020-08-25T05:43:44.360000Z,2020-08-25T05:43:46.365000Z,660.263,2005.0,42.0,149.961,0.0,0.0,0.0,38.889,0.121027,0.0,0.0,0.0
2020-08-25T05:43:46.366000Z,2020-08-25T05:43:48.009000Z,596.78,1643.0,44.0,131.23,0.0,0.0,0.0,38.889,0.366505,0.0,0.0,0.0
2020-08-25T05:43:48.312000Z,2020-08-25T05:43:49.609000Z,653.137,1297.0,42.0,107.674,0.0,0.0,0.0,38.889,0.453157,0.0,0.0,0.0
2020-08-25T05:43:50.314000Z,2020-08-25T05:43:52.401000Z,982.145,2087.0,40.0,115.169,0.0,0.0,0.0,38.889,0.440991,0.0,0.0,0.0
2020-08-25T05:43:52.403000Z,2020-08-25T05:43:54.737000Z,1002.941,2334.0,42.0,105.698,0.0,0.0,0.0,38.889,0.47592,0.0,0.0,0.0
2020-08-25T05:43:54.738000Z,2020-08-25T05:43:56.069000Z,676.537,1331.0,40.0,104.709,0.0,0.0,0.0,38.889,0.553514,0.0,0.0,0.0
2020-08-25T05:43:56.205000Z,2020-08-25T05:43:59.504000Z,1547.733,3299.0,40.0,105.072,0.0,0.0,0.0,38.889,0.512649,0.0,0.0,0.0
2020-08-25T05:43:59.507000Z,2020-08-25T05:44:02.515000Z,1501.027,3008.0,40.0,103.231,0.0,0.0,0.0,38.889,0.525881,0.0,0.0,0.0
2020-08-25T05:44:02.516000Z,2020-08-25T05:44:03.987000Z,598.501,1471.0,4.0,107.104,0.0,0.0,0.0,38.889,0.521419,0.0,0.0,0.0
2020-08-25T05:44:03.988000Z,2020-08-25T05:44:05.389000Z,676.853,1401.0,40.0,106.912,0.0,0.0,0.0,38.889,0.485508,0.0,0.0,0.0
2020-08-25T05:44:05.390000Z,2020-08-25T05:44:06.455000Z,536.794,1065.0,40.0,106.126,0.0,0.0,0.0,38.889,0.504389,0.0,0.0,0.0
2020-08-25T05:44:06.457000Z,2020-08-25T05:44:09.180000Z,1315.1,2723.0,40.0,102.303,0.0,0.0,0.0,38.889,0.490743,0.0,0.0,0.0
2020-08-25T05:44:09.183000Z,2020-08-25T05:44:11.697999Z,1180.47,2515.0,40.0,101.981,0.0,0.0,0.0,38.889,0.491824,0.0,0.0,0.0
2020-08-25T05:44:11.700000Z,2020-08-25T05:44:14.077000Z,1069.558,2377.0,40.0,119.178,0.0,0.0,0.0,38.889,0.342713,0.0,0.0,0.0
2020-08-25T05:44:14.078000Z,2020-08-25T05:44:15.678000Z,782.216,1600.0,40.0,106.276,0.0,0.0,0.0,38.889,0.541021,0.0,0.0,0.0
2020-08-25T05:44:15.679000Z,2020-08-25T05:44:16.356000Z,279.714,677.0,38.0,108.022,0.0,0.0,0.0,38.889,0.533944,0.0,0.0,0.0
2020-08-25T05:44:16.356000Z,2020-08-25T05:44:17.086000Z,357.038,730.0,38.0,98.092,0.0,0.0,0.0,38.889,0.502716,0.0,0.0,0.0
2020-08-25T05:44:18.313000Z,2020-08-25T05:44:19.176000Z,401.748,863.0,40.0,86.979,0.0,0.0,0.0,38.889,0.512297,0.0,0.0,0.0
2020-08-25T05:44:20.314000Z,2020-08-25T05:44:23.813000Z,1675.311,3499.0,40.0,121.191,0.0,0.0,0.0,38.889,0.451415,0.0,0.0,0.0
2020-08-25T05:44:23.815000Z,2020-08-25T05:44:26.361999Z,1323.14,2547.0,40.0,69.624,0.0,0.0,0.0,38.889,0.544422,0.0,0.0,0.0
2020-08-25T05:44:26.366000Z,2020-08-25T05:44:30.137000Z,1926.606,3771.0,38.0,101.327,0.0,0.0,0.0,38.889,0.52672,0.0,0.0,0.0
2020-08-25T05:44:30.139000Z,2020-08-25T05:44:32.159000Z,1029.42,2020.0,38.0,99.583,0.0,0.0,0.0,38.889,0.542522,0.0,0.0,0.0
2020-08-25T05:44:32.161000Z,2020-08-25T05:44:34.473000Z,1100.37,2312.0,38.0,103.141,0.0,0.0,0.0,38.889,0.536188,0.0,0.0,0.0
2020-08-25T05:44:34.475000Z,2020-08-25T05:44:36.925000Z,1207.179,2450.0,40.0,90.36,0.0,0.0,0.0,38.889,0.498601,0.0,0.0,0.0
2020-08-25T05:44:36.925000Z,2020-08-25T05:44:37.608000Z,336.867,683.0,40.0,115.798,0.0,0.0,0.0,38.889,0.361197,0.0,0.0,0.0
2020-08-25T05:44:37.609000Z,2020-08-25T05:44:38.456000Z,411.725,847.0,42.0,103.92,0.0,0.0,0.0,38.889,0.531643,0.0,0.0,0.0
2020-08-25T05:44:38.457000Z,2020-08-25T05:44:39.294000Z,417.9,837.0,40.0,90.938,0.0,0.0,0.0,38.889,0.54628,0.0,0.0,0.0
2020-08-25T05:44:39.295000Z,2020-08-25T05:44:40.936000Z,795.197,1641.0,40.0,91.175,0.0,0.0,0.0,38.889,0.530442,0.0,0.0,0.0
2020-08-25T05:44:40.938000Z,2020-08-25T05:44:42.409999Z,745.653,1472.0,40.0,104.121,0.0,0.0,0.0,38.889,0.498293,0.0,0.0,0.0
2020-08-25T05:44:42.412000Z,2020-08-25T05:44:45.149000Z,1089.85,2737.0,40.0,107.374,0.0,0.0,0.0,38.889,0.531245,0.0,0.0,0.0
2020-08-25T05:44:45.152000Z,2020-08-25T05:44:48.488000Z,1626.775,3336.0,40.0,108.641,0.0,0.0,0.0,38.889,0.536254,0.0,0.0,0.0
2020-08-25T05:44:48.489999Z,2020-08-25T05:44:51.953000Z,979.771,3463.0,38.0,108.856,0.0,0.0,0.0,38.889,0.526909,0.0,0.0,0.0
2020-08-25T05:44:51.955000Z,2020-08-25T05:44:54.265000Z,1066.052,2310.0,36.0,97.703,0.0,0.0,0.0,38.889,0.4509,0.0,0.0,0.0
2020-08-25T05:44:54.265999Z,2020-08-25T05:44:56.371000Z,914.304,2105.0,40.0,114.481,0.0,0.0,0.0,38.889,0.512096,0.0,0.0,0.0
2020-08-25T05:44:56.372000Z,2020-08-25T05:44:57.791000Z,580.773,1419.0,38.0,130.138,0.0,0.0,0.0,38.889,0.393684,0.0,0.0,0.0
2020-08-25T05:44:57.792000Z,2020-08-25T05:44:59.862000Z,835.352,2070.0,38.0,130.572,0.0,0.0,0.0,38.889,0.397223,0.0,0.0,0.0
2020-08-25T05:44:59.863000Z,2020-08-25T05:45:01.110000Z,448.218,1247.0,34.0,106.98,0.0,0.0,0.0,38.889,0.349056,0.0,0.0,0.0
2020-08-25T05:45:01.111000Z,2020-08-25T05:45:02.777000Z,750.52,1666.0,38.0,118.962,0.0,0.0,0.0,38.889,0.441017,0.0,0.0,0.0
2020-08-25T05:45:02.778000Z,2020-08-25T05:45:03.547000Z,352.645,769.0,38.0,98.692,0.0,0.0,0.0,38.889,0.537914,0.0,0.0,0.0
2020-08-25T05:45:03.548000Z,2020-08-25T05:45:03.857000Z,91.962,309.0,42.0,116.896,0.0,0.0,0.0,38.889,0.511029,0.0,0.0,0.0
2020-08-25T05:45:04.346000Z,2020-08-25T05:45:06.121999Z,882.522,1776.0,42.0,112.271,0.0,0.0,0.0,38.889,0.529444,0.0,0.0,0.0
2020-08-25T05:45:06.314000Z,2020-08-25T05:45:06.550000Z,87.141,236.0,38.0,99.99,0.0,0.0,0.0,38.889,0.482489,0.0,0.0,0.0
2020-08-25T05:45:08.363000Z,2020-08-25T05:45:08.691000Z,134.025,328.0,38.0,47.651,0.0,0.0,0.0,38.889,0.472482,0.0,0.0,0.0
2020-08-25T05:45:10.313000Z,2020-08-25T05:45:12.777999Z,1268.781,2465.0,38.0,66.167,0.0,0.0,0.0,38.889,0.488804,0.0,0.0,0.0
2020-08-25T05:45:12.781000Z,2020-08-25T05:45:15.934000Z,1433.54,3153.0,38.0,97.295,0.0,0.0,0.0,38.889,0.528654,0.0,0.0,0.0
2020-08-25T05:45:15.936000Z,2020-08-25T05:45:17.894000Z,1006.984,1958.0,40.0,106.154,0.0,0.0,0.0,38.889,0.508682,0.0,0.0,0.0
2020-08-25T05:45:17.896000Z,2020-08-25T05:45:19.715000Z,927.902,1819.0,40.0,96.085,0.0,0.0,0.0,38.889,0.505617,0.0,0.0,0.0
2020-08-25T05:45:19.717000Z,2020-08-25T05:45:22.413000Z,1390.48,2696.0,40.0,95.546,0.0,0.0,0.0,38.889,0.507639,0.0,0.0,0.0
2020-08-25T05:45:22.414000Z,2020-08-25T05:45:23.776000Z,594.646,1362.0,40.0,106.002,0.0,0.0,0.0,38.889,0.461637,0.0,0.0,0.0
2020-08-25T05:45:23.777000Z,2020-08-25T05:45:25.503000Z,835.939,1726.0,40.0,59.324,0.0,0.0,0.0,38.889,0.501845,0.0,0.0,0.0
2020-08-25T05:45:25.505000Z,2020-08-25T05:45:27.692000Z,1088.337,2187.0,40.0,108.317,0.0,0.0,0.0,38.889,0.473226,0.0,0.0,0.0
2020-08-25T05:45:27.694000Z,2020-08-25T05:45:30.153000Z,1251.943,2459.0,40.0,106.49,0.0,0.0,0.0,38.889,0.533855,0.0,0.0,0.0
2020-08-25T05:45:30.155000Z,2020-08-25T05:45:31.780000Z,835.964,1625.0,40.0,81.88,0.0,0.0,0.0,38.889,0.358181,0.0,0.0,0.0
2020-08-25T05:45:31.781000Z,2020-08-25T05:45:33.221000Z,713.125,1440.0,40.0,104.327,0.0,0.0,0.0,38.889,0.545141,0.0,0.0,0.0
2020-08-25T05:45:33.223000Z,2020-08-25T05:45:35.971000Z,1205.107,2748.0,40.0,104.46,0.0,0.0,0.0,38.889,0.51534,0.0,0.0,0.0
2020-08-25T05:45:35.973000Z,2020-08-25T05:45:38.256000Z,1107.902,2283.0,38.0,98.228,0.0,0.0,0.0,38.889,0.381218,0.0,0.0,0.0
2020-08-25T05:45:38.257000Z,2020-08-25T05:45:39.590000Z,589.333,1333.0,38.0,100.709,0.0,0.0,0.0,38.889,0.505272,0.0,0.0,0.0
2020-08-25T05:45:39.592000Z,2020-08-25T05:45:41.476000Z,922.796,1884.0,38.0,124.378,0.0,0.0,0.0,38.889,0.437106,0.0,0.0,0.0
2020-08-25T05:45:41.478000Z,2020-08-25T05:45:43.160000Z,837.117,1682.0,40.0,107.254,0.0,0.0,0.0,38.889,0.437366,0.0,0.0,0.0
2020-08-25T05:45:43.161000Z,2020-08-25T05:45:45.597000Z,907.61,2436.0,44.0,78.698,0.0,0.0,0.0,38.889,0.537006,0.0,0.0,0.0
2020-08-25T05:45:45.599000Z,2020-08-25T05:45:46.979000Z,704.113,1380.0,40.0,113.004,0.0,0.0,0.0,38.889,0.458125,0.0,0.0,0.0
2020-08-25T05:45:46.980000Z,2020-08-25T05:45:48.737000Z,843.479,1757.0,40.0,109.028,0.0,0.0,0.0,38.889,0.522272,0.0,0.0,0.0
2020-08-25T05:45:48.739000Z,2020-08-25T05:45:50.629000Z,892.855,1890.0,40.0,77.702,0.0,0.0,0.0,38.889,0.478061,0.0,0.0,0.0
2020-08-25T05:45:50.630000Z,2020-08-25T05:45:52.511000Z,883.593,1881.0,40.0,93.552,0.0,0.0,0.0,38.889,0.459164,0.0,0.0,0.0
2020-08-25T05:45:52.513000Z,2020-08-25T05:45:54.637000Z,901.522,2124.0,40.0,102.483,0.0,0.0,0.0,38.889,0.398614,0.0,0.0,0.0
2020-08-25T05:45:54.639000Z,2020-08-25T05:46:01.336000Z,1044.366,6697.0,48.0,79.333,0.0,0.0,0.0,38.889,0.485249,0.0,0.0,0.0
2020-08-25T05:46:01.337999Z,2020-08-25T05:46:03.385000Z,837.77,2047.0000000000002,48.0,118.376,0.0,0.0,0.0,38.889,0.550518,0.0,0.0,0.0
2020-08-25T05:46:03.387000Z,2020-08-25T05:46:05.089999Z,848.976,1703.0,40.0,107.147,0.0,0.0,0.0,38.889,0.543938,0.0,0.0,0.0
2020-08-25T05:46:05.091000Z,2020-08-25T05:46:06.830000Z,735.479,1739.0,42.0,112.146,0.0,0.0,0.0,38.889,0.515328,0.0,0.0,0.0
2020-08-25T05:46:07.155000Z,2020-08-25T05:46:08.951000Z,920.901,1796.0,40.0,106.722,0.0,0.0,0.0,38.889,0.465594,0.0,0.0,0.0
2020-08-25T05:46:08.952999Z,2020-08-25T05:46:10.807000Z,953.098,1854.0,40.0,101.176,0.0,0.0,0.0,38.889,0.494631,0.0,0.0,0.0
2020-08-25T05:46:10.939000Z,2020-08-25T05:46:13.094000Z,975.285,2155.0,40.0,106.006,0.0,0.0,0.0,38.889,0.541615,0.0,0.0,0.0
2020-08-25T05:46:13.095000Z,2020-08-25T05:46:16.148000Z,911.712,3053.0,40.0,100.258,0.0,0.0,0.0,38.889,0.239986,0.0,0.0,0.0
2020-08-25T05:46:16.150000Z,2020-08-25T05:46:19.035000Z,800.78,2885.0,32.0,172.892,0.0,0.0,0.0,38.889,0.184009,0.0,0.0,0.0
2020-08-25T05:46:19.036000Z,2020-08-25T05:46:20.806000Z,439.724,1770.0,28.0,117.679,0.0,0.0,0.0,38.889,0.215815,0.0,0.0,0.0
2020-08-25T05:46:20.807000Z,2020-08-25T05:46:23.063000Z,453.598,2256.0,26.0,138.398,0.0,0.0,0.0,38.889,0.203229,0.0,0.0,0.0
2020-08-25T05:46:23.064000Z,2020-08-25T05:46:25.063000Z,496.382,1999.0,48.0,163.47,0.0,0.0,0.0,38.889,0.098496,0.0,0.0,0.0
2020-08-25T05:46:25.064000Z,2020-08-25T05:46:27.348000Z,692.61,2284.0,36.0,117.519,0.0,0.0,0.0,38.889,0.317574,0.0,0.0,0.0
2020-08-25T05:46:27.349000Z,2020-08-25T05:46:28.953000Z,557.28,1604.0,30.0,163.603,0.0,0.0,0.0,38.889,0.303119,0.0,0.0,0.0
2020-08-25T05:46:28.955000Z,2020-08-25T05:46:30.921000Z,575.416,1966.0,32.0,122.356,0.0,0.0,0.0,38.889,0.351114,0.0,0.0,0.0
2020-08-25T05:46:30.922000Z,2020-08-25T05:46:32.393999Z,355.35,1472.0,28.0,126.167,0.0,0.0,0.0,38.889,0.327829,0.0,0.0,0.0
2020-08-25T05:46:32.396000Z,2020-08-25T05:46:36.145999Z,875.387,3750.0,26.0,132.636,0.0,0.0,0.0,38.889,0.209342,0.0,0.0,0.0
2020-08-25T05:46:36.147000Z,2020-08-25T05:46:38.552000Z,519.371,2405.0,26.0,146.99,0.0,0.0,0.0,38.889,0.254932,0.0,0.0,0.0
2020-08-25T05:46:38.553000Z,2020-08-25T05:46:39.950000Z,320.516,1397.0,40.0,117.124,0.0,0.0,0.0,38.889,0.290237,0.0,0.0,0.0
2020-08-25T05:46:39.951000Z,2020-08-25T05:46:41.718000Z,503.407,1767.0,42.0,128.854,0.0,0.0,0.0,38.889,0.255453,0.0,0.0,0.0
2020-08-25T05:46:41.726000Z,2020-08-25T05:46:43.768000Z,439.651,2041.9999999999998,40.0,146.424,0.0,0.0,0.0,38.889,0.34405,0.0,0.0,0.0
2020-08-25T05:46:43.769000Z,2020-08-25T05:46:45.964000Z,655.046,2195.0,40.0,148.944,0.0,0.0,0.0,38.889,0.337806,0.0,0.0,0.0
2020-08-25T05:46:45.965000Z,2020-08-25T05:46:47.566000Z,416.011,1601.0,42.0,148.088,0.0,0.0,0.0,39.414,0.348035,0.0,0.0,0.0
2020-08-25T05:46:47.567000Z,2020-08-25T05:46:48.398000Z,403.845,831.0,46.0,150.637,0.0,0.0,0.0,39.414,0.365825,0.0,0.0,0.0
2020-08-25T05:46:48.400000Z,2020-08-25T05:46:50.193999Z,915.186,1794.0,42.0,79.001,0.0,0.0,0.0,39.414,0.521302,0.0,0.0,0.0
2020-08-25T05:46:50.195000Z,2020-08-25T05:46:51.972000Z,865.427,1777.0,40.0,83.926,0.0,0.0,0.0,39.414,0.499253,0.0,0.0,0.0
2020-08-25T05:46:51.973000Z,2020-08-25T05:46:53.732000Z,840.107,1759.0,40.0,107.69,0.0,0.0,0.0,39.414,0.476023,0.0,0.0,0.0
2020-08-25T05:46:53.735000Z,2020-08-25T05:46:57.444000Z,1351.599,3709.0,40.0,98.398,0.0,0.0,0.0,39.414,0.403098,0.0,0.0,0.0
2020-08-25T05:46:57.445000Z,2020-08-25T05:46:58.900000Z,738.804,1455.0,40.0,55.501,0.0,0.0,0.0,39.414,0.549689,0.0,0.0,0.0
2020-08-25T05:46:58.901000Z,2020-08-25T05:47:00.141000Z,633.79,1240.0,40.0,94.916,0.0,0.0,0.0,39.414,0.521242,0.0,0.0,0.0
2020-08-25T05:47:00.144000Z,2020-08-25T05:47:02.713000Z,1299.407,2569.0,40.0,105.975,0.0,0.0,0.0,39.414,0.525293,0.0,0.0,0.0
2020-08-25T05:47:02.715000Z,2020-08-25T05:47:04.413000Z,875.783,1698.0,40.0,110.511,0.0,0.0,0.0,39.414,0.441881,0.0,0.0,0.0
2020-08-25T05:47:04.415000Z,2020-08-25T05:47:06.553000Z,1054.542,2138.0,40.0,107.841,0.0,0.0,0.0,39.414,0.532149,0.0,0.0,0.0
2020-08-25T05:47:06.554000Z,2020-08-25T05:47:07.617000Z,526.502,1063.0,40.0,97.812,0.0,0.0,0.0,39.414,0.53095,0.0,0.0,0.0
2020-08-25T05:47:07.619000Z,2020-08-25T05:47:10.009999Z,1186.508,2391.0,40.0,108.962,0.0,0.0,0.0,39.414,0.522197,0.0,0.0,0.0
2020-08-25T05:47:10.011000Z,2020-08-25T05:47:12.265999Z,1157.056,2255.0,40.0,101.791,0.0,0.0,0.0,39.414,0.469958,0.0,0.0,0.0
2020-08-25T05:47:12.268000Z,2020-08-25T05:47:14.041999Z,914.37,1774.0,40.0,105.331,0.0,0.0,0.0,39.414,0.530923,0.0,0.0,0.0
2020-08-25T05:47:14.044000Z,2020-08-25T05:47:17.241000Z,1486.307,3197.0,40.0,108.637,0.0,0.0,0.0,39.414,0.514297,0.0,0.0,0.0
2020-08-25T05:47:17.241999Z,2020-08-25T05:47:18.527000Z,647.116,1285.0,40.0,77.681,0.0,0.0,0.0,39.414,0.424238,0.0,0.0,0.0
2020-08-25T05:47:18.528000Z,2020-08-25T05:47:20.206000Z,807.499,1678.0,40.0,109.575,0.0,0.0,0.0,39.414,0.530162,0.0,0.0,0.0
2020-08-25T05:47:20.208000Z,2020-08-25T05:47:22.372000Z,1044.744,2164.0,40.0,110.622,0.0,0.0,0.0,39.414,0.474045,0.0,0.0,0.0
2020-08-25T05:47:22.373000Z,2020-08-25T05:47:24.544000Z,1031.215,2171.0,40.0,97.402,0.0,0.0,0.0,39.414,0.525379,0.0,0.0,0.0
2020-08-25T05:47:24.544999Z,2020-08-25T05:47:25.939000Z,646.025,1394.0,40.0,139.633,0.0,0.0,0.0,39.414,0.411425,0.0,0.0,0.0
2020-08-25T05:47:25.942000Z,2020-08-25T05:47:28.804000Z,1260.36,2862.0,40.0,87.552,0.0,0.0,0.0,39.414,0.513871,0.0,0.0,0.0
2020-08-25T05:47:28.806000Z,2020-08-25T05:47:31.364000Z,1309.726,2558.0,40.0,118.562,0.0,0.0,0.0,39.414,0.279363,0.0,0.0,0.0
2020-08-25T05:47:31.365000Z,2020-08-25T05:47:33.414000Z,910.198,2049.0,38.0,104.406,0.0,0.0,0.0,39.414,0.392869,0.0,0.0,0.0
2020-08-25T05:47:33.416000Z,2020-08-25T05:47:36.329000Z,801.657,2913.0,40.0,52.316,0.0,0.0,0.0,39.414,0.497667,0.0,0.0,0.0
2020-08-25T05:47:36.331000Z,2020-08-25T05:47:39.894000Z,1057.195,3563.0,40.0,76.22,0.0,0.0,0.0,39.414,0.261986,0.0,0.0,0.0
2020-08-25T05:47:39.895000Z,2020-08-25T05:47:42.100000Z,712.547,2205.0,38.0,62.479,0.0,0.0,0.0,39.414,0.373372,0.0,0.0,0.0
2020-08-25T05:47:42.100999Z,2020-08-25T05:47:43.664000Z,625.3,1563.0,40.0,120.501,0.0,0.0,0.0,39.414,0.212646,0.0,0.0,0.0
2020-08-25T05:47:43.665000Z,2020-08-25T05:47:44.732000Z,538.26,1067.0,40.0,85.724,0.0,0.0,0.0,39.414,0.543608,0.0,0.0,0.0
2020-08-25T05:47:44.733000Z,2020-08-25T05:47:46.092000Z,581.073,1359.0,38.0,87.589,0.0,0.0,0.0,39.414,0.538691,0.0,0.0,0.0
2020-08-25T05:47:46.093000Z,2020-08-25T05:47:47.164000Z,539.638,1071.0,40.0,53.507,0.0,0.0,0.0,39.414,0.559591,0.0,0.0,0.0
2020-08-25T05:47:47.165000Z,2020-08-25T05:47:48.633999Z,610.026,1469.0,40.0,106.181,0.0,0.0,0.0,39.414,0.533313,0.0,0.0,0.0
2020-08-25T05:47:48.635000Z,2020-08-25T05:47:49.833999Z,586.058,1199.0,40.0,85.701,0.0,0.0,0.0,39.414,0.557135,0.0,0.0,0.0
2020-08-25T05:47:49.836000Z,2020-08-25T05:47:52.057000Z,1150.7,2221.0,40.0,104.336,0.0,0.0,0.0,39.414,0.505275,0.0,0.0,0.0
2020-08-25T05:47:52.059000Z,2020-08-25T05:47:54.187000Z,1051.05,2128.0,38.0,99.81,0.0,0.0,0.0,39.414,0.531781,0.0,0.0,0.0
2020-08-25T05:47:54.189000Z,2020-08-25T05:47:56.624000Z,968.144,2435.0,40.0,109.147,0.0,0.0,0.0,39.414,0.44844,0.0,0.0,0.0
2020-08-25T05:47:56.625000Z,2020-08-25T05:47:58.193999Z,780.095,1569.0,40.0,73.482,0.0,0.0,0.0,39.414,0.118166,0.0,0.0,0.0
2020-08-25T05:47:58.195000Z,2020-08-25T05:48:00.185000Z,1028.062,1990.0,40.0,56.406,0.0,0.0,0.0,39.414,0.553264,0.0,0.0,0.0
2020-08-25T05:48:00.185999Z,2020-08-25T05:48:02.063000Z,962.256,1877.0,40.0,102.77,0.0,0.0,0.0,39.414,0.454746,0.0,0.0,0.0
2020-08-25T05:48:02.064000Z,2020-08-25T05:48:03.864000Z,881.72,1800.0,40.0,105.892,0.0,0.0,0.0,39.414,0.536703,0.0,0.0,0.0
2020-08-25T05:48:03.865000Z,2020-08-25T05:48:05.648000Z,906.6,1783.0,40.0,106.8,0.0,0.0,0.0,39.414,0.534994,0.0,0.0,0.0
2020-08-25T05:48:05.649999Z,2020-08-25T05:48:07.597000Z,958.261,1947.0,40.0,106.274,0.0,0.0,0.0,39.414,0.45347,0.0,0.0,0.0
2020-08-25T05:48:07.599000Z,2020-08-25T05:48:10.207000Z,1244.257,2608.0,40.0,107.862,0.0,0.0,0.0,39.414,0.49409,0.0,0.0,0.0
2020-08-25T05:48:10.209999Z,2020-08-25T05:48:12.973000Z,1354.813,2763.0,40.0,106.462,0.0,0.0,0.0,39.414,0.48208,0.0,0.0,0.0
2020-08-25T05:48:12.974000Z,2020-08-25T05:48:14.545000Z,808.273,1571.0,40.0,107.542,0.0,0.0,0.0,39.414,0.51598,0.0,0.0,0.0
2020-08-25T05:48:14.547000Z,2020-08-25T05:48:17.017999Z,1241.823,2471.0,40.0,107.435,0.0,0.0,0.0,39.414,0.489696,0.0,0.0,0.0
2020-08-25T05:48:17.019000Z,2020-08-25T05:48:18.302000Z,647.633,1283.0,40.0,102.637,0.0,0.0,0.0,39.414,0.508431,0.0,0.0,0.0
2020-08-25T05:48:18.304000Z,2020-08-25T05:48:20.452000Z,1107.486,2148.0,40.0,91.775,0.0,0.0,0.0,39.414,0.481862,0.0,0.0,0.0
2020-08-25T05:48:20.454000Z,2020-08-25T05:48:22.832000Z,1192.199,2378.0,40.0,101.869,0.0,0.0,0.0,39.414,0.50526,0.0,0.0,0.0
2020-08-25T05:48:22.833000Z,2020-08-25T05:48:23.745000Z,441.168,912.0,40.0,102.934,0.0,0.0,0.0,39.414,0.535764,0.0,0.0,0.0
2020-08-25T05:48:23.747000Z,2020-08-25T05:48:25.705999Z,996.644,1959.0,40.0,85.844,0.0,0.0,0.0,39.414,0.358268,0.0,0.0,0.0
2020-08-25T05:48:25.707000Z,2020-08-25T05:48:27.788000Z,1021.986,2081.0,40.0,109.26,0.0,0.0,0.0,39.414,0.511079,0.0,0.0,0.0
2020-08-25T05:48:27.790000Z,2020-08-25T05:48:30.003000Z,1145.652,2213.0,40.0,109.046,0.0,0.0,0.0,39.414,0.53725,0.0,0.0,0.0
2020-08-25T05:48:30.005000Z,2020-08-25T05:48:32.785999Z,1403.435,2781.0,40.0,102.279,0.0,0.0,0.0,39.414,0.504397,0.0,0.0,0.0
2020-08-25T05:48:32.788000Z,2020-08-25T05:48:34.740000Z,1005.93,1952.0,40.0,98.738,0.0,0.0,0.0,39.414,0.466511,0.0,0.0,0.0
2020-08-25T05:48:34.741000Z,2020-08-25T05:48:35.857000Z,551.732,1116.0,40.0,109.784,0.0,0.0,0.0,39.414,0.449631,0.0,0.0,0.0
2020-08-25T05:48:35.859000Z,2020-08-25T05:48:37.853000Z,975.648,1994.0,40.0,103.212,0.0,0.0,0.0,39.414,0.527344,0.0,0.0,0.0
2020-08-25T05:48:37.855000Z,2020-08-25T05:48:40.321000Z,941.595,2466.0,4.0,108.145,0.0,0.0,0.0,39.414,0.536286,0.0,0.0,0.0
2020-08-25T05:48:40.323000Z,2020-08-25T05:48:42.232000Z,957.818,1909.0,42.0,103.951,0.0,0.0,0.0,39.414,0.502399,0.0,0.0,0.0
2020-08-25T05:48:42.234000Z,2020-08-25T05:48:43.931000Z,847.664,1697.0,42.0,111.905,0.0,0.0,0.0,39.414,0.545202,0.0,0.0,0.0
2020-08-25T05:48:43.932999Z,2020-08-25T05:48:45.975000Z,1021.256,2041.9999999999998,42.0,111.95,0.0,0.0,0.0,39.414,0.532292,0.0,0.0,0.0
2020-08-25T05:48:45.977000Z,2020-08-25T05:48:47.827000Z,951.147,1850.0,42.0,110.247,0.0,0.0,0.0,39.414,0.524388,0.0,0.0,0.0
2020-08-25T05:48:47.829000Z,2020-08-25T05:48:50.005000Z,1017.013,2176.0,42.0,109.107,0.0,0.0,0.0,39.414,0.479478,0.0,0.0,0.0
2020-08-25T05:48:50.007000Z,2020-08-25T05:48:52.174000Z,1024.973,2167.0,40.0,109.233,0.0,0.0,0.0,39.414,0.500179,0.0,0.0,0.0
2020-08-25T05:48:52.175000Z,2020-08-25T05:48:53.694000Z,769.801,1519.0,40.0,99.702,0.0,0.0,0.0,39.414,0.298655,0.0,0.0,0.0
2020-08-25T05:48:53.696000Z,2020-08-25T05:48:55.785000Z,1044.331,2089.0,40.0,107.109,0.0,0.0,0.0,39.414,0.517081,0.0,0.0,0.0
2020-08-25T05:48:55.787000Z,2020-08-25T05:48:58.175000Z,1223.065,2388.0,40.0,107.864,0.0,0.0,0.0,39.414,0.536688,0.0,0.0,0.0
2020-08-25T05:48:58.177000Z,2020-08-25T05:48:59.897999Z,883.0,1721.0,38.0,101.945,0.0,0.0,0.0,39.414,0.515723,0.0,0.0,0.0
2020-08-25T05:48:59.900000Z,2020-08-25T05:49:01.987000Z,1028.092,2087.0,40.0,98.703,0.0,0.0,0.0,39.414,0.486153,0.0,0.0,0.0
2020-08-25T05:49:01.988000Z,2020-08-25T05:49:03.387000Z,699.589,1399.0,40.0,102.762,0.0,0.0,0.0,39.414,0.54013,0.0,0.0,0.0
2020-08-25T05:49:03.388000Z,2020-08-25T05:49:05.060000Z,809.471,1672.0,40.0,100.801,0.0,0.0,0.0,39.414,0.493806,0.0,0.0,0.0
2020-08-25T05:49:05.311000Z,2020-08-25T05:49:07.238000Z,893.753,1927.0,40.0,99.076,0.0,0.0,0.0,39.414,0.484575,0.0,0.0,0.0
2020-08-25T05:49:07.240000Z,2020-08-25T05:49:09.116000Z,851.672,1876.0,40.0,109.433,0.0,0.0,0.0,39.414,0.503865,0.0,0.0,0.0
2020-08-25T05:49:09.118000Z,2020-08-25T05:49:10.837000Z,888.175,1719.0,38.0,105.243,0.0,0.0,0.0,39.414,0.378175,0.0,0.0,0.0
2020-08-25T05:49:11.312000Z,2020-08-25T05:49:13.180000Z,949.126,1868.0,38.0,94.425,0.0,0.0,0.0,39.414,0.488154,0.0,0.0,0.0
