start_time,end_time,size,trans_time,cwnd,rtt,rto,ssthresh,last_snd,min_rtt,delivery_rate,bytes_sent,bytes_retrans,client_trans_time
2020-08-25T01:52:24.118000Z,2020-08-25T01:52:24.541000Z,21.023,423.0,142.0,58.193,0.0,0.0,0.0,28.761,2.30874,0.0,0.0,0.0
2020-08-25T01:52:24.541000Z,2020-08-25T01:52:24.585999Z,21.218,45.0,134.0,39.969,0.0,0.0,0.0,28.761,0.534276,0.0,0.0,0.0
2020-08-25T01:52:24.586000Z,2020-08-25T01:52:24.632000Z,21.684,46.0,134.0,35.946,0.0,0.0,0.0,28.761,0.534276,0.0,0.0,0.0
2020-08-25T01:52:24.633000Z,2020-08-25T01:52:24.773000Z,259.692,140.0,134.0,36.721,0.0,0.0,0.0,28.761,0.545039,0.0,0.0,0.0
2020-08-25T01:52:24.774000Z,2020-08-25T01:52:24.961999Z,342.971,188.0,130.0,57.71,0.0,0.0,0.0,28.761,2.674173,0.0,0.0,0.0
2020-08-25T01:52:24.963000Z,2020-08-25T01:52:25.223000Z,519.977,260.0,130.0,46.371,0.0,0.0,0.0,28.761,1.931304,0.0,0.0,0.0
2020-08-25T01:52:25.224000Z,2020-08-25T01:52:25.453000Z,523.962,229.0,134.0,44.657,0.0,0.0,0.0,28.761,2.74626,0.0,0.0,0.0
2020-08-25T01:52:25.454000Z,2020-08-25T01:52:25.721999Z,535.529,268.0,136.0,56.718,0.0,0.0,0.0,28.761,2.662771,0.0,0.0,0.0
2020-08-25T01:52:25.875000Z,2020-08-25T01:52:26.388000Z,1206.905,513.0,136.0,53.451,0.0,0.0,0.0,28.761,0.112939,0.0,0.0,0.0
2020-08-25T01:52:27.882000Z,2020-08-25T01:52:29.307000Z,2578.692,1425.0,152.0,44.771,0.0,0.0,0.0,28.761,2.40587,0.0,0.0,0.0
2020-08-25T01:52:29.879000Z,2020-08-25T01:52:30.419000Z,1290.871,540.0,138.0,53.712,0.0,0.0,0.0,28.761,2.151705,0.0,0.0,0.0
2020-08-25T01:52:31.888000Z,2020-08-25T01:52:32.365000Z,947.947,477.0,146.0,76.871,0.0,0.0,0.0,28.761,2.52911,0.0,0.0,0.0
2020-08-25T01:52:33.887000Z,2020-08-25T01:52:34.348000Z,972.792,461.0,138.0,79.082,0.0,0.0,0.0,28.761,2.605306,0.0,0.0,0.0
2020-08-25T01:52:35.895000Z,2020-08-25T01:52:36.293000Z,754.413,398.0,132.0,43.845,0.0,0.0,0.0,28.291,1.186231,0.0,0.0,0.0
2020-08-25T01:52:37.897999Z,2020-08-25T01:52:38.511000Z,1196.321,613.0,136.0,52.963,0.0,0.0,0.0,28.291,0.037628,0.0,0.0,0.0
2020-08-25T01:52:39.909000Z,2020-08-25T01:52:40.656000Z,1562.877,747.0,146.0,57.761,0.0,0.0,0.0,28.291,1.002378,0.0,0.0,0.0
2020-08-25T01:52:41.916999Z,2020-08-25T01:52:42.684000Z,1949.559,767.0,140.0,77.197,0.0,0.0,0.0,28.291,2.467954,0.0,0.0,0.0
2020-08-25T01:52:43.923000Z,2020-08-25T01:52:44.998000Z,1934.025,1075.0,140.0,67.532,0.0,0.0,0.0,28.291,2.239283,0.0,0.0,0.0
2020-08-25T01:52:45.928000Z,2020-08-25T01:52:46.704000Z,1926.306,776.0,154.0,49.153,0.0,0.0,0.0,28.291,2.298291,0.0,0.0,0.0
2020-08-25T01:52:47.929999Z,2020-08-25T01:52:48.718000Z,1029.678,788.0,154.0,79.251,0.0,0.0,0.0,28.291,2.475055,0.0,0.0,0.0
2020-08-25T01:52:49.936000Z,2020-08-25T01:52:50.636000Z,1688.286,700.0,154.0,43.646,0.0,0.0,0.0,28.291,1.225532,0.0,0.0,0.0
2020-08-25T01:52:51.945000Z,2020-08-25T01:52:52.709000Z,1706.667,764.0,140.0,46.608,0.0,0.0,0.0,28.291,3.065798,0.0,0.0,0.0
2020-08-25T01:52:53.948000Z,2020-08-25T01:52:54.321000Z,792.257,373.0,152.0,64.708,0.0,0.0,0.0,28.291,1.329284,0.0,0.0,0.0
2020-08-25T01:52:56.053000Z,2020-08-25T01:52:56.265000Z,218.816,212.0,152.0,51.238,0.0,0.0,0.0,28.291,3.266061,0.0,0.0,0.0
2020-08-25T01:52:57.973000Z,2020-08-25T01:52:58.145999Z,200.826,173.0,176.0,61.168,0.0,0.0,0.0,28.291,2.722062,0.0,0.0,0.0
2020-08-25T01:52:59.969999Z,2020-08-25T01:53:00.297000Z,738.186,327.0,148.0,122.863,0.0,0.0,0.0,28.291,1.68181,0.0,0.0,0.0
2020-08-25T01:53:01.988999Z,2020-08-25T01:53:02.757000Z,1407.605,768.0,148.0,61.5,0.0,0.0,0.0,28.291,2.141531,0.0,0.0,0.0
2020-08-25T01:53:03.988999Z,2020-08-25T01:53:04.569000Z,1396.359,580.0,148.0,48.234,0.0,0.0,0.0,28.291,2.930611,0.0,0.0,0.0
2020-08-25T01:53:05.990000Z,2020-08-25T01:53:06.672000Z,1357.764,682.0,134.0,49.157,0.0,0.0,0.0,28.291,2.170246,0.0,0.0,0.0
2020-08-25T01:53:07.996000Z,2020-08-25T01:53:08.755000Z,938.877,759.0,144.0,50.991,0.0,0.0,0.0,28.291,2.5081,0.0,0.0,0.0
2020-08-25T01:53:10.006000Z,2020-08-25T01:53:10.643000Z,1042.726,637.0,148.0,59.829,0.0,0.0,0.0,28.291,3.0973,0.0,0.0,0.0
2020-08-25T01:53:12.011000Z,2020-08-25T01:53:12.369999Z,853.678,359.0,148.0,76.692,0.0,0.0,0.0,28.291,2.402291,0.0,0.0,0.0
2020-08-25T01:53:14.308000Z,2020-08-25T01:53:14.571000Z,625.309,263.0,140.0,49.911,0.0,0.0,0.0,28.291,2.358001,0.0,0.0,0.0
2020-08-25T01:53:16.023000Z,2020-08-25T01:53:16.382000Z,873.091,359.0,150.0,54.413,0.0,0.0,0.0,28.291,3.012203,0.0,0.0,0.0
2020-08-25T01:53:17.981000Z,2020-08-25T01:53:18.557000Z,721.046,576.0,152.0,55.519,0.0,0.0,0.0,28.291,0.156197,0.0,0.0,0.0
2020-08-25T01:53:20.033000Z,2020-08-25T01:53:20.375000Z,735.364,342.0,136.0,93.014,0.0,0.0,0.0,28.291,2.191951,0.0,0.0,0.0
2020-08-25T01:53:22.039000Z,2020-08-25T01:53:22.785999Z,1345.489,747.0,128.0,56.249,0.0,0.0,0.0,28.291,2.54686,0.0,0.0,0.0
2020-08-25T01:53:24.044999Z,2020-08-25T01:53:24.985999Z,1495.861,941.0,146.0,55.729,0.0,0.0,0.0,28.291,0.084579,0.0,0.0,0.0
2020-08-25T01:53:26.063000Z,2020-08-25T01:53:26.879000Z,1433.095,816.0,136.0,49.674,0.0,0.0,0.0,28.291,1.818542,0.0,0.0,0.0
2020-08-25T01:53:28.066000Z,2020-08-25T01:53:28.502000Z,977.53,436.0,158.0,50.455,0.0,0.0,0.0,28.291,1.11285,0.0,0.0,0.0
2020-08-25T01:53:30.064999Z,2020-08-25T01:53:30.657000Z,402.979,592.0,156.0,51.138,0.0,0.0,0.0,28.291,2.444043,0.0,0.0,0.0
2020-08-25T01:53:32.077000Z,2020-08-25T01:53:32.324000Z,375.868,247.0,120.0,76.675,0.0,0.0,0.0,28.291,1.537848,0.0,0.0,0.0
2020-08-25T01:53:34.076000Z,2020-08-25T01:53:34.374000Z,672.242,298.0,130.0,56.785,0.0,0.0,0.0,28.291,2.517802,0.0,0.0,0.0
2020-08-25T01:53:36.081999Z,2020-08-25T01:53:36.270000Z,334.704,188.0,138.0,64.994,0.0,0.0,0.0,28.291,2.968872,0.0,0.0,0.0
2020-08-25T01:53:38.087000Z,2020-08-25T01:53:38.239000Z,288.776,152.0,156.0,58.583,0.0,0.0,0.0,28.291,2.339056,0.0,0.0,0.0
2020-08-25T01:53:40.097999Z,2020-08-25T01:53:40.287000Z,292.714,189.0,156.0,62.41,0.0,0.0,0.0,28.291,2.74065,0.0,0.0,0.0
2020-08-25T01:53:41.960000Z,2020-08-25T01:53:42.139000Z,386.192,179.0,154.0,74.583,0.0,0.0,0.0,28.291,1.004233,0.0,0.0,0.0
2020-08-25T01:53:44.106000Z,2020-08-25T01:53:44.777000Z,986.62,671.0,148.0,54.267,0.0,0.0,0.0,28.291,3.029993,0.0,0.0,0.0
2020-08-25T01:53:46.113000Z,2020-08-25T01:53:46.636000Z,1003.612,523.0,148.0,50.389,0.0,0.0,0.0,28.291,2.793099,0.0,0.0,0.0
2020-08-25T01:53:48.118000Z,2020-08-25T01:53:48.436000Z,647.165,318.0,154.0,54.325,0.0,0.0,0.0,28.291,3.228693,0.0,0.0,0.0
2020-08-25T01:53:50.119000Z,2020-08-25T01:53:50.512000Z,857.577,393.0,154.0,65.649,0.0,0.0,0.0,28.291,2.960696,0.0,0.0,0.0
2020-08-25T01:53:52.148000Z,2020-08-25T01:53:52.369000Z,406.709,221.0,148.0,41.177,0.0,0.0,0.0,28.291,1.236338,0.0,0.0,0.0
2020-08-25T01:53:54.131000Z,2020-08-25T01:53:54.335000Z,457.266,204.0,148.0,65.075,0.0,0.0,0.0,28.291,2.049249,0.0,0.0,0.0
2020-08-25T01:53:56.135000Z,2020-08-25T01:53:56.545000Z,527.759,410.0,152.0,53.87,0.0,0.0,0.0,28.291,2.914167,0.0,0.0,0.0
2020-08-25T01:53:58.142000Z,2020-08-25T01:53:58.203000Z,56.553,61.0,4.0,144.001,0.0,0.0,0.0,28.291,1.391383,0.0,0.0,0.0
2020-08-25T01:54:00.155000Z,2020-08-25T01:54:00.333000Z,338.721,178.0,150.0,43.088,0.0,0.0,0.0,28.291,1.391383,0.0,0.0,0.0
2020-08-25T01:54:02.152000Z,2020-08-25T01:54:02.775000Z,1561.22,623.0,150.0,52.033,0.0,0.0,0.0,28.291,2.849743,0.0,0.0,0.0
2020-08-25T01:54:04.176000Z,2020-08-25T01:54:04.640000Z,1126.278,464.0,146.0,81.691,0.0,0.0,0.0,28.291,2.509886,0.0,0.0,0.0
2020-08-25T01:54:06.001999Z,2020-08-25T01:54:06.769000Z,1681.213,767.0,154.0,53.117,0.0,0.0,0.0,28.291,2.349618,0.0,0.0,0.0
2020-08-25T01:54:08.180000Z,2020-08-25T01:54:08.887000Z,1510.182,707.0,142.0,75.256,0.0,0.0,0.0,28.291,2.409826,0.0,0.0,0.0
2020-08-25T01:54:10.179000Z,2020-08-25T01:54:10.289000Z,162.477,110.0,146.0,67.323,0.0,0.0,0.0,28.291,2.492489,0.0,0.0,0.0
2020-08-25T01:54:12.187000Z,2020-08-25T01:54:12.388000Z,183.439,201.0,146.0,45.999,0.0,0.0,0.0,28.291,2.574838,0.0,0.0,0.0
2020-08-25T01:54:14.195000Z,2020-08-25T01:54:14.476000Z,193.888,281.0,146.0,109.384,0.0,0.0,0.0,28.291,0.680806,0.0,0.0,0.0
2020-08-25T01:54:16.200000Z,2020-08-25T01:54:16.455000Z,565.812,255.0,132.0,79.613,0.0,0.0,0.0,28.291,0.760242,0.0,0.0,0.0
2020-08-25T01:54:18.207000Z,2020-08-25T01:54:18.817000Z,1256.575,610.0,144.0,60.981,0.0,0.0,0.0,28.291,2.706196,0.0,0.0,0.0
2020-08-25T01:54:19.967000Z,2020-08-25T01:54:20.687000Z,1062.292,720.0,144.0,59.188,0.0,0.0,0.0,28.291,2.588272,0.0,0.0,0.0
2020-08-25T01:54:21.984000Z,2020-08-25T01:54:22.655000Z,889.225,671.0,144.0,79.363,0.0,0.0,0.0,28.291,2.29156,0.0,0.0,0.0
2020-08-25T01:54:23.972000Z,2020-08-25T01:54:25.052000Z,1244.881,1080.0,140.0,51.673,0.0,0.0,0.0,28.291,2.954638,0.0,0.0,0.0
2020-08-25T01:54:25.977000Z,2020-08-25T01:54:26.364000Z,963.079,387.0,158.0,53.536,0.0,0.0,0.0,28.291,3.08742,0.0,0.0,0.0
2020-08-25T01:54:28.025999Z,2020-08-25T01:54:29.799000Z,712.375,1773.0,158.0,56.027,0.0,0.0,0.0,28.291,3.026015,0.0,0.0,0.0
2020-08-25T01:54:30.012000Z,2020-08-25T01:54:31.281000Z,1132.881,1269.0,152.0,212.407,0.0,0.0,0.0,28.291,0.262598,0.0,0.0,0.0
2020-08-25T01:54:31.994000Z,2020-08-25T01:54:32.404000Z,861.827,410.0,126.0,58.452,0.0,0.0,0.0,28.291,1.945836,0.0,0.0,0.0
2020-08-25T01:54:33.998000Z,2020-08-25T01:54:34.462000Z,799.5,464.0,146.0,46.752,0.0,0.0,0.0,28.291,3.271441,0.0,0.0,0.0
2020-08-25T01:54:36.001999Z,2020-08-25T01:54:37.140000Z,623.846,1138.0,146.0,77.0,0.0,0.0,0.0,28.291,1.717216,0.0,0.0,0.0
2020-08-25T01:54:38.013000Z,2020-08-25T01:54:38.705999Z,624.767,693.0,94.0,71.046,0.0,0.0,0.0,28.291,0.261788,0.0,0.0,0.0
