start_time,end_time,size,trans_time,cwnd,rtt,rto,ssthresh,last_snd,min_rtt,delivery_rate,bytes_sent,bytes_retrans,client_trans_time
2020-08-25T05:45:24.481000Z,2020-08-25T05:45:24.625999Z,29.274,145.0,372.0,71.125,0.0,0.0,0.0,61.925,3.436519,0.0,0.0,0.0
2020-08-25T05:45:24.626000Z,2020-08-25T05:45:24.761999Z,28.343,136.0,58.0,72.383,0.0,0.0,0.0,61.925,0.525056,0.0,0.0,0.0
2020-08-25T05:45:24.763000Z,2020-08-25T05:45:25.027000Z,119.53,264.0,58.0,70.992,0.0,0.0,0.0,61.925,0.404078,0.0,0.0,0.0
2020-08-25T05:45:25.027000Z,2020-08-25T05:45:25.367000Z,236.964,340.0,72.0,71.067,0.0,0.0,0.0,61.925,0.653465,0.0,0.0,0.0
2020-08-25T05:45:25.368000Z,2020-08-25T05:45:25.615000Z,261.162,247.0,108.0,70.592,0.0,0.0,0.0,61.925,1.093743,0.0,0.0,0.0
2020-08-25T05:45:25.615000Z,2020-08-25T05:45:25.849999Z,294.761,235.0,156.0,70.959,0.0,0.0,0.0,61.925,1.514193,0.0,0.0,0.0
2020-08-25T05:45:25.851000Z,2020-08-25T05:45:26.148000Z,453.347,297.0,194.0,70.305,0.0,0.0,0.0,61.925,2.00449,0.0,0.0,0.0
2020-08-25T05:45:26.149000Z,2020-08-25T05:45:26.388000Z,391.657,239.0,232.0,70.26,0.0,0.0,0.0,61.925,1.774039,0.0,0.0,0.0
2020-08-25T05:45:26.391000Z,2020-08-25T05:45:27.143000Z,1897.384,752.0,232.0,70.806,0.0,0.0,0.0,61.925,2.377784,0.0,0.0,0.0
2020-08-25T05:45:27.743000Z,2020-08-25T05:45:28.051000Z,852.146,308.0,338.0,70.949,0.0,0.0,0.0,61.925,3.083661,0.0,0.0,0.0
2020-08-25T05:45:29.743000Z,2020-08-25T05:45:29.983000Z,603.912,240.0,340.0,68.862,0.0,0.0,0.0,61.925,3.504735,0.0,0.0,0.0
2020-08-25T05:45:31.741000Z,2020-08-25T05:45:31.984000Z,616.474,243.0,342.0,71.016,0.0,0.0,0.0,61.925,2.904727,0.0,0.0,0.0
2020-08-25T05:45:33.750000Z,2020-08-25T05:45:33.993000Z,591.37,243.0,342.0,70.362,0.0,0.0,0.0,61.925,3.255357,0.0,0.0,0.0
2020-08-25T05:45:35.743000Z,2020-08-25T05:45:36.006000Z,592.598,263.0,342.0,71.404,0.0,0.0,0.0,61.925,3.149662,0.0,0.0,0.0
2020-08-25T05:45:37.742000Z,2020-08-25T05:45:37.979000Z,624.347,237.0,342.0,71.26,0.0,0.0,0.0,61.925,3.413776,0.0,0.0,0.0
2020-08-25T05:45:39.743000Z,2020-08-25T05:45:40.014000Z,708.032,271.0,342.0,69.934,0.0,0.0,0.0,61.925,3.545682,0.0,0.0,0.0
2020-08-25T05:45:41.743000Z,2020-08-25T05:45:42.023000Z,720.18,280.0,342.0,70.565,0.0,0.0,0.0,61.925,3.596673,0.0,0.0,0.0
2020-08-25T05:45:43.992000Z,2020-08-25T05:45:44.259000Z,690.098,267.0,342.0,72.335,0.0,0.0,0.0,61.925,3.497891,0.0,0.0,0.0
2020-08-25T05:45:45.991000Z,2020-08-25T05:45:46.339000Z,633.281,348.0,342.0,72.364,0.0,0.0,0.0,61.925,3.230363,0.0,0.0,0.0
2020-08-25T05:45:47.993000Z,2020-08-25T05:45:48.424000Z,1241.422,431.0,334.0,70.546,0.0,0.0,0.0,61.925,0.046173,0.0,0.0,0.0
2020-08-25T05:45:49.994000Z,2020-08-25T05:45:50.527000Z,1597.526,533.0,358.0,73.288,0.0,0.0,0.0,61.925,3.119356,0.0,0.0,0.0
2020-08-25T05:45:51.992000Z,2020-08-25T05:45:52.292000Z,838.047,300.0,350.0,70.671,0.0,0.0,0.0,61.925,3.311673,0.0,0.0,0.0
2020-08-25T05:45:53.992000Z,2020-08-25T05:45:54.273000Z,748.002,281.0,336.0,70.281,0.0,0.0,0.0,61.925,3.0531,0.0,0.0,0.0
2020-08-25T05:45:55.993000Z,2020-08-25T05:45:56.503000Z,1243.76,510.0,336.0,70.99,0.0,0.0,0.0,61.925,3.239981,0.0,0.0,0.0
2020-08-25T05:45:57.994000Z,2020-08-25T05:45:58.521999Z,1625.718,528.0,326.0,70.619,0.0,0.0,0.0,61.925,0.815467,0.0,0.0,0.0
2020-08-25T05:45:59.837000Z,2020-08-25T05:46:00.249999Z,1232.181,413.0,342.0,69.834,0.0,0.0,0.0,61.925,3.63369,0.0,0.0,0.0
2020-08-25T05:46:01.993000Z,2020-08-25T05:46:02.371000Z,1131.088,378.0,346.0,70.192,0.0,0.0,0.0,61.925,3.041033,0.0,0.0,0.0
2020-08-25T05:46:03.993000Z,2020-08-25T05:46:04.228000Z,594.692,235.0,346.0,70.555,0.0,0.0,0.0,61.925,3.45914,0.0,0.0,0.0
2020-08-25T05:46:05.995000Z,2020-08-25T05:46:06.235000Z,597.384,240.0,346.0,71.252,0.0,0.0,0.0,61.925,3.635479,0.0,0.0,0.0
2020-08-25T05:46:07.992000Z,2020-08-25T05:46:08.405000Z,946.578,413.0,342.0,70.565,0.0,0.0,0.0,61.925,3.503762,0.0,0.0,0.0
2020-08-25T05:46:09.995000Z,2020-08-25T05:46:10.527000Z,1647.388,532.0,330.0,70.149,0.0,0.0,0.0,61.925,3.451349,0.0,0.0,0.0
2020-08-25T05:46:11.993000Z,2020-08-25T05:46:12.245000Z,664.041,252.0,344.0,70.804,0.0,0.0,0.0,61.925,3.076404,0.0,0.0,0.0
2020-08-25T05:46:13.993000Z,2020-08-25T05:46:14.269000Z,695.699,276.0,344.0,70.421,0.0,0.0,0.0,61.925,3.249365,0.0,0.0,0.0
2020-08-25T05:46:15.993000Z,2020-08-25T05:46:16.256000Z,685.414,263.0,4.0,71.204,0.0,0.0,0.0,61.925,3.381186,0.0,0.0,0.0
2020-08-25T05:46:17.993000Z,2020-08-25T05:46:18.264000Z,664.872,271.0,346.0,70.258,0.0,0.0,0.0,61.925,3.379492,0.0,0.0,0.0
2020-08-25T05:46:19.992000Z,2020-08-25T05:46:20.246000Z,587.513,254.0,340.0,71.258,0.0,0.0,0.0,61.925,3.117192,0.0,0.0,0.0
2020-08-25T05:46:21.996000Z,2020-08-25T05:46:22.236000Z,622.207,240.0,340.0,71.858,0.0,0.0,0.0,61.925,3.277346,0.0,0.0,0.0
2020-08-25T05:46:23.839000Z,2020-08-25T05:46:24.094000Z,688.939,255.0,344.0,69.257,0.0,0.0,0.0,61.925,3.592424,0.0,0.0,0.0
2020-08-25T05:46:25.993000Z,2020-08-25T05:46:26.256000Z,675.704,263.0,342.0,69.815,0.0,0.0,0.0,61.925,3.595188,0.0,0.0,0.0
2020-08-25T05:46:27.995000Z,2020-08-25T05:46:28.628000Z,1680.591,633.0,342.0,70.117,0.0,0.0,0.0,61.925,3.047797,0.0,0.0,0.0
2020-08-25T05:46:29.994000Z,2020-08-25T05:46:30.504000Z,1604.598,510.0,336.0,73.439,0.0,0.0,0.0,61.925,3.119025,0.0,0.0,0.0
2020-08-25T05:46:31.996000Z,2020-08-25T05:46:32.735000Z,1426.941,739.0,346.0,69.896,0.0,0.0,0.0,61.925,3.551206,0.0,0.0,0.0
2020-08-25T05:46:33.997000Z,2020-08-25T05:46:34.463000Z,1391.302,466.0,346.0,68.678,0.0,0.0,0.0,61.925,3.532802,0.0,0.0,0.0
2020-08-25T05:46:35.996000Z,2020-08-25T05:46:36.412000Z,1256.393,416.0,342.0,71.294,0.0,0.0,0.0,61.925,3.075663,0.0,0.0,0.0
2020-08-25T05:46:37.997000Z,2020-08-25T05:46:38.403000Z,1163.751,406.0,340.0,70.105,0.0,0.0,0.0,61.925,3.528566,0.0,0.0,0.0
2020-08-25T05:46:39.996000Z,2020-08-25T05:46:40.451000Z,1131.561,455.0,342.0,70.229,0.0,0.0,0.0,61.925,3.249067,0.0,0.0,0.0
2020-08-25T05:46:41.995000Z,2020-08-25T05:46:42.357000Z,1048.062,362.0,340.0,70.605,0.0,0.0,0.0,61.925,3.008358,0.0,0.0,0.0
2020-08-25T05:46:43.998000Z,2020-08-25T05:46:44.324000Z,903.077,326.0,340.0,70.022,0.0,0.0,0.0,61.925,3.232201,0.0,0.0,0.0
2020-08-25T05:46:45.998000Z,2020-08-25T05:46:46.444000Z,1326.168,446.0,338.0,70.734,0.0,0.0,0.0,61.925,3.128083,0.0,0.0,0.0
2020-08-25T05:46:47.841999Z,2020-08-25T05:46:48.270000Z,1280.823,428.0,336.0,70.31,0.0,0.0,0.0,61.925,2.979901,0.0,0.0,0.0
2020-08-25T05:46:49.994000Z,2020-08-25T05:46:50.344000Z,988.887,350.0,340.0,70.55,0.0,0.0,0.0,61.925,3.462673,0.0,0.0,0.0
2020-08-25T05:46:52.012000Z,2020-08-25T05:46:52.323000Z,848.284,311.0,340.0,72.229,0.0,0.0,0.0,61.925,3.134433,0.0,0.0,0.0
2020-08-25T05:46:53.997000Z,2020-08-25T05:46:54.302000Z,820.167,305.0,340.0,69.727,0.0,0.0,0.0,61.925,3.102692,0.0,0.0,0.0
2020-08-25T05:46:55.998000Z,2020-08-25T05:46:56.352000Z,987.041,354.0,340.0,69.912,0.0,0.0,0.0,61.925,3.658204,0.0,0.0,0.0
2020-08-25T05:46:57.998000Z,2020-08-25T05:46:58.355000Z,1023.499,357.0,340.0,71.755,0.0,0.0,0.0,61.925,3.443721,0.0,0.0,0.0
2020-08-25T05:46:59.997000Z,2020-08-25T05:47:00.326000Z,915.725,329.0,342.0,69.473,0.0,0.0,0.0,61.925,3.545967,0.0,0.0,0.0
2020-08-25T05:47:01.997000Z,2020-08-25T05:47:02.384000Z,799.335,387.0,340.0,70.062,0.0,0.0,0.0,61.925,3.241218,0.0,0.0,0.0
2020-08-25T05:47:04.006000Z,2020-08-25T05:47:04.425999Z,1252.545,420.0,338.0,69.584,0.0,0.0,0.0,61.925,3.419985,0.0,0.0,0.0
2020-08-25T05:47:05.998000Z,2020-08-25T05:47:06.449999Z,1135.044,452.0,338.0,70.218,0.0,0.0,0.0,61.925,3.292473,0.0,0.0,0.0
2020-08-25T05:47:07.997000Z,2020-08-25T05:47:08.445000Z,1361.488,448.0,338.0,69.033,0.0,0.0,0.0,61.925,3.343863,0.0,0.0,0.0
2020-08-25T05:47:09.995000Z,2020-08-25T05:47:10.605000Z,1043.921,610.0,340.0,70.438,0.0,0.0,0.0,61.925,3.143703,0.0,0.0,0.0
2020-08-25T05:47:11.835000Z,2020-08-25T05:47:12.141000Z,852.371,306.0,342.0,71.817,0.0,0.0,0.0,61.925,3.342392,0.0,0.0,0.0
2020-08-25T05:47:13.999000Z,2020-08-25T05:47:14.269000Z,721.036,270.0,342.0,71.271,0.0,0.0,0.0,61.925,3.439014,0.0,0.0,0.0
2020-08-25T05:47:15.996000Z,2020-08-25T05:47:16.280000Z,746.53,284.0,342.0,70.854,0.0,0.0,0.0,61.925,3.48303,0.0,0.0,0.0
2020-08-25T05:47:17.996000Z,2020-08-25T05:47:18.271000Z,693.403,275.0,342.0,71.115,0.0,0.0,0.0,61.925,3.376357,0.0,0.0,0.0
2020-08-25T05:47:20.004000Z,2020-08-25T05:47:20.255000Z,598.374,251.0,342.0,72.527,0.0,0.0,0.0,61.925,2.926924,0.0,0.0,0.0
2020-08-25T05:47:21.996000Z,2020-08-25T05:47:22.283000Z,773.672,287.0,328.0,70.831,0.0,0.0,0.0,61.925,3.273371,0.0,0.0,0.0
2020-08-25T05:47:23.996000Z,2020-08-25T05:47:24.283000Z,759.436,287.0,338.0,70.187,0.0,0.0,0.0,61.925,3.527941,0.0,0.0,0.0
2020-08-25T05:47:25.996000Z,2020-08-25T05:47:26.241000Z,612.097,245.0,338.0,70.276,0.0,0.0,0.0,61.925,3.206299,0.0,0.0,0.0
2020-08-25T05:47:27.996000Z,2020-08-25T05:47:28.227000Z,577.816,231.0,338.0,72.507,0.0,0.0,0.0,61.925,3.278857,0.0,0.0,0.0
2020-08-25T05:47:29.997000Z,2020-08-25T05:47:30.374000Z,1099.303,377.0,334.0,69.413,0.0,0.0,0.0,61.925,3.175606,0.0,0.0,0.0
2020-08-25T05:47:31.996000Z,2020-08-25T05:47:32.636000Z,996.484,640.0,334.0,74.137,0.0,0.0,0.0,61.925,3.477554,0.0,0.0,0.0
2020-08-25T05:47:33.997000Z,2020-08-25T05:47:34.309000Z,885.603,312.0,356.0,71.228,0.0,0.0,0.0,61.925,3.08647,0.0,0.0,0.0
2020-08-25T05:47:35.996000Z,2020-08-25T05:47:36.273000Z,743.414,277.0,342.0,69.899,0.0,0.0,0.0,61.925,3.232958,0.0,0.0,0.0
2020-08-25T05:47:38.005000Z,2020-08-25T05:47:38.337999Z,941.095,333.0,342.0,71.422,0.0,0.0,0.0,61.925,3.177326,0.0,0.0,0.0
2020-08-25T05:47:39.997000Z,2020-08-25T05:47:40.331000Z,962.503,334.0,346.0,71.311,0.0,0.0,0.0,61.925,3.106465,0.0,0.0,0.0
2020-08-25T05:47:41.997000Z,2020-08-25T05:47:42.355000Z,1052.5,358.0,350.0,71.245,0.0,0.0,0.0,61.925,3.351577,0.0,0.0,0.0
2020-08-25T05:47:43.996000Z,2020-08-25T05:47:44.329000Z,935.972,333.0,350.0,68.983,0.0,0.0,0.0,61.925,3.215067,0.0,0.0,0.0
2020-08-25T05:47:45.996000Z,2020-08-25T05:47:46.316000Z,910.692,320.0,344.0,69.796,0.0,0.0,0.0,61.925,3.548693,0.0,0.0,0.0
2020-08-25T05:47:48.006000Z,2020-08-25T05:47:48.518000Z,869.995,512.0,340.0,69.217,0.0,0.0,0.0,61.925,3.48831,0.0,0.0,0.0
2020-08-25T05:47:49.997000Z,2020-08-25T05:47:50.392000Z,1147.399,395.0,340.0,74.244,0.0,0.0,0.0,61.925,3.561864,0.0,0.0,0.0
2020-08-25T05:47:51.998000Z,2020-08-25T05:47:52.616000Z,1924.356,618.0,338.0,70.118,0.0,0.0,0.0,61.925,3.417404,0.0,0.0,0.0
2020-08-25T05:47:54.000000Z,2020-08-25T05:47:54.597000Z,1911.938,597.0,352.0,69.225,0.0,0.0,0.0,61.925,3.440253,0.0,0.0,0.0
2020-08-25T05:47:56.000000Z,2020-08-25T05:47:56.950000Z,3129.271,950.0,350.0,69.898,0.0,0.0,0.0,61.925,3.100969,0.0,0.0,0.0
2020-08-25T05:47:57.998000Z,2020-08-25T05:47:58.701000Z,2265.417,703.0,352.0,70.657,0.0,0.0,0.0,61.925,3.312999,0.0,0.0,0.0
2020-08-25T05:47:59.999000Z,2020-08-25T05:48:00.433000Z,1300.347,434.0,352.0,69.897,0.0,0.0,0.0,61.925,3.441297,0.0,0.0,0.0
2020-08-25T05:48:01.998000Z,2020-08-25T05:48:02.587000Z,1869.742,589.0,344.0,70.121,0.0,0.0,0.0,61.925,2.968419,0.0,0.0,0.0
2020-08-25T05:48:03.998000Z,2020-08-25T05:48:04.899000Z,1952.388,901.0,344.0,70.655,0.0,0.0,0.0,61.925,3.368529,0.0,0.0,0.0
2020-08-25T05:48:05.999000Z,2020-08-25T05:48:06.632000Z,2010.301,633.0,340.0,71.912,0.0,0.0,0.0,61.925,3.149341,0.0,0.0,0.0
2020-08-25T05:48:07.996000Z,2020-08-25T05:48:08.455000Z,1375.905,459.0,346.0,71.671,0.0,0.0,0.0,61.925,2.84149,0.0,0.0,0.0
2020-08-25T05:48:09.996000Z,2020-08-25T05:48:10.208000Z,520.334,212.0,346.0,70.122,0.0,0.0,0.0,61.925,3.361727,0.0,0.0,0.0
2020-08-25T05:48:11.996000Z,2020-08-25T05:48:12.219000Z,545.99,223.0,338.0,70.636,0.0,0.0,0.0,61.925,3.200598,0.0,0.0,0.0
2020-08-25T05:48:13.997000Z,2020-08-25T05:48:14.356000Z,1001.034,359.0,332.0,71.667,0.0,0.0,0.0,61.925,3.341922,0.0,0.0,0.0
2020-08-25T05:48:15.997000Z,2020-08-25T05:48:16.352000Z,1025.014,355.0,332.0,71.886,0.0,0.0,0.0,61.925,3.459619,0.0,0.0,0.0
2020-08-25T05:48:17.997000Z,2020-08-25T05:48:18.356000Z,1035.925,359.0,342.0,69.588,0.0,0.0,0.0,61.925,3.508599,0.0,0.0,0.0
2020-08-25T05:48:19.997000Z,2020-08-25T05:48:20.521999Z,545.322,525.0,342.0,69.963,0.0,0.0,0.0,61.925,3.194792,0.0,0.0,0.0
2020-08-25T05:48:21.997000Z,2020-08-25T05:48:22.291000Z,806.352,294.0,340.0,72.483,0.0,0.0,0.0,61.925,3.138514,0.0,0.0,0.0
2020-08-25T05:48:24.006000Z,2020-08-25T05:48:24.291000Z,756.781,285.0,330.0,69.554,0.0,0.0,0.0,61.925,3.505325,0.0,0.0,0.0
2020-08-25T05:48:25.996000Z,2020-08-25T05:48:26.251000Z,623.719,255.0,330.0,70.481,0.0,0.0,0.0,61.925,3.533397,0.0,0.0,0.0
2020-08-25T05:48:27.998000Z,2020-08-25T05:48:28.208000Z,508.975,210.0,330.0,71.513,0.0,0.0,0.0,61.925,3.158443,0.0,0.0,0.0
2020-08-25T05:48:29.997000Z,2020-08-25T05:48:30.421000Z,1240.353,424.0,330.0,69.851,0.0,0.0,0.0,61.925,3.62496,0.0,0.0,0.0
2020-08-25T05:48:31.999000Z,2020-08-25T05:48:32.505999Z,1524.922,507.0,332.0,71.184,0.0,0.0,0.0,61.925,3.025171,0.0,0.0,0.0
2020-08-25T05:48:33.999000Z,2020-08-25T05:48:34.518000Z,1639.824,519.0,340.0,70.817,0.0,0.0,0.0,61.925,3.189238,0.0,0.0,0.0
2020-08-25T05:48:35.996000Z,2020-08-25T05:48:36.245000Z,631.603,249.0,344.0,70.837,0.0,0.0,0.0,61.925,3.328426,0.0,0.0,0.0
2020-08-25T05:48:37.996000Z,2020-08-25T05:48:38.368000Z,1084.717,372.0,344.0,69.92,0.0,0.0,0.0,61.925,3.149441,0.0,0.0,0.0
2020-08-25T05:48:39.998000Z,2020-08-25T05:48:40.283000Z,793.145,285.0,344.0,69.253,0.0,0.0,0.0,61.925,3.414771,0.0,0.0,0.0
2020-08-25T05:48:41.997000Z,2020-08-25T05:48:42.228000Z,538.43,231.0,344.0,70.846,0.0,0.0,0.0,61.925,3.790502,0.0,0.0,0.0
2020-08-25T05:48:43.997000Z,2020-08-25T05:48:44.214000Z,516.211,217.0,342.0,71.134,0.0,0.0,0.0,61.925,3.381598,0.0,0.0,0.0
2020-08-25T05:48:45.997000Z,2020-08-25T05:48:46.191000Z,447.902,194.0,338.0,72.151,0.0,0.0,0.0,61.925,3.562231,0.0,0.0,0.0
2020-08-25T05:48:47.998000Z,2020-08-25T05:48:48.262000Z,552.488,264.0,338.0,69.791,0.0,0.0,0.0,61.925,3.467837,0.0,0.0,0.0
2020-08-25T05:48:49.998000Z,2020-08-25T05:48:50.251000Z,620.422,253.0,4.0,70.32,0.0,0.0,0.0,61.925,1.84261,0.0,0.0,0.0
2020-08-25T05:48:51.997000Z,2020-08-25T05:48:52.249999Z,664.048,253.0,358.0,70.706,0.0,0.0,0.0,61.925,3.319439,0.0,0.0,0.0
2020-08-25T05:48:53.998000Z,2020-08-25T05:48:54.270000Z,726.77,272.0,342.0,68.843,0.0,0.0,0.0,61.925,3.60014,0.0,0.0,0.0
2020-08-25T05:48:55.999000Z,2020-08-25T05:48:56.255000Z,634.791,256.0,342.0,71.363,0.0,0.0,0.0,61.925,3.559612,0.0,0.0,0.0
2020-08-25T05:48:57.997000Z,2020-08-25T05:48:58.229000Z,567.037,232.0,342.0,70.191,0.0,0.0,0.0,61.925,3.342519,0.0,0.0,0.0
2020-08-25T05:49:00.006000Z,2020-08-25T05:49:00.200000Z,456.527,194.0,336.0,70.102,0.0,0.0,0.0,61.925,3.352935,0.0,0.0,0.0
2020-08-25T05:49:01.998000Z,2020-08-25T05:49:02.174000Z,343.569,176.0,336.0,70.822,0.0,0.0,0.0,61.925,3.534515,0.0,0.0,0.0
2020-08-25T05:49:03.999000Z,2020-08-25T05:49:04.249999Z,627.093,251.0,336.0,71.119,0.0,0.0,0.0,61.925,3.391281,0.0,0.0,0.0
2020-08-25T05:49:05.998000Z,2020-08-25T05:49:06.196000Z,446.841,198.0,336.0,70.744,0.0,0.0,0.0,61.925,3.319578,0.0,0.0,0.0
2020-08-25T05:49:07.999000Z,2020-08-25T05:49:08.601000Z,884.506,602.0,336.0,70.558,0.0,0.0,0.0,61.925,3.41509,0.0,0.0,0.0
2020-08-25T05:49:09.999000Z,2020-08-25T05:49:10.510000Z,1573.275,511.0,360.0,71.801,0.0,0.0,0.0,61.925,3.057789,0.0,0.0,0.0
2020-08-25T05:49:11.999000Z,2020-08-25T05:49:12.489000Z,1532.751,490.0,342.0,71.366,0.0,0.0,0.0,61.925,3.513886,0.0,0.0,0.0
2020-08-25T05:49:14.007000Z,2020-08-25T05:49:14.469000Z,1436.352,462.0,346.0,69.449,0.0,0.0,0.0,61.925,3.388796,0.0,0.0,0.0
2020-08-25T05:49:15.998000Z,2020-08-25T05:49:16.257000Z,681.614,259.0,346.0,69.876,0.0,0.0,0.0,61.925,3.525017,0.0,0.0,0.0
2020-08-25T05:49:17.998000Z,2020-08-25T05:49:18.275000Z,678.027,277.0,342.0,71.82,0.0,0.0,0.0,61.925,2.88724,0.0,0.0,0.0
2020-08-25T05:49:19.998000Z,2020-08-25T05:49:20.281000Z,737.474,283.0,342.0,71.704,0.0,0.0,0.0,61.925,3.255462,0.0,0.0,0.0
2020-08-25T05:49:22.006000Z,2020-08-25T05:49:22.150000Z,267.789,144.0,342.0,71.437,0.0,0.0,0.0,61.925,3.369376,0.0,0.0,0.0
2020-08-25T05:49:23.998000Z,2020-08-25T05:49:24.264000Z,687.986,266.0,338.0,69.121,0.0,0.0,0.0,61.925,3.661901,0.0,0.0,0.0
2020-08-25T05:49:25.998000Z,2020-08-25T05:49:26.352000Z,996.678,354.0,338.0,71.509,0.0,0.0,0.0,61.925,3.171456,0.0,0.0,0.0
2020-08-25T05:49:27.999000Z,2020-08-25T05:49:28.361999Z,1002.96,363.0,330.0,71.158,0.0,0.0,0.0,61.925,3.534869,0.0,0.0,0.0
2020-08-25T05:49:30.000000Z,2020-08-25T05:49:30.289000Z,768.658,289.0,334.0,69.795,0.0,0.0,0.0,61.925,3.473353,0.0,0.0,0.0
2020-08-25T05:49:31.998000Z,2020-08-25T05:49:32.169999Z,331.617,172.0,334.0,71.064,0.0,0.0,0.0,61.925,3.496698,0.0,0.0,0.0
2020-08-25T05:49:33.998000Z,2020-08-25T05:49:34.172000Z,336.563,174.0,4.0,73.505,0.0,0.0,0.0,61.925,3.34066,0.0,0.0,0.0
2020-08-25T05:49:35.997000Z,2020-08-25T05:49:36.152000Z,291.08,155.0,324.0,70.798,0.0,0.0,0.0,61.925,1.040816,0.0,0.0,0.0
2020-08-25T05:49:37.998000Z,2020-08-25T05:49:38.139000Z,250.755,141.0,324.0,71.871,0.0,0.0,0.0,61.925,3.440132,0.0,0.0,0.0
2020-08-25T05:49:39.998000Z,2020-08-25T05:49:40.104000Z,130.775,106.0,324.0,70.476,0.0,0.0,0.0,61.925,3.440132,0.0,0.0,0.0
2020-08-25T05:49:41.999000Z,2020-08-25T05:49:42.167000Z,306.125,168.0,326.0,70.69,0.0,0.0,0.0,61.925,3.440132,0.0,0.0,0.0
2020-08-25T05:49:43.998000Z,2020-08-25T05:49:44.463000Z,422.429,465.0,304.0,70.597,0.0,0.0,0.0,61.925,3.065718,0.0,0.0,0.0
2020-08-25T05:49:45.998000Z,2020-08-25T05:49:46.197000Z,415.856,199.0,328.0,71.612,0.0,0.0,0.0,61.925,3.406698,0.0,0.0,0.0
2020-08-25T05:49:47.999000Z,2020-08-25T05:49:48.163000Z,317.776,164.0,334.0,71.291,0.0,0.0,0.0,61.925,3.022222,0.0,0.0,0.0
2020-08-25T05:49:49.999000Z,2020-08-25T05:49:50.137999Z,167.688,139.0,340.0,71.298,0.0,0.0,0.0,61.925,3.30896,0.0,0.0,0.0
2020-08-25T05:49:52.000000Z,2020-08-25T05:49:52.088000Z,60.265,88.0,340.0,70.491,0.0,0.0,0.0,61.925,3.454094,0.0,0.0,0.0
2020-08-25T05:49:54.001000Z,2020-08-25T05:49:54.508000Z,1523.634,507.0,340.0,70.529,0.0,0.0,0.0,61.925,3.454094,0.0,0.0,0.0
2020-08-25T05:49:56.001999Z,2020-08-25T05:49:56.529999Z,1574.92,528.0,354.0,72.476,0.0,0.0,0.0,61.925,3.474612,0.0,0.0,0.0
2020-08-25T05:49:58.001999Z,2020-08-25T05:49:58.601000Z,1911.666,599.0,354.0,70.092,0.0,0.0,0.0,61.925,3.481114,0.0,0.0,0.0
2020-08-25T05:50:00.010000Z,2020-08-25T05:50:00.398000Z,1150.664,388.0,340.0,71.159,0.0,0.0,0.0,61.984,3.308083,0.0,0.0,0.0
2020-08-25T05:50:02.001999Z,2020-08-25T05:50:02.392000Z,1163.81,390.0,340.0,70.311,0.0,0.0,0.0,61.984,3.057123,0.0,0.0,0.0
2020-08-25T05:50:04.248999Z,2020-08-25T05:50:04.525000Z,742.058,276.0,344.0,71.146,0.0,0.0,0.0,61.984,3.284589,0.0,0.0,0.0
2020-08-25T05:50:06.249999Z,2020-08-25T05:50:06.489000Z,599.066,239.0,344.0,70.853,0.0,0.0,0.0,61.984,3.789864,0.0,0.0,0.0
2020-08-25T05:50:08.248999Z,2020-08-25T05:50:08.342000Z,67.978,93.0,344.0,70.313,0.0,0.0,0.0,61.984,3.560366,0.0,0.0,0.0
2020-08-25T05:50:10.248999Z,2020-08-25T05:50:10.470000Z,516.97,221.0,368.0,72.02,0.0,0.0,0.0,61.984,3.560366,0.0,0.0,0.0
2020-08-25T05:50:12.252000Z,2020-08-25T05:50:12.720000Z,1146.774,468.0,368.0,72.319,0.0,0.0,0.0,61.984,3.366431,0.0,0.0,0.0
2020-08-25T05:50:14.095000Z,2020-08-25T05:50:14.885000Z,2401.411,790.0,344.0,71.247,0.0,0.0,0.0,61.984,3.348532,0.0,0.0,0.0
2020-08-25T05:50:16.249999Z,2020-08-25T05:50:16.515000Z,691.403,265.0,356.0,72.424,0.0,0.0,0.0,61.984,3.25737,0.0,0.0,0.0
2020-08-25T05:50:18.249999Z,2020-08-25T05:50:18.505000Z,655.554,255.0,342.0,70.14,0.0,0.0,0.0,61.984,3.46997,0.0,0.0,0.0
2020-08-25T05:50:20.249999Z,2020-08-25T05:50:20.502000Z,622.335,252.0,342.0,71.957,0.0,0.0,0.0,61.984,3.452649,0.0,0.0,0.0
2020-08-25T05:50:22.249999Z,2020-08-25T05:50:22.503000Z,667.453,253.0,342.0,72.086,0.0,0.0,0.0,61.984,3.283788,0.0,0.0,0.0
2020-08-25T05:50:24.249999Z,2020-08-25T05:50:24.505999Z,651.715,256.0,346.0,70.08,0.0,0.0,0.0,61.984,3.455063,0.0,0.0,0.0
2020-08-25T05:50:26.251000Z,2020-08-25T05:50:26.497999Z,607.839,247.0,346.0,71.35,0.0,0.0,0.0,61.984,3.400848,0.0,0.0,0.0
2020-08-25T05:50:28.249999Z,2020-08-25T05:50:28.499000Z,630.067,249.0,346.0,71.877,0.0,0.0,0.0,61.984,3.473605,0.0,0.0,0.0
2020-08-25T05:50:30.249999Z,2020-08-25T05:50:30.512000Z,657.342,262.0,346.0,70.986,0.0,0.0,0.0,61.984,3.593896,0.0,0.0,0.0
2020-08-25T05:50:32.249999Z,2020-08-25T05:50:32.884000Z,1013.512,634.0,342.0,70.922,0.0,0.0,0.0,61.984,3.435294,0.0,0.0,0.0
2020-08-25T05:50:34.251000Z,2020-08-25T05:50:34.694000Z,1046.775,443.0,334.0,70.456,0.0,0.0,0.0,61.984,3.151163,0.0,0.0,0.0
2020-08-25T05:50:36.251000Z,2020-08-25T05:50:36.524000Z,731.604,273.0,330.0,70.338,0.0,0.0,0.0,61.984,3.194392,0.0,0.0,0.0
2020-08-25T05:50:38.094000Z,2020-08-25T05:50:38.400000Z,863.561,306.0,342.0,69.006,0.0,0.0,0.0,61.984,3.439564,0.0,0.0,0.0
2020-08-25T05:50:40.251000Z,2020-08-25T05:50:40.597000Z,1008.051,346.0,342.0,69.864,0.0,0.0,0.0,61.984,3.231711,0.0,0.0,0.0
2020-08-25T05:50:42.251000Z,2020-08-25T05:50:42.782000Z,1614.963,531.0,342.0,70.516,0.0,0.0,0.0,61.984,3.363728,0.0,0.0,0.0
2020-08-25T05:50:44.252000Z,2020-08-25T05:50:44.843000Z,1827.708,591.0,340.0,71.677,0.0,0.0,0.0,61.984,3.312598,0.0,0.0,0.0
2020-08-25T05:50:46.251000Z,2020-08-25T05:50:46.615000Z,1041.894,364.0,336.0,71.751,0.0,0.0,0.0,61.984,3.078729,0.0,0.0,0.0
2020-08-25T05:50:48.251000Z,2020-08-25T05:50:48.572000Z,920.241,321.0,342.0,70.14,0.0,0.0,0.0,61.984,3.3107,0.0,0.0,0.0
2020-08-25T05:50:50.251000Z,2020-08-25T05:50:50.732000Z,745.092,481.0,342.0,70.488,0.0,0.0,0.0,61.984,3.715342,0.0,0.0,0.0
2020-08-25T05:50:52.251000Z,2020-08-25T05:50:52.529999Z,761.13,279.0,340.0,70.45,0.0,0.0,0.0,61.984,3.401874,0.0,0.0,0.0
2020-08-25T05:50:54.249999Z,2020-08-25T05:50:54.512000Z,664.063,262.0,340.0,69.321,0.0,0.0,0.0,61.984,3.572709,0.0,0.0,0.0
2020-08-25T05:50:56.251000Z,2020-08-25T05:50:56.511000Z,623.078,260.0,340.0,71.949,0.0,0.0,0.0,61.984,3.483669,0.0,0.0,0.0
2020-08-25T05:50:58.249999Z,2020-08-25T05:50:58.505000Z,640.553,255.0,340.0,70.102,0.0,0.0,0.0,61.984,3.040383,0.0,0.0,0.0
2020-08-25T05:51:00.249999Z,2020-08-25T05:51:00.509000Z,664.388,259.0,336.0,71.623,0.0,0.0,0.0,61.984,3.343051,0.0,0.0,0.0
2020-08-25T05:51:02.097000Z,2020-08-25T05:51:02.349000Z,638.735,252.0,336.0,70.936,0.0,0.0,0.0,61.984,3.509856,0.0,0.0,0.0
2020-08-25T05:51:04.261000Z,2020-08-25T05:51:04.800000Z,1639.317,539.0,336.0,70.943,0.0,0.0,0.0,61.984,3.549615,0.0,0.0,0.0
2020-08-25T05:51:06.252000Z,2020-08-25T05:51:06.581000Z,931.977,329.0,340.0,71.708,0.0,0.0,0.0,61.984,2.639058,0.0,0.0,0.0
2020-08-25T05:51:08.251000Z,2020-08-25T05:51:08.492000Z,626.884,241.0,340.0,70.353,0.0,0.0,0.0,61.984,3.201539,0.0,0.0,0.0
2020-08-25T05:51:10.249999Z,2020-08-25T05:51:10.505000Z,652.426,255.0,340.0,69.84,0.0,0.0,0.0,61.984,3.325783,0.0,0.0,0.0
2020-08-25T05:51:12.252000Z,2020-08-25T05:51:12.569000Z,860.989,317.0,340.0,70.18,0.0,0.0,0.0,61.984,3.630975,0.0,0.0,0.0
2020-08-25T05:51:14.252000Z,2020-08-25T05:51:14.683000Z,1269.773,431.0,340.0,72.085,0.0,0.0,0.0,61.984,3.243576,0.0,0.0,0.0
2020-08-25T05:51:16.277000Z,2020-08-25T05:51:16.517000Z,618.759,240.0,330.0,71.054,0.0,0.0,0.0,61.984,3.416672,0.0,0.0,0.0
2020-08-25T05:51:18.252000Z,2020-08-25T05:51:18.577999Z,878.319,326.0,336.0,70.495,0.0,0.0,0.0,61.972,3.442599,0.0,0.0,0.0
2020-08-25T05:51:20.261000Z,2020-08-25T05:51:20.763000Z,1491.881,502.0,336.0,71.048,0.0,0.0,0.0,61.972,3.062232,0.0,0.0,0.0
2020-08-25T05:51:22.252000Z,2020-08-25T05:51:22.517000Z,686.735,265.0,328.0,69.581,0.0,0.0,0.0,61.972,3.240105,0.0,0.0,0.0
2020-08-25T05:51:24.254000Z,2020-08-25T05:51:24.833000Z,1788.296,579.0,340.0,71.101,0.0,0.0,0.0,61.972,3.146872,0.0,0.0,0.0
2020-08-25T05:51:26.097999Z,2020-08-25T05:51:26.468000Z,1037.74,370.0,340.0,72.338,0.0,0.0,0.0,61.972,3.412021,0.0,0.0,0.0
2020-08-25T05:51:28.252000Z,2020-08-25T05:51:28.541000Z,758.787,289.0,4.0,71.85,0.0,0.0,0.0,61.972,3.613255,0.0,0.0,0.0
2020-08-25T05:51:30.260000Z,2020-08-25T05:51:30.535000Z,719.36,275.0,330.0,70.082,0.0,0.0,0.0,61.972,3.013452,0.0,0.0,0.0
2020-08-25T05:51:32.251000Z,2020-08-25T05:51:32.524000Z,696.014,273.0,334.0,71.349,0.0,0.0,0.0,61.972,3.424991,0.0,0.0,0.0
2020-08-25T05:51:34.253000Z,2020-08-25T05:51:34.505000Z,664.164,252.0,334.0,71.014,0.0,0.0,0.0,61.972,3.35824,0.0,0.0,0.0
2020-08-25T05:51:36.252000Z,2020-08-25T05:51:36.505000Z,640.384,253.0,338.0,69.734,0.0,0.0,0.0,61.972,3.321527,0.0,0.0,0.0
2020-08-25T05:51:38.255000Z,2020-08-25T05:51:38.536000Z,747.31,281.0,338.0,71.718,0.0,0.0,0.0,61.972,3.170854,0.0,0.0,0.0
2020-08-25T05:51:40.252000Z,2020-08-25T05:51:40.503000Z,661.026,251.0,338.0,71.904,0.0,0.0,0.0,61.972,3.377526,0.0,0.0,0.0
2020-08-25T05:51:42.252000Z,2020-08-25T05:51:42.581000Z,878.973,329.0,342.0,71.712,0.0,0.0,0.0,61.972,3.490638,0.0,0.0,0.0
2020-08-25T05:51:44.255000Z,2020-08-25T05:51:44.689999Z,1287.814,435.0,342.0,70.995,0.0,0.0,0.0,61.972,3.560826,0.0,0.0,0.0
2020-08-25T05:51:46.252000Z,2020-08-25T05:51:46.489000Z,563.931,237.0,330.0,70.363,0.0,0.0,0.0,61.972,3.438391,0.0,0.0,0.0
2020-08-25T05:51:48.252000Z,2020-08-25T05:51:48.505000Z,637.903,253.0,338.0,70.146,0.0,0.0,0.0,61.972,3.629224,0.0,0.0,0.0
2020-08-25T05:51:50.252000Z,2020-08-25T05:51:50.788000Z,690.887,536.0,338.0,71.841,0.0,0.0,0.0,61.972,3.497476,0.0,0.0,0.0
2020-08-25T05:51:52.252000Z,2020-08-25T05:51:52.494000Z,623.583,242.0,348.0,70.604,0.0,0.0,0.0,61.972,3.343291,0.0,0.0,0.0
2020-08-25T05:51:54.253000Z,2020-08-25T05:51:54.518000Z,672.314,265.0,336.0,71.004,0.0,0.0,0.0,61.972,3.271197,0.0,0.0,0.0
2020-08-25T05:51:56.254000Z,2020-08-25T05:51:56.505000Z,630.426,251.0,336.0,70.782,0.0,0.0,0.0,61.972,3.31847,0.0,0.0,0.0
2020-08-25T05:51:58.253000Z,2020-08-25T05:51:58.481000Z,564.92,228.0,336.0,70.613,0.0,0.0,0.0,61.972,3.581716,0.0,0.0,0.0
2020-08-25T05:52:00.255000Z,2020-08-25T05:52:00.493000Z,575.403,238.0,336.0,72.48,0.0,0.0,0.0,61.972,3.441898,0.0,0.0,0.0
2020-08-25T05:52:02.253000Z,2020-08-25T05:52:02.877000Z,972.87,624.0,330.0,72.166,0.0,0.0,0.0,61.972,3.275515,0.0,0.0,0.0
2020-08-25T05:52:04.253000Z,2020-08-25T05:52:04.689999Z,1321.653,437.0,350.0,70.494,0.0,0.0,0.0,61.972,3.276205,0.0,0.0,0.0
2020-08-25T05:52:06.253000Z,2020-08-25T05:52:06.491000Z,615.306,238.0,344.0,71.376,0.0,0.0,0.0,61.972,3.751004,0.0,0.0,0.0
2020-08-25T05:52:08.255000Z,2020-08-25T05:52:08.515000Z,682.967,260.0,342.0,69.196,0.0,0.0,0.0,61.972,3.618006,0.0,0.0,0.0
2020-08-25T05:52:10.254000Z,2020-08-25T05:52:10.692000Z,1323.384,438.0,342.0,69.904,0.0,0.0,0.0,61.972,3.474935,0.0,0.0,0.0
2020-08-25T05:52:12.256000Z,2020-08-25T05:52:12.829000Z,1840.286,573.0,340.0,71.331,0.0,0.0,0.0,61.972,3.064397,0.0,0.0,0.0
2020-08-25T05:52:14.258000Z,2020-08-25T05:52:14.895000Z,2011.227,637.0,342.0,69.973,0.0,0.0,0.0,61.972,3.542717,0.0,0.0,0.0
2020-08-25T05:52:16.256000Z,2020-08-25T05:52:17.117000Z,1907.358,861.0,350.0,69.685,0.0,0.0,0.0,61.972,3.339347,0.0,0.0,0.0
2020-08-25T05:52:18.255000Z,2020-08-25T05:52:18.859000Z,1922.938,604.0,338.0,71.109,0.0,0.0,0.0,61.972,3.09719,0.0,0.0,0.0
2020-08-25T05:52:20.255000Z,2020-08-25T05:52:20.791000Z,1685.569,536.0,342.0,69.702,0.0,0.0,0.0,61.972,3.282924,0.0,0.0,0.0
2020-08-25T05:52:22.254000Z,2020-08-25T05:52:22.511000Z,656.421,257.0,348.0,71.164,0.0,0.0,0.0,61.972,2.842036,0.0,0.0,0.0
2020-08-25T05:52:24.263000Z,2020-08-25T05:52:24.494000Z,569.837,231.0,354.0,70.519,0.0,0.0,0.0,61.972,3.273931,0.0,0.0,0.0
2020-08-25T05:52:26.254000Z,2020-08-25T05:52:26.505999Z,644.664,252.0,354.0,70.943,0.0,0.0,0.0,61.972,3.569978,0.0,0.0,0.0
2020-08-25T05:52:28.263000Z,2020-08-25T05:52:28.515000Z,665.784,252.0,354.0,71.811,0.0,0.0,0.0,61.972,3.440394,0.0,0.0,0.0
2020-08-25T05:52:30.253000Z,2020-08-25T05:52:30.505000Z,640.668,252.0,338.0,70.136,0.0,0.0,0.0,61.972,3.481614,0.0,0.0,0.0
2020-08-25T05:52:32.254000Z,2020-08-25T05:52:32.521999Z,649.704,268.0,338.0,71.604,0.0,0.0,0.0,61.972,3.528274,0.0,0.0,0.0
2020-08-25T05:52:34.253000Z,2020-08-25T05:52:34.505000Z,630.831,252.0,338.0,72.708,0.0,0.0,0.0,61.972,3.142828,0.0,0.0,0.0
2020-08-25T05:52:36.255000Z,2020-08-25T05:52:36.632000Z,1081.786,377.0,358.0,71.031,0.0,0.0,0.0,61.972,3.361272,0.0,0.0,0.0
2020-08-25T05:52:38.256000Z,2020-08-25T05:52:39.149000Z,1896.587,893.0,358.0,71.67,0.0,0.0,0.0,61.972,3.572149,0.0,0.0,0.0
2020-08-25T05:52:40.255000Z,2020-08-25T05:52:40.631000Z,1124.668,376.0,342.0,69.798,0.0,0.0,0.0,61.972,3.474352,0.0,0.0,0.0
2020-08-25T05:52:42.254000Z,2020-08-25T05:52:42.613000Z,1065.084,359.0,348.0,69.376,0.0,0.0,0.0,61.972,3.587068,0.0,0.0,0.0
2020-08-25T05:52:44.255000Z,2020-08-25T05:52:44.569000Z,895.933,314.0,344.0,69.24,0.0,0.0,0.0,61.972,3.450625,0.0,0.0,0.0
2020-08-25T05:52:46.264000Z,2020-08-25T05:52:46.591000Z,905.997,327.0,338.0,69.574,0.0,0.0,0.0,61.972,3.423833,0.0,0.0,0.0
2020-08-25T05:52:48.254000Z,2020-08-25T05:52:48.728000Z,1084.742,474.0,338.0,71.367,0.0,0.0,0.0,61.972,2.93145,0.0,0.0,0.0
2020-08-25T05:52:50.256000Z,2020-08-25T05:52:50.624000Z,1039.282,368.0,332.0,71.186,0.0,0.0,0.0,61.972,3.143659,0.0,0.0,0.0
2020-08-25T05:52:52.272000Z,2020-08-25T05:52:52.950000Z,1183.616,678.0,326.0,70.819,0.0,0.0,0.0,61.972,3.5422,0.0,0.0,0.0
2020-08-25T05:52:54.255000Z,2020-08-25T05:52:54.672000Z,1217.049,417.0,338.0,69.56,0.0,0.0,0.0,61.972,3.688214,0.0,0.0,0.0
2020-08-25T05:52:56.255000Z,2020-08-25T05:52:56.599000Z,924.502,344.0,344.0,71.009,0.0,0.0,0.0,61.972,3.298626,0.0,0.0,0.0
2020-08-25T05:52:58.256000Z,2020-08-25T05:52:58.527000Z,722.406,271.0,342.0,71.079,0.0,0.0,0.0,61.972,3.542739,0.0,0.0,0.0
2020-08-25T05:53:00.255000Z,2020-08-25T05:53:00.600000Z,974.912,345.0,342.0,71.691,0.0,0.0,0.0,61.972,3.186923,0.0,0.0,0.0
2020-08-25T05:53:02.263000Z,2020-08-25T05:53:02.648000Z,1079.957,385.0,338.0,71.43,0.0,0.0,0.0,61.972,3.199718,0.0,0.0,0.0
2020-08-25T05:53:04.255000Z,2020-08-25T05:53:04.699000Z,1368.009,444.0,338.0,70.971,0.0,0.0,0.0,61.972,3.147478,0.0,0.0,0.0
2020-08-25T05:53:06.263000Z,2020-08-25T05:53:06.581000Z,910.123,318.0,344.0,70.294,0.0,0.0,0.0,61.904,3.443979,0.0,0.0,0.0
2020-08-25T05:53:08.255000Z,2020-08-25T05:53:08.529999Z,733.065,275.0,344.0,72.164,0.0,0.0,0.0,61.904,3.740856,0.0,0.0,0.0
2020-08-25T05:53:10.255000Z,2020-08-25T05:53:10.598000Z,929.654,343.0,340.0,70.423,0.0,0.0,0.0,61.904,3.407234,0.0,0.0,0.0
2020-08-25T05:53:12.256000Z,2020-08-25T05:53:12.627000Z,1051.06,371.0,340.0,69.939,0.0,0.0,0.0,61.904,3.13999,0.0,0.0,0.0
2020-08-25T05:53:14.256000Z,2020-08-25T05:53:14.868000Z,925.422,612.0,338.0,72.117,0.0,0.0,0.0,61.904,3.123298,0.0,0.0,0.0
2020-08-25T05:53:16.256000Z,2020-08-25T05:53:16.593999Z,918.514,338.0,356.0,72.692,0.0,0.0,0.0,61.904,3.211474,0.0,0.0,0.0
2020-08-25T05:53:18.254000Z,2020-08-25T05:53:18.551000Z,764.353,297.0,342.0,70.918,0.0,0.0,0.0,61.904,3.269032,0.0,0.0,0.0
2020-08-25T05:53:20.257000Z,2020-08-25T05:53:20.636000Z,1082.48,379.0,342.0,71.957,0.0,0.0,0.0,61.904,3.358664,0.0,0.0,0.0
2020-08-25T05:53:22.257000Z,2020-08-25T05:53:22.789000Z,1610.61,532.0,342.0,70.039,0.0,0.0,0.0,61.904,3.563059,0.0,0.0,0.0
2020-08-25T05:53:24.257000Z,2020-08-25T05:53:24.748000Z,1529.518,491.0,340.0,70.338,0.0,0.0,0.0,61.904,3.37549,0.0,0.0,0.0
2020-08-25T05:53:26.257000Z,2020-08-25T05:53:26.623000Z,1084.068,366.0,346.0,70.967,0.0,0.0,0.0,61.904,3.586806,0.0,0.0,0.0
2020-08-25T05:53:28.256000Z,2020-08-25T05:53:28.597000Z,996.027,341.0,346.0,70.64,0.0,0.0,0.0,61.904,3.418319,0.0,0.0,0.0
2020-08-25T05:53:30.256000Z,2020-08-25T05:53:30.689999Z,1274.346,434.0,340.0,69.811,0.0,0.0,0.0,61.904,3.455113,0.0,0.0,0.0
2020-08-25T05:53:32.261000Z,2020-08-25T05:53:33.013000Z,1411.027,752.0,340.0,70.618,0.0,0.0,0.0,61.904,3.570267,0.0,0.0,0.0
2020-08-25T05:53:34.260000Z,2020-08-25T05:53:34.614000Z,980.255,354.0,348.0,71.391,0.0,0.0,0.0,61.904,3.411214,0.0,0.0,0.0
2020-08-25T05:53:36.268000Z,2020-08-25T05:53:36.646000Z,1074.411,378.0,336.0,70.96,0.0,0.0,0.0,61.904,2.81887,0.0,0.0,0.0
2020-08-25T05:53:38.261000Z,2020-08-25T05:53:38.909000Z,2002.227,648.0,346.0,72.595,0.0,0.0,0.0,61.904,3.121569,0.0,0.0,0.0
2020-08-25T05:53:40.261000Z,2020-08-25T05:53:41.041000Z,2505.698,780.0,336.0,70.672,0.0,0.0,0.0,61.904,3.472034,0.0,0.0,0.0
2020-08-25T05:53:42.261000Z,2020-08-25T05:53:42.806000Z,1666.178,545.0,340.0,72.563,0.0,0.0,0.0,61.904,3.624031,0.0,0.0,0.0
2020-08-25T05:53:44.259000Z,2020-08-25T05:53:44.740000Z,1455.964,481.0,340.0,70.503,0.0,0.0,0.0,61.904,2.870287,0.0,0.0,0.0
2020-08-25T05:53:46.259000Z,2020-08-25T05:53:46.553000Z,823.433,294.0,344.0,70.487,0.0,0.0,0.0,61.904,2.953497,0.0,0.0,0.0
2020-08-25T05:53:48.276000Z,2020-08-25T05:53:48.532000Z,645.755,256.0,344.0,69.594,0.0,0.0,0.0,61.904,3.786296,0.0,0.0,0.0
2020-08-25T05:53:50.259000Z,2020-08-25T05:53:50.549000Z,785.632,290.0,368.0,70.937,0.0,0.0,0.0,61.904,3.417854,0.0,0.0,0.0
2020-08-25T05:53:52.260000Z,2020-08-25T05:53:52.793999Z,1684.511,534.0,368.0,70.638,0.0,0.0,0.0,61.904,3.41108,0.0,0.0,0.0
2020-08-25T05:53:54.271000Z,2020-08-25T05:53:55.032000Z,2193.621,761.0,344.0,71.329,0.0,0.0,0.0,61.904,3.147241,0.0,0.0,0.0
2020-08-25T05:53:56.261000Z,2020-08-25T05:53:56.646000Z,1098.867,385.0,334.0,72.121,0.0,0.0,0.0,61.904,3.140526,0.0,0.0,0.0
2020-08-25T05:53:58.259000Z,2020-08-25T05:53:58.620000Z,1040.514,361.0,338.0,72.029,0.0,0.0,0.0,61.904,2.86167,0.0,0.0,0.0
2020-08-25T05:54:00.268000Z,2020-08-25T05:54:00.667000Z,1157.837,399.0,338.0,70.065,0.0,0.0,0.0,61.904,3.224398,0.0,0.0,0.0
2020-08-25T05:54:02.260000Z,2020-08-25T05:54:02.654000Z,1180.345,394.0,340.0,71.509,0.0,0.0,0.0,61.904,3.269855,0.0,0.0,0.0
2020-08-25T05:54:04.259000Z,2020-08-25T05:54:04.599000Z,941.817,340.0,348.0,70.196,0.0,0.0,0.0,61.904,3.080639,0.0,0.0,0.0
2020-08-25T05:54:06.260000Z,2020-08-25T05:54:06.684000Z,1229.647,424.0,348.0,69.768,0.0,0.0,0.0,61.904,3.449485,0.0,0.0,0.0
2020-08-25T05:54:08.260000Z,2020-08-25T05:54:08.620000Z,988.155,360.0,336.0,71.648,0.0,0.0,0.0,61.904,3.566497,0.0,0.0,0.0
2020-08-25T05:54:10.260000Z,2020-08-25T05:54:10.567000Z,838.575,307.0,336.0,69.868,0.0,0.0,0.0,61.904,3.022144,0.0,0.0,0.0
2020-08-25T05:54:12.268000Z,2020-08-25T05:54:12.627000Z,978.651,359.0,334.0,71.078,0.0,0.0,0.0,61.904,3.369925,0.0,0.0,0.0
2020-08-25T05:54:14.259000Z,2020-08-25T05:54:14.956000Z,1202.246,697.0,334.0,71.721,0.0,0.0,0.0,61.904,3.027923,0.0,0.0,0.0
2020-08-25T05:54:16.261000Z,2020-08-25T05:54:16.921999Z,2032.717,661.0,344.0,70.054,0.0,0.0,0.0,61.904,3.355764,0.0,0.0,0.0
2020-08-25T05:54:18.263000Z,2020-08-25T05:54:19.104000Z,2752.393,841.0,340.0,71.051,0.0,0.0,0.0,61.904,3.227924,0.0,0.0,0.0
2020-08-25T05:54:20.261000Z,2020-08-25T05:54:20.697000Z,1328.61,436.0,348.0,71.773,0.0,0.0,0.0,61.904,3.442499,0.0,0.0,0.0
2020-08-25T05:54:22.510000Z,2020-08-25T05:54:22.864000Z,1011.701,354.0,348.0,70.097,0.0,0.0,0.0,61.904,3.330255,0.0,0.0,0.0
2020-08-25T05:54:24.517000Z,2020-08-25T05:54:24.737999Z,546.355,221.0,348.0,70.748,0.0,0.0,0.0,61.904,3.109139,0.0,0.0,0.0
2020-08-25T05:54:26.508000Z,2020-08-25T05:54:26.724000Z,544.22,216.0,348.0,70.178,0.0,0.0,0.0,61.904,3.215053,0.0,0.0,0.0
2020-08-25T05:54:28.508999Z,2020-08-25T05:54:28.797000Z,793.819,288.0,338.0,70.023,0.0,0.0,0.0,61.904,3.647823,0.0,0.0,0.0
2020-08-25T05:54:30.508999Z,2020-08-25T05:54:31.065999Z,684.971,557.0,338.0,70.647,0.0,0.0,0.0,61.904,3.442081,0.0,0.0,0.0
2020-08-25T05:54:32.508000Z,2020-08-25T05:54:32.789000Z,734.723,281.0,360.0,71.359,0.0,0.0,0.0,61.904,3.546364,0.0,0.0,0.0
2020-08-25T05:54:34.508999Z,2020-08-25T05:54:34.673999Z,298.879,165.0,340.0,71.2,0.0,0.0,0.0,61.904,3.460274,0.0,0.0,0.0
2020-08-25T05:54:36.508999Z,2020-08-25T05:54:36.908000Z,1132.328,399.0,320.0,70.98,0.0,0.0,0.0,61.904,2.985442,0.0,0.0,0.0
2020-08-25T05:54:38.508999Z,2020-08-25T05:54:38.817999Z,815.603,309.0,330.0,70.804,0.0,0.0,0.0,61.904,3.565447,0.0,0.0,0.0
2020-08-25T05:54:40.508000Z,2020-08-25T05:54:40.783000Z,750.716,275.0,330.0,71.475,0.0,0.0,0.0,61.904,3.235646,0.0,0.0,0.0
2020-08-25T05:54:42.508999Z,2020-08-25T05:54:42.768000Z,666.576,259.0,336.0,71.44,0.0,0.0,0.0,61.904,3.324507,0.0,0.0,0.0
2020-08-25T05:54:44.508999Z,2020-08-25T05:54:44.728000Z,498.691,219.0,334.0,70.314,0.0,0.0,0.0,61.904,0.04204,0.0,0.0,0.0
2020-08-25T05:54:46.508999Z,2020-08-25T05:54:46.691000Z,397.77,182.0,4.0,70.926,0.0,0.0,0.0,61.904,3.184358,0.0,0.0,0.0
2020-08-25T05:54:48.507000Z,2020-08-25T05:54:48.662000Z,294.1,155.0,330.0,69.299,0.0,0.0,0.0,61.904,3.541717,0.0,0.0,0.0
2020-08-25T05:54:50.508000Z,2020-08-25T05:54:50.705000Z,437.249,197.0,330.0,70.521,0.0,0.0,0.0,61.904,3.64408,0.0,0.0,0.0
2020-08-25T05:54:52.510000Z,2020-08-25T05:54:52.779000Z,686.485,269.0,326.0,71.356,0.0,0.0,0.0,61.904,3.501246,0.0,0.0,0.0
2020-08-25T05:54:54.508000Z,2020-08-25T05:54:54.765000Z,640.969,257.0,330.0,71.787,0.0,0.0,0.0,61.904,3.439504,0.0,0.0,0.0
2020-08-25T05:54:56.507000Z,2020-08-25T05:54:56.582000Z,13.12,75.0,334.0,71.554,0.0,0.0,0.0,61.904,3.359357,0.0,0.0,0.0
2020-08-25T05:54:58.508000Z,2020-08-25T05:54:58.633000Z,193.69,125.0,360.0,71.945,0.0,0.0,0.0,61.904,3.359357,0.0,0.0,0.0
2020-08-25T05:55:00.508000Z,2020-08-25T05:55:00.718000Z,508.656,210.0,354.0,72.376,0.0,0.0,0.0,61.904,3.359357,0.0,0.0,0.0
2020-08-25T05:55:02.508000Z,2020-08-25T05:55:02.699000Z,395.635,191.0,354.0,69.555,0.0,0.0,0.0,61.904,3.470512,0.0,0.0,0.0
2020-08-25T05:55:04.518000Z,2020-08-25T05:55:04.726000Z,452.59,208.0,354.0,73.512,0.0,0.0,0.0,61.904,3.039148,0.0,0.0,0.0
2020-08-25T05:55:06.517000Z,2020-08-25T05:55:06.705999Z,413.893,189.0,332.0,76.891,0.0,0.0,0.0,61.904,3.103374,0.0,0.0,0.0
2020-08-25T05:55:08.508999Z,2020-08-25T05:55:08.755000Z,600.686,246.0,326.0,70.786,0.0,0.0,0.0,61.904,3.313291,0.0,0.0,0.0
2020-08-25T05:55:10.513000Z,2020-08-25T05:55:10.817999Z,842.678,305.0,330.0,71.522,0.0,0.0,0.0,61.904,3.462321,0.0,0.0,0.0
2020-08-25T05:55:12.510000Z,2020-08-25T05:55:12.801000Z,781.133,291.0,336.0,69.367,0.0,0.0,0.0,61.904,3.578284,0.0,0.0,0.0
2020-08-25T05:55:14.508000Z,2020-08-25T05:55:14.790000Z,735.437,282.0,336.0,72.833,0.0,0.0,0.0,61.904,3.408364,0.0,0.0,0.0
2020-08-25T05:55:16.517000Z,2020-08-25T05:55:16.768000Z,652.076,251.0,336.0,72.703,0.0,0.0,0.0,61.904,3.107799,0.0,0.0,0.0
2020-08-25T05:55:18.512000Z,2020-08-25T05:55:19.069000Z,1668.54,557.0,336.0,70.26,0.0,0.0,0.0,61.904,3.772228,0.0,0.0,0.0
2020-08-25T05:55:20.511000Z,2020-08-25T05:55:21.353999Z,1787.999,843.0,336.0,72.408,0.0,0.0,0.0,61.904,3.20142,0.0,0.0,0.0
2020-08-25T05:55:22.512000Z,2020-08-25T05:55:22.961999Z,1374.588,450.0,340.0,71.191,0.0,0.0,0.0,61.904,3.172249,0.0,0.0,0.0
2020-08-25T05:55:24.510000Z,2020-08-25T05:55:24.880000Z,1085.375,370.0,340.0,69.709,0.0,0.0,0.0,61.904,3.715172,0.0,0.0,0.0
2020-08-25T05:55:26.511000Z,2020-08-25T05:55:26.887000Z,1116.278,376.0,340.0,69.319,0.0,0.0,0.0,61.904,3.354185,0.0,0.0,0.0
2020-08-25T05:55:28.520000Z,2020-08-25T05:55:28.779000Z,690.127,259.0,340.0,69.471,0.0,0.0,0.0,61.904,3.4772,0.0,0.0,0.0
2020-08-25T05:55:30.510000Z,2020-08-25T05:55:30.851000Z,945.596,341.0,340.0,70.59,0.0,0.0,0.0,61.904,3.506805,0.0,0.0,0.0
2020-08-25T05:55:32.511000Z,2020-08-25T05:55:33.070000Z,1421.251,559.0,340.0,70.709,0.0,0.0,0.0,61.904,3.372957,0.0,0.0,0.0
2020-08-25T05:55:34.513000Z,2020-08-25T05:55:35.097999Z,1774.287,585.0,334.0,70.584,0.0,0.0,0.0,61.904,3.402387,0.0,0.0,0.0
2020-08-25T05:55:36.510000Z,2020-08-25T05:55:36.934000Z,1259.917,424.0,336.0,70.927,0.0,0.0,0.0,61.904,3.044504,0.0,0.0,0.0
2020-08-25T05:55:38.511000Z,2020-08-25T05:55:38.873000Z,1073.044,362.0,340.0,70.883,0.0,0.0,0.0,61.904,3.229085,0.0,0.0,0.0
2020-08-25T05:55:40.510000Z,2020-08-25T05:55:40.816000Z,604.854,306.0,346.0,69.443,0.0,0.0,0.0,61.904,3.442043,0.0,0.0,0.0
2020-08-25T05:55:42.510000Z,2020-08-25T05:55:42.785000Z,711.695,275.0,344.0,71.847,0.0,0.0,0.0,61.904,2.802527,0.0,0.0,0.0
2020-08-25T05:55:44.510000Z,2020-08-25T05:55:44.824000Z,839.145,314.0,346.0,72.167,0.0,0.0,0.0,61.904,3.346571,0.0,0.0,0.0
2020-08-25T05:55:46.514000Z,2020-08-25T05:55:46.819000Z,801.758,305.0,332.0,72.954,0.0,0.0,0.0,61.904,3.570368,0.0,0.0,0.0
2020-08-25T05:55:48.508999Z,2020-08-25T05:55:48.849000Z,897.764,340.0,340.0,71.513,0.0,0.0,0.0,61.904,2.762105,0.0,0.0,0.0
2020-08-25T05:55:50.511000Z,2020-08-25T05:55:50.813000Z,779.638,302.0,370.0,72.264,0.0,0.0,0.0,61.904,3.137807,0.0,0.0,0.0
2020-08-25T05:55:52.510000Z,2020-08-25T05:55:52.736000Z,558.242,226.0,358.0,71.103,0.0,0.0,0.0,61.904,3.520253,0.0,0.0,0.0
2020-08-25T05:55:54.518000Z,2020-08-25T05:55:54.734000Z,522.923,216.0,336.0,69.967,0.0,0.0,0.0,61.904,3.569434,0.0,0.0,0.0
2020-08-25T05:55:56.510000Z,2020-08-25T05:55:56.732000Z,528.957,222.0,336.0,70.31,0.0,0.0,0.0,61.904,3.615319,0.0,0.0,0.0
2020-08-25T05:55:58.511000Z,2020-08-25T05:55:58.732000Z,529.633,221.0,336.0,71.34,0.0,0.0,0.0,61.904,3.649796,0.0,0.0,0.0
2020-08-25T05:56:00.510000Z,2020-08-25T05:56:00.732000Z,528.53,222.0,336.0,69.974,0.0,0.0,0.0,61.904,3.281393,0.0,0.0,0.0
2020-08-25T05:56:02.510000Z,2020-08-25T05:56:02.737000Z,535.139,227.0,336.0,72.419,0.0,0.0,0.0,61.904,3.348805,0.0,0.0,0.0
2020-08-25T05:56:04.511000Z,2020-08-25T05:56:04.745000Z,557.682,234.0,4.0,71.028,0.0,0.0,0.0,61.904,3.18104,0.0,0.0,0.0
2020-08-25T05:56:06.517000Z,2020-08-25T05:56:06.753000Z,586.057,236.0,328.0,71.206,0.0,0.0,0.0,61.904,3.281159,0.0,0.0,0.0
2020-08-25T05:56:08.510000Z,2020-08-25T05:56:08.769999Z,662.397,260.0,332.0,70.606,0.0,0.0,0.0,61.904,3.449127,0.0,0.0,0.0
2020-08-25T05:56:10.510000Z,2020-08-25T05:56:10.758000Z,639.634,248.0,328.0,71.52,0.0,0.0,0.0,61.904,3.446024,0.0,0.0,0.0
2020-08-25T05:56:12.510000Z,2020-08-25T05:56:12.768000Z,658.279,258.0,334.0,70.253,0.0,0.0,0.0,61.904,3.371824,0.0,0.0,0.0
2020-08-25T05:56:14.510000Z,2020-08-25T05:56:15.016000Z,571.027,506.0,334.0,70.413,0.0,0.0,0.0,61.904,3.361372,0.0,0.0,0.0
2020-08-25T05:56:16.511000Z,2020-08-25T05:56:16.740000Z,543.587,229.0,354.0,70.811,0.0,0.0,0.0,61.904,3.527484,0.0,0.0,0.0
2020-08-25T05:56:18.510000Z,2020-08-25T05:56:18.732000Z,524.04,222.0,326.0,70.69,0.0,0.0,0.0,61.904,2.995217,0.0,0.0,0.0
2020-08-25T05:56:20.511000Z,2020-08-25T05:56:20.735000Z,542.589,224.0,330.0,72.443,0.0,0.0,0.0,61.904,3.272117,0.0,0.0,0.0
2020-08-25T05:56:22.512000Z,2020-08-25T05:56:22.737999Z,536.064,226.0,330.0,70.293,0.0,0.0,0.0,61.904,3.504405,0.0,0.0,0.0
2020-08-25T05:56:24.510000Z,2020-08-25T05:56:24.799000Z,517.812,289.0,328.0,70.251,0.0,0.0,0.0,61.904,3.478101,0.0,0.0,0.0
2020-08-25T05:56:26.511000Z,2020-08-25T05:56:26.737000Z,538.903,226.0,324.0,73.192,0.0,0.0,0.0,61.904,1.682402,0.0,0.0,0.0
2020-08-25T05:56:28.511000Z,2020-08-25T05:56:28.741000Z,557.98,230.0,324.0,70.982,0.0,0.0,0.0,61.904,3.447112,0.0,0.0,0.0
2020-08-25T05:56:30.510000Z,2020-08-25T05:56:30.750000Z,582.314,240.0,340.0,70.34,0.0,0.0,0.0,61.904,3.44461,0.0,0.0,0.0
2020-08-25T05:56:32.512000Z,2020-08-25T05:56:32.805000Z,784.07,293.0,340.0,75.893,0.0,0.0,0.0,61.904,3.409792,0.0,0.0,0.0
2020-08-25T05:56:34.514000Z,2020-08-25T05:56:34.829000Z,840.534,315.0,340.0,69.819,0.0,0.0,0.0,61.904,3.472681,0.0,0.0,0.0
2020-08-25T05:56:36.511000Z,2020-08-25T05:56:36.844000Z,853.654,333.0,336.0,69.788,0.0,0.0,0.0,61.904,3.164905,0.0,0.0,0.0
2020-08-25T05:56:38.511000Z,2020-08-25T05:56:38.829000Z,842.988,318.0,334.0,70.916,0.0,0.0,0.0,61.904,2.825492,0.0,0.0,0.0
2020-08-25T05:56:40.516000Z,2020-08-25T05:56:40.763000Z,630.708,247.0,336.0,70.832,0.0,0.0,0.0,61.904,3.300345,0.0,0.0,0.0
2020-08-25T05:56:42.512000Z,2020-08-25T05:56:42.849999Z,928.153,338.0,342.0,69.693,0.0,0.0,0.0,61.904,3.556112,0.0,0.0,0.0
2020-08-25T05:56:44.513000Z,2020-08-25T05:56:44.841000Z,899.685,328.0,342.0,71.545,0.0,0.0,0.0,61.904,3.446217,0.0,0.0,0.0
2020-08-25T05:56:46.512000Z,2020-08-25T05:56:46.822000Z,872.639,310.0,342.0,70.667,0.0,0.0,0.0,61.904,3.612951,0.0,0.0,0.0
2020-08-25T05:56:48.512000Z,2020-08-25T05:56:48.975000Z,1409.985,463.0,338.0,70.395,0.0,0.0,0.0,61.904,3.631177,0.0,0.0,0.0
2020-08-25T05:56:50.512000Z,2020-08-25T05:56:50.950000Z,1311.665,438.0,338.0,71.023,0.0,0.0,0.0,61.904,3.335117,0.0,0.0,0.0
2020-08-25T05:56:52.513000Z,2020-08-25T05:56:52.767000Z,595.317,254.0,340.0,70.227,0.0,0.0,0.0,61.904,3.400844,0.0,0.0,0.0
2020-08-25T05:56:54.511000Z,2020-08-25T05:56:54.737000Z,552.146,226.0,340.0,69.772,0.0,0.0,0.0,61.904,3.552898,0.0,0.0,0.0
2020-08-25T05:56:56.512000Z,2020-08-25T05:56:56.716000Z,477.747,204.0,340.0,70.573,0.0,0.0,0.0,61.904,3.412222,0.0,0.0,0.0
2020-08-25T05:56:58.513000Z,2020-08-25T05:56:58.753000Z,563.462,240.0,340.0,71.244,0.0,0.0,0.0,61.904,3.516611,0.0,0.0,0.0
2020-08-25T05:57:00.512000Z,2020-08-25T05:57:00.695000Z,411.205,183.0,336.0,71.552,0.0,0.0,0.0,61.904,3.142578,0.0,0.0,0.0
2020-08-25T05:57:02.511000Z,2020-08-25T05:57:02.979000Z,454.403,468.0,328.0,71.31,0.0,0.0,0.0,61.904,3.457952,0.0,0.0,0.0
2020-08-25T05:57:04.514000Z,2020-08-25T05:57:04.867000Z,1004.485,353.0,348.0,71.859,0.0,0.0,0.0,61.904,1.854254,0.0,0.0,0.0
2020-08-25T05:57:06.512000Z,2020-08-25T05:57:06.879000Z,986.142,367.0,348.0,70.401,0.0,0.0,0.0,61.904,3.592877,0.0,0.0,0.0
2020-08-25T05:57:08.513000Z,2020-08-25T05:57:08.836000Z,881.222,323.0,348.0,71.68,0.0,0.0,0.0,61.904,2.895743,0.0,0.0,0.0
2020-08-25T05:57:10.515000Z,2020-08-25T05:57:11.039000Z,1603.268,524.0,346.0,72.166,0.0,0.0,0.0,61.904,3.198494,0.0,0.0,0.0
2020-08-25T05:57:12.515000Z,2020-08-25T05:57:13.253000Z,2381.208,738.0,348.0,70.454,0.0,0.0,0.0,61.904,2.74625,0.0,0.0,0.0
2020-08-25T05:57:14.514000Z,2020-08-25T05:57:15.311000Z,2596.785,797.0,350.0,70.096,0.0,0.0,0.0,61.904,3.363869,0.0,0.0,0.0
2020-08-25T05:57:16.517000Z,2020-08-25T05:57:17.326000Z,2586.529,809.0,344.0,69.882,0.0,0.0,0.0,61.904,3.506722,0.0,0.0,0.0
2020-08-25T05:57:18.516000Z,2020-08-25T05:57:19.272000Z,2501.772,756.0,352.0,71.708,0.0,0.0,0.0,61.904,3.60112,0.0,0.0,0.0
2020-08-25T05:57:20.512000Z,2020-08-25T05:57:20.662000Z,288.15,150.0,342.0,69.419,0.0,0.0,0.0,61.861,3.410482,0.0,0.0,0.0
2020-08-25T05:57:22.512000Z,2020-08-25T05:57:22.625999Z,162.935,114.0,342.0,69.094,0.0,0.0,0.0,61.861,3.574346,0.0,0.0,0.0
2020-08-25T05:57:24.511000Z,2020-08-25T05:57:24.694000Z,405.096,183.0,342.0,70.288,0.0,0.0,0.0,61.861,3.574346,0.0,0.0,0.0
2020-08-25T05:57:26.514000Z,2020-08-25T05:57:26.913999Z,1128.132,400.0,342.0,71.598,0.0,0.0,0.0,61.861,3.638565,0.0,0.0,0.0
2020-08-25T05:57:28.513000Z,2020-08-25T05:57:28.736000Z,486.666,223.0,328.0,70.963,0.0,0.0,0.0,61.861,3.631384,0.0,0.0,0.0
2020-08-25T05:57:30.513000Z,2020-08-25T05:57:30.728000Z,493.667,215.0,4.0,81.189,0.0,0.0,0.0,61.861,2.945909,0.0,0.0,0.0
2020-08-25T05:57:32.513000Z,2020-08-25T05:57:32.889000Z,1016.287,376.0,358.0,71.514,0.0,0.0,0.0,61.861,3.499355,0.0,0.0,0.0
2020-08-25T05:57:34.514000Z,2020-08-25T05:57:34.867000Z,904.399,353.0,346.0,69.945,0.0,0.0,0.0,61.861,3.037352,0.0,0.0,0.0
2020-08-25T05:57:36.513000Z,2020-08-25T05:57:36.849999Z,911.585,337.0,324.0,71.779,0.0,0.0,0.0,61.861,3.083363,0.0,0.0,0.0
2020-08-25T05:57:38.514000Z,2020-08-25T05:57:39.025999Z,1527.638,512.0,324.0,74.957,0.0,0.0,0.0,61.861,2.983215,0.0,0.0,0.0
2020-08-25T05:57:40.516000Z,2020-08-25T05:57:41.033999Z,1542.632,518.0,328.0,71.347,0.0,0.0,0.0,61.861,3.298616,0.0,0.0,0.0
2020-08-25T05:57:42.516000Z,2020-08-25T05:57:43.361999Z,2771.028,846.0,340.0,69.967,0.0,0.0,0.0,61.861,3.592891,0.0,0.0,0.0
2020-08-25T05:57:44.517000Z,2020-08-25T05:57:45.737999Z,3135.27,1221.0,342.0,69.957,0.0,0.0,0.0,61.861,3.217871,0.0,0.0,0.0
2020-08-25T05:57:46.518000Z,2020-08-25T05:57:47.476000Z,3201.414,958.0,342.0,73.458,0.0,0.0,0.0,61.861,3.365019,0.0,0.0,0.0
2020-08-25T05:57:48.514000Z,2020-08-25T05:57:49.117000Z,1897.965,603.0,344.0,71.181,0.0,0.0,0.0,61.861,3.274023,0.0,0.0,0.0
2020-08-25T05:57:50.513000Z,2020-08-25T05:57:50.848000Z,935.736,335.0,348.0,73.267,0.0,0.0,0.0,61.861,0.376617,0.0,0.0,0.0
2020-08-25T05:57:52.514000Z,2020-08-25T05:57:52.873000Z,1055.004,359.0,348.0,69.623,0.0,0.0,0.0,61.861,3.244897,0.0,0.0,0.0
2020-08-25T05:57:54.515000Z,2020-08-25T05:57:55.083000Z,1776.681,568.0,338.0,70.361,0.0,0.0,0.0,61.861,3.433099,0.0,0.0,0.0
2020-08-25T05:57:56.516000Z,2020-08-25T05:57:57.092000Z,1774.066,576.0,342.0,72.845,0.0,0.0,0.0,61.861,3.484914,0.0,0.0,0.0
2020-08-25T05:57:58.516000Z,2020-08-25T05:57:59.179000Z,2081.397,663.0,342.0,70.698,0.0,0.0,0.0,61.861,3.445485,0.0,0.0,0.0
2020-08-25T05:58:00.516000Z,2020-08-25T05:58:01.212000Z,1858.753,696.0,338.0,72.198,0.0,0.0,0.0,61.861,3.462599,0.0,0.0,0.0
2020-08-25T05:58:02.515000Z,2020-08-25T05:58:03.046000Z,1628.869,531.0,326.0,71.743,0.0,0.0,0.0,61.861,2.694779,0.0,0.0,0.0
2020-08-25T05:58:04.515000Z,2020-08-25T05:58:05.159000Z,1711.063,644.0,340.0,69.95,0.0,0.0,0.0,61.861,3.277194,0.0,0.0,0.0
2020-08-25T05:58:06.516000Z,2020-08-25T05:58:07.080000Z,1723.889,564.0,334.0,70.041,0.0,0.0,0.0,61.861,3.177344,0.0,0.0,0.0
2020-08-25T05:58:08.515000Z,2020-08-25T05:58:08.852000Z,954.896,337.0,344.0,71.111,0.0,0.0,0.0,61.861,2.982313,0.0,0.0,0.0
2020-08-25T05:58:10.526000Z,2020-08-25T05:58:11.385999Z,2787.052,860.0,370.0,72.542,0.0,0.0,0.0,61.861,3.410636,0.0,0.0,0.0
2020-08-25T05:58:12.515000Z,2020-08-25T05:58:13.053000Z,1688.273,538.0,344.0,73.199,0.0,0.0,0.0,61.861,2.810442,0.0,0.0,0.0
2020-08-25T05:58:14.515000Z,2020-08-25T05:58:15.065000Z,1715.027,550.0,350.0,70.896,0.0,0.0,0.0,61.861,3.412956,0.0,0.0,0.0
2020-08-25T05:58:16.515000Z,2020-08-25T05:58:17.053000Z,1669.185,538.0,344.0,71.43,0.0,0.0,0.0,61.861,3.160332,0.0,0.0,0.0
2020-08-25T05:58:18.524999Z,2020-08-25T05:58:19.097999Z,1676.083,573.0,348.0,71.319,0.0,0.0,0.0,61.861,3.448585,0.0,0.0,0.0
2020-08-25T05:58:20.516000Z,2020-08-25T05:58:21.112000Z,1801.098,596.0,348.0,74.176,0.0,0.0,0.0,61.861,2.721657,0.0,0.0,0.0
2020-08-25T05:58:22.518000Z,2020-08-25T05:58:23.406000Z,1699.383,888.0,336.0,69.963,0.0,0.0,0.0,61.861,3.033695,0.0,0.0,0.0
2020-08-25T05:58:24.516000Z,2020-08-25T05:58:25.047000Z,1600.74,531.0,342.0,70.46,0.0,0.0,0.0,61.861,3.139253,0.0,0.0,0.0
2020-08-25T05:58:26.517000Z,2020-08-25T05:58:27.211000Z,2180.661,694.0,344.0,69.888,0.0,0.0,0.0,61.861,3.259257,0.0,0.0,0.0
2020-08-25T05:58:28.517000Z,2020-08-25T05:58:29.111000Z,1806.393,594.0,344.0,74.02,0.0,0.0,0.0,61.861,3.012936,0.0,0.0,0.0
2020-08-25T05:58:30.516000Z,2020-08-25T05:58:31.070000Z,1741.52,554.0,350.0,69.875,0.0,0.0,0.0,61.861,3.554255,0.0,0.0,0.0
2020-08-25T05:58:32.524000Z,2020-08-25T05:58:32.749000Z,559.684,225.0,356.0,70.393,0.0,0.0,0.0,61.861,3.467184,0.0,0.0,0.0
2020-08-25T05:58:34.513000Z,2020-08-25T05:58:34.711000Z,462.719,198.0,356.0,70.23,0.0,0.0,0.0,61.861,3.652676,0.0,0.0,0.0
2020-08-25T05:58:36.516000Z,2020-08-25T05:58:37.031000Z,1503.23,515.0,354.0,71.437,0.0,0.0,0.0,61.861,3.200644,0.0,0.0,0.0
2020-08-25T05:58:38.516000Z,2020-08-25T05:58:39.028000Z,1551.42,512.0,338.0,71.219,0.0,0.0,0.0,61.861,3.443536,0.0,0.0,0.0
2020-08-25T05:58:40.768000Z,2020-08-25T05:58:41.326000Z,1722.58,558.0,336.0,72.622,0.0,0.0,0.0,61.861,3.494137,0.0,0.0,0.0
2020-08-25T05:58:42.768000Z,2020-08-25T05:58:43.323000Z,1727.993,555.0,344.0,71.262,0.0,0.0,0.0,61.861,2.933987,0.0,0.0,0.0
2020-08-25T05:58:44.778000Z,2020-08-25T05:58:45.283000Z,1579.403,505.0,344.0,71.58,0.0,0.0,0.0,61.861,3.46822,0.0,0.0,0.0
2020-08-25T05:58:46.770000Z,2020-08-25T05:58:47.245000Z,1493.817,475.0,336.0,70.723,0.0,0.0,0.0,61.861,3.395071,0.0,0.0,0.0
2020-08-25T05:58:48.768000Z,2020-08-25T05:58:49.313999Z,1722.221,546.0,342.0,70.19,0.0,0.0,0.0,61.861,3.317297,0.0,0.0,0.0
2020-08-25T05:58:50.764999Z,2020-08-25T05:58:51.132000Z,1090.832,367.0,340.0,70.957,0.0,0.0,0.0,61.861,3.170486,0.0,0.0,0.0
2020-08-25T05:58:52.610000Z,2020-08-25T05:58:52.891000Z,765.882,281.0,340.0,70.682,0.0,0.0,0.0,61.861,3.618715,0.0,0.0,0.0
2020-08-25T05:58:54.766000Z,2020-08-25T05:58:55.049999Z,754.58,284.0,340.0,70.714,0.0,0.0,0.0,61.861,3.505426,0.0,0.0,0.0
2020-08-25T05:58:56.768000Z,2020-08-25T05:58:57.008000Z,594.305,240.0,340.0,72.689,0.0,0.0,0.0,61.861,3.363466,0.0,0.0,0.0
2020-08-25T05:58:58.764999Z,2020-08-25T05:58:58.977999Z,509.48,213.0,332.0,70.058,0.0,0.0,0.0,61.861,3.461185,0.0,0.0,0.0
2020-08-25T05:59:00.770000Z,2020-08-25T05:59:01.203000Z,967.582,433.0,332.0,70.149,0.0,0.0,0.0,61.861,3.421194,0.0,0.0,0.0
2020-08-25T05:59:02.769000Z,2020-08-25T05:59:03.113000Z,968.443,344.0,354.0,71.733,0.0,0.0,0.0,61.861,3.10261,0.0,0.0,0.0
2020-08-25T05:59:04.779000Z,2020-08-25T05:59:05.416000Z,1957.528,637.0,334.0,71.21,0.0,0.0,0.0,61.861,3.462232,0.0,0.0,0.0
2020-08-25T05:59:06.771000Z,2020-08-25T05:59:07.827000Z,3279.1,1056.0,342.0,70.975,0.0,0.0,0.0,61.861,3.417132,0.0,0.0,0.0
2020-08-25T05:59:08.770000Z,2020-08-25T05:59:09.828000Z,3573.1,1058.0,336.0,70.884,0.0,0.0,0.0,61.861,3.319497,0.0,0.0,0.0
2020-08-25T05:59:10.771000Z,2020-08-25T05:59:11.598000Z,2728.652,827.0,346.0,70.606,0.0,0.0,0.0,61.861,3.450105,0.0,0.0,0.0
2020-08-25T05:59:12.770000Z,2020-08-25T05:59:13.152000Z,1125.004,382.0,346.0,70.063,0.0,0.0,0.0,61.861,3.49412,0.0,0.0,0.0
2020-08-25T05:59:14.768000Z,2020-08-25T05:59:14.940000Z,374.056,172.0,342.0,70.187,0.0,0.0,0.0,61.861,3.10698,0.0,0.0,0.0
2020-08-25T05:59:16.612000Z,2020-08-25T05:59:16.800000Z,448.025,188.0,342.0,69.891,0.0,0.0,0.0,61.861,3.471192,0.0,0.0,0.0
2020-08-25T05:59:18.769000Z,2020-08-25T05:59:18.959000Z,417.418,190.0,332.0,70.245,0.0,0.0,0.0,61.861,3.661665,0.0,0.0,0.0
2020-08-25T05:59:20.769000Z,2020-08-25T05:59:20.983000Z,504.606,214.0,356.0,71.582,0.0,0.0,0.0,61.861,3.446993,0.0,0.0,0.0
2020-08-25T05:59:22.769000Z,2020-08-25T05:59:23.097000Z,769.096,328.0,356.0,70.825,0.0,0.0,0.0,61.861,3.397393,0.0,0.0,0.0
2020-08-25T05:59:24.768000Z,2020-08-25T05:59:24.975000Z,446.622,207.0,354.0,74.733,0.0,0.0,0.0,61.861,1.900307,0.0,0.0,0.0
2020-08-25T05:59:26.768000Z,2020-08-25T05:59:26.993000Z,532.384,225.0,342.0,70.817,0.0,0.0,0.0,61.861,2.85814,0.0,0.0,0.0
2020-08-25T05:59:28.768000Z,2020-08-25T05:59:29.326000Z,718.911,558.0,346.0,70.731,0.0,0.0,0.0,61.861,3.480169,0.0,0.0,0.0
2020-08-25T05:59:30.768000Z,2020-08-25T05:59:31.047000Z,716.003,279.0,348.0,70.518,0.0,0.0,0.0,61.861,3.346481,0.0,0.0,0.0
2020-08-25T05:59:32.768000Z,2020-08-25T05:59:33.012000Z,604.581,244.0,350.0,70.485,0.0,0.0,0.0,61.861,3.535157,0.0,0.0,0.0
2020-08-25T05:59:34.767000Z,2020-08-25T05:59:34.951000Z,421.714,184.0,350.0,72.069,0.0,0.0,0.0,61.861,3.498795,0.0,0.0,0.0
2020-08-25T05:59:36.768000Z,2020-08-25T05:59:36.953000Z,381.02,185.0,334.0,70.277,0.0,0.0,0.0,61.861,3.492822,0.0,0.0,0.0
2020-08-25T05:59:38.769000Z,2020-08-25T05:59:38.945000Z,374.652,176.0,334.0,71.74,0.0,0.0,0.0,61.861,3.092734,0.0,0.0,0.0
2020-08-25T05:59:40.608000Z,2020-08-25T05:59:40.840000Z,558.68,232.0,334.0,70.693,0.0,0.0,0.0,61.861,3.401605,0.0,0.0,0.0
2020-08-25T05:59:42.777000Z,2020-08-25T05:59:43.072000Z,793.193,295.0,334.0,71.28,0.0,0.0,0.0,61.861,3.466838,0.0,0.0,0.0
2020-08-25T05:59:44.768000Z,2020-08-25T05:59:45.233000Z,428.817,465.0,328.0,71.453,0.0,0.0,0.0,61.861,3.566285,0.0,0.0,0.0
2020-08-25T05:59:46.767000Z,2020-08-25T05:59:46.934000Z,179.893,167.0,334.0,76.857,0.0,0.0,0.0,61.861,3.484959,0.0,0.0,0.0
2020-08-25T05:59:48.768000Z,2020-08-25T05:59:48.976000Z,467.394,208.0,328.0,71.202,0.0,0.0,0.0,61.861,1.582184,0.0,0.0,0.0
2020-08-25T05:59:50.768000Z,2020-08-25T05:59:51.008000Z,592.652,240.0,322.0,71.947,0.0,0.0,0.0,61.861,3.339812,0.0,0.0,0.0
2020-08-25T05:59:52.768000Z,2020-08-25T05:59:52.920000Z,290.5,152.0,326.0,70.856,0.0,0.0,0.0,61.861,3.469861,0.0,0.0,0.0
2020-08-25T05:59:54.769000Z,2020-08-25T05:59:54.942000Z,316.663,173.0,336.0,69.443,0.0,0.0,0.0,61.861,3.432336,0.0,0.0,0.0
2020-08-25T05:59:56.768000Z,2020-08-25T05:59:56.920000Z,281.893,152.0,336.0,72.614,0.0,0.0,0.0,61.861,3.072382,0.0,0.0,0.0
2020-08-25T05:59:58.768000Z,2020-08-25T05:59:58.908000Z,248.376,140.0,336.0,71.127,0.0,0.0,0.0,61.861,3.348974,0.0,0.0,0.0
2020-08-25T06:00:00.769000Z,2020-08-25T06:00:00.965000Z,437.435,196.0,336.0,72.573,0.0,0.0,0.0,61.861,3.348974,0.0,0.0,0.0
2020-08-25T06:00:02.768000Z,2020-08-25T06:00:03.313999Z,716.907,546.0,336.0,71.991,0.0,0.0,0.0,61.861,3.180911,0.0,0.0,0.0
2020-08-25T06:00:04.613000Z,2020-08-25T06:00:05.000000Z,1091.732,387.0,348.0,71.727,0.0,0.0,0.0,61.861,3.12928,0.0,0.0,0.0
2020-08-25T06:00:06.777000Z,2020-08-25T06:00:07.057999Z,748.659,281.0,358.0,71.924,0.0,0.0,0.0,61.861,3.419389,0.0,0.0,0.0
2020-08-25T06:00:08.771000Z,2020-08-25T06:00:09.246000Z,1460.334,475.0,336.0,72.148,0.0,0.0,0.0,61.861,3.066485,0.0,0.0,0.0
2020-08-25T06:00:10.770000Z,2020-08-25T06:00:11.291000Z,1659.675,521.0,346.0,70.832,0.0,0.0,0.0,61.861,3.334579,0.0,0.0,0.0
2020-08-25T06:00:12.770000Z,2020-08-25T06:00:13.283000Z,1630.252,513.0,354.0,71.05,0.0,0.0,0.0,61.861,3.105699,0.0,0.0,0.0
2020-08-25T06:00:14.771000Z,2020-08-25T06:00:15.184000Z,1249.638,413.0,354.0,69.553,0.0,0.0,0.0,61.861,3.487517,0.0,0.0,0.0
2020-08-25T06:00:16.767000Z,2020-08-25T06:00:16.868000Z,120.321,101.0,348.0,72.049,0.0,0.0,0.0,61.861,3.04845,0.0,0.0,0.0
2020-08-25T06:00:18.769000Z,2020-08-25T06:00:18.891000Z,186.009,122.0,348.0,70.693,0.0,0.0,0.0,61.861,3.04845,0.0,0.0,0.0
2020-08-25T06:00:20.770000Z,2020-08-25T06:00:21.187000Z,1223.522,417.0,348.0,73.42,0.0,0.0,0.0,61.861,3.04845,0.0,0.0,0.0
2020-08-25T06:00:22.768000Z,2020-08-25T06:00:23.017999Z,647.963,250.0,342.0,70.909,0.0,0.0,0.0,61.861,3.002056,0.0,0.0,0.0
2020-08-25T06:00:24.770000Z,2020-08-25T06:00:25.105999Z,930.447,336.0,338.0,69.659,0.0,0.0,0.0,61.861,3.334679,0.0,0.0,0.0
2020-08-25T06:00:26.777000Z,2020-08-25T06:00:27.251000Z,1432.904,474.0,338.0,71.689,0.0,0.0,0.0,61.861,3.280941,0.0,0.0,0.0
2020-08-25T06:00:28.772000Z,2020-08-25T06:00:29.295000Z,1597.155,523.0,340.0,70.481,0.0,0.0,0.0,61.861,3.386079,0.0,0.0,0.0
2020-08-25T06:00:30.774000Z,2020-08-25T06:00:31.214000Z,1330.856,440.0,340.0,70.995,0.0,0.0,0.0,61.861,2.999395,0.0,0.0,0.0
2020-08-25T06:00:32.770000Z,2020-08-25T06:00:32.961999Z,440.236,192.0,340.0,70.439,0.0,0.0,0.0,61.861,3.529296,0.0,0.0,0.0
2020-08-25T06:00:34.770000Z,2020-08-25T06:00:34.944000Z,384.244,174.0,336.0,69.862,0.0,0.0,0.0,61.861,3.340642,0.0,0.0,0.0
2020-08-25T06:00:36.773000Z,2020-08-25T06:00:37.238000Z,1370.499,465.0,336.0,69.922,0.0,0.0,0.0,61.861,3.497903,0.0,0.0,0.0
2020-08-25T06:00:38.773000Z,2020-08-25T06:00:39.599000Z,1687.69,826.0,336.0,70.682,0.0,0.0,0.0,61.861,3.418349,0.0,0.0,0.0
2020-08-25T06:00:40.770000Z,2020-08-25T06:00:41.014000Z,617.761,244.0,342.0,71.632,0.0,0.0,0.0,61.861,3.819531,0.0,0.0,0.0
2020-08-25T06:00:42.772000Z,2020-08-25T06:00:43.475000Z,2251.869,703.0,344.0,70.64,0.0,0.0,0.0,61.861,3.161464,0.0,0.0,0.0
2020-08-25T06:00:44.772000Z,2020-08-25T06:00:45.358000Z,1825.834,586.0,346.0,72.166,0.0,0.0,0.0,61.836,3.151505,0.0,0.0,0.0
2020-08-25T06:00:46.769000Z,2020-08-25T06:00:47.073999Z,859.082,305.0,344.0,69.43,0.0,0.0,0.0,61.836,3.175685,0.0,0.0,0.0
2020-08-25T06:00:48.771000Z,2020-08-25T06:00:49.008000Z,595.044,237.0,344.0,69.708,0.0,0.0,0.0,61.836,3.570717,0.0,0.0,0.0
2020-08-25T06:00:50.773000Z,2020-08-25T06:00:51.284000Z,1588.972,511.0,338.0,70.706,0.0,0.0,0.0,61.836,3.15428,0.0,0.0,0.0
2020-08-25T06:00:52.773000Z,2020-08-25T06:00:53.833999Z,2441.201,1061.0,338.0,72.931,0.0,0.0,0.0,61.836,3.440524,0.0,0.0,0.0
2020-08-25T06:00:54.781000Z,2020-08-25T06:00:55.493000Z,2313.297,712.0,340.0,83.05,0.0,0.0,0.0,61.836,2.693789,0.0,0.0,0.0
2020-08-25T06:00:56.772000Z,2020-08-25T06:00:57.364000Z,1890.138,592.0,342.0,70.159,0.0,0.0,0.0,61.836,3.199618,0.0,0.0,0.0
2020-08-25T06:00:58.771000Z,2020-08-25T06:00:59.325000Z,1476.401,554.0,346.0,71.011,0.0,0.0,0.0,61.836,3.601525,0.0,0.0,0.0
2020-08-25T06:01:00.770000Z,2020-08-25T06:01:01.259000Z,1426.828,489.0,340.0,70.681,0.0,0.0,0.0,61.836,3.541403,0.0,0.0,0.0
2020-08-25T06:01:02.771000Z,2020-08-25T06:01:03.337000Z,1810.371,566.0,342.0,69.284,0.0,0.0,0.0,61.836,3.16891,0.0,0.0,0.0
2020-08-25T06:01:04.770000Z,2020-08-25T06:01:05.079000Z,866.43,309.0,348.0,70.43,0.0,0.0,0.0,61.836,3.178286,0.0,0.0,0.0
2020-08-25T06:01:06.772000Z,2020-08-25T06:01:07.048000Z,752.43,276.0,348.0,69.978,0.0,0.0,0.0,61.836,3.421136,0.0,0.0,0.0
2020-08-25T06:01:08.770000Z,2020-08-25T06:01:08.961999Z,439.677,192.0,352.0,70.512,0.0,0.0,0.0,61.836,3.337384,0.0,0.0,0.0
2020-08-25T06:01:10.780000Z,2020-08-25T06:01:11.264000Z,1495.525,484.0,344.0,71.103,0.0,0.0,0.0,61.836,3.369569,0.0,0.0,0.0
2020-08-25T06:01:12.772000Z,2020-08-25T06:01:13.187000Z,1222.098,415.0,342.0,71.184,0.0,0.0,0.0,61.836,3.554091,0.0,0.0,0.0
2020-08-25T06:01:14.772000Z,2020-08-25T06:01:15.167000Z,1165.287,395.0,342.0,70.253,0.0,0.0,0.0,61.836,3.352214,0.0,0.0,0.0
2020-08-25T06:01:16.770000Z,2020-08-25T06:01:16.932000Z,325.94,162.0,336.0,70.327,0.0,0.0,0.0,61.836,3.143269,0.0,0.0,0.0
2020-08-25T06:01:18.771000Z,2020-08-25T06:01:18.998000Z,540.306,227.0,336.0,69.422,0.0,0.0,0.0,61.836,3.336427,0.0,0.0,0.0
2020-08-25T06:01:20.770000Z,2020-08-25T06:01:21.321999Z,732.075,552.0,336.0,72.145,0.0,0.0,0.0,61.836,3.690148,0.0,0.0,0.0
2020-08-25T06:01:22.770000Z,2020-08-25T06:01:23.081999Z,817.101,312.0,362.0,72.681,0.0,0.0,0.0,61.836,3.324956,0.0,0.0,0.0
2020-08-25T06:01:24.779000Z,2020-08-25T06:01:25.033999Z,646.95,255.0,358.0,71.402,0.0,0.0,0.0,61.836,3.193858,0.0,0.0,0.0
2020-08-25T06:01:26.769000Z,2020-08-25T06:01:26.884000Z,160.397,115.0,338.0,70.176,0.0,0.0,0.0,61.836,3.163001,0.0,0.0,0.0
2020-08-25T06:01:28.768000Z,2020-08-25T06:01:28.857999Z,73.214,90.0,336.0,69.542,0.0,0.0,0.0,61.836,3.163001,0.0,0.0,0.0
2020-08-25T06:01:30.778000Z,2020-08-25T06:01:30.868000Z,65.644,90.0,336.0,70.49,0.0,0.0,0.0,61.836,3.163001,0.0,0.0,0.0
2020-08-25T06:01:32.771000Z,2020-08-25T06:01:32.926000Z,291.575,155.0,336.0,72.637,0.0,0.0,0.0,61.836,3.163001,0.0,0.0,0.0
2020-08-25T06:01:34.771000Z,2020-08-25T06:01:34.996000Z,542.577,225.0,336.0,70.953,0.0,0.0,0.0,61.836,3.570277,0.0,0.0,0.0
2020-08-25T06:01:36.769000Z,2020-08-25T06:01:36.876000Z,113.765,107.0,336.0,72.417,0.0,0.0,0.0,61.836,3.431925,0.0,0.0,0.0
2020-08-25T06:01:38.769000Z,2020-08-25T06:01:38.875000Z,114.122,106.0,4.0,72.158,0.0,0.0,0.0,61.836,3.431925,0.0,0.0,0.0
2020-08-25T06:01:40.770000Z,2020-08-25T06:01:40.873000Z,114.253,103.0,356.0,70.427,0.0,0.0,0.0,61.836,3.431925,0.0,0.0,0.0
2020-08-25T06:01:42.770000Z,2020-08-25T06:01:42.872000Z,111.865,102.0,356.0,72.378,0.0,0.0,0.0,61.836,3.431925,0.0,0.0,0.0
2020-08-25T06:01:44.771000Z,2020-08-25T06:01:45.153999Z,1094.441,383.0,358.0,72.195,0.0,0.0,0.0,61.836,3.431925,0.0,0.0,0.0
2020-08-25T06:01:46.773000Z,2020-08-25T06:01:47.462000Z,2025.441,689.0,352.0,70.409,0.0,0.0,0.0,61.836,3.561908,0.0,0.0,0.0
2020-08-25T06:01:48.772000Z,2020-08-25T06:01:49.405000Z,1976.745,633.0,348.0,73.846,0.0,0.0,0.0,61.836,1.645183,0.0,0.0,0.0
2020-08-25T06:01:50.773000Z,2020-08-25T06:01:51.447000Z,2155.69,674.0,340.0,69.586,0.0,0.0,0.0,61.836,3.290005,0.0,0.0,0.0
2020-08-25T06:01:52.774000Z,2020-08-25T06:01:53.424000Z,2130.35,650.0,344.0,71.84,0.0,0.0,0.0,61.836,2.784889,0.0,0.0,0.0
2020-08-25T06:01:54.773000Z,2020-08-25T06:01:55.430000Z,2137.714,657.0,348.0,69.133,0.0,0.0,0.0,61.836,3.310841,0.0,0.0,0.0
2020-08-25T06:01:56.772000Z,2020-08-25T06:01:57.367000Z,1914.461,595.0,342.0,71.677,0.0,0.0,0.0,61.836,3.352746,0.0,0.0,0.0
2020-08-25T06:01:58.769000Z,2020-08-25T06:01:58.873999Z,124.353,105.0,340.0,69.853,0.0,0.0,0.0,61.836,3.362364,0.0,0.0,0.0
2020-08-25T06:02:00.771000Z,2020-08-25T06:02:00.873999Z,117.221,103.0,340.0,69.128,0.0,0.0,0.0,61.836,3.362364,0.0,0.0,0.0
2020-08-25T06:02:02.769000Z,2020-08-25T06:02:02.872000Z,117.427,103.0,340.0,70.326,0.0,0.0,0.0,61.836,3.362364,0.0,0.0,0.0
2020-08-25T06:02:04.772000Z,2020-08-25T06:02:04.873000Z,118.04,101.0,340.0,72.863,0.0,0.0,0.0,61.836,3.362364,0.0,0.0,0.0
2020-08-25T06:02:06.770000Z,2020-08-25T06:02:06.937000Z,322.584,167.0,340.0,72.086,0.0,0.0,0.0,61.836,3.362364,0.0,0.0,0.0
2020-08-25T06:02:08.770000Z,2020-08-25T06:02:08.942000Z,336.521,172.0,340.0,71.647,0.0,0.0,0.0,61.836,3.178729,0.0,0.0,0.0
2020-08-25T06:02:10.770000Z,2020-08-25T06:02:10.943000Z,311.975,173.0,348.0,71.828,0.0,0.0,0.0,61.836,3.322352,0.0,0.0,0.0
2020-08-25T06:02:12.771000Z,2020-08-25T06:02:12.950000Z,353.162,179.0,348.0,71.027,0.0,0.0,0.0,61.836,3.092071,0.0,0.0,0.0
2020-08-25T06:02:14.771000Z,2020-08-25T06:02:14.961999Z,407.591,191.0,348.0,70.54,0.0,0.0,0.0,61.836,3.152852,0.0,0.0,0.0
2020-08-25T06:02:16.770000Z,2020-08-25T06:02:16.995000Z,545.082,225.0,348.0,71.148,0.0,0.0,0.0,61.836,3.450909,0.0,0.0,0.0
2020-08-25T06:02:18.770000Z,2020-08-25T06:02:18.981000Z,485.063,211.0,348.0,71.029,0.0,0.0,0.0,61.836,3.328223,0.0,0.0,0.0
2020-08-25T06:02:20.770000Z,2020-08-25T06:02:21.041000Z,510.601,271.0,346.0,71.311,0.0,0.0,0.0,61.836,3.40749,0.0,0.0,0.0
2020-08-25T06:02:22.770000Z,2020-08-25T06:02:22.975000Z,460.716,205.0,344.0,71.723,0.0,0.0,0.0,61.836,0.748078,0.0,0.0,0.0
2020-08-25T06:02:24.772000Z,2020-08-25T06:02:24.953000Z,381.879,181.0,322.0,69.271,0.0,0.0,0.0,61.836,3.279904,0.0,0.0,0.0
2020-08-25T06:02:26.771000Z,2020-08-25T06:02:26.959000Z,420.638,188.0,326.0,72.299,0.0,0.0,0.0,61.836,3.295038,0.0,0.0,0.0
2020-08-25T06:02:28.772000Z,2020-08-25T06:02:28.975000Z,460.165,203.0,326.0,70.688,0.0,0.0,0.0,61.836,3.461227,0.0,0.0,0.0
2020-08-25T06:02:30.771000Z,2020-08-25T06:02:31.040000Z,681.802,269.0,326.0,70.835,0.0,0.0,0.0,61.836,3.598386,0.0,0.0,0.0
2020-08-25T06:02:32.772000Z,2020-08-25T06:02:33.273999Z,575.67,502.0,326.0,71.33,0.0,0.0,0.0,61.836,3.469083,0.0,0.0,0.0
2020-08-25T06:02:34.772000Z,2020-08-25T06:02:34.999000Z,540.07,227.0,328.0,69.763,0.0,0.0,0.0,61.836,3.361167,0.0,0.0,0.0
2020-08-25T06:02:36.772000Z,2020-08-25T06:02:36.993999Z,503.598,222.0,342.0,69.955,0.0,0.0,0.0,61.836,3.482682,0.0,0.0,0.0
2020-08-25T06:02:38.773000Z,2020-08-25T06:02:38.995000Z,520.761,222.0,342.0,71.295,0.0,0.0,0.0,61.836,3.223847,0.0,0.0,0.0
2020-08-25T06:02:40.772000Z,2020-08-25T06:02:40.967000Z,446.444,195.0,342.0,72.324,0.0,0.0,0.0,61.836,3.382833,0.0,0.0,0.0
2020-08-25T06:02:42.772000Z,2020-08-25T06:02:42.973000Z,469.597,201.0,340.0,70.393,0.0,0.0,0.0,61.836,3.147648,0.0,0.0,0.0
