start_time,end_time,size,trans_time,cwnd,rtt,rto,ssthresh,last_snd,min_rtt,delivery_rate,bytes_sent,bytes_retrans,client_trans_time
2020-08-25T03:42:42.826000Z,2020-08-25T03:42:43.038000Z,52.706,212.0,280.0,31.659,0.0,0.0,0.0,12.952,10.792725,0.0,0.0,0.0
2020-08-25T03:42:43.038000Z,2020-08-25T03:42:43.251000Z,35.825,213.0,280.0,30.442,0.0,0.0,0.0,12.952,1.226469,0.0,0.0,0.0
2020-08-25T03:42:43.251000Z,2020-08-25T03:42:43.309000Z,76.658,58.0,290.0,27.349,0.0,0.0,0.0,12.952,0.528607,0.0,0.0,0.0
2020-08-25T03:42:43.309000Z,2020-08-25T03:42:43.457999Z,212.429,149.0,290.0,26.134,0.0,0.0,0.0,12.952,3.069241,0.0,0.0,0.0
2020-08-25T03:42:43.459000Z,2020-08-25T03:42:43.600000Z,340.7,141.0,254.0,28.651,0.0,0.0,0.0,12.952,5.474315,0.0,0.0,0.0
2020-08-25T03:42:43.600999Z,2020-08-25T03:42:43.741000Z,483.12,140.0,248.0,30.681,0.0,0.0,0.0,12.952,6.570618,0.0,0.0,0.0
2020-08-25T03:42:43.742000Z,2020-08-25T03:42:44.000000Z,681.946,258.0,262.0,31.393,0.0,0.0,0.0,12.952,8.803106,0.0,0.0,0.0
2020-08-25T03:42:44.001999Z,2020-08-25T03:42:44.205000Z,800.596,203.0,278.0,29.181,0.0,0.0,0.0,12.952,6.834174,0.0,0.0,0.0
2020-08-25T03:42:44.922000Z,2020-08-25T03:42:45.597000Z,1307.173,675.0,288.0,28.304,0.0,0.0,0.0,12.952,1.774832,0.0,0.0,0.0
2020-08-25T03:42:46.924000Z,2020-08-25T03:42:47.241999Z,1610.653,318.0,264.0,34.776,0.0,0.0,0.0,12.952,7.500794,0.0,0.0,0.0
2020-08-25T03:42:48.927000Z,2020-08-25T03:42:49.105000Z,1122.527,178.0,250.0,28.977,0.0,0.0,0.0,12.952,7.707223,0.0,0.0,0.0
2020-08-25T03:42:50.922000Z,2020-08-25T03:42:51.113000Z,793.974,191.0,250.0,27.885,0.0,0.0,0.0,12.952,7.345321,0.0,0.0,0.0
2020-08-25T03:42:52.919000Z,2020-08-25T03:42:53.101000Z,1073.067,182.0,390.0,32.329,0.0,0.0,0.0,12.952,11.653616,0.0,0.0,0.0
2020-08-25T03:42:54.920000Z,2020-08-25T03:42:55.142000Z,1097.383,222.0,372.0,27.663,0.0,0.0,0.0,12.952,12.17737,0.0,0.0,0.0
2020-08-25T03:42:56.920000Z,2020-08-25T03:42:57.103000Z,986.622,183.0,344.0,30.26,0.0,0.0,0.0,12.952,10.227458,0.0,0.0,0.0
2020-08-25T03:42:58.923000Z,2020-08-25T03:42:59.075000Z,691.011,152.0,350.0,28.661,0.0,0.0,0.0,12.952,10.836295,0.0,0.0,0.0
2020-08-25T03:43:00.919000Z,2020-08-25T03:43:01.078000Z,820.747,159.0,348.0,27.606,0.0,0.0,0.0,12.952,11.598413,0.0,0.0,0.0
2020-08-25T03:43:02.919000Z,2020-08-25T03:43:03.094000Z,716.485,175.0,358.0,29.909,0.0,0.0,0.0,12.952,11.641032,0.0,0.0,0.0
2020-08-25T03:43:04.923000Z,2020-08-25T03:43:05.089000Z,827.742,166.0,348.0,40.861,0.0,0.0,0.0,12.952,6.817526,0.0,0.0,0.0
2020-08-25T03:43:06.922000Z,2020-08-25T03:43:07.085000Z,770.839,163.0,398.0,31.066,0.0,0.0,0.0,12.952,13.461882,0.0,0.0,0.0
2020-08-25T03:43:08.920000Z,2020-08-25T03:43:09.104000Z,1022.83,184.0,390.0,28.449,0.0,0.0,0.0,12.952,10.659647,0.0,0.0,0.0
2020-08-25T03:43:10.918000Z,2020-08-25T03:43:11.254000Z,1938.799,336.0,362.0,35.287,0.0,0.0,0.0,12.952,9.289339,0.0,0.0,0.0
2020-08-25T03:43:12.918000Z,2020-08-25T03:43:13.193000Z,1807.907,275.0,322.0,36.624,0.0,0.0,0.0,12.952,9.913184,0.0,0.0,0.0
2020-08-25T03:43:14.919000Z,2020-08-25T03:43:15.149000Z,1207.935,230.0,336.0,31.177,0.0,0.0,0.0,12.952,12.814952,0.0,0.0,0.0
2020-08-25T03:43:16.920000Z,2020-08-25T03:43:17.093000Z,989.64,173.0,342.0,34.45,0.0,0.0,0.0,12.952,8.946611,0.0,0.0,0.0
2020-08-25T03:43:18.922000Z,2020-08-25T03:43:19.062000Z,670.99,140.0,332.0,29.193,0.0,0.0,0.0,12.952,11.006647,0.0,0.0,0.0
2020-08-25T03:43:20.920000Z,2020-08-25T03:43:21.084000Z,867.726,164.0,338.0,30.189,0.0,0.0,0.0,12.952,11.612966,0.0,0.0,0.0
2020-08-25T03:43:22.929999Z,2020-08-25T03:43:23.064000Z,642.327,134.0,332.0,32.948,0.0,0.0,0.0,12.952,11.132228,0.0,0.0,0.0
2020-08-25T03:43:24.922000Z,2020-08-25T03:43:25.062000Z,574.38,140.0,330.0,30.063,0.0,0.0,0.0,12.952,11.036648,0.0,0.0,0.0
2020-08-25T03:43:26.923000Z,2020-08-25T03:43:27.067000Z,746.874,144.0,324.0,34.41,0.0,0.0,0.0,12.952,10.171136,0.0,0.0,0.0
2020-08-25T03:43:28.920000Z,2020-08-25T03:43:29.085000Z,859.049,165.0,372.0,28.827,0.0,0.0,0.0,12.952,11.239455,0.0,0.0,0.0
2020-08-25T03:43:30.920000Z,2020-08-25T03:43:31.100000Z,859.082,180.0,358.0,30.616,0.0,0.0,0.0,12.952,12.132061,0.0,0.0,0.0
2020-08-25T03:43:32.919000Z,2020-08-25T03:43:33.052000Z,692.455,133.0,342.0,30.258,0.0,0.0,0.0,12.952,14.599371,0.0,0.0,0.0
2020-08-25T03:43:34.923000Z,2020-08-25T03:43:35.107000Z,919.784,184.0,342.0,28.606,0.0,0.0,0.0,12.952,9.726064,0.0,0.0,0.0
2020-08-25T03:43:36.924000Z,2020-08-25T03:43:37.069000Z,789.47,145.0,342.0,29.423,0.0,0.0,0.0,12.952,7.274122,0.0,0.0,0.0
2020-08-25T03:43:38.925000Z,2020-08-25T03:43:39.094000Z,850.431,169.0,342.0,33.292,0.0,0.0,0.0,12.952,9.412969,0.0,0.0,0.0
2020-08-25T03:43:40.923000Z,2020-08-25T03:43:41.086000Z,936.59,163.0,336.0,34.108,0.0,0.0,0.0,12.952,9.108425,0.0,0.0,0.0
2020-08-25T03:43:42.922000Z,2020-08-25T03:43:43.171000Z,1379.936,249.0,340.0,29.908,0.0,0.0,0.0,12.952,12.518731,0.0,0.0,0.0
2020-08-25T03:43:44.918000Z,2020-08-25T03:43:45.126000Z,1140.213,208.0,378.0,32.998,0.0,0.0,0.0,12.952,9.111654,0.0,0.0,0.0
2020-08-25T03:43:46.924000Z,2020-08-25T03:43:47.246000Z,1797.987,322.0,378.0,36.518,0.0,0.0,0.0,12.952,13.599336,0.0,0.0,0.0
2020-08-25T03:43:48.929000Z,2020-08-25T03:43:49.363000Z,2440.122,434.0,408.0,36.599,0.0,0.0,0.0,12.952,5.63002,0.0,0.0,0.0
2020-08-25T03:43:50.923000Z,2020-08-25T03:43:51.305999Z,2418.333,383.0,416.0,37.255,0.0,0.0,0.0,12.952,13.185399,0.0,0.0,0.0
2020-08-25T03:43:52.923000Z,2020-08-25T03:43:53.157000Z,868.932,234.0,382.0,31.958,0.0,0.0,0.0,12.952,1.393474,0.0,0.0,0.0
2020-08-25T03:43:54.927000Z,2020-08-25T03:43:55.095000Z,830.504,168.0,340.0,40.874,0.0,0.0,0.0,12.952,8.004259,0.0,0.0,0.0
2020-08-25T03:43:56.923000Z,2020-08-25T03:43:57.094000Z,804.488,171.0,356.0,28.732,0.0,0.0,0.0,12.952,9.785779,0.0,0.0,0.0
2020-08-25T03:43:58.923000Z,2020-08-25T03:43:59.081000Z,818.709,158.0,348.0,29.563,0.0,0.0,0.0,12.952,10.389814,0.0,0.0,0.0
2020-08-25T03:44:00.923000Z,2020-08-25T03:44:01.085000Z,875.191,162.0,348.0,30.122,0.0,0.0,0.0,12.952,8.629991,0.0,0.0,0.0
2020-08-25T03:44:02.929999Z,2020-08-25T03:44:03.152000Z,1037.721,222.0,348.0,28.35,0.0,0.0,0.0,12.952,9.42267,0.0,0.0,0.0
2020-08-25T03:44:04.918000Z,2020-08-25T03:44:05.073999Z,779.065,156.0,352.0,34.541,0.0,0.0,0.0,12.952,11.486487,0.0,0.0,0.0
2020-08-25T03:44:06.922000Z,2020-08-25T03:44:07.052000Z,672.696,130.0,352.0,30.199,0.0,0.0,0.0,12.952,10.598179,0.0,0.0,0.0
2020-08-25T03:44:08.922000Z,2020-08-25T03:44:09.043000Z,602.57,121.0,358.0,31.513,0.0,0.0,0.0,12.952,13.059658,0.0,0.0,0.0
2020-08-25T03:44:10.927000Z,2020-08-25T03:44:11.121999Z,1082.771,195.0,358.0,29.236,0.0,0.0,0.0,12.952,9.142552,0.0,0.0,0.0
2020-08-25T03:44:12.921000Z,2020-08-25T03:44:13.331000Z,1057.622,410.0,358.0,38.839,0.0,0.0,0.0,12.952,10.836628,0.0,0.0,0.0
2020-08-25T03:44:14.920000Z,2020-08-25T03:44:15.113999Z,1244.201,194.0,359.0,28.303,0.0,0.0,0.0,12.952,13.01448,0.0,0.0,0.0
2020-08-25T03:44:16.921000Z,2020-08-25T03:44:17.201000Z,1414.662,280.0,390.0,30.205,0.0,0.0,0.0,12.952,12.165503,0.0,0.0,0.0
2020-08-25T03:44:18.924000Z,2020-08-25T03:44:19.212000Z,1545.896,288.0,390.0,90.072,0.0,0.0,0.0,12.952,7.823454,0.0,0.0,0.0
2020-08-25T03:44:20.920000Z,2020-08-25T03:44:21.341000Z,1335.783,421.0,391.0,55.898,0.0,0.0,0.0,12.952,8.31261,0.0,0.0,0.0
2020-08-25T03:44:22.923000Z,2020-08-25T03:44:23.085000Z,863.469,162.0,366.0,42.17,0.0,0.0,0.0,12.952,8.703203,0.0,0.0,0.0
2020-08-25T03:44:24.923000Z,2020-08-25T03:44:25.094000Z,945.012,171.0,374.0,38.413,0.0,0.0,0.0,12.952,9.126912,0.0,0.0,0.0
2020-08-25T03:44:27.174000Z,2020-08-25T03:44:27.433999Z,1577.953,260.0,384.0,32.673,0.0,0.0,0.0,12.952,11.297495,0.0,0.0,0.0
2020-08-25T03:44:28.926000Z,2020-08-25T03:44:29.248000Z,1893.326,322.0,354.0,35.459,0.0,0.0,0.0,12.952,10.92129,0.0,0.0,0.0
2020-08-25T03:44:31.172999Z,2020-08-25T03:44:31.399000Z,1125.968,226.0,372.0,30.897,0.0,0.0,0.0,12.952,14.406435,0.0,0.0,0.0
2020-08-25T03:44:33.169000Z,2020-08-25T03:44:33.324000Z,866.597,155.0,364.0,39.528,0.0,0.0,0.0,12.952,4.681735,0.0,0.0,0.0
2020-08-25T03:44:34.984000Z,2020-08-25T03:44:35.161000Z,824.089,177.0,370.0,30.06,0.0,0.0,0.0,12.952,10.59915,0.0,0.0,0.0
2020-08-25T03:44:37.169000Z,2020-08-25T03:44:37.351000Z,910.94,182.0,352.0,34.256,0.0,0.0,0.0,12.952,10.242032,0.0,0.0,0.0
2020-08-25T03:44:39.169999Z,2020-08-25T03:44:39.428000Z,1600.82,258.0,368.0,34.627,0.0,0.0,0.0,12.952,10.872532,0.0,0.0,0.0
2020-08-25T03:44:41.172000Z,2020-08-25T03:44:41.373000Z,1033.802,201.0,368.0,30.979,0.0,0.0,0.0,12.952,10.92134,0.0,0.0,0.0
2020-08-25T03:44:43.172999Z,2020-08-25T03:44:43.358000Z,941.636,185.0,426.0,34.571,0.0,0.0,0.0,12.952,11.116801,0.0,0.0,0.0
2020-08-25T03:44:45.175000Z,2020-08-25T03:44:45.321000Z,753.047,146.0,402.0,30.197,0.0,0.0,0.0,12.952,11.69718,0.0,0.0,0.0
2020-08-25T03:44:47.172000Z,2020-08-25T03:44:47.302000Z,658.025,130.0,338.0,31.114,0.0,0.0,0.0,12.952,10.883085,0.0,0.0,0.0
2020-08-25T03:44:49.172000Z,2020-08-25T03:44:49.353000Z,778.859,181.0,388.0,29.867,0.0,0.0,0.0,12.952,7.750289,0.0,0.0,0.0
2020-08-25T03:44:51.172999Z,2020-08-25T03:44:51.318000Z,733.721,145.0,388.0,33.821,0.0,0.0,0.0,12.952,10.546227,0.0,0.0,0.0
2020-08-25T03:44:53.168000Z,2020-08-25T03:44:53.385000Z,831.673,217.0,388.0,32.156,0.0,0.0,0.0,12.952,12.556528,0.0,0.0,0.0
2020-08-25T03:44:55.169999Z,2020-08-25T03:44:55.433000Z,1399.609,263.0,388.0,31.496,0.0,0.0,0.0,12.952,9.968578,0.0,0.0,0.0
2020-08-25T03:44:57.169000Z,2020-08-25T03:44:57.427000Z,1431.898,258.0,350.0,36.282,0.0,0.0,0.0,12.952,12.232908,0.0,0.0,0.0
2020-08-25T03:44:58.981000Z,2020-08-25T03:44:59.215000Z,1263.4,234.0,360.0,31.556,0.0,0.0,0.0,12.952,11.756178,0.0,0.0,0.0
2020-08-25T03:45:01.172999Z,2020-08-25T03:45:01.337000Z,821.599,164.0,350.0,31.979,0.0,0.0,0.0,12.952,12.894845,0.0,0.0,0.0
2020-08-25T03:45:03.169999Z,2020-08-25T03:45:03.405000Z,1400.285,235.0,362.0,39.912,0.0,0.0,0.0,12.952,7.400504,0.0,0.0,0.0
2020-08-25T03:45:05.169000Z,2020-08-25T03:45:05.612000Z,1222.783,443.0,362.0,31.738,0.0,0.0,0.0,12.952,9.820113,0.0,0.0,0.0
2020-08-25T03:45:07.169000Z,2020-08-25T03:45:07.321999Z,791.758,153.0,348.0,31.336,0.0,0.0,0.0,12.952,10.028744,0.0,0.0,0.0
2020-08-25T03:45:09.169000Z,2020-08-25T03:45:09.337999Z,682.377,169.0,342.0,29.681,0.0,0.0,0.0,12.952,8.901484,0.0,0.0,0.0
2020-08-25T03:45:11.169999Z,2020-08-25T03:45:11.337000Z,852.485,167.0,348.0,31.616,0.0,0.0,0.0,12.952,10.424254,0.0,0.0,0.0
2020-08-25T03:45:13.171000Z,2020-08-25T03:45:13.446000Z,1528.795,275.0,342.0,30.578,0.0,0.0,0.0,12.952,12.459555,0.0,0.0,0.0
2020-08-25T03:45:15.169999Z,2020-08-25T03:45:15.405000Z,1261.887,235.0,324.0,36.414,0.0,0.0,0.0,12.952,11.666719,0.0,0.0,0.0
2020-08-25T03:45:17.174000Z,2020-08-25T03:45:17.343000Z,812.833,169.0,342.0,32.383,0.0,0.0,0.0,12.952,10.424034,0.0,0.0,0.0
2020-08-25T03:45:19.169000Z,2020-08-25T03:45:19.299000Z,676.033,130.0,388.0,29.508,0.0,0.0,0.0,12.952,9.394395,0.0,0.0,0.0
2020-08-25T03:45:21.169000Z,2020-08-25T03:45:21.334000Z,698.85,165.0,394.0,30.22,0.0,0.0,0.0,12.952,13.240344,0.0,0.0,0.0
2020-08-25T03:45:23.169000Z,2020-08-25T03:45:23.385000Z,889.238,216.0,388.0,28.888,0.0,0.0,0.0,12.952,11.000177,0.0,0.0,0.0
2020-08-25T03:45:25.172999Z,2020-08-25T03:45:25.334000Z,921.884,161.0,370.0,38.979,0.0,0.0,0.0,12.952,4.903104,0.0,0.0,0.0
2020-08-25T03:45:27.169999Z,2020-08-25T03:45:27.449000Z,1270.724,279.0,370.0,35.421,0.0,0.0,0.0,12.952,11.548494,0.0,0.0,0.0
2020-08-25T03:45:29.172999Z,2020-08-25T03:45:29.392000Z,1295.55,219.0,362.0,50.293,0.0,0.0,0.0,12.952,10.852979,0.0,0.0,0.0
2020-08-25T03:45:31.176000Z,2020-08-25T03:45:31.344000Z,804.59,168.0,307.0,38.497,0.0,0.0,0.0,12.952,7.797845,0.0,0.0,0.0
2020-08-25T03:45:33.169000Z,2020-08-25T03:45:33.293000Z,692.241,124.0,320.0,29.897,0.0,0.0,0.0,12.952,9.547804,0.0,0.0,0.0
2020-08-25T03:45:35.169000Z,2020-08-25T03:45:35.337000Z,854.848,168.0,326.0,29.039,0.0,0.0,0.0,12.952,11.53072,0.0,0.0,0.0
2020-08-25T03:45:37.169000Z,2020-08-25T03:45:37.372000Z,1006.919,203.0,320.0,34.41,0.0,0.0,0.0,12.952,11.669169,0.0,0.0,0.0
2020-08-25T03:45:39.174000Z,2020-08-25T03:45:39.430000Z,1477.852,256.0,324.0,30.251,0.0,0.0,0.0,12.952,0.446792,0.0,0.0,0.0
2020-08-25T03:45:41.172999Z,2020-08-25T03:45:41.620000Z,1652.869,447.0,4.0,31.769,0.0,0.0,0.0,12.952,9.271854,0.0,0.0,0.0
2020-08-25T03:45:43.174000Z,2020-08-25T03:45:43.541000Z,1588.764,367.0,352.0,30.956,0.0,0.0,0.0,12.952,12.723281,0.0,0.0,0.0
2020-08-25T03:45:45.167000Z,2020-08-25T03:45:45.507000Z,1407.255,340.0,386.0,35.579,0.0,0.0,0.0,12.952,9.770896,0.0,0.0,0.0
2020-08-25T03:45:47.178000Z,2020-08-25T03:45:47.465000Z,1519.515,287.0,386.0,34.446,0.0,0.0,0.0,12.952,6.94964,0.0,0.0,0.0
2020-08-25T03:45:49.175000Z,2020-08-25T03:45:49.473000Z,1652.669,298.0,374.0,41.562,0.0,0.0,0.0,12.952,9.92705,0.0,0.0,0.0
2020-08-25T03:45:51.174000Z,2020-08-25T03:45:51.445000Z,1369.045,271.0,322.0,31.603,0.0,0.0,0.0,12.952,11.236303,0.0,0.0,0.0
2020-08-25T03:45:53.174000Z,2020-08-25T03:45:53.417999Z,1403.088,244.0,346.0,30.477,0.0,0.0,0.0,12.952,11.99459,0.0,0.0,0.0
2020-08-25T03:45:55.169999Z,2020-08-25T03:45:55.424000Z,1427.085,254.0,346.0,33.744,0.0,0.0,0.0,12.952,10.306187,0.0,0.0,0.0
2020-08-25T03:45:57.174000Z,2020-08-25T03:45:57.520000Z,1942.041,346.0,344.0,30.513,0.0,0.0,0.0,12.952,9.764467,0.0,0.0,0.0
2020-08-25T03:45:59.174000Z,2020-08-25T03:45:59.625000Z,1360.556,451.0,330.0,37.449,0.0,0.0,0.0,12.952,9.38515,0.0,0.0,0.0
2020-08-25T03:46:01.174000Z,2020-08-25T03:46:01.445000Z,1420.677,271.0,324.0,32.347,0.0,0.0,0.0,12.952,13.31378,0.0,0.0,0.0
2020-08-25T03:46:03.171000Z,2020-08-25T03:46:03.401000Z,1322.915,230.0,334.0,34.355,0.0,0.0,0.0,12.952,10.427377,0.0,0.0,0.0
2020-08-25T03:46:05.176000Z,2020-08-25T03:46:05.385999Z,1192.332,210.0,324.0,33.396,0.0,0.0,0.0,12.952,8.85454,0.0,0.0,0.0
2020-08-25T03:46:07.176000Z,2020-08-25T03:46:07.387000Z,1220.263,211.0,310.0,26.529,0.0,0.0,0.0,12.952,13.420687,0.0,0.0,0.0
2020-08-25T03:46:09.169999Z,2020-08-25T03:46:09.473999Z,1593.566,304.0,320.0,28.114,0.0,0.0,0.0,12.952,9.254098,0.0,0.0,0.0
2020-08-25T03:46:11.174000Z,2020-08-25T03:46:11.430000Z,1619.287,256.0,344.0,31.647,0.0,0.0,0.0,12.952,11.464262,0.0,0.0,0.0
2020-08-25T03:46:13.172999Z,2020-08-25T03:46:13.363000Z,803.119,190.0,344.0,38.879,0.0,0.0,0.0,12.952,8.472074,0.0,0.0,0.0
2020-08-25T03:46:15.176000Z,2020-08-25T03:46:15.568000Z,921.684,392.0,344.0,44.49,0.0,0.0,0.0,12.952,8.194371,0.0,0.0,0.0
2020-08-25T03:46:17.172999Z,2020-08-25T03:46:17.328000Z,834.34,155.0,280.0,26.979,0.0,0.0,0.0,12.952,13.104692,0.0,0.0,0.0
2020-08-25T03:46:19.172000Z,2020-08-25T03:46:19.308000Z,771.814,136.0,280.0,28.264,0.0,0.0,0.0,12.952,10.917315,0.0,0.0,0.0
2020-08-25T03:46:21.169999Z,2020-08-25T03:46:21.297000Z,680.366,127.0,280.0,30.291,0.0,0.0,0.0,12.952,10.433495,0.0,0.0,0.0
2020-08-25T03:46:23.172000Z,2020-08-25T03:46:23.315000Z,622.294,143.0,262.0,28.02,0.0,0.0,0.0,12.952,8.419236,0.0,0.0,0.0
2020-08-25T03:46:25.172000Z,2020-08-25T03:46:25.347000Z,718.613,175.0,262.0,25.094,0.0,0.0,0.0,12.952,11.120487,0.0,0.0,0.0
2020-08-25T03:46:27.169000Z,2020-08-25T03:46:27.337000Z,928.205,168.0,262.0,25.661,0.0,0.0,0.0,12.952,8.204687,0.0,0.0,0.0
2020-08-25T03:46:29.172999Z,2020-08-25T03:46:29.421000Z,1465.031,248.0,414.0,33.071,0.0,0.0,0.0,12.952,10.69271,0.0,0.0,0.0
2020-08-25T03:46:31.172000Z,2020-08-25T03:46:31.325000Z,813.696,153.0,382.0,26.679,0.0,0.0,0.0,12.952,10.837009,0.0,0.0,0.0
2020-08-25T03:46:33.169999Z,2020-08-25T03:46:33.385000Z,922.071,215.0,348.0,29.58,0.0,0.0,0.0,12.952,7.223405,0.0,0.0,0.0
2020-08-25T03:46:35.172999Z,2020-08-25T03:46:35.363000Z,718.195,190.0,354.0,33.415,0.0,0.0,0.0,12.952,0.755929,0.0,0.0,0.0
2020-08-25T03:46:37.172000Z,2020-08-25T03:46:37.325000Z,791.6,153.0,348.0,31.542,0.0,0.0,0.0,12.952,11.402576,0.0,0.0,0.0
2020-08-25T03:46:39.176000Z,2020-08-25T03:46:39.430000Z,1260.159,254.0,307.0,34.289,0.0,0.0,0.0,12.952,6.071893,0.0,0.0,0.0
2020-08-25T03:46:41.172999Z,2020-08-25T03:46:41.352000Z,1041.731,179.0,348.0,28.99,0.0,0.0,0.0,12.952,10.612054,0.0,0.0,0.0
2020-08-25T03:46:43.172000Z,2020-08-25T03:46:43.312000Z,708.879,140.0,418.0,34.9,0.0,0.0,0.0,12.952,13.350289,0.0,0.0,0.0
2020-08-25T03:46:45.176000Z,2020-08-25T03:46:45.430000Z,1459.611,254.0,378.0,29.599,0.0,0.0,0.0,12.952,8.807549,0.0,0.0,0.0
2020-08-25T03:46:47.172000Z,2020-08-25T03:46:47.353000Z,888.837,181.0,378.0,34.666,0.0,0.0,0.0,12.952,13.193272,0.0,0.0,0.0
2020-08-25T03:46:49.172999Z,2020-08-25T03:46:49.341000Z,654.444,168.0,378.0,34.952,0.0,0.0,0.0,12.952,11.750715,0.0,0.0,0.0
2020-08-25T03:46:51.172999Z,2020-08-25T03:46:51.344000Z,974.657,171.0,378.0,29.494,0.0,0.0,0.0,12.952,11.466314,0.0,0.0,0.0
2020-08-25T03:46:53.169000Z,2020-08-25T03:46:53.609000Z,1021.788,440.0,374.0,31.931,0.0,0.0,0.0,12.952,9.063257,0.0,0.0,0.0
2020-08-25T03:46:55.169999Z,2020-08-25T03:46:55.353000Z,953.695,183.0,312.0,33.784,0.0,0.0,0.0,12.952,4.655192,0.0,0.0,0.0
2020-08-25T03:46:57.169999Z,2020-08-25T03:46:57.341000Z,951.892,171.0,294.0,28.929,0.0,0.0,0.0,12.952,8.112171,0.0,0.0,0.0
2020-08-25T03:46:59.168000Z,2020-08-25T03:46:59.353000Z,1078.404,185.0,316.0,27.762,0.0,0.0,0.0,12.952,6.912465,0.0,0.0,0.0
2020-08-25T03:47:01.169000Z,2020-08-25T03:47:01.353000Z,924.356,184.0,308.0,26.655,0.0,0.0,0.0,12.952,10.077622,0.0,0.0,0.0
2020-08-25T03:47:03.172999Z,2020-08-25T03:47:03.328000Z,889.914,155.0,374.0,29.191,0.0,0.0,0.0,12.952,10.237307,0.0,0.0,0.0
2020-08-25T03:47:05.175000Z,2020-08-25T03:47:05.385999Z,1082.101,211.0,384.0,37.615,0.0,0.0,0.0,12.952,11.197376,0.0,0.0,0.0
2020-08-25T03:47:07.172000Z,2020-08-25T03:47:07.308000Z,726.543,136.0,464.0,37.978,0.0,0.0,0.0,12.952,10.031424,0.0,0.0,0.0
2020-08-25T03:47:09.172000Z,2020-08-25T03:47:09.305000Z,726.888,133.0,454.0,30.661,0.0,0.0,0.0,12.952,12.793812,0.0,0.0,0.0
2020-08-25T03:47:11.169999Z,2020-08-25T03:47:11.356000Z,977.069,186.0,444.0,33.233,0.0,0.0,0.0,12.952,10.643425,0.0,0.0,0.0
2020-08-25T03:47:13.172000Z,2020-08-25T03:47:13.321999Z,730.412,150.0,444.0,38.953,0.0,0.0,0.0,12.952,10.278079,0.0,0.0,0.0
2020-08-25T03:47:15.171000Z,2020-08-25T03:47:15.411000Z,1429.042,240.0,444.0,29.821,0.0,0.0,0.0,12.952,12.802268,0.0,0.0,0.0
2020-08-25T03:47:17.174000Z,2020-08-25T03:47:17.459000Z,1791.861,285.0,422.0,40.229,0.0,0.0,0.0,12.952,12.162616,0.0,0.0,0.0
2020-08-25T03:47:19.172000Z,2020-08-25T03:47:19.333000Z,730.736,161.0,380.0,35.976,0.0,0.0,0.0,12.952,10.667508,0.0,0.0,0.0
2020-08-25T03:47:21.172999Z,2020-08-25T03:47:21.325000Z,928.247,152.0,320.0,33.339,0.0,0.0,0.0,12.952,8.725707,0.0,0.0,0.0
2020-08-25T03:47:23.172000Z,2020-08-25T03:47:23.379000Z,935.581,207.0,322.0,23.757,0.0,0.0,0.0,12.952,10.12062,0.0,0.0,0.0
2020-08-25T03:47:25.169000Z,2020-08-25T03:47:25.353999Z,774.173,185.0,316.0,29.862,0.0,0.0,0.0,12.952,10.825836,0.0,0.0,0.0
2020-08-25T03:47:27.176000Z,2020-08-25T03:47:27.347000Z,868.14,171.0,328.0,29.201,0.0,0.0,0.0,12.952,11.014388,0.0,0.0,0.0
2020-08-25T03:47:29.172000Z,2020-08-25T03:47:29.331000Z,820.074,159.0,322.0,27.998,0.0,0.0,0.0,12.952,12.617835,0.0,0.0,0.0
2020-08-25T03:47:31.172999Z,2020-08-25T03:47:31.398000Z,1139.191,225.0,322.0,31.067,0.0,0.0,0.0,12.952,12.077639,0.0,0.0,0.0
2020-08-25T03:47:33.175000Z,2020-08-25T03:47:33.446000Z,1571.439,271.0,318.0,28.881,0.0,0.0,0.0,12.952,7.579013,0.0,0.0,0.0
2020-08-25T03:47:35.169999Z,2020-08-25T03:47:35.468000Z,1635.461,298.0,386.0,34.886,0.0,0.0,0.0,12.952,10.365299,0.0,0.0,0.0
2020-08-25T03:47:37.169999Z,2020-08-25T03:47:37.460000Z,1573.547,290.0,362.0,33.551,0.0,0.0,0.0,12.952,6.953021,0.0,0.0,0.0
2020-08-25T03:47:39.169999Z,2020-08-25T03:47:39.494000Z,1778.74,324.0,374.0,35.427,0.0,0.0,0.0,12.952,12.623415,0.0,0.0,0.0
2020-08-25T03:47:41.172999Z,2020-08-25T03:47:41.292000Z,603.284,119.0,374.0,39.261,0.0,0.0,0.0,12.952,9.375277,0.0,0.0,0.0
2020-08-25T03:47:43.172000Z,2020-08-25T03:47:43.279000Z,413.492,107.0,380.0,30.403,0.0,0.0,0.0,13.846,1.292925,0.0,0.0,0.0
2020-08-25T03:47:45.172000Z,2020-08-25T03:47:45.455000Z,770.179,283.0,374.0,28.524,0.0,0.0,0.0,13.846,12.179645,0.0,0.0,0.0
2020-08-25T03:47:47.177000Z,2020-08-25T03:47:47.409000Z,936.373,232.0,389.0,32.324,0.0,0.0,0.0,13.846,11.03314,0.0,0.0,0.0
2020-08-25T03:47:49.169000Z,2020-08-25T03:47:49.302000Z,697.749,133.0,388.0,34.508,0.0,0.0,0.0,13.846,9.953288,0.0,0.0,0.0
2020-08-25T03:47:51.169999Z,2020-08-25T03:47:51.485000Z,1242.524,315.0,380.0,31.955,0.0,0.0,0.0,13.846,13.130181,0.0,0.0,0.0
2020-08-25T03:47:53.177000Z,2020-08-25T03:47:53.478000Z,1028.908,301.0,324.0,31.762,0.0,0.0,0.0,13.846,12.586871,0.0,0.0,0.0
2020-08-25T03:47:55.169000Z,2020-08-25T03:47:55.606000Z,819.594,437.0,324.0,33.073,0.0,0.0,0.0,13.846,5.451203,0.0,0.0,0.0
2020-08-25T03:47:57.209999Z,2020-08-25T03:47:57.488000Z,600.586,278.0,330.0,28.879,0.0,0.0,0.0,13.846,11.966574,0.0,0.0,0.0
2020-08-25T03:47:59.172000Z,2020-08-25T03:47:59.494000Z,947.679,322.0,304.0,34.228,0.0,0.0,0.0,13.846,5.352323,0.0,0.0,0.0
2020-08-25T03:48:01.169999Z,2020-08-25T03:48:01.449999Z,1044.188,280.0,342.0,33.262,0.0,0.0,0.0,13.846,8.3371,0.0,0.0,0.0
2020-08-25T03:48:03.169999Z,2020-08-25T03:48:03.308000Z,713.602,138.0,350.0,52.226,0.0,0.0,0.0,13.846,0.055883,0.0,0.0,0.0
2020-08-25T03:48:05.172000Z,2020-08-25T03:48:05.302000Z,630.012,130.0,460.0,35.524,0.0,0.0,0.0,13.846,13.948195,0.0,0.0,0.0
2020-08-25T03:48:07.168000Z,2020-08-25T03:48:07.240000Z,251.851,72.0,434.0,30.797,0.0,0.0,0.0,13.846,11.166327,0.0,0.0,0.0
2020-08-25T03:48:09.169000Z,2020-08-25T03:48:09.264000Z,338.778,95.0,426.0,28.79,0.0,0.0,0.0,13.846,11.166327,0.0,0.0,0.0
2020-08-25T03:48:11.168000Z,2020-08-25T03:48:11.260000Z,452.122,92.0,302.0,25.579,0.0,0.0,0.0,13.692,2.515069,0.0,0.0,0.0
2020-08-25T03:48:13.172000Z,2020-08-25T03:48:13.309000Z,505.396,137.0,294.0,27.474,0.0,0.0,0.0,13.692,12.630863,0.0,0.0,0.0
2020-08-25T03:48:15.174000Z,2020-08-25T03:48:15.244000Z,284.744,70.0,266.0,41.925,0.0,0.0,0.0,13.692,7.748595,0.0,0.0,0.0
2020-08-25T03:48:17.180000Z,2020-08-25T03:48:17.325000Z,693.097,145.0,274.0,29.073,0.0,0.0,0.0,13.692,11.88471,0.0,0.0,0.0
2020-08-25T03:48:19.172000Z,2020-08-25T03:48:19.328000Z,770.558,156.0,274.0,25.233,0.0,0.0,0.0,13.692,10.435956,0.0,0.0,0.0
2020-08-25T03:48:21.174000Z,2020-08-25T03:48:21.507000Z,1994.721,333.0,280.0,26.869,0.0,0.0,0.0,13.692,12.263488,0.0,0.0,0.0
2020-08-25T03:48:23.168000Z,2020-08-25T03:48:23.254000Z,404.276,86.0,376.0,37.778,0.0,0.0,0.0,13.692,9.862609,0.0,0.0,0.0
2020-08-25T03:48:25.169000Z,2020-08-25T03:48:25.251000Z,245.948,82.0,370.0,33.918,0.0,0.0,0.0,13.692,12.156945,0.0,0.0,0.0
2020-08-25T03:48:27.168000Z,2020-08-25T03:48:27.270000Z,394.602,102.0,370.0,34.398,0.0,0.0,0.0,13.692,12.156945,0.0,0.0,0.0
2020-08-25T03:48:29.169000Z,2020-08-25T03:48:29.300000Z,644.725,131.0,370.0,30.949,0.0,0.0,0.0,13.692,9.302319,0.0,0.0,0.0
2020-08-25T03:48:31.169000Z,2020-08-25T03:48:31.619000Z,1045.485,450.0,340.0,27.988,0.0,0.0,0.0,13.692,12.522187,0.0,0.0,0.0
2020-08-25T03:48:33.176000Z,2020-08-25T03:48:33.342000Z,827.495,166.0,264.0,28.189,0.0,0.0,0.0,13.684,9.156718,0.0,0.0,0.0
2020-08-25T03:48:35.169000Z,2020-08-25T03:48:35.344000Z,875.987,175.0,258.0,28.188,0.0,0.0,0.0,13.684,11.631226,0.0,0.0,0.0
2020-08-25T03:48:37.168000Z,2020-08-25T03:48:37.347000Z,876.867,179.0,258.0,29.433,0.0,0.0,0.0,13.684,10.807659,0.0,0.0,0.0
2020-08-25T03:48:39.169000Z,2020-08-25T03:48:39.335000Z,838.092,166.0,290.0,37.259,0.0,0.0,0.0,13.684,8.131361,0.0,0.0,0.0
2020-08-25T03:48:41.422000Z,2020-08-25T03:48:41.825000Z,948.483,403.0,290.0,28.564,0.0,0.0,0.0,13.684,8.268878,0.0,0.0,0.0
2020-08-25T03:48:43.419000Z,2020-08-25T03:48:43.609000Z,864.562,190.0,274.0,26.054,0.0,0.0,0.0,13.684,9.293794,0.0,0.0,0.0
2020-08-25T03:48:45.418000Z,2020-08-25T03:48:45.536000Z,588.708,118.0,286.0,26.66,0.0,0.0,0.0,13.684,3.7768,0.0,0.0,0.0
2020-08-25T03:48:47.422000Z,2020-08-25T03:48:47.593999Z,866.488,172.0,302.0,27.37,0.0,0.0,0.0,13.684,8.235938,0.0,0.0,0.0
2020-08-25T03:48:49.418000Z,2020-08-25T03:48:49.558000Z,493.527,140.0,296.0,30.488,0.0,0.0,0.0,13.684,9.26625,0.0,0.0,0.0
2020-08-25T03:48:51.419000Z,2020-08-25T03:48:51.549000Z,610.892,130.0,332.0,27.666,0.0,0.0,0.0,13.684,9.433754,0.0,0.0,0.0
2020-08-25T03:48:53.426000Z,2020-08-25T03:48:53.603000Z,927.56,177.0,326.0,27.032,0.0,0.0,0.0,13.684,10.156651,0.0,0.0,0.0
2020-08-25T03:48:55.422000Z,2020-08-25T03:48:55.488000Z,220.988,66.0,306.0,26.289,0.0,0.0,0.0,13.684,9.208418,0.0,0.0,0.0
2020-08-25T03:48:57.418000Z,2020-08-25T03:48:57.475000Z,112.481,57.0,306.0,22.904,0.0,0.0,0.0,13.684,11.414845,0.0,0.0,0.0
2020-08-25T03:48:59.419000Z,2020-08-25T03:48:59.568000Z,727.609,149.0,306.0,23.19,0.0,0.0,0.0,13.684,11.414845,0.0,0.0,0.0
2020-08-25T03:49:01.420000Z,2020-08-25T03:49:01.587000Z,846.635,167.0,286.0,25.05,0.0,0.0,0.0,13.684,9.177051,0.0,0.0,0.0
2020-08-25T03:49:03.422000Z,2020-08-25T03:49:03.550000Z,679.183,128.0,294.0,29.12,0.0,0.0,0.0,13.684,11.137856,0.0,0.0,0.0
2020-08-25T03:49:05.425000Z,2020-08-25T03:49:05.545999Z,646.302,121.0,286.0,28.478,0.0,0.0,0.0,13.684,11.406858,0.0,0.0,0.0
2020-08-25T03:49:07.418000Z,2020-08-25T03:49:07.536000Z,566.848,118.0,320.0,27.518,0.0,0.0,0.0,13.684,10.406516,0.0,0.0,0.0
2020-08-25T03:49:09.418000Z,2020-08-25T03:49:09.523000Z,479.353,105.0,314.0,25.275,0.0,0.0,0.0,13.684,10.173747,0.0,0.0,0.0
2020-08-25T03:49:11.418000Z,2020-08-25T03:49:11.561999Z,627.091,144.0,318.0,25.916,0.0,0.0,0.0,13.684,12.919343,0.0,0.0,0.0
2020-08-25T03:49:13.418000Z,2020-08-25T03:49:13.568000Z,754.087,150.0,318.0,43.274,0.0,0.0,0.0,13.684,8.281877,0.0,0.0,0.0
2020-08-25T03:49:15.418000Z,2020-08-25T03:49:15.839000Z,1059.382,421.0,324.0,35.968,0.0,0.0,0.0,13.684,8.479515,0.0,0.0,0.0
2020-08-25T03:49:17.425000Z,2020-08-25T03:49:17.648000Z,961.447,223.0,240.0,27.574,0.0,0.0,0.0,13.358,11.56846,0.0,0.0,0.0
2020-08-25T03:49:19.419000Z,2020-08-25T03:49:19.552000Z,588.652,133.0,274.0,27.362,0.0,0.0,0.0,13.358,6.684874,0.0,0.0,0.0
2020-08-25T03:49:21.419000Z,2020-08-25T03:49:21.533000Z,515.359,114.0,280.0,28.281,0.0,0.0,0.0,13.358,11.968654,0.0,0.0,0.0
2020-08-25T03:49:23.419000Z,2020-08-25T03:49:23.545000Z,550.673,126.0,274.0,26.589,0.0,0.0,0.0,13.358,6.306057,0.0,0.0,0.0
2020-08-25T03:49:25.419000Z,2020-08-25T03:49:25.569999Z,799.818,151.0,280.0,26.401,0.0,0.0,0.0,13.358,10.9167,0.0,0.0,0.0
2020-08-25T03:49:27.422000Z,2020-08-25T03:49:27.606000Z,947.63,184.0,270.0,27.418,0.0,0.0,0.0,13.358,9.886106,0.0,0.0,0.0
2020-08-25T03:49:29.424000Z,2020-08-25T03:49:29.593999Z,983.683,170.0,406.0,31.702,0.0,0.0,0.0,13.358,11.16159,0.0,0.0,0.0
2020-08-25T03:49:31.422000Z,2020-08-25T03:49:31.558000Z,711.81,136.0,418.0,32.573,0.0,0.0,0.0,13.358,9.724552,0.0,0.0,0.0
2020-08-25T03:49:33.418000Z,2020-08-25T03:49:33.520000Z,478.665,102.0,376.0,29.121,0.0,0.0,0.0,13.358,1.715289,0.0,0.0,0.0
2020-08-25T03:49:35.418000Z,2020-08-25T03:49:35.504000Z,315.157,86.0,366.0,30.172,0.0,0.0,0.0,13.358,9.707444,0.0,0.0,0.0
2020-08-25T03:49:37.418000Z,2020-08-25T03:49:37.493000Z,214.167,75.0,366.0,30.957,0.0,0.0,0.0,13.358,9.707444,0.0,0.0,0.0
2020-08-25T03:49:39.421000Z,2020-08-25T03:49:39.472000Z,108.713,51.0,366.0,26.364,0.0,0.0,0.0,13.358,9.707444,0.0,0.0,0.0
2020-08-25T03:49:41.421000Z,2020-08-25T03:49:41.481999Z,28.805,61.0,376.0,26.391,0.0,0.0,0.0,13.358,9.707444,0.0,0.0,0.0
2020-08-25T03:49:43.421000Z,2020-08-25T03:49:43.457000Z,21.689,36.0,284.0,26.864,0.0,0.0,0.0,13.358,2.39423,0.0,0.0,0.0
2020-08-25T03:49:45.422000Z,2020-08-25T03:49:45.568000Z,738.922,146.0,284.0,25.591,0.0,0.0,0.0,13.358,2.39423,0.0,0.0,0.0
2020-08-25T03:49:47.426000Z,2020-08-25T03:49:47.696000Z,1642.952,270.0,258.0,23.304,0.0,0.0,0.0,13.358,10.758861,0.0,0.0,0.0
2020-08-25T03:49:49.420000Z,2020-08-25T03:49:49.596000Z,1014.957,176.0,274.0,27.01,0.0,0.0,0.0,13.358,10.572731,0.0,0.0,0.0
2020-08-25T03:49:51.419000Z,2020-08-25T03:49:51.777000Z,1970.334,358.0,328.0,27.851,0.0,0.0,0.0,13.358,9.552464,0.0,0.0,0.0
2020-08-25T03:49:53.419000Z,2020-08-25T03:49:53.609000Z,1050.856,190.0,330.0,28.576,0.0,0.0,0.0,13.358,11.709709,0.0,0.0,0.0
2020-08-25T03:49:55.420000Z,2020-08-25T03:49:55.692000Z,1601.791,272.0,340.0,32.38,0.0,0.0,0.0,13.358,12.610025,0.0,0.0,0.0
2020-08-25T03:49:57.422000Z,2020-08-25T03:49:57.584000Z,846.107,162.0,358.0,30.387,0.0,0.0,0.0,13.358,10.045681,0.0,0.0,0.0
2020-08-25T03:49:59.423000Z,2020-08-25T03:49:59.523000Z,463.753,100.0,352.0,34.321,0.0,0.0,0.0,13.358,10.91304,0.0,0.0,0.0
2020-08-25T03:50:01.421000Z,2020-08-25T03:50:01.615000Z,947.38,194.0,4.0,30.862,0.0,0.0,0.0,13.358,11.727079,0.0,0.0,0.0
2020-08-25T03:50:03.422000Z,2020-08-25T03:50:03.593000Z,974.227,171.0,404.0,34.594,0.0,0.0,0.0,13.358,11.394308,0.0,0.0,0.0
2020-08-25T03:50:05.421000Z,2020-08-25T03:50:05.734000Z,1833.988,313.0,404.0,40.337,0.0,0.0,0.0,13.358,9.505684,0.0,0.0,0.0
2020-08-25T03:50:07.420000Z,2020-08-25T03:50:07.664000Z,1482.652,244.0,404.0,36.019,0.0,0.0,0.0,13.358,9.907792,0.0,0.0,0.0
2020-08-25T03:50:09.422000Z,2020-08-25T03:50:09.640000Z,1165.949,218.0,384.0,33.737,0.0,0.0,0.0,13.358,9.513915,0.0,0.0,0.0
2020-08-25T03:50:11.419000Z,2020-08-25T03:50:11.597000Z,1075.994,178.0,330.0,26.62,0.0,0.0,0.0,13.358,12.162567,0.0,0.0,0.0
2020-08-25T03:50:13.423000Z,2020-08-25T03:50:13.628000Z,965.298,205.0,324.0,32.613,0.0,0.0,0.0,13.358,10.656988,0.0,0.0,0.0
2020-08-25T03:50:15.420000Z,2020-08-25T03:50:15.599000Z,974.378,179.0,324.0,33.609,0.0,0.0,0.0,13.358,13.476498,0.0,0.0,0.0
2020-08-25T03:50:17.430000Z,2020-08-25T03:50:17.669000Z,1256.683,239.0,324.0,31.356,0.0,0.0,0.0,13.358,10.253788,0.0,0.0,0.0
2020-08-25T03:50:19.430000Z,2020-08-25T03:50:19.696000Z,1619.135,266.0,316.0,33.647,0.0,0.0,0.0,13.358,9.656648,0.0,0.0,0.0
2020-08-25T03:50:21.416999Z,2020-08-25T03:50:21.673999Z,1494.258,257.0,282.0,29.124,0.0,0.0,0.0,13.358,4.866195,0.0,0.0,0.0
2020-08-25T03:50:23.420000Z,2020-08-25T03:50:23.693000Z,1557.128,273.0,358.0,29.252,0.0,0.0,0.0,13.358,10.424025,0.0,0.0,0.0
2020-08-25T03:50:25.419000Z,2020-08-25T03:50:25.574000Z,523.566,155.0,360.0,32.193,0.0,0.0,0.0,13.358,10.323193,0.0,0.0,0.0
2020-08-25T03:50:27.425000Z,2020-08-25T03:50:27.513000Z,314.636,88.0,360.0,32.497,0.0,0.0,0.0,13.358,13.666071,0.0,0.0,0.0
2020-08-25T03:50:29.425000Z,2020-08-25T03:50:29.468000Z,59.618,43.0,360.0,28.809,0.0,0.0,0.0,13.358,11.822948,0.0,0.0,0.0
2020-08-25T03:50:31.422000Z,2020-08-25T03:50:31.641000Z,1103.476,219.0,352.0,26.702,0.0,0.0,0.0,13.358,2.081626,0.0,0.0,0.0
2020-08-25T03:50:33.419000Z,2020-08-25T03:50:33.655000Z,1286.651,236.0,322.0,30.138,0.0,0.0,0.0,13.358,11.568513,0.0,0.0,0.0
2020-08-25T03:50:35.420000Z,2020-08-25T03:50:35.664000Z,1803.618,244.0,308.0,27.503,0.0,0.0,0.0,13.358,11.109974,0.0,0.0,0.0
2020-08-25T03:50:37.423000Z,2020-08-25T03:50:37.620000Z,1082.246,197.0,316.0,30.275,0.0,0.0,0.0,13.358,9.184734,0.0,0.0,0.0
2020-08-25T03:50:39.422000Z,2020-08-25T03:50:39.571000Z,810.583,149.0,324.0,29.304,0.0,0.0,0.0,13.358,11.176787,0.0,0.0,0.0
2020-08-25T03:50:41.419000Z,2020-08-25T03:50:41.577999Z,852.345,159.0,316.0,26.821,0.0,0.0,0.0,13.358,11.228881,0.0,0.0,0.0
2020-08-25T03:50:43.419000Z,2020-08-25T03:50:43.696000Z,1698.454,277.0,322.0,27.721,0.0,0.0,0.0,13.358,11.315989,0.0,0.0,0.0
2020-08-25T03:50:45.422000Z,2020-08-25T03:50:45.580000Z,843.231,158.0,326.0,28.437,0.0,0.0,0.0,13.358,9.561894,0.0,0.0,0.0
2020-08-25T03:50:47.419000Z,2020-08-25T03:50:47.811000Z,2408.546,392.0,438.0,31.73,0.0,0.0,0.0,13.358,15.273123,0.0,0.0,0.0
2020-08-25T03:50:49.419000Z,2020-08-25T03:50:49.590000Z,750.792,171.0,438.0,44.203,0.0,0.0,0.0,13.358,9.257626,0.0,0.0,0.0
2020-08-25T03:50:51.416000Z,2020-08-25T03:50:51.537000Z,665.98,121.0,412.0,34.216,0.0,0.0,0.0,13.358,11.351563,0.0,0.0,0.0
2020-08-25T03:50:53.420000Z,2020-08-25T03:50:53.633999Z,1269.32,214.0,406.0,31.517,0.0,0.0,0.0,13.358,8.859099,0.0,0.0,0.0
2020-08-25T03:50:55.419000Z,2020-08-25T03:50:55.622000Z,1112.21,203.0,398.0,32.166,0.0,0.0,0.0,13.358,1.431395,0.0,0.0,0.0
2020-08-25T03:50:57.416000Z,2020-08-25T03:50:57.539000Z,621.6,123.0,352.0,35.715,0.0,0.0,0.0,13.358,11.603284,0.0,0.0,0.0
2020-08-25T03:50:59.426000Z,2020-08-25T03:50:59.606000Z,1107.242,180.0,360.0,31.282,0.0,0.0,0.0,13.358,9.837914,0.0,0.0,0.0
2020-08-25T03:51:01.425000Z,2020-08-25T03:51:01.528000Z,420.205,103.0,362.0,30.56,0.0,0.0,0.0,13.358,11.588278,0.0,0.0,0.0
2020-08-25T03:51:03.422000Z,2020-08-25T03:51:03.526000Z,424.867,104.0,368.0,27.931,0.0,0.0,0.0,13.358,8.941489,0.0,0.0,0.0
2020-08-25T03:51:05.421000Z,2020-08-25T03:51:05.523000Z,430.203,102.0,380.0,26.274,0.0,0.0,0.0,13.358,12.941463,0.0,0.0,0.0
2020-08-25T03:51:07.421000Z,2020-08-25T03:51:07.529000Z,396.381,108.0,380.0,28.549,0.0,0.0,0.0,13.358,8.028558,0.0,0.0,0.0
2020-08-25T03:51:09.421000Z,2020-08-25T03:51:09.513999Z,381.467,93.0,342.0,25.962,0.0,0.0,0.0,13.358,1.388662,0.0,0.0,0.0
2020-08-25T03:51:11.418000Z,2020-08-25T03:51:11.520000Z,429.729,102.0,336.0,24.827,0.0,0.0,0.0,13.358,12.852571,0.0,0.0,0.0
2020-08-25T03:51:13.420000Z,2020-08-25T03:51:13.606000Z,659.866,186.0,336.0,26.505,0.0,0.0,0.0,13.358,11.923915,0.0,0.0,0.0
2020-08-25T03:51:15.419000Z,2020-08-25T03:51:15.564000Z,681.835,145.0,339.0,41.833,0.0,0.0,0.0,13.358,7.738172,0.0,0.0,0.0
2020-08-25T03:51:17.427000Z,2020-08-25T03:51:17.556000Z,691.03,129.0,328.0,29.043,0.0,0.0,0.0,13.358,11.550837,0.0,0.0,0.0
2020-08-25T03:51:19.423000Z,2020-08-25T03:51:19.532000Z,503.172,109.0,360.0,25.739,0.0,0.0,0.0,13.358,14.068759,0.0,0.0,0.0
2020-08-25T03:51:21.422000Z,2020-08-25T03:51:21.529999Z,542.236,108.0,350.0,25.284,0.0,0.0,0.0,13.358,12.444374,0.0,0.0,0.0
2020-08-25T03:51:23.424000Z,2020-08-25T03:51:23.539000Z,457.108,115.0,345.0,28.391,0.0,0.0,0.0,13.358,11.273238,0.0,0.0,0.0
2020-08-25T03:51:25.421000Z,2020-08-25T03:51:25.542000Z,524.464,121.0,344.0,30.705,0.0,0.0,0.0,13.358,7.947132,0.0,0.0,0.0
2020-08-25T03:51:27.421000Z,2020-08-25T03:51:27.537999Z,521.454,117.0,344.0,32.011,0.0,0.0,0.0,13.358,10.12827,0.0,0.0,0.0
2020-08-25T03:51:29.418000Z,2020-08-25T03:51:29.503000Z,391.838,85.0,330.0,26.843,0.0,0.0,0.0,13.358,10.208149,0.0,0.0,0.0
2020-08-25T03:51:31.422000Z,2020-08-25T03:51:31.475000Z,121.32,53.0,324.0,28.902,0.0,0.0,0.0,13.358,10.805275,0.0,0.0,0.0
2020-08-25T03:51:33.416999Z,2020-08-25T03:51:33.673999Z,1390.735,257.0,322.0,24.361,0.0,0.0,0.0,13.358,10.805275,0.0,0.0,0.0
2020-08-25T03:51:35.426000Z,2020-08-25T03:51:35.677000Z,1459.328,251.0,316.0,30.063,0.0,0.0,0.0,13.358,7.792169,0.0,0.0,0.0
2020-08-25T03:51:37.420000Z,2020-08-25T03:51:37.667000Z,1397.984,247.0,316.0,48.822,0.0,0.0,0.0,13.358,9.591328,0.0,0.0,0.0
2020-08-25T03:51:39.422000Z,2020-08-25T03:51:39.612000Z,966.797,190.0,302.0,37.786,0.0,0.0,0.0,13.358,10.102152,0.0,0.0,0.0
2020-08-25T03:51:41.422000Z,2020-08-25T03:51:41.641999Z,1262.874,220.0,340.0,30.771,0.0,0.0,0.0,13.358,10.634026,0.0,0.0,0.0
2020-08-25T03:51:43.418000Z,2020-08-25T03:51:43.639000Z,1096.514,221.0,402.0,33.211,0.0,0.0,0.0,13.358,9.783569,0.0,0.0,0.0
2020-08-25T03:51:45.419000Z,2020-08-25T03:51:45.542000Z,589.626,123.0,384.0,34.81,0.0,0.0,0.0,13.358,7.675164,0.0,0.0,0.0
2020-08-25T03:51:47.423000Z,2020-08-25T03:51:47.613000Z,1205.001,190.0,364.0,29.921,0.0,0.0,0.0,13.358,11.769667,0.0,0.0,0.0
2020-08-25T03:51:49.419000Z,2020-08-25T03:51:49.540000Z,524.055,121.0,360.0,33.034,0.0,0.0,0.0,13.358,9.325165,0.0,0.0,0.0
2020-08-25T03:51:51.425000Z,2020-08-25T03:51:51.542000Z,660.28,117.0,370.0,33.283,0.0,0.0,0.0,13.358,10.351252,0.0,0.0,0.0
2020-08-25T03:51:53.426000Z,2020-08-25T03:51:53.622000Z,1115.277,196.0,360.0,32.138,0.0,0.0,0.0,13.358,9.91551,0.0,0.0,0.0
2020-08-25T03:51:55.421000Z,2020-08-25T03:51:55.897999Z,2302.884,477.0,358.0,32.074,0.0,0.0,0.0,13.358,10.17407,0.0,0.0,0.0
2020-08-25T03:51:57.416999Z,2020-08-25T03:51:57.702000Z,1396.033,285.0,360.0,29.032,0.0,0.0,0.0,13.358,0.974049,0.0,0.0,0.0
2020-08-25T03:51:59.419000Z,2020-08-25T03:51:59.641000Z,1175.47,222.0,350.0,35.043,0.0,0.0,0.0,13.358,4.411306,0.0,0.0,0.0
2020-08-25T03:52:01.419000Z,2020-08-25T03:52:01.569999Z,578.011,151.0,342.0,32.469,0.0,0.0,0.0,13.358,8.192095,0.0,0.0,0.0
2020-08-25T03:52:03.419000Z,2020-08-25T03:52:03.542000Z,621.966,123.0,342.0,35.229,0.0,0.0,0.0,13.358,10.970742,0.0,0.0,0.0
2020-08-25T03:52:05.426000Z,2020-08-25T03:52:05.660000Z,1244.36,234.0,352.0,34.044,0.0,0.0,0.0,13.358,9.196076,0.0,0.0,0.0
2020-08-25T03:52:07.419000Z,2020-08-25T03:52:07.651000Z,1114.472,232.0,342.0,31.585,0.0,0.0,0.0,13.358,12.535405,0.0,0.0,0.0
2020-08-25T03:52:09.421000Z,2020-08-25T03:52:09.753000Z,2127.455,332.0,308.0,31.332,0.0,0.0,0.0,13.358,6.214592,0.0,0.0,0.0
2020-08-25T03:52:11.420000Z,2020-08-25T03:52:11.683000Z,1514.108,263.0,346.0,33.703,0.0,0.0,0.0,13.358,11.25056,0.0,0.0,0.0
2020-08-25T03:52:13.419000Z,2020-08-25T03:52:13.593000Z,930.325,174.0,346.0,27.239,0.0,0.0,0.0,13.358,11.125537,0.0,0.0,0.0
2020-08-25T03:52:15.422000Z,2020-08-25T03:52:15.635000Z,1185.671,213.0,346.0,38.013,0.0,0.0,0.0,13.358,7.675996,0.0,0.0,0.0
2020-08-25T03:52:17.420000Z,2020-08-25T03:52:17.686000Z,1627.677,266.0,356.0,31.574,0.0,0.0,0.0,13.358,9.704593,0.0,0.0,0.0
2020-08-25T03:52:19.423000Z,2020-08-25T03:52:19.683000Z,1564.521,260.0,330.0,30.143,0.0,0.0,0.0,13.358,11.518776,0.0,0.0,0.0
2020-08-25T03:52:21.419000Z,2020-08-25T03:52:21.657000Z,1271.823,238.0,338.0,32.363,0.0,0.0,0.0,13.358,8.750741,0.0,0.0,0.0
2020-08-25T03:52:23.426000Z,2020-08-25T03:52:23.574000Z,745.928,148.0,380.0,38.388,0.0,0.0,0.0,13.358,11.570011,0.0,0.0,0.0
2020-08-25T03:52:25.423000Z,2020-08-25T03:52:25.657000Z,1055.797,234.0,380.0,29.59,0.0,0.0,0.0,13.358,12.680548,0.0,0.0,0.0
2020-08-25T03:52:27.423000Z,2020-08-25T03:52:27.645000Z,1389.218,222.0,374.0,31.177,0.0,0.0,0.0,13.358,12.773957,0.0,0.0,0.0
2020-08-25T03:52:29.426000Z,2020-08-25T03:52:29.641999Z,1338.759,216.0,402.0,32.865,0.0,0.0,0.0,13.358,14.672135,0.0,0.0,0.0
2020-08-25T03:52:31.424000Z,2020-08-25T03:52:31.616000Z,1080.554,192.0,420.0,33.167,0.0,0.0,0.0,13.358,12.398684,0.0,0.0,0.0
2020-08-25T03:52:33.422000Z,2020-08-25T03:52:33.604000Z,1029.102,182.0,410.0,36.037,0.0,0.0,0.0,13.358,11.273643,0.0,0.0,0.0
2020-08-25T03:52:35.419000Z,2020-08-25T03:52:35.569000Z,905.306,150.0,400.0,31.491,0.0,0.0,0.0,13.358,1.487148,0.0,0.0,0.0
2020-08-25T03:52:37.419000Z,2020-08-25T03:52:37.645000Z,1172.19,226.0,390.0,32.311,0.0,0.0,0.0,13.358,10.420311,0.0,0.0,0.0
2020-08-25T03:52:39.422000Z,2020-08-25T03:52:39.574000Z,790.506,152.0,396.0,34.334,0.0,0.0,0.0,13.358,12.282459,0.0,0.0,0.0
2020-08-25T03:52:41.425000Z,2020-08-25T03:52:41.552000Z,586.997,127.0,410.0,25.928,0.0,0.0,0.0,13.358,10.512893,0.0,0.0,0.0
2020-08-25T03:52:43.422000Z,2020-08-25T03:52:43.606000Z,868.304,184.0,396.0,29.34,0.0,0.0,0.0,13.358,11.848069,0.0,0.0,0.0
2020-08-25T03:52:45.425000Z,2020-08-25T03:52:45.551000Z,580.043,126.0,390.0,26.96,0.0,0.0,0.0,13.358,12.33342,0.0,0.0,0.0
2020-08-25T03:52:47.416999Z,2020-08-25T03:52:47.603000Z,976.606,186.0,396.0,27.78,0.0,0.0,0.0,13.358,9.89427,0.0,0.0,0.0
2020-08-25T03:52:49.423000Z,2020-08-25T03:52:49.607000Z,764.071,184.0,300.0,28.637,0.0,0.0,0.0,13.358,10.091209,0.0,0.0,0.0
2020-08-25T03:52:51.423000Z,2020-08-25T03:52:51.596000Z,837.262,173.0,308.0,28.6,0.0,0.0,0.0,13.358,5.184766,0.0,0.0,0.0
2020-08-25T03:52:53.672000Z,2020-08-25T03:52:53.824000Z,818.69,152.0,300.0,30.783,0.0,0.0,0.0,13.358,12.334091,0.0,0.0,0.0
2020-08-25T03:52:55.672000Z,2020-08-25T03:52:55.905000Z,1274.862,233.0,304.0,27.801,0.0,0.0,0.0,13.358,11.808652,0.0,0.0,0.0
2020-08-25T03:52:57.672000Z,2020-08-25T03:52:57.865000Z,1030.794,193.0,298.0,32.063,0.0,0.0,0.0,13.358,10.342325,0.0,0.0,0.0
2020-08-25T03:52:59.671000Z,2020-08-25T03:52:59.830000Z,835.793,159.0,402.0,28.679,0.0,0.0,0.0,13.358,11.766112,0.0,0.0,0.0
2020-08-25T03:53:01.675000Z,2020-08-25T03:53:01.830000Z,871.621,155.0,402.0,34.786,0.0,0.0,0.0,13.358,10.944526,0.0,0.0,0.0
2020-08-25T03:53:03.671000Z,2020-08-25T03:53:03.856000Z,925.435,185.0,402.0,34.518,0.0,0.0,0.0,13.358,8.227046,0.0,0.0,0.0
2020-08-25T03:53:05.672999Z,2020-08-25T03:53:05.862000Z,1030.959,189.0,402.0,35.521,0.0,0.0,0.0,13.358,14.513878,0.0,0.0,0.0
2020-08-25T03:53:07.672000Z,2020-08-25T03:53:07.847000Z,939.009,175.0,392.0,37.86,0.0,0.0,0.0,13.358,10.711696,0.0,0.0,0.0
2020-08-25T03:53:09.669000Z,2020-08-25T03:53:09.879000Z,1030.012,210.0,400.0,32.855,0.0,0.0,0.0,13.358,13.39567,0.0,0.0,0.0
2020-08-25T03:53:11.672000Z,2020-08-25T03:53:11.859000Z,1092.198,187.0,382.0,32.315,0.0,0.0,0.0,13.358,7.993375,0.0,0.0,0.0
2020-08-25T03:53:13.505000Z,2020-08-25T03:53:13.696000Z,960.896,191.0,392.0,33.272,0.0,0.0,0.0,13.358,0.66378,0.0,0.0,0.0
2020-08-25T03:53:15.672999Z,2020-08-25T03:53:15.904000Z,1312.31,231.0,392.0,32.491,0.0,0.0,0.0,13.358,11.862029,0.0,0.0,0.0
2020-08-25T03:53:17.672999Z,2020-08-25T03:53:17.897000Z,1321.013,224.0,392.0,36.734,0.0,0.0,0.0,13.358,11.383546,0.0,0.0,0.0
2020-08-25T03:53:19.672000Z,2020-08-25T03:53:19.856000Z,1030.424,184.0,380.0,32.927,0.0,0.0,0.0,13.358,13.566687,0.0,0.0,0.0
2020-08-25T03:53:21.675000Z,2020-08-25T03:53:21.873999Z,989.736,199.0,364.0,34.39,0.0,0.0,0.0,13.358,9.905519,0.0,0.0,0.0
2020-08-25T03:53:23.671000Z,2020-08-25T03:53:23.805000Z,757.082,134.0,372.0,31.15,0.0,0.0,0.0,13.358,1.369655,0.0,0.0,0.0
2020-08-25T03:53:25.672000Z,2020-08-25T03:53:25.835000Z,791.694,163.0,364.0,29.716,0.0,0.0,0.0,13.358,12.490705,0.0,0.0,0.0
2020-08-25T03:53:27.676000Z,2020-08-25T03:53:27.877000Z,994.9,201.0,356.0,32.356,0.0,0.0,0.0,13.358,9.257006,0.0,0.0,0.0
2020-08-25T03:53:29.672000Z,2020-08-25T03:53:29.851000Z,950.121,179.0,396.0,34.709,0.0,0.0,0.0,13.358,10.560777,0.0,0.0,0.0
2020-08-25T03:53:31.669000Z,2020-08-25T03:53:31.881999Z,1119.355,213.0,396.0,31.772,0.0,0.0,0.0,13.358,12.058131,0.0,0.0,0.0
2020-08-25T03:53:33.668000Z,2020-08-25T03:53:33.878000Z,787.431,210.0,392.0,36.633,0.0,0.0,0.0,13.358,8.654786,0.0,0.0,0.0
2020-08-25T03:53:35.679000Z,2020-08-25T03:53:36.029000Z,827.431,350.0,398.0,30.731,0.0,0.0,0.0,13.358,13.583826,0.0,0.0,0.0
2020-08-25T03:53:37.470000Z,2020-08-25T03:53:37.692000Z,772.978,222.0,412.0,31.808,0.0,0.0,0.0,13.358,12.34468,0.0,0.0,0.0
2020-08-25T03:53:39.670000Z,2020-08-25T03:53:39.909000Z,1164.884,239.0,422.0,34.54,0.0,0.0,0.0,13.358,12.910974,0.0,0.0,0.0
2020-08-25T03:53:41.672000Z,2020-08-25T03:53:42.030000Z,1197.241,358.0,354.0,33.344,0.0,0.0,0.0,13.358,5.225578,0.0,0.0,0.0
2020-08-25T03:53:43.671000Z,2020-08-25T03:53:43.987000Z,1873.484,316.0,302.0,30.539,0.0,0.0,0.0,13.358,11.929024,0.0,0.0,0.0
2020-08-25T03:53:45.669000Z,2020-08-25T03:53:46.005000Z,1879.449,336.0,322.0,32.633,0.0,0.0,0.0,13.358,12.199962,0.0,0.0,0.0
2020-08-25T03:53:47.681000Z,2020-08-25T03:53:47.971000Z,1816.679,290.0,350.0,29.705,0.0,0.0,0.0,13.358,8.179051,0.0,0.0,0.0
2020-08-25T03:53:49.670000Z,2020-08-25T03:53:49.971000Z,1844.764,301.0,350.0,35.915,0.0,0.0,0.0,13.358,12.691245,0.0,0.0,0.0
2020-08-25T03:53:51.671000Z,2020-08-25T03:53:51.961000Z,1733.093,290.0,462.0,41.749,0.0,0.0,0.0,13.358,10.843532,0.0,0.0,0.0
2020-08-25T03:53:53.671000Z,2020-08-25T03:53:53.945999Z,1559.813,275.0,368.0,41.066,0.0,0.0,0.0,13.358,11.088801,0.0,0.0,0.0
2020-08-25T03:53:55.672999Z,2020-08-25T03:53:55.903000Z,1396.174,230.0,376.0,40.077,0.0,0.0,0.0,13.358,10.070839,0.0,0.0,0.0
2020-08-25T03:53:57.670000Z,2020-08-25T03:53:57.913999Z,1412.463,244.0,338.0,34.513,0.0,0.0,0.0,13.358,10.112846,0.0,0.0,0.0
2020-08-25T03:53:59.670000Z,2020-08-25T03:53:59.897999Z,1370.457,228.0,338.0,30.551,0.0,0.0,0.0,13.358,10.777912,0.0,0.0,0.0
2020-08-25T03:54:01.675000Z,2020-08-25T03:54:02.057000Z,2285.027,382.0,340.0,30.709,0.0,0.0,0.0,13.358,10.492753,0.0,0.0,0.0
2020-08-25T03:54:03.673999Z,2020-08-25T03:54:03.961000Z,1872.021,287.0,408.0,37.003,0.0,0.0,0.0,13.358,11.845037,0.0,0.0,0.0
2020-08-25T03:54:05.682000Z,2020-08-25T03:54:05.881000Z,1004.891,199.0,416.0,41.263,0.0,0.0,0.0,13.358,10.376419,0.0,0.0,0.0
2020-08-25T03:54:07.672000Z,2020-08-25T03:54:07.860000Z,1070.88,188.0,424.0,31.683,0.0,0.0,0.0,13.358,1.082081,0.0,0.0,0.0
2020-08-25T03:54:09.671000Z,2020-08-25T03:54:10.015000Z,1817.583,344.0,410.0,37.154,0.0,0.0,0.0,13.358,9.86958,0.0,0.0,0.0
2020-08-25T03:54:11.670000Z,2020-08-25T03:54:12.055000Z,2357.255,385.0,410.0,33.439,0.0,0.0,0.0,13.358,9.65283,0.0,0.0,0.0
2020-08-25T03:54:13.672000Z,2020-08-25T03:54:14.012000Z,2422.033,340.0,364.0,38.804,0.0,0.0,0.0,13.358,11.868852,0.0,0.0,0.0
2020-08-25T03:54:15.672999Z,2020-08-25T03:54:16.007000Z,1812.032,334.0,376.0,35.394,0.0,0.0,0.0,13.358,13.435334,0.0,0.0,0.0
2020-08-25T03:54:17.670000Z,2020-08-25T03:54:17.942000Z,1675.019,272.0,382.0,31.546,0.0,0.0,0.0,14.17,11.936617,0.0,0.0,0.0
2020-08-25T03:54:19.677000Z,2020-08-25T03:54:20.055000Z,2123.613,378.0,384.0,37.15,0.0,0.0,0.0,14.17,11.634698,0.0,0.0,0.0
2020-08-25T03:54:21.673999Z,2020-08-25T03:54:22.037000Z,2071.506,363.0,404.0,28.517,0.0,0.0,0.0,14.17,10.257811,0.0,0.0,0.0
2020-08-25T03:54:23.673999Z,2020-08-25T03:54:24.006000Z,2093.188,332.0,556.0,53.903,0.0,0.0,0.0,14.17,12.191855,0.0,0.0,0.0
2020-08-25T03:54:25.676000Z,2020-08-25T03:54:25.908000Z,1465.883,232.0,482.0,40.312,0.0,0.0,0.0,14.17,12.879207,0.0,0.0,0.0
2020-08-25T03:54:27.667000Z,2020-08-25T03:54:27.896000Z,1295.243,229.0,434.0,39.328,0.0,0.0,0.0,14.17,13.228458,0.0,0.0,0.0
2020-08-25T03:54:29.670000Z,2020-08-25T03:54:30.041000Z,2018.502,371.0,412.0,40.309,0.0,0.0,0.0,14.17,9.69631,0.0,0.0,0.0
2020-08-25T03:54:31.670000Z,2020-08-25T03:54:31.987000Z,2025.321,317.0,392.0,36.92,0.0,0.0,0.0,14.17,8.897385,0.0,0.0,0.0
2020-08-25T03:54:33.672000Z,2020-08-25T03:54:33.859000Z,1302.349,187.0,384.0,37.563,0.0,0.0,0.0,14.17,11.562872,0.0,0.0,0.0
2020-08-25T03:54:35.671000Z,2020-08-25T03:54:36.013000Z,2097.734,342.0,402.0,31.152,0.0,0.0,0.0,14.17,1.106908,0.0,0.0,0.0
2020-08-25T03:54:37.672999Z,2020-08-25T03:54:37.996000Z,2021.128,323.0,364.0,36.669,0.0,0.0,0.0,14.17,13.340291,0.0,0.0,0.0
2020-08-25T03:54:39.670000Z,2020-08-25T03:54:40.067000Z,2206.957,397.0,322.0,29.97,0.0,0.0,0.0,14.17,10.545753,0.0,0.0,0.0
2020-08-25T03:54:41.672999Z,2020-08-25T03:54:41.968000Z,1758.406,295.0,324.0,29.518,0.0,0.0,0.0,14.17,10.381491,0.0,0.0,0.0
2020-08-25T03:54:43.669000Z,2020-08-25T03:54:43.913000Z,1400.749,244.0,318.0,32.736,0.0,0.0,0.0,14.17,10.00699,0.0,0.0,0.0
2020-08-25T03:54:45.668000Z,2020-08-25T03:54:45.977000Z,1833.688,309.0,310.0,31.309,0.0,0.0,0.0,14.17,9.813971,0.0,0.0,0.0
2020-08-25T03:54:47.670000Z,2020-08-25T03:54:47.964000Z,1588.337,294.0,310.0,32.964,0.0,0.0,0.0,14.17,9.607029,0.0,0.0,0.0
2020-08-25T03:54:49.672999Z,2020-08-25T03:54:49.897000Z,1144.216,224.0,336.0,29.113,0.0,0.0,0.0,14.17,11.616664,0.0,0.0,0.0
2020-08-25T03:54:51.672000Z,2020-08-25T03:54:51.875000Z,1201.342,203.0,326.0,32.5,0.0,0.0,0.0,14.17,10.436441,0.0,0.0,0.0
2020-08-25T03:54:53.676000Z,2020-08-25T03:54:53.897000Z,1273.569,221.0,326.0,33.42,0.0,0.0,0.0,14.17,11.195876,0.0,0.0,0.0
2020-08-25T03:54:55.668000Z,2020-08-25T03:54:56.073000Z,938.325,405.0,330.0,28.916,0.0,0.0,0.0,14.17,1.615006,0.0,0.0,0.0
2020-08-25T03:54:57.676000Z,2020-08-25T03:54:57.840000Z,835.177,164.0,324.0,27.809,0.0,0.0,0.0,14.17,14.247191,0.0,0.0,0.0
2020-08-25T03:54:59.670000Z,2020-08-25T03:54:59.888000Z,1254.794,218.0,324.0,27.349,0.0,0.0,0.0,14.17,14.217591,0.0,0.0,0.0
2020-08-25T03:55:01.670000Z,2020-08-25T03:55:01.958000Z,1381.391,288.0,324.0,29.877,0.0,0.0,0.0,14.17,11.382427,0.0,0.0,0.0
2020-08-25T03:55:03.672999Z,2020-08-25T03:55:03.855000Z,811.762,182.0,324.0,39.681,0.0,0.0,0.0,14.17,13.716695,0.0,0.0,0.0
2020-08-25T03:55:05.669000Z,2020-08-25T03:55:05.839000Z,968.646,170.0,320.0,31.281,0.0,0.0,0.0,14.17,13.075006,0.0,0.0,0.0
2020-08-25T03:55:07.669000Z,2020-08-25T03:55:07.888000Z,1103.224,219.0,314.0,31.022,0.0,0.0,0.0,14.17,7.773299,0.0,0.0,0.0
2020-08-25T03:55:09.675000Z,2020-08-25T03:55:09.843000Z,1086.835,168.0,366.0,29.165,0.0,0.0,0.0,14.17,11.35313,0.0,0.0,0.0
2020-08-25T03:55:11.668000Z,2020-08-25T03:55:11.777999Z,531.982,110.0,332.0,35.953,0.0,0.0,0.0,14.17,8.480714,0.0,0.0,0.0
2020-08-25T03:55:13.676000Z,2020-08-25T03:55:13.836000Z,732.859,160.0,340.0,29.786,0.0,0.0,0.0,14.17,12.547894,0.0,0.0,0.0
2020-08-25T03:55:15.672999Z,2020-08-25T03:55:15.817999Z,782.944,145.0,320.0,27.19,0.0,0.0,0.0,14.17,11.190022,0.0,0.0,0.0
2020-08-25T03:55:17.669000Z,2020-08-25T03:55:17.805000Z,781.976,136.0,338.0,29.456,0.0,0.0,0.0,14.17,12.17766,0.0,0.0,0.0
2020-08-25T03:55:19.670000Z,2020-08-25T03:55:19.873000Z,1019.965,203.0,326.0,25.693,0.0,0.0,0.0,14.17,10.549956,0.0,0.0,0.0
2020-08-25T03:55:21.669000Z,2020-08-25T03:55:21.894000Z,1320.001,225.0,334.0,31.466,0.0,0.0,0.0,14.17,12.884266,0.0,0.0,0.0
2020-08-25T03:55:23.672999Z,2020-08-25T03:55:23.888000Z,1303.929,215.0,326.0,29.757,0.0,0.0,0.0,14.17,8.478399,0.0,0.0,0.0
2020-08-25T03:55:25.675000Z,2020-08-25T03:55:25.846000Z,835.25,171.0,324.0,31.775,0.0,0.0,0.0,14.17,9.53633,0.0,0.0,0.0
2020-08-25T03:55:27.672999Z,2020-08-25T03:55:27.881000Z,1002.295,208.0,324.0,47.04,0.0,0.0,0.0,14.17,8.156214,0.0,0.0,0.0
2020-08-25T03:55:29.676000Z,2020-08-25T03:55:29.891000Z,1071.803,215.0,314.0,33.26,0.0,0.0,0.0,14.17,8.584712,0.0,0.0,0.0
2020-08-25T03:55:31.671000Z,2020-08-25T03:55:31.952000Z,1607.796,281.0,302.0,31.649,0.0,0.0,0.0,14.17,9.340506,0.0,0.0,0.0
2020-08-25T03:55:33.671000Z,2020-08-25T03:55:33.957000Z,1844.422,286.0,280.0,24.806,0.0,0.0,0.0,13.802,10.490846,0.0,0.0,0.0
2020-08-25T03:55:35.672999Z,2020-08-25T03:55:35.907000Z,1344.98,234.0,270.0,35.971,0.0,0.0,0.0,13.802,9.439595,0.0,0.0,0.0
2020-08-25T03:55:37.672999Z,2020-08-25T03:55:37.955000Z,1625.105,282.0,322.0,33.669,0.0,0.0,0.0,13.802,10.706832,0.0,0.0,0.0
2020-08-25T03:55:39.670000Z,2020-08-25T03:55:39.949000Z,1918.932,279.0,322.0,39.254,0.0,0.0,0.0,13.802,8.387538,0.0,0.0,0.0
2020-08-25T03:55:41.675000Z,2020-08-25T03:55:42.019000Z,1774.769,344.0,314.0,32.171,0.0,0.0,0.0,13.802,9.392514,0.0,0.0,0.0
2020-08-25T03:55:43.670000Z,2020-08-25T03:55:43.977000Z,1802.875,307.0,320.0,32.304,0.0,0.0,0.0,13.802,2.028437,0.0,0.0,0.0
2020-08-25T03:55:45.672999Z,2020-08-25T03:55:45.974000Z,1828.933,301.0,494.0,42.687,0.0,0.0,0.0,13.802,9.208313,0.0,0.0,0.0
2020-08-25T03:55:47.672999Z,2020-08-25T03:55:47.945000Z,1585.697,272.0,418.0,38.878,0.0,0.0,0.0,13.802,11.352448,0.0,0.0,0.0
2020-08-25T03:55:49.669000Z,2020-08-25T03:55:49.867000Z,929.738,198.0,418.0,43.915,0.0,0.0,0.0,13.802,14.094633,0.0,0.0,0.0
2020-08-25T03:55:51.671000Z,2020-08-25T03:55:51.901000Z,1249.709,230.0,382.0,38.661,0.0,0.0,0.0,13.802,10.984943,0.0,0.0,0.0
2020-08-25T03:55:53.669000Z,2020-08-25T03:55:53.878000Z,1045.53,209.0,364.0,33.513,0.0,0.0,0.0,13.802,13.33325,0.0,0.0,0.0
2020-08-25T03:55:55.672999Z,2020-08-25T03:55:56.078000Z,927.959,405.0,364.0,36.981,0.0,0.0,0.0,13.802,10.478621,0.0,0.0,0.0
2020-08-25T03:55:57.675000Z,2020-08-25T03:55:57.929999Z,1267.341,255.0,266.0,25.724,0.0,0.0,0.0,13.518,8.805812,0.0,0.0,0.0
2020-08-25T03:55:59.676000Z,2020-08-25T03:55:59.958000Z,1586.641,282.0,260.0,35.614,0.0,0.0,0.0,13.518,5.818563,0.0,0.0,0.0
2020-08-25T03:56:01.670000Z,2020-08-25T03:56:01.943000Z,1571.932,273.0,268.0,29.158,0.0,0.0,0.0,13.518,7.490257,0.0,0.0,0.0
2020-08-25T03:56:03.673999Z,2020-08-25T03:56:03.942000Z,1465.871,268.0,264.0,25.614,0.0,0.0,0.0,13.518,9.04215,0.0,0.0,0.0
2020-08-25T03:56:05.671000Z,2020-08-25T03:56:05.901000Z,1390.275,230.0,264.0,27.345,0.0,0.0,0.0,13.518,11.239143,0.0,0.0,0.0
2020-08-25T03:56:07.672999Z,2020-08-25T03:56:07.955000Z,1513.817,282.0,308.0,25.099,0.0,0.0,0.0,13.518,8.809929,0.0,0.0,0.0
2020-08-25T03:56:09.670000Z,2020-08-25T03:56:09.833999Z,926.237,164.0,314.0,29.373,0.0,0.0,0.0,13.518,12.026326,0.0,0.0,0.0
2020-08-25T03:56:11.671000Z,2020-08-25T03:56:11.942000Z,1503.827,271.0,312.0,25.887,0.0,0.0,0.0,13.518,8.182892,0.0,0.0,0.0
2020-08-25T03:56:13.672000Z,2020-08-25T03:56:13.832000Z,872.008,160.0,320.0,36.458,0.0,0.0,0.0,13.518,9.318722,0.0,0.0,0.0
2020-08-25T03:56:15.672000Z,2020-08-25T03:56:15.831000Z,764.984,159.0,326.0,30.601,0.0,0.0,0.0,13.518,8.70489,0.0,0.0,0.0
2020-08-25T03:56:17.669000Z,2020-08-25T03:56:17.856000Z,820.97,187.0,320.0,28.354,0.0,0.0,0.0,13.518,10.664201,0.0,0.0,0.0
2020-08-25T03:56:19.676000Z,2020-08-25T03:56:19.830000Z,784.663,154.0,318.0,29.781,0.0,0.0,0.0,13.518,10.885977,0.0,0.0,0.0
2020-08-25T03:56:21.668000Z,2020-08-25T03:56:21.833999Z,892.332,166.0,312.0,27.291,0.0,0.0,0.0,13.518,9.469099,0.0,0.0,0.0
2020-08-25T03:56:23.669000Z,2020-08-25T03:56:23.837000Z,897.341,168.0,440.0,30.863,0.0,0.0,0.0,13.518,10.608554,0.0,0.0,0.0
2020-08-25T03:56:25.669000Z,2020-08-25T03:56:25.827000Z,895.385,158.0,320.0,29.12,0.0,0.0,0.0,13.518,10.69578,0.0,0.0,0.0
2020-08-25T03:56:27.672999Z,2020-08-25T03:56:27.974000Z,1687.974,301.0,326.0,32.202,0.0,0.0,0.0,13.518,10.725587,0.0,0.0,0.0
2020-08-25T03:56:29.672999Z,2020-08-25T03:56:29.987000Z,1884.821,314.0,338.0,31.439,0.0,0.0,0.0,13.518,10.507853,0.0,0.0,0.0
2020-08-25T03:56:31.677000Z,2020-08-25T03:56:31.917000Z,1284.296,240.0,280.0,28.104,0.0,0.0,0.0,12.989,0.932346,0.0,0.0,0.0
2020-08-25T03:56:33.673999Z,2020-08-25T03:56:34.397000Z,1918.725,723.0,274.0,28.71,0.0,0.0,0.0,12.989,10.293016,0.0,0.0,0.0
2020-08-25T03:56:35.670000Z,2020-08-25T03:56:35.904000Z,1096.826,234.0,254.0,29.349,0.0,0.0,0.0,12.989,6.485562,0.0,0.0,0.0
2020-08-25T03:56:37.673999Z,2020-08-25T03:56:37.965000Z,1405.556,291.0,244.0,27.001,0.0,0.0,0.0,12.989,7.549847,0.0,0.0,0.0
2020-08-25T03:56:39.671000Z,2020-08-25T03:56:39.967000Z,1446.378,296.0,246.0,30.079,0.0,0.0,0.0,12.989,6.133771,0.0,0.0,0.0
2020-08-25T03:56:41.670000Z,2020-08-25T03:56:41.955000Z,1266.679,285.0,280.0,27.122,0.0,0.0,0.0,12.989,7.550215,0.0,0.0,0.0
2020-08-25T03:56:43.672000Z,2020-08-25T03:56:43.843000Z,1020.61,171.0,410.0,40.348,0.0,0.0,0.0,12.989,8.543819,0.0,0.0,0.0
2020-08-25T03:56:45.669000Z,2020-08-25T03:56:45.903000Z,1310.917,234.0,380.0,31.158,0.0,0.0,0.0,12.989,9.333244,0.0,0.0,0.0
2020-08-25T03:56:47.675000Z,2020-08-25T03:56:47.869000Z,1164.511,194.0,352.0,33.924,0.0,0.0,0.0,12.989,12.361082,0.0,0.0,0.0
2020-08-25T03:56:49.676000Z,2020-08-25T03:56:49.991000Z,1569.371,315.0,316.0,29.16,0.0,0.0,0.0,12.989,11.579718,0.0,0.0,0.0
2020-08-25T03:56:51.672999Z,2020-08-25T03:56:51.936000Z,1560.328,263.0,316.0,32.125,0.0,0.0,0.0,12.989,8.659814,0.0,0.0,0.0
2020-08-25T03:56:53.673999Z,2020-08-25T03:56:53.821000Z,760.251,147.0,306.0,28.931,0.0,0.0,0.0,12.989,9.264097,0.0,0.0,0.0
2020-08-25T03:56:55.673999Z,2020-08-25T03:56:55.751000Z,255.175,77.0,308.0,27.768,0.0,0.0,0.0,12.989,8.436838,0.0,0.0,0.0
2020-08-25T03:56:57.669000Z,2020-08-25T03:56:58.105000Z,975.6,436.0,308.0,26.023,0.0,0.0,0.0,12.989,8.436838,0.0,0.0,0.0
2020-08-25T03:56:59.932999Z,2020-08-25T03:57:00.147000Z,951.21,214.0,248.0,31.409,0.0,0.0,0.0,12.989,11.794401,0.0,0.0,0.0
2020-08-25T03:57:01.918000Z,2020-08-25T03:57:02.134000Z,1211.618,216.0,248.0,30.958,0.0,0.0,0.0,12.989,5.379427,0.0,0.0,0.0
2020-08-25T03:57:03.719000Z,2020-08-25T03:57:04.055000Z,2068.879,336.0,296.0,32.114,0.0,0.0,0.0,12.989,9.443111,0.0,0.0,0.0
2020-08-25T03:57:05.919000Z,2020-08-25T03:57:06.243000Z,1825.307,324.0,308.0,32.171,0.0,0.0,0.0,12.989,9.594036,0.0,0.0,0.0
2020-08-25T03:57:07.925000Z,2020-08-25T03:57:08.329999Z,996.807,405.0,308.0,34.857,0.0,0.0,0.0,12.989,9.548387,0.0,0.0,0.0
2020-08-25T03:57:09.932999Z,2020-08-25T03:57:10.317000Z,2073.71,384.0,336.0,27.114,0.0,0.0,0.0,12.989,11.556826,0.0,0.0,0.0
2020-08-25T03:57:11.919000Z,2020-08-25T03:57:12.204000Z,1700.504,285.0,304.0,35.865,0.0,0.0,0.0,12.989,7.98777,0.0,0.0,0.0
2020-08-25T03:57:13.919000Z,2020-08-25T03:57:14.256000Z,1500.904,337.0,318.0,28.03,0.0,0.0,0.0,12.989,11.804967,0.0,0.0,0.0
2020-08-25T03:57:15.916999Z,2020-08-25T03:57:16.073000Z,775.347,156.0,338.0,40.764,0.0,0.0,0.0,12.989,7.534949,0.0,0.0,0.0
2020-08-25T03:57:17.924000Z,2020-08-25T03:57:18.406000Z,2779.789,482.0,338.0,33.615,0.0,0.0,0.0,12.989,13.759316,0.0,0.0,0.0
2020-08-25T03:57:19.929999Z,2020-08-25T03:57:20.592000Z,3643.356,662.0,330.0,36.072,0.0,0.0,0.0,12.989,9.883322,0.0,0.0,0.0
2020-08-25T03:57:21.920000Z,2020-08-25T03:57:21.993000Z,261.155,73.0,348.0,37.925,0.0,0.0,0.0,12.989,8.369719,0.0,0.0,0.0
2020-08-25T03:57:23.926000Z,2020-08-25T03:57:24.253000Z,1747.525,327.0,320.0,28.357,0.0,0.0,0.0,12.989,0.859669,0.0,0.0,0.0
2020-08-25T03:57:25.927000Z,2020-08-25T03:57:26.374000Z,2563.157,447.0,286.0,37.822,0.0,0.0,0.0,12.989,9.853297,0.0,0.0,0.0
2020-08-25T03:57:27.717000Z,2020-08-25T03:57:27.993999Z,1614.452,277.0,252.0,26.574,0.0,0.0,0.0,12.989,3.082878,0.0,0.0,0.0
2020-08-25T03:57:29.919000Z,2020-08-25T03:57:30.151000Z,1417.202,232.0,262.0,28.41,0.0,0.0,0.0,12.989,9.28394,0.0,0.0,0.0
2020-08-25T03:57:31.925000Z,2020-08-25T03:57:32.121000Z,1079.545,196.0,285.0,35.205,0.0,0.0,0.0,12.989,7.319055,0.0,0.0,0.0
2020-08-25T03:57:33.921000Z,2020-08-25T03:57:34.061000Z,689.473,140.0,287.0,29.61,0.0,0.0,0.0,12.989,10.300051,0.0,0.0,0.0
2020-08-25T03:57:35.921000Z,2020-08-25T03:57:36.105999Z,1072.427,185.0,286.0,28.954,0.0,0.0,0.0,12.989,9.041628,0.0,0.0,0.0
2020-08-25T03:57:37.922000Z,2020-08-25T03:57:38.121999Z,1216.885,200.0,344.0,28.898,0.0,0.0,0.0,12.989,0.631376,0.0,0.0,0.0
2020-08-25T03:57:39.918000Z,2020-08-25T03:57:40.025999Z,459.564,108.0,342.0,32.674,0.0,0.0,0.0,12.989,11.350364,0.0,0.0,0.0
2020-08-25T03:57:41.927000Z,2020-08-25T03:57:42.073999Z,629.062,147.0,342.0,29.969,0.0,0.0,0.0,12.989,12.415326,0.0,0.0,0.0
2020-08-25T03:57:43.920000Z,2020-08-25T03:57:44.041000Z,630.447,121.0,342.0,29.194,0.0,0.0,0.0,12.989,9.153668,0.0,0.0,0.0
2020-08-25T03:57:45.921000Z,2020-08-25T03:57:46.089000Z,843.665,168.0,342.0,29.134,0.0,0.0,0.0,12.989,13.479747,0.0,0.0,0.0
2020-08-25T03:57:47.921000Z,2020-08-25T03:57:48.108000Z,848.67,187.0,342.0,30.151,0.0,0.0,0.0,12.989,5.616031,0.0,0.0,0.0
2020-08-25T03:57:49.921000Z,2020-08-25T03:57:50.089000Z,872.338,168.0,416.0,30.025,0.0,0.0,0.0,12.989,9.325634,0.0,0.0,0.0
2020-08-25T03:57:51.924000Z,2020-08-25T03:57:52.060000Z,615.138,136.0,416.0,30.502,0.0,0.0,0.0,12.989,11.041845,0.0,0.0,0.0
2020-08-25T03:57:53.921000Z,2020-08-25T03:57:54.095000Z,886.632,174.0,374.0,35.12,0.0,0.0,0.0,12.989,7.983262,0.0,0.0,0.0
2020-08-25T03:57:55.918000Z,2020-08-25T03:57:56.029000Z,517.001,111.0,370.0,35.029,0.0,0.0,0.0,12.989,14.209026,0.0,0.0,0.0
2020-08-25T03:57:57.920000Z,2020-08-25T03:57:58.233000Z,1423.906,313.0,370.0,29.739,0.0,0.0,0.0,12.989,9.478142,0.0,0.0,0.0
2020-08-25T03:57:59.927000Z,2020-08-25T03:58:00.345999Z,2431.369,419.0,348.0,38.254,0.0,0.0,0.0,12.989,11.840605,0.0,0.0,0.0
2020-08-25T03:58:01.924000Z,2020-08-25T03:58:02.297999Z,2375.268,374.0,376.0,31.28,0.0,0.0,0.0,12.989,1.196477,0.0,0.0,0.0
2020-08-25T03:58:03.920000Z,2020-08-25T03:58:04.246000Z,1986.386,326.0,334.0,41.805,0.0,0.0,0.0,12.989,9.979265,0.0,0.0,0.0
2020-08-25T03:58:05.919000Z,2020-08-25T03:58:06.177000Z,1279.761,258.0,340.0,30.328,0.0,0.0,0.0,12.989,10.47173,0.0,0.0,0.0
2020-08-25T03:58:07.926000Z,2020-08-25T03:58:08.083000Z,514.057,157.0,348.0,36.119,0.0,0.0,0.0,12.989,0.839447,0.0,0.0,0.0
2020-08-25T03:58:09.924000Z,2020-08-25T03:58:10.342000Z,911.636,418.0,320.0,63.97,0.0,0.0,0.0,12.989,6.599308,0.0,0.0,0.0
2020-08-25T03:58:11.924000Z,2020-08-25T03:58:12.057999Z,652.86,134.0,228.0,27.362,0.0,0.0,0.0,12.989,6.334784,0.0,0.0,0.0
2020-08-25T03:58:13.920000Z,2020-08-25T03:58:14.019000Z,291.906,99.0,242.0,27.506,0.0,0.0,0.0,12.989,10.610953,0.0,0.0,0.0
2020-08-25T03:58:15.923000Z,2020-08-25T03:58:16.001999Z,294.209,79.0,236.0,36.043,0.0,0.0,0.0,12.989,10.610953,0.0,0.0,0.0
2020-08-25T03:58:17.920000Z,2020-08-25T03:58:17.993999Z,264.493,74.0,236.0,34.548,0.0,0.0,0.0,12.989,10.610953,0.0,0.0,0.0
2020-08-25T03:58:19.918000Z,2020-08-25T03:58:20.017000Z,388.741,99.0,242.0,28.545,0.0,0.0,0.0,12.989,10.610953,0.0,0.0,0.0
2020-08-25T03:58:21.923000Z,2020-08-25T03:58:22.014000Z,318.288,91.0,291.0,24.129,0.0,0.0,0.0,12.989,11.165301,0.0,0.0,0.0
2020-08-25T03:58:23.916999Z,2020-08-25T03:58:24.003000Z,347.486,86.0,266.0,25.318,0.0,0.0,0.0,12.989,10.152127,0.0,0.0,0.0
2020-08-25T03:58:25.923000Z,2020-08-25T03:58:26.009000Z,285.991,86.0,258.0,24.662,0.0,0.0,0.0,12.989,9.692843,0.0,0.0,0.0
2020-08-25T03:58:27.922000Z,2020-08-25T03:58:28.003000Z,304.894,81.0,252.0,25.669,0.0,0.0,0.0,12.989,8.424857,0.0,0.0,0.0
