start_time,end_time,size,trans_time,cwnd,rtt,rto,ssthresh,last_snd,min_rtt,delivery_rate,bytes_sent,bytes_retrans,client_trans_time
2020-08-25T03:31:32.259000Z,2020-08-25T03:31:32.432000Z,42.947,173.0,504.0,92.248,0.0,0.0,0.0,74.998,4.32409,0.0,0.0,0.0
2020-08-25T03:31:32.432000Z,2020-08-25T03:31:32.558000Z,76.62,126.0,504.0,92.958,0.0,0.0,0.0,74.998,4.32409,0.0,0.0,0.0
2020-08-25T03:31:32.558000Z,2020-08-25T03:31:32.799000Z,336.261,241.0,506.0,104.301,0.0,0.0,0.0,74.998,4.32409,0.0,0.0,0.0
2020-08-25T03:31:32.801000Z,2020-08-25T03:31:33.068000Z,797.65,267.0,504.0,86.054,0.0,0.0,0.0,74.998,0.528877,0.0,0.0,0.0
2020-08-25T03:31:33.071000Z,2020-08-25T03:31:33.473999Z,1551.475,403.0,532.0,92.908,0.0,0.0,0.0,74.998,4.704812,0.0,0.0,0.0
2020-08-25T03:31:33.476000Z,2020-08-25T03:31:33.780000Z,1158.532,304.0,662.0,92.863,0.0,0.0,0.0,74.998,4.208212,0.0,0.0,0.0
2020-08-25T03:31:33.782000Z,2020-08-25T03:31:34.094000Z,1246.908,312.0,654.0,96.519,0.0,0.0,0.0,74.998,4.433329,0.0,0.0,0.0
2020-08-25T03:31:34.096000Z,2020-08-25T03:31:34.381000Z,1119.661,285.0,658.0,101.369,0.0,0.0,0.0,74.998,5.909501,0.0,0.0,0.0
2020-08-25T03:31:34.385000Z,2020-08-25T03:31:34.851000Z,2427.986,466.0,684.0,96.526,0.0,0.0,0.0,74.998,5.4612,0.0,0.0,0.0
2020-08-25T03:31:35.684000Z,2020-08-25T03:31:36.175000Z,1430.391,491.0,797.0,91.966,0.0,0.0,0.0,74.998,7.471983,0.0,0.0,0.0
2020-08-25T03:31:37.685000Z,2020-08-25T03:31:37.953999Z,807.531,269.0,802.0,146.367,0.0,0.0,0.0,74.998,4.292689,0.0,0.0,0.0
2020-08-25T03:31:39.544999Z,2020-08-25T03:31:39.873000Z,672.927,328.0,806.0,150.428,0.0,0.0,0.0,74.998,4.686971,0.0,0.0,0.0
2020-08-25T03:31:41.680000Z,2020-08-25T03:31:41.897000Z,543.505,217.0,802.0,100.97,0.0,0.0,0.0,74.998,0.127319,0.0,0.0,0.0
2020-08-25T03:31:43.685000Z,2020-08-25T03:31:43.985000Z,1013.654,300.0,802.0,146.873,0.0,0.0,0.0,74.998,2.529392,0.0,0.0,0.0
2020-08-25T03:31:45.678000Z,2020-08-25T03:31:45.893000Z,705.16,215.0,750.0,129.402,0.0,0.0,0.0,74.998,5.13252,0.0,0.0,0.0
2020-08-25T03:31:47.691000Z,2020-08-25T03:31:48.179000Z,1536.315,488.0,750.0,107.635,0.0,0.0,0.0,74.998,6.137072,0.0,0.0,0.0
2020-08-25T03:31:49.684000Z,2020-08-25T03:31:50.161000Z,2201.801,477.0,736.0,98.137,0.0,0.0,0.0,74.998,4.0812,0.0,0.0,0.0
2020-08-25T03:31:51.683000Z,2020-08-25T03:31:52.247000Z,805.74,564.0,778.0,148.559,0.0,0.0,0.0,74.998,6.904811,0.0,0.0,0.0
2020-08-25T03:31:53.685000Z,2020-08-25T03:31:54.489999Z,559.738,805.0,768.0,128.565,0.0,0.0,0.0,74.998,0.014893,0.0,0.0,0.0
2020-08-25T03:31:55.684000Z,2020-08-25T03:31:56.839000Z,1853.476,1155.0,768.0,358.595,0.0,0.0,0.0,74.998,0.008711,0.0,0.0,0.0
2020-08-25T03:31:57.687000Z,2020-08-25T03:31:58.111000Z,706.977,424.0,256.0,283.61,0.0,0.0,0.0,74.998,0.205166,0.0,0.0,0.0
2020-08-25T03:31:59.916000Z,2020-08-25T03:32:01.249000Z,939.4,1333.0,252.0,155.462,0.0,0.0,0.0,74.998,2.14199,0.0,0.0,0.0
2020-08-25T03:32:01.700000Z,2020-08-25T03:32:02.265999Z,720.592,566.0,252.0,182.318,0.0,0.0,0.0,74.998,0.222455,0.0,0.0,0.0
2020-08-25T03:32:03.680000Z,2020-08-25T03:32:04.167000Z,901.641,487.0,224.0,82.179,0.0,0.0,0.0,74.998,1.803031,0.0,0.0,0.0
2020-08-25T03:32:05.681000Z,2020-08-25T03:32:06.619000Z,1245.697,938.0,280.0,89.818,0.0,0.0,0.0,74.998,2.551081,0.0,0.0,0.0
2020-08-25T03:32:07.683000Z,2020-08-25T03:32:08.313000Z,1562.999,630.0,280.0,152.092,0.0,0.0,0.0,74.998,0.890664,0.0,0.0,0.0
2020-08-25T03:32:09.683000Z,2020-08-25T03:32:10.662000Z,1077.148,979.0,350.0,90.21,0.0,0.0,0.0,74.998,3.222492,0.0,0.0,0.0
2020-08-25T03:32:11.681000Z,2020-08-25T03:32:12.304000Z,1216.59,623.0,350.0,183.255,0.0,0.0,0.0,74.998,0.392793,0.0,0.0,0.0
2020-08-25T03:32:13.681000Z,2020-08-25T03:32:14.131000Z,1177.618,450.0,376.0,93.295,0.0,0.0,0.0,74.998,1.021797,0.0,0.0,0.0
2020-08-25T03:32:15.681000Z,2020-08-25T03:32:16.013000Z,793.86,332.0,382.0,84.169,0.0,0.0,0.0,74.998,3.51708,0.0,0.0,0.0
2020-08-25T03:32:17.682000Z,2020-08-25T03:32:18.643000Z,1754.189,961.0,398.0,91.871,0.0,0.0,0.0,74.998,3.282404,0.0,0.0,0.0
2020-08-25T03:32:19.683000Z,2020-08-25T03:32:20.099000Z,1219.42,416.0,418.0,192.709,0.0,0.0,0.0,74.998,0.778702,0.0,0.0,0.0
2020-08-25T03:32:21.681000Z,2020-08-25T03:32:22.659000Z,1513.831,978.0,432.0,84.782,0.0,0.0,0.0,74.998,3.927935,0.0,0.0,0.0
2020-08-25T03:32:23.683000Z,2020-08-25T03:32:24.520000Z,1352.335,837.0,456.0,110.974,0.0,0.0,0.0,74.998,0.577421,0.0,0.0,0.0
2020-08-25T03:32:25.681000Z,2020-08-25T03:32:26.451000Z,1176.384,770.0,416.0,114.414,0.0,0.0,0.0,74.998,3.440341,0.0,0.0,0.0
2020-08-25T03:32:27.691000Z,2020-08-25T03:32:28.492000Z,1134.039,801.0,410.0,113.348,0.0,0.0,0.0,74.998,0.775666,0.0,0.0,0.0
2020-08-25T03:32:29.680000Z,2020-08-25T03:32:30.119000Z,1328.395,439.0,410.0,201.457,0.0,0.0,0.0,74.998,0.599361,0.0,0.0,0.0
2020-08-25T03:32:31.682000Z,2020-08-25T03:32:31.985000Z,964.804,303.0,508.0,92.637,0.0,0.0,0.0,74.998,3.511329,0.0,0.0,0.0
2020-08-25T03:32:33.691000Z,2020-08-25T03:32:34.013000Z,715.922,322.0,530.0,86.779,0.0,0.0,0.0,74.998,4.615057,0.0,0.0,0.0
2020-08-25T03:32:35.683000Z,2020-08-25T03:32:35.950000Z,810.322,267.0,528.0,117.901,0.0,0.0,0.0,74.998,0.957513,0.0,0.0,0.0
2020-08-25T03:32:37.684000Z,2020-08-25T03:32:38.200000Z,1176.663,516.0,568.0,101.603,0.0,0.0,0.0,74.998,4.883842,0.0,0.0,0.0
2020-08-25T03:32:39.682000Z,2020-08-25T03:32:39.976000Z,912.472,294.0,564.0,93.345,0.0,0.0,0.0,74.998,4.524222,0.0,0.0,0.0
2020-08-25T03:32:41.679000Z,2020-08-25T03:32:41.952000Z,823.954,273.0,557.0,105.894,0.0,0.0,0.0,74.998,4.12111,0.0,0.0,0.0
2020-08-25T03:32:43.683000Z,2020-08-25T03:32:43.940000Z,783.154,257.0,562.0,87.341,0.0,0.0,0.0,74.998,4.157574,0.0,0.0,0.0
2020-08-25T03:32:45.679000Z,2020-08-25T03:32:45.912000Z,689.918,233.0,562.0,107.797,0.0,0.0,0.0,74.998,4.369334,0.0,0.0,0.0
2020-08-25T03:32:47.679000Z,2020-08-25T03:32:47.935000Z,833.1,256.0,564.0,89.251,0.0,0.0,0.0,74.998,4.322209,0.0,0.0,0.0
2020-08-25T03:32:49.688000Z,2020-08-25T03:32:49.909000Z,623.58,221.0,590.0,88.522,0.0,0.0,0.0,74.998,4.672557,0.0,0.0,0.0
2020-08-25T03:32:51.683000Z,2020-08-25T03:32:52.211000Z,1291.576,528.0,634.0,97.224,0.0,0.0,0.0,74.998,4.325786,0.0,0.0,0.0
2020-08-25T03:32:53.682000Z,2020-08-25T03:32:53.935000Z,766.05,253.0,612.0,109.925,0.0,0.0,0.0,74.998,0.94385,0.0,0.0,0.0
2020-08-25T03:32:55.677000Z,2020-08-25T03:32:56.021000Z,505.805,344.0,616.0,110.936,0.0,0.0,0.0,74.998,4.668079,0.0,0.0,0.0
2020-08-25T03:32:57.678000Z,2020-08-25T03:32:58.016000Z,1013.144,338.0,612.0,442.504,0.0,0.0,0.0,74.998,0.141148,0.0,0.0,0.0
2020-08-25T03:32:59.682000Z,2020-08-25T03:32:59.929000Z,844.83,247.0,594.0,101.552,0.0,0.0,0.0,74.998,2.968411,0.0,0.0,0.0
2020-08-25T03:33:01.681000Z,2020-08-25T03:33:01.975000Z,1154.079,294.0,622.0,87.716,0.0,0.0,0.0,74.998,5.414373,0.0,0.0,0.0
2020-08-25T03:33:03.676000Z,2020-08-25T03:33:03.879000Z,754.495,203.0,674.0,98.558,0.0,0.0,0.0,74.998,6.011239,0.0,0.0,0.0
2020-08-25T03:33:05.679000Z,2020-08-25T03:33:06.663000Z,1147.541,984.0,726.0,88.497,0.0,0.0,0.0,74.998,6.419006,0.0,0.0,0.0
2020-08-25T03:33:07.678000Z,2020-08-25T03:33:08.375000Z,1188.272,697.0,730.0,104.725,0.0,0.0,0.0,74.998,0.088551,0.0,0.0,0.0
2020-08-25T03:33:09.679000Z,2020-08-25T03:33:10.115000Z,1224.566,436.0,730.0,88.23,0.0,0.0,0.0,74.998,0.013791,0.0,0.0,0.0
2020-08-25T03:33:11.679000Z,2020-08-25T03:33:12.325000Z,1556.274,646.0,730.0,90.212,0.0,0.0,0.0,74.998,2.303442,0.0,0.0,0.0
2020-08-25T03:33:13.687000Z,2020-08-25T03:33:14.467000Z,1625.419,780.0,542.0,86.14,0.0,0.0,0.0,74.998,1.693695,0.0,0.0,0.0
2020-08-25T03:33:15.679000Z,2020-08-25T03:33:16.057000Z,1086.38,378.0,582.0,102.033,0.0,0.0,0.0,74.998,3.880646,0.0,0.0,0.0
2020-08-25T03:33:17.679000Z,2020-08-25T03:33:18.015000Z,1145.251,336.0,582.0,99.201,0.0,0.0,0.0,74.998,1.679692,0.0,0.0,0.0
2020-08-25T03:33:19.681000Z,2020-08-25T03:33:20.160000Z,1424.292,479.0,588.0,102.736,0.0,0.0,0.0,74.998,4.398035,0.0,0.0,0.0
2020-08-25T03:33:21.682000Z,2020-08-25T03:33:22.083000Z,1850.237,401.0,652.0,83.999,0.0,0.0,0.0,74.998,2.105421,0.0,0.0,0.0
2020-08-25T03:33:23.681000Z,2020-08-25T03:33:24.076000Z,1634.954,395.0,732.0,92.959,0.0,0.0,0.0,74.998,6.530291,0.0,0.0,0.0
2020-08-25T03:33:25.678000Z,2020-08-25T03:33:26.030000Z,776.389,352.0,730.0,90.221,0.0,0.0,0.0,74.998,5.008243,0.0,0.0,0.0
2020-08-25T03:33:27.675000Z,2020-08-25T03:33:28.020000Z,1081.507,345.0,774.0,91.853,0.0,0.0,0.0,74.998,1.229903,0.0,0.0,0.0
2020-08-25T03:33:29.678000Z,2020-08-25T03:33:29.889000Z,831.231,211.0,776.0,119.97,0.0,0.0,0.0,76.044,1.659236,0.0,0.0,0.0
2020-08-25T03:33:31.677000Z,2020-08-25T03:33:32.096000Z,1023.373,419.0,824.0,94.407,0.0,0.0,0.0,76.044,7.025553,0.0,0.0,0.0
2020-08-25T03:33:33.679000Z,2020-08-25T03:33:34.221000Z,1013.661,542.0,798.0,102.268,0.0,0.0,0.0,76.044,1.787851,0.0,0.0,0.0
2020-08-25T03:33:35.679000Z,2020-08-25T03:33:35.936000Z,906.175,257.0,798.0,92.645,0.0,0.0,0.0,76.044,0.789985,0.0,0.0,0.0
2020-08-25T03:33:37.676000Z,2020-08-25T03:33:38.336000Z,887.947,660.0,802.0,137.064,0.0,0.0,0.0,76.044,5.472782,0.0,0.0,0.0
2020-08-25T03:33:39.677000Z,2020-08-25T03:33:39.987000Z,1129.263,310.0,608.0,123.346,0.0,0.0,0.0,76.044,0.679881,0.0,0.0,0.0
2020-08-25T03:33:41.678000Z,2020-08-25T03:33:42.141000Z,472.659,463.0,610.0,116.634,0.0,0.0,0.0,76.044,5.424013,0.0,0.0,0.0
2020-08-25T03:33:43.676000Z,2020-08-25T03:33:43.985999Z,706.812,310.0,626.0,93.048,0.0,0.0,0.0,76.044,5.424013,0.0,0.0,0.0
2020-08-25T03:33:45.689999Z,2020-08-25T03:33:45.967000Z,812.836,277.0,622.0,88.223,0.0,0.0,0.0,76.044,3.252771,0.0,0.0,0.0
2020-08-25T03:33:47.675000Z,2020-08-25T03:33:47.903000Z,899.768,228.0,612.0,86.801,0.0,0.0,0.0,76.044,4.046858,0.0,0.0,0.0
2020-08-25T03:33:49.678000Z,2020-08-25T03:33:49.989000Z,1491.868,311.0,752.0,88.032,0.0,0.0,0.0,76.044,6.662047,0.0,0.0,0.0
2020-08-25T03:33:51.673999Z,2020-08-25T03:33:51.854000Z,754.195,180.0,840.0,88.345,0.0,0.0,0.0,76.044,5.714525,0.0,0.0,0.0
2020-08-25T03:33:53.700000Z,2020-08-25T03:33:53.912000Z,753.043,212.0,856.0,87.151,0.0,0.0,0.0,76.044,7.814433,0.0,0.0,0.0
2020-08-25T03:33:55.679000Z,2020-08-25T03:33:57.449000Z,1225.632,1770.0,860.0,111.52,0.0,0.0,0.0,76.044,5.825332,0.0,0.0,0.0
2020-08-25T03:33:57.675000Z,2020-08-25T03:33:59.137000Z,1027.446,1462.0,857.0,402.949,0.0,0.0,0.0,76.044,0.001519,0.0,0.0,0.0
2020-08-25T03:33:59.675000Z,2020-08-25T03:34:00.187000Z,1002.53,512.0,412.0,103.914,0.0,0.0,0.0,76.044,0.016327,0.0,0.0,0.0
2020-08-25T03:34:01.677000Z,2020-08-25T03:34:02.172000Z,823.537,495.0,347.0,92.558,0.0,0.0,0.0,76.044,0.663137,0.0,0.0,0.0
2020-08-25T03:34:03.926000Z,2020-08-25T03:34:04.775000Z,1685.695,849.0,358.0,161.847,0.0,0.0,0.0,76.044,1.716329,0.0,0.0,0.0
2020-08-25T03:34:05.928000Z,2020-08-25T03:34:06.489999Z,1640.602,562.0,364.0,83.559,0.0,0.0,0.0,76.044,3.229881,0.0,0.0,0.0
2020-08-25T03:34:07.929999Z,2020-08-25T03:34:08.529000Z,1879.0,599.0,442.0,84.976,0.0,0.0,0.0,76.044,3.614433,0.0,0.0,0.0
2020-08-25T03:34:09.926000Z,2020-08-25T03:34:10.405000Z,878.583,479.0,464.0,89.734,0.0,0.0,0.0,76.044,3.618271,0.0,0.0,0.0
2020-08-25T03:34:11.939000Z,2020-08-25T03:34:12.760000Z,813.642,821.0,476.0,157.192,0.0,0.0,0.0,76.044,0.369244,0.0,0.0,0.0
2020-08-25T03:34:13.928000Z,2020-08-25T03:34:14.387000Z,1559.866,459.0,488.0,98.42,0.0,0.0,0.0,76.044,0.603816,0.0,0.0,0.0
2020-08-25T03:34:15.925000Z,2020-08-25T03:34:16.304000Z,973.003,379.0,510.0,88.726,0.0,0.0,0.0,76.044,4.108633,0.0,0.0,0.0
2020-08-25T03:34:17.925000Z,2020-08-25T03:34:18.337999Z,1489.545,413.0,509.0,104.201,0.0,0.0,0.0,76.044,1.140714,0.0,0.0,0.0
2020-08-25T03:34:19.925000Z,2020-08-25T03:34:20.377000Z,897.001,452.0,550.0,106.39,0.0,0.0,0.0,76.044,4.728566,0.0,0.0,0.0
2020-08-25T03:34:21.925000Z,2020-08-25T03:34:22.337000Z,1465.734,412.0,545.0,117.777,0.0,0.0,0.0,76.044,0.912744,0.0,0.0,0.0
2020-08-25T03:34:23.928000Z,2020-08-25T03:34:24.305000Z,973.53,377.0,564.0,172.869,0.0,0.0,0.0,76.044,3.439209,0.0,0.0,0.0
2020-08-25T03:34:25.931000Z,2020-08-25T03:34:26.164000Z,760.786,233.0,559.0,90.387,0.0,0.0,0.0,76.044,2.081004,0.0,0.0,0.0
2020-08-25T03:34:27.928000Z,2020-08-25T03:34:28.611000Z,840.108,683.0,564.0,99.698,0.0,0.0,0.0,76.044,5.173769,0.0,0.0,0.0
2020-08-25T03:34:29.950000Z,2020-08-25T03:34:30.189000Z,780.491,239.0,590.0,154.79,0.0,0.0,0.0,76.044,3.90357,0.0,0.0,0.0
2020-08-25T03:34:31.924000Z,2020-08-25T03:34:32.189000Z,813.325,265.0,576.0,87.397,0.0,0.0,0.0,76.044,5.171543,0.0,0.0,0.0
2020-08-25T03:34:33.925000Z,2020-08-25T03:34:34.845000Z,1698.692,920.0,570.0,103.746,0.0,0.0,0.0,76.044,4.739544,0.0,0.0,0.0
2020-08-25T03:34:35.924000Z,2020-08-25T03:34:36.401000Z,1719.041,477.0,570.0,90.595,0.0,0.0,0.0,76.044,1.334223,0.0,0.0,0.0
2020-08-25T03:34:37.928000Z,2020-08-25T03:34:38.253000Z,1398.068,325.0,654.0,88.404,0.0,0.0,0.0,76.044,1.685662,0.0,0.0,0.0
2020-08-25T03:34:39.928000Z,2020-08-25T03:34:40.219000Z,1072.605,291.0,656.0,85.236,0.0,0.0,0.0,76.044,5.885885,0.0,0.0,0.0
2020-08-25T03:34:41.928000Z,2020-08-25T03:34:42.372000Z,1699.826,444.0,654.0,111.746,0.0,0.0,0.0,76.044,5.235099,0.0,0.0,0.0
2020-08-25T03:34:43.927000Z,2020-08-25T03:34:44.204000Z,819.185,277.0,654.0,127.773,0.0,0.0,0.0,76.044,4.194069,0.0,0.0,0.0
2020-08-25T03:34:45.922000Z,2020-08-25T03:34:46.159000Z,735.769,237.0,649.0,86.241,0.0,0.0,0.0,76.044,4.222334,0.0,0.0,0.0
2020-08-25T03:34:47.926000Z,2020-08-25T03:34:48.126000Z,646.517,200.0,698.0,98.592,0.0,0.0,0.0,76.044,4.851287,0.0,0.0,0.0
2020-08-25T03:34:49.925000Z,2020-08-25T03:34:50.233000Z,951.604,308.0,682.0,87.95,0.0,0.0,0.0,76.044,5.764356,0.0,0.0,0.0
2020-08-25T03:34:51.923000Z,2020-08-25T03:34:52.315000Z,1029.91,392.0,678.0,124.993,0.0,0.0,0.0,76.044,4.178309,0.0,0.0,0.0
2020-08-25T03:34:53.928000Z,2020-08-25T03:34:54.252000Z,921.446,324.0,710.0,102.259,0.0,0.0,0.0,76.044,0.433792,0.0,0.0,0.0
2020-08-25T03:34:55.927000Z,2020-08-25T03:34:56.228000Z,1308.255,301.0,710.0,183.023,0.0,0.0,0.0,76.044,4.494334,0.0,0.0,0.0
2020-08-25T03:34:57.938000Z,2020-08-25T03:34:58.205000Z,858.925,267.0,784.0,109.587,0.0,0.0,0.0,76.044,6.968872,0.0,0.0,0.0
2020-08-25T03:34:59.941000Z,2020-08-25T03:35:00.407000Z,1909.178,466.0,784.0,138.516,0.0,0.0,0.0,76.044,5.160796,0.0,0.0,0.0
2020-08-25T03:35:01.923000Z,2020-08-25T03:35:02.155000Z,792.449,232.0,790.0,184.495,0.0,0.0,0.0,76.044,4.924754,0.0,0.0,0.0
2020-08-25T03:35:03.926000Z,2020-08-25T03:35:04.845000Z,1013.673,919.0,872.0,121.71,0.0,0.0,0.0,76.044,5.741113,0.0,0.0,0.0
2020-08-25T03:35:05.937000Z,2020-08-25T03:35:06.252000Z,1211.641,315.0,658.0,165.967,0.0,0.0,0.0,76.044,0.160369,0.0,0.0,0.0
2020-08-25T03:35:07.924000Z,2020-08-25T03:35:08.161999Z,778.454,238.0,678.0,133.635,0.0,0.0,0.0,76.044,5.288607,0.0,0.0,0.0
2020-08-25T03:35:09.925000Z,2020-08-25T03:35:10.425999Z,1141.899,501.0,686.0,113.402,0.0,0.0,0.0,76.044,6.099353,0.0,0.0,0.0
2020-08-25T03:35:11.929999Z,2020-08-25T03:35:12.125000Z,674.527,195.0,688.0,89.429,0.0,0.0,0.0,76.044,1.198808,0.0,0.0,0.0
2020-08-25T03:35:13.924000Z,2020-08-25T03:35:14.207000Z,1242.356,283.0,706.0,89.526,0.0,0.0,0.0,76.044,6.251484,0.0,0.0,0.0
2020-08-25T03:35:15.923000Z,2020-08-25T03:35:16.981000Z,2349.093,1058.0,722.0,113.332,0.0,0.0,0.0,76.044,0.140992,0.0,0.0,0.0
2020-08-25T03:35:17.928000Z,2020-08-25T03:35:18.100000Z,554.099,172.0,702.0,83.806,0.0,0.0,0.0,76.044,3.937835,0.0,0.0,0.0
2020-08-25T03:35:19.921000Z,2020-08-25T03:35:20.347000Z,698.946,426.0,702.0,86.779,0.0,0.0,0.0,76.044,3.937835,0.0,0.0,0.0
2020-08-25T03:35:21.921000Z,2020-08-25T03:35:22.836000Z,955.575,915.0,562.0,90.199,0.0,0.0,0.0,76.044,1.140794,0.0,0.0,0.0
2020-08-25T03:35:23.922000Z,2020-08-25T03:35:24.161999Z,763.717,240.0,584.0,134.23,0.0,0.0,0.0,76.044,0.034916,0.0,0.0,0.0
2020-08-25T03:35:25.921000Z,2020-08-25T03:35:26.408000Z,1181.678,487.0,602.0,96.579,0.0,0.0,0.0,76.044,5.204185,0.0,0.0,0.0
2020-08-25T03:35:27.921000Z,2020-08-25T03:35:28.407000Z,1089.177,486.0,598.0,106.845,0.0,0.0,0.0,76.044,0.680584,0.0,0.0,0.0
2020-08-25T03:35:29.921000Z,2020-08-25T03:35:30.217000Z,988.026,296.0,636.0,92.604,0.0,0.0,0.0,76.044,3.24073,0.0,0.0,0.0
2020-08-25T03:35:31.920000Z,2020-08-25T03:35:32.231000Z,1296.128,311.0,680.0,109.4,0.0,0.0,0.0,76.044,5.039204,0.0,0.0,0.0
2020-08-25T03:35:33.921000Z,2020-08-25T03:35:34.555000Z,1155.662,634.0,684.0,87.76,0.0,0.0,0.0,76.044,5.929529,0.0,0.0,0.0
2020-08-25T03:35:35.927000Z,2020-08-25T03:35:36.197000Z,1084.504,270.0,682.0,92.871,0.0,0.0,0.0,76.044,0.789132,0.0,0.0,0.0
2020-08-25T03:35:37.920000Z,2020-08-25T03:35:38.247000Z,896.762,327.0,690.0,93.267,0.0,0.0,0.0,76.044,5.917768,0.0,0.0,0.0
2020-08-25T03:35:39.921000Z,2020-08-25T03:35:40.425999Z,1416.866,505.0,686.0,107.144,0.0,0.0,0.0,76.044,0.012035,0.0,0.0,0.0
2020-08-25T03:35:41.921000Z,2020-08-25T03:35:42.158000Z,948.163,237.0,686.0,93.18,0.0,0.0,0.0,76.044,0.872627,0.0,0.0,0.0
2020-08-25T03:35:43.922000Z,2020-08-25T03:35:44.135000Z,773.995,213.0,712.0,93.488,0.0,0.0,0.0,76.044,6.427962,0.0,0.0,0.0
2020-08-25T03:35:45.936000Z,2020-08-25T03:35:46.254000Z,1257.647,318.0,724.0,93.673,0.0,0.0,0.0,76.044,6.389738,0.0,0.0,0.0
2020-08-25T03:35:47.921000Z,2020-08-25T03:35:48.209000Z,1124.152,288.0,4.0,129.025,0.0,0.0,0.0,76.044,6.052674,0.0,0.0,0.0
2020-08-25T03:35:49.923000Z,2020-08-25T03:35:50.164000Z,1109.189,241.0,882.0,129.946,0.0,0.0,0.0,76.044,5.629679,0.0,0.0,0.0
2020-08-25T03:35:51.922000Z,2020-08-25T03:35:52.166000Z,760.608,244.0,862.0,89.444,0.0,0.0,0.0,76.044,7.484017,0.0,0.0,0.0
2020-08-25T03:35:53.922000Z,2020-08-25T03:35:54.169000Z,674.215,247.0,866.0,144.103,0.0,0.0,0.0,76.044,5.189927,0.0,0.0,0.0
2020-08-25T03:35:55.926000Z,2020-08-25T03:35:56.224000Z,960.99,298.0,862.0,147.042,0.0,0.0,0.0,76.044,5.189927,0.0,0.0,0.0
2020-08-25T03:35:57.923000Z,2020-08-25T03:35:58.339000Z,1028.745,416.0,858.0,168.787,0.0,0.0,0.0,76.044,4.995409,0.0,0.0,0.0
2020-08-25T03:35:59.922000Z,2020-08-25T03:36:00.269000Z,1564.23,347.0,858.0,97.625,0.0,0.0,0.0,76.044,4.03033,0.0,0.0,0.0
2020-08-25T03:36:01.920000Z,2020-08-25T03:36:02.193000Z,1007.646,273.0,810.0,157.272,0.0,0.0,0.0,76.044,7.181347,0.0,0.0,0.0
2020-08-25T03:36:03.921000Z,2020-08-25T03:36:04.755000Z,1126.934,834.0,812.0,107.834,0.0,0.0,0.0,76.044,5.955113,0.0,0.0,0.0
2020-08-25T03:36:05.919000Z,2020-08-25T03:36:06.495000Z,1134.991,576.0,4.0,241.954,0.0,0.0,0.0,76.044,1.098599,0.0,0.0,0.0
2020-08-25T03:36:07.919000Z,2020-08-25T03:36:08.193999Z,961.224,275.0,812.0,240.861,0.0,0.0,0.0,76.044,0.466607,0.0,0.0,0.0
2020-08-25T03:36:09.924000Z,2020-08-25T03:36:10.277000Z,1175.427,353.0,814.0,111.76,0.0,0.0,0.0,76.044,5.611566,0.0,0.0,0.0
2020-08-25T03:36:11.925000Z,2020-08-25T03:36:12.319000Z,1200.665,394.0,694.0,174.81,0.0,0.0,0.0,76.044,4.56808,0.0,0.0,0.0
2020-08-25T03:36:13.922000Z,2020-08-25T03:36:14.183000Z,1037.777,261.0,696.0,87.742,0.0,0.0,0.0,76.044,1.339614,0.0,0.0,0.0
2020-08-25T03:36:15.919000Z,2020-08-25T03:36:16.409000Z,958.566,490.0,744.0,94.689,0.0,0.0,0.0,76.044,5.982287,0.0,0.0,0.0
2020-08-25T03:36:17.916999Z,2020-08-25T03:36:18.195000Z,893.553,278.0,736.0,87.004,0.0,0.0,0.0,76.044,3.549595,0.0,0.0,0.0
2020-08-25T03:36:19.929000Z,2020-08-25T03:36:20.481999Z,951.566,553.0,738.0,140.57,0.0,0.0,0.0,76.044,5.247251,0.0,0.0,0.0
2020-08-25T03:36:21.921000Z,2020-08-25T03:36:22.435000Z,1324.83,514.0,733.0,195.814,0.0,0.0,0.0,76.044,0.357736,0.0,0.0,0.0
2020-08-25T03:36:23.924000Z,2020-08-25T03:36:24.628000Z,2208.755,704.0,620.0,112.752,0.0,0.0,0.0,76.044,0.503862,0.0,0.0,0.0
2020-08-25T03:36:25.918000Z,2020-08-25T03:36:26.273000Z,1037.446,355.0,606.0,92.33,0.0,0.0,0.0,76.044,5.344347,0.0,0.0,0.0
2020-08-25T03:36:27.924000Z,2020-08-25T03:36:28.286000Z,1472.293,362.0,614.0,87.472,0.0,0.0,0.0,76.044,0.797284,0.0,0.0,0.0
2020-08-25T03:36:29.919000Z,2020-08-25T03:36:30.251000Z,1238.447,332.0,654.0,86.869,0.0,0.0,0.0,76.044,5.799106,0.0,0.0,0.0
2020-08-25T03:36:31.925000Z,2020-08-25T03:36:32.199000Z,1051.099,274.0,654.0,128.799,0.0,0.0,0.0,76.044,5.055676,0.0,0.0,0.0
2020-08-25T03:36:33.919000Z,2020-08-25T03:36:34.289000Z,1429.63,370.0,676.0,88.998,0.0,0.0,0.0,76.044,6.017227,0.0,0.0,0.0
2020-08-25T03:36:35.920000Z,2020-08-25T03:36:36.292000Z,974.844,372.0,677.0,124.005,0.0,0.0,0.0,76.222,4.057236,0.0,0.0,0.0
2020-08-25T03:36:37.920000Z,2020-08-25T03:36:38.117000Z,738.347,197.0,740.0,150.484,0.0,0.0,0.0,76.222,3.879989,0.0,0.0,0.0
2020-08-25T03:36:39.919000Z,2020-08-25T03:36:41.004000Z,1104.54,1085.0,752.0,88.091,0.0,0.0,0.0,76.222,6.39485,0.0,0.0,0.0
2020-08-25T03:36:41.921000Z,2020-08-25T03:36:42.308000Z,1199.134,387.0,752.0,467.898,0.0,0.0,0.0,76.222,0.008694,0.0,0.0,0.0
2020-08-25T03:36:43.922000Z,2020-08-25T03:36:44.261000Z,1298.851,339.0,752.0,100.095,0.0,0.0,0.0,76.222,4.38825,0.0,0.0,0.0
2020-08-25T03:36:45.916999Z,2020-08-25T03:36:46.177000Z,901.752,260.0,752.0,146.982,0.0,0.0,0.0,76.222,5.35625,0.0,0.0,0.0
2020-08-25T03:36:47.916999Z,2020-08-25T03:36:48.567000Z,1059.818,650.0,754.0,107.374,0.0,0.0,0.0,76.222,5.911857,0.0,0.0,0.0
2020-08-25T03:36:49.920000Z,2020-08-25T03:36:50.247000Z,1462.829,327.0,748.0,120.318,0.0,0.0,0.0,76.222,4.430009,0.0,0.0,0.0
2020-08-25T03:36:51.919000Z,2020-08-25T03:36:52.260000Z,1106.566,341.0,706.0,90.595,0.0,0.0,0.0,76.222,6.006914,0.0,0.0,0.0
2020-08-25T03:36:53.920000Z,2020-08-25T03:36:55.207000Z,1067.021,1287.0,720.0,85.16,0.0,0.0,0.0,76.222,1.607553,0.0,0.0,0.0
2020-08-25T03:36:55.916999Z,2020-08-25T03:36:56.153000Z,927.74,236.0,722.0,90.629,0.0,0.0,0.0,76.222,0.465183,0.0,0.0,0.0
2020-08-25T03:36:57.919000Z,2020-08-25T03:36:58.349000Z,1676.183,430.0,784.0,98.947,0.0,0.0,0.0,76.222,6.434548,0.0,0.0,0.0
2020-08-25T03:37:00.190000Z,2020-08-25T03:37:02.877000Z,1831.235,2687.0,784.0,198.013,0.0,0.0,0.0,76.222,5.54326,0.0,0.0,0.0
2020-08-25T03:37:02.879000Z,2020-08-25T03:37:03.133000Z,1043.792,254.0,796.0,106.917,0.0,0.0,0.0,76.222,6.216671,0.0,0.0,0.0
2020-08-25T03:37:03.916999Z,2020-08-25T03:37:04.134000Z,978.192,217.0,802.0,107.086,0.0,0.0,0.0,76.222,5.873067,0.0,0.0,0.0
2020-08-25T03:37:05.916999Z,2020-08-25T03:37:06.142000Z,914.393,225.0,890.0,92.929,0.0,0.0,0.0,76.434,7.427922,0.0,0.0,0.0
2020-08-25T03:37:07.915000Z,2020-08-25T03:37:08.223000Z,1020.023,308.0,890.0,106.153,0.0,0.0,0.0,76.434,7.849677,0.0,0.0,0.0
2020-08-25T03:37:09.916999Z,2020-08-25T03:37:10.142000Z,954.31,225.0,898.0,94.617,0.0,0.0,0.0,76.434,1.207718,0.0,0.0,0.0
2020-08-25T03:37:11.916999Z,2020-08-25T03:37:12.129999Z,871.918,213.0,902.0,97.592,0.0,0.0,0.0,76.434,6.912383,0.0,0.0,0.0
2020-08-25T03:37:13.918000Z,2020-08-25T03:37:14.213000Z,900.207,295.0,898.0,111.023,0.0,0.0,0.0,76.434,7.313389,0.0,0.0,0.0
2020-08-25T03:37:15.916999Z,2020-08-25T03:37:16.181000Z,1541.591,264.0,920.0,90.271,0.0,0.0,0.0,76.434,0.813092,0.0,0.0,0.0
2020-08-25T03:37:17.919000Z,2020-08-25T03:37:18.269000Z,1974.5,350.0,1062.0,89.216,0.0,0.0,0.0,76.434,9.122077,0.0,0.0,0.0
2020-08-25T03:37:19.916999Z,2020-08-25T03:37:20.145999Z,1266.645,229.0,1094.0,141.424,0.0,0.0,0.0,76.434,9.412698,0.0,0.0,0.0
2020-08-25T03:37:21.915000Z,2020-08-25T03:37:22.103000Z,875.216,188.0,1132.0,100.682,0.0,0.0,0.0,76.434,9.756012,0.0,0.0,0.0
2020-08-25T03:37:23.923000Z,2020-08-25T03:37:24.151000Z,1063.65,228.0,1132.0,101.813,0.0,0.0,0.0,76.434,9.756012,0.0,0.0,0.0
2020-08-25T03:37:25.916999Z,2020-08-25T03:37:26.064000Z,453.331,147.0,1166.0,123.153,0.0,0.0,0.0,76.434,7.528157,0.0,0.0,0.0
2020-08-25T03:37:27.918000Z,2020-08-25T03:37:28.331000Z,1256.219,413.0,1144.0,102.128,0.0,0.0,0.0,76.434,7.528157,0.0,0.0,0.0
2020-08-25T03:37:29.919000Z,2020-08-25T03:37:30.635000Z,1692.871,716.0,1138.0,289.668,0.0,0.0,0.0,76.434,4.064887,0.0,0.0,0.0
2020-08-25T03:37:31.915000Z,2020-08-25T03:37:32.201000Z,1337.184,286.0,880.0,87.915,0.0,0.0,0.0,76.434,1.652193,0.0,0.0,0.0
2020-08-25T03:37:33.916000Z,2020-08-25T03:37:34.139000Z,1122.964,223.0,886.0,114.913,0.0,0.0,0.0,76.434,7.76019,0.0,0.0,0.0
2020-08-25T03:37:35.918000Z,2020-08-25T03:37:36.207000Z,1403.222,289.0,1000.0,103.971,0.0,0.0,0.0,76.434,8.691754,0.0,0.0,0.0
2020-08-25T03:37:37.921000Z,2020-08-25T03:37:38.299000Z,1066.69,378.0,996.0,147.255,0.0,0.0,0.0,76.434,7.133268,0.0,0.0,0.0
2020-08-25T03:37:39.916999Z,2020-08-25T03:37:40.179000Z,1270.978,262.0,996.0,140.233,0.0,0.0,0.0,76.434,3.910237,0.0,0.0,0.0
2020-08-25T03:37:41.920000Z,2020-08-25T03:37:42.187000Z,1001.028,267.0,1032.0,120.454,0.0,0.0,0.0,76.434,8.862477,0.0,0.0,0.0
2020-08-25T03:37:43.918000Z,2020-08-25T03:37:44.156000Z,779.641,238.0,1040.0,162.417,0.0,0.0,0.0,76.434,5.910499,0.0,0.0,0.0
2020-08-25T03:37:45.920000Z,2020-08-25T03:37:46.221000Z,924.553,301.0,1040.0,116.555,0.0,0.0,0.0,76.434,5.910499,0.0,0.0,0.0
2020-08-25T03:37:47.913999Z,2020-08-25T03:37:48.661000Z,836.265,747.0,1040.0,190.409,0.0,0.0,0.0,76.434,4.444237,0.0,0.0,0.0
2020-08-25T03:37:49.923000Z,2020-08-25T03:37:50.251000Z,1867.276,328.0,1038.0,199.969,0.0,0.0,0.0,76.434,0.599703,0.0,0.0,0.0
2020-08-25T03:37:51.935000Z,2020-08-25T03:37:53.221000Z,1768.514,1286.0,1062.0,137.797,0.0,0.0,0.0,76.434,8.877781,0.0,0.0,0.0
2020-08-25T03:37:53.920000Z,2020-08-25T03:37:55.510000Z,1484.846,1590.0,1034.0,222.247,0.0,0.0,0.0,76.434,0.017569,0.0,0.0,0.0
2020-08-25T03:37:55.913999Z,2020-08-25T03:37:56.125000Z,851.207,211.0,1029.0,182.481,0.0,0.0,0.0,76.434,0.069834,0.0,0.0,0.0
2020-08-25T03:37:57.927000Z,2020-08-25T03:37:58.660000Z,685.199,733.0,1034.0,127.431,0.0,0.0,0.0,76.434,4.064861,0.0,0.0,0.0
2020-08-25T03:37:59.913999Z,2020-08-25T03:38:00.192000Z,515.194,278.0,512.0,93.121,0.0,0.0,0.0,76.434,0.772034,0.0,0.0,0.0
2020-08-25T03:38:01.915000Z,2020-08-25T03:38:02.803000Z,933.832,888.0,512.0,133.703,0.0,0.0,0.0,76.434,1.931924,0.0,0.0,0.0
2020-08-25T03:38:03.913999Z,2020-08-25T03:38:04.496000Z,906.236,582.0,416.0,176.157,0.0,0.0,0.0,76.434,0.672822,0.0,0.0,0.0
2020-08-25T03:38:05.916999Z,2020-08-25T03:38:07.397000Z,2229.786,1480.0,452.0,92.343,0.0,0.0,0.0,76.434,0.347966,0.0,0.0,0.0
2020-08-25T03:38:07.913999Z,2020-08-25T03:38:08.342000Z,1432.616,428.0,452.0,84.946,0.0,0.0,0.0,76.434,0.752322,0.0,0.0,0.0
2020-08-25T03:38:09.925000Z,2020-08-25T03:38:10.185000Z,415.205,260.0,550.0,88.581,0.0,0.0,0.0,76.434,3.89204,0.0,0.0,0.0
2020-08-25T03:38:12.163000Z,2020-08-25T03:38:12.401000Z,767.557,238.0,550.0,104.531,0.0,0.0,0.0,76.434,1.368337,0.0,0.0,0.0
2020-08-25T03:38:14.164000Z,2020-08-25T03:38:14.356000Z,551.567,192.0,570.0,88.149,0.0,0.0,0.0,76.434,5.13465,0.0,0.0,0.0
2020-08-25T03:38:16.164000Z,2020-08-25T03:38:16.564000Z,1479.782,400.0,566.0,87.963,0.0,0.0,0.0,76.434,5.13465,0.0,0.0,0.0
2020-08-25T03:38:18.013000Z,2020-08-25T03:38:18.622000Z,830.914,609.0,576.0,104.265,0.0,0.0,0.0,76.434,4.182859,0.0,0.0,0.0
2020-08-25T03:38:20.167000Z,2020-08-25T03:38:20.438000Z,850.852,271.0,608.0,88.955,0.0,0.0,0.0,76.434,4.411827,0.0,0.0,0.0
2020-08-25T03:38:22.164000Z,2020-08-25T03:38:22.415000Z,614.812,251.0,616.0,127.131,0.0,0.0,0.0,76.434,4.841237,0.0,0.0,0.0
2020-08-25T03:38:24.162000Z,2020-08-25T03:38:24.919000Z,580.4,757.0,616.0,97.098,0.0,0.0,0.0,76.434,0.270797,0.0,0.0,0.0
2020-08-25T03:38:26.165000Z,2020-08-25T03:38:26.929999Z,1384.228,765.0,604.0,364.795,0.0,0.0,0.0,76.434,0.066251,0.0,0.0,0.0
2020-08-25T03:38:28.164000Z,2020-08-25T03:38:28.357000Z,463.807,193.0,604.0,90.569,0.0,0.0,0.0,76.434,1.362644,0.0,0.0,0.0
2020-08-25T03:38:30.162000Z,2020-08-25T03:38:30.427000Z,774.699,265.0,604.0,116.34,0.0,0.0,0.0,76.434,2.418955,0.0,0.0,0.0
2020-08-25T03:38:32.167000Z,2020-08-25T03:38:32.672000Z,2066.442,505.0,572.0,134.834,0.0,0.0,0.0,76.434,4.945511,0.0,0.0,0.0
2020-08-25T03:38:34.164000Z,2020-08-25T03:38:34.891000Z,2218.139,727.0,608.0,88.98,0.0,0.0,0.0,76.434,5.436851,0.0,0.0,0.0
2020-08-25T03:38:36.164000Z,2020-08-25T03:38:36.489999Z,1179.861,326.0,628.0,114.14,0.0,0.0,0.0,76.434,1.18936,0.0,0.0,0.0
2020-08-25T03:38:38.178000Z,2020-08-25T03:38:38.641000Z,1157.99,463.0,644.0,110.379,0.0,0.0,0.0,76.434,5.799979,0.0,0.0,0.0
2020-08-25T03:38:40.191000Z,2020-08-25T03:38:40.613000Z,884.997,422.0,642.0,96.012,0.0,0.0,0.0,76.434,3.622263,0.0,0.0,0.0
2020-08-25T03:38:42.034000Z,2020-08-25T03:38:42.238000Z,607.946,204.0,644.0,109.199,0.0,0.0,0.0,76.434,0.659948,0.0,0.0,0.0
2020-08-25T03:38:44.160000Z,2020-08-25T03:38:44.350000Z,573.849,190.0,644.0,86.389,0.0,0.0,0.0,76.434,5.102523,0.0,0.0,0.0
2020-08-25T03:38:46.182000Z,2020-08-25T03:38:46.349000Z,464.2,167.0,644.0,92.069,0.0,0.0,0.0,76.434,5.777165,0.0,0.0,0.0
2020-08-25T03:38:48.163000Z,2020-08-25T03:38:48.412000Z,1035.465,249.0,644.0,89.614,0.0,0.0,0.0,76.434,5.777165,0.0,0.0,0.0
2020-08-25T03:38:50.160000Z,2020-08-25T03:38:50.845000Z,872.121,685.0,809.0,89.903,0.0,0.0,0.0,76.434,7.032761,0.0,0.0,0.0
2020-08-25T03:38:52.180000Z,2020-08-25T03:38:52.375000Z,707.126,195.0,804.0,275.941,0.0,0.0,0.0,76.434,0.475635,0.0,0.0,0.0
2020-08-25T03:38:54.161000Z,2020-08-25T03:38:54.368000Z,858.29,207.0,834.0,92.082,0.0,0.0,0.0,76.434,6.175997,0.0,0.0,0.0
2020-08-25T03:38:56.160000Z,2020-08-25T03:38:56.315000Z,539.434,155.0,870.0,101.104,0.0,0.0,0.0,76.434,7.453219,0.0,0.0,0.0
2020-08-25T03:38:58.177000Z,2020-08-25T03:38:58.441000Z,1318.778,264.0,880.0,109.624,0.0,0.0,0.0,76.434,7.453219,0.0,0.0,0.0
2020-08-25T03:39:00.164000Z,2020-08-25T03:39:00.583000Z,1536.892,419.0,912.0,96.987,0.0,0.0,0.0,76.434,7.842906,0.0,0.0,0.0
2020-08-25T03:39:02.171000Z,2020-08-25T03:39:02.621000Z,2198.659,450.0,904.0,88.269,0.0,0.0,0.0,76.434,4.830475,0.0,0.0,0.0
2020-08-25T03:39:04.178000Z,2020-08-25T03:39:04.341000Z,559.786,163.0,906.0,176.286,0.0,0.0,0.0,76.434,6.165776,0.0,0.0,0.0
2020-08-25T03:39:06.021000Z,2020-08-25T03:39:06.280000Z,1079.548,259.0,880.0,94.776,0.0,0.0,0.0,76.434,6.165776,0.0,0.0,0.0
2020-08-25T03:39:08.168000Z,2020-08-25T03:39:08.441999Z,1339.409,274.0,926.0,112.064,0.0,0.0,0.0,76.434,6.14902,0.0,0.0,0.0
2020-08-25T03:39:10.164000Z,2020-08-25T03:39:10.368000Z,842.628,204.0,926.0,116.763,0.0,0.0,0.0,76.434,6.928167,0.0,0.0,0.0
2020-08-25T03:39:12.162000Z,2020-08-25T03:39:12.425000Z,1041.481,263.0,932.0,106.631,0.0,0.0,0.0,76.434,7.069632,0.0,0.0,0.0
2020-08-25T03:39:14.164000Z,2020-08-25T03:39:14.408000Z,964.573,244.0,926.0,137.878,0.0,0.0,0.0,76.434,6.236815,0.0,0.0,0.0
2020-08-25T03:39:16.165000Z,2020-08-25T03:39:16.462000Z,1453.43,297.0,976.0,105.448,0.0,0.0,0.0,76.434,6.21738,0.0,0.0,0.0
2020-08-25T03:39:18.172000Z,2020-08-25T03:39:18.485000Z,1848.705,313.0,954.0,119.91,0.0,0.0,0.0,76.434,6.726229,0.0,0.0,0.0
2020-08-25T03:39:20.163000Z,2020-08-25T03:39:20.446000Z,1307.005,283.0,1032.0,95.404,0.0,0.0,0.0,76.689,8.912975,0.0,0.0,0.0
2020-08-25T03:39:22.160000Z,2020-08-25T03:39:22.340000Z,767.842,180.0,1040.0,130.637,0.0,0.0,0.0,76.689,7.57953,0.0,0.0,0.0
2020-08-25T03:39:24.162000Z,2020-08-25T03:39:24.358000Z,957.733,196.0,1040.0,92.294,0.0,0.0,0.0,76.689,8.212075,0.0,0.0,0.0
2020-08-25T03:39:26.164000Z,2020-08-25T03:39:26.460000Z,1357.038,296.0,1026.0,88.389,0.0,0.0,0.0,76.689,8.840931,0.0,0.0,0.0
2020-08-25T03:39:28.163000Z,2020-08-25T03:39:28.431000Z,1131.783,268.0,1026.0,159.861,0.0,0.0,0.0,76.689,6.80913,0.0,0.0,0.0
2020-08-25T03:39:30.029000Z,2020-08-25T03:39:30.463000Z,2374.461,434.0,1020.0,104.92,0.0,0.0,0.0,76.689,6.782732,0.0,0.0,0.0
2020-08-25T03:39:32.167000Z,2020-08-25T03:39:32.775000Z,1887.777,608.0,1024.0,158.104,0.0,0.0,0.0,76.689,8.549852,0.0,0.0,0.0
2020-08-25T03:39:34.163000Z,2020-08-25T03:39:34.501000Z,1058.86,338.0,1014.0,93.154,0.0,0.0,0.0,76.689,0.632601,0.0,0.0,0.0
2020-08-25T03:39:36.160000Z,2020-08-25T03:39:36.369999Z,836.194,210.0,1018.0,148.988,0.0,0.0,0.0,76.689,4.546396,0.0,0.0,0.0
2020-08-25T03:39:38.161000Z,2020-08-25T03:39:38.412000Z,866.995,251.0,1120.0,119.328,0.0,0.0,0.0,76.689,6.992216,0.0,0.0,0.0
2020-08-25T03:39:40.160000Z,2020-08-25T03:39:40.368000Z,660.829,208.0,1072.0,116.93,0.0,0.0,0.0,76.689,5.366904,0.0,0.0,0.0
2020-08-25T03:39:42.161000Z,2020-08-25T03:39:42.355000Z,763.491,194.0,1028.0,135.833,0.0,0.0,0.0,76.689,5.366904,0.0,0.0,0.0
2020-08-25T03:39:44.164000Z,2020-08-25T03:39:44.504000Z,1558.06,340.0,1028.0,109.331,0.0,0.0,0.0,76.689,5.366904,0.0,0.0,0.0
2020-08-25T03:39:46.165000Z,2020-08-25T03:39:47.315000Z,2438.505,1150.0,896.0,143.568,0.0,0.0,0.0,76.689,7.677399,0.0,0.0,0.0
2020-08-25T03:39:48.184000Z,2020-08-25T03:39:48.401000Z,1076.501,217.0,848.0,107.57,0.0,0.0,0.0,76.689,0.323178,0.0,0.0,0.0
2020-08-25T03:39:50.160000Z,2020-08-25T03:39:50.349000Z,592.915,189.0,954.0,94.073,0.0,0.0,0.0,76.689,8.627766,0.0,0.0,0.0
2020-08-25T03:39:52.158000Z,2020-08-25T03:39:52.304000Z,473.079,146.0,950.0,112.167,0.0,0.0,0.0,76.689,5.353314,0.0,0.0,0.0
2020-08-25T03:39:54.024999Z,2020-08-25T03:39:54.263000Z,760.521,238.0,950.0,96.689,0.0,0.0,0.0,76.689,5.353314,0.0,0.0,0.0
2020-08-25T03:39:56.159000Z,2020-08-25T03:39:56.513000Z,1247.221,354.0,950.0,149.74,0.0,0.0,0.0,76.689,5.353314,0.0,0.0,0.0
2020-08-25T03:39:58.160000Z,2020-08-25T03:39:58.931000Z,1525.879,771.0,954.0,206.174,0.0,0.0,0.0,76.689,5.353314,0.0,0.0,0.0
2020-08-25T03:40:00.165000Z,2020-08-25T03:40:00.577000Z,1204.868,412.0,612.0,97.089,0.0,0.0,0.0,76.689,0.034247,0.0,0.0,0.0
2020-08-25T03:40:02.161000Z,2020-08-25T03:40:02.565000Z,1527.141,404.0,608.0,124.913,0.0,0.0,0.0,76.689,3.967301,0.0,0.0,0.0
2020-08-25T03:40:04.171000Z,2020-08-25T03:40:04.630000Z,1128.453,459.0,586.0,101.301,0.0,0.0,0.0,76.689,0.365664,0.0,0.0,0.0
2020-08-25T03:40:06.159000Z,2020-08-25T03:40:06.967000Z,1206.796,808.0,583.0,87.646,0.0,0.0,0.0,76.689,2.148681,0.0,0.0,0.0
2020-08-25T03:40:08.159000Z,2020-08-25T03:40:09.515000Z,1235.975,1356.0,626.0,347.179,0.0,0.0,0.0,76.689,0.148986,0.0,0.0,0.0
2020-08-25T03:40:10.161000Z,2020-08-25T03:40:10.611000Z,1080.435,450.0,630.0,543.459,0.0,0.0,0.0,76.689,0.090443,0.0,0.0,0.0
2020-08-25T03:40:12.156000Z,2020-08-25T03:40:12.385000Z,837.175,229.0,635.0,90.124,0.0,0.0,0.0,76.689,0.985364,0.0,0.0,0.0
2020-08-25T03:40:14.156000Z,2020-08-25T03:40:14.709000Z,931.105,553.0,680.0,94.366,0.0,0.0,0.0,76.689,5.913708,0.0,0.0,0.0
2020-08-25T03:40:16.161000Z,2020-08-25T03:40:16.729000Z,2102.471,568.0,716.0,96.95,0.0,0.0,0.0,76.689,4.632869,0.0,0.0,0.0
2020-08-25T03:40:18.163000Z,2020-08-25T03:40:18.516000Z,1514.133,353.0,714.0,95.022,0.0,0.0,0.0,76.689,6.081579,0.0,0.0,0.0
2020-08-25T03:40:20.159000Z,2020-08-25T03:40:20.413000Z,991.727,254.0,718.0,109.682,0.0,0.0,0.0,76.689,5.284966,0.0,0.0,0.0
2020-08-25T03:40:22.158000Z,2020-08-25T03:40:22.403000Z,998.702,245.0,752.0,85.447,0.0,0.0,0.0,76.689,5.876885,0.0,0.0,0.0
2020-08-25T03:40:24.164000Z,2020-08-25T03:40:24.381000Z,864.228,217.0,752.0,92.746,0.0,0.0,0.0,76.689,6.004436,0.0,0.0,0.0
2020-08-25T03:40:26.159000Z,2020-08-25T03:40:26.429000Z,1273.324,270.0,752.0,87.278,0.0,0.0,0.0,76.689,6.405298,0.0,0.0,0.0
2020-08-25T03:40:28.172000Z,2020-08-25T03:40:28.716000Z,2796.729,544.0,864.0,90.857,0.0,0.0,0.0,76.689,7.635603,0.0,0.0,0.0
2020-08-25T03:40:30.171000Z,2020-08-25T03:40:30.416000Z,1214.457,245.0,884.0,113.11,0.0,0.0,0.0,76.689,6.446139,0.0,0.0,0.0
2020-08-25T03:40:32.156000Z,2020-08-25T03:40:32.397000Z,928.1,241.0,4.0,91.611,0.0,0.0,0.0,76.689,7.752696,0.0,0.0,0.0
2020-08-25T03:40:34.156000Z,2020-08-25T03:40:34.513000Z,736.572,357.0,896.0,120.889,0.0,0.0,0.0,76.689,6.766234,0.0,0.0,0.0
2020-08-25T03:40:36.172999Z,2020-08-25T03:40:36.662000Z,898.094,489.0,890.0,89.522,0.0,0.0,0.0,76.689,0.035049,0.0,0.0,0.0
2020-08-25T03:40:38.156999Z,2020-08-25T03:40:38.390000Z,986.825,233.0,818.0,88.096,0.0,0.0,0.0,76.689,1.166263,0.0,0.0,0.0
2020-08-25T03:40:40.156999Z,2020-08-25T03:40:40.497000Z,1536.58,340.0,828.0,104.297,0.0,0.0,0.0,76.689,7.326332,0.0,0.0,0.0
2020-08-25T03:40:42.164000Z,2020-08-25T03:40:42.533000Z,1657.093,369.0,824.0,100.569,0.0,0.0,0.0,76.689,6.202778,0.0,0.0,0.0
2020-08-25T03:40:44.158000Z,2020-08-25T03:40:44.407000Z,905.926,249.0,860.0,151.572,0.0,0.0,0.0,76.689,5.676693,0.0,0.0,0.0
2020-08-25T03:40:46.159000Z,2020-08-25T03:40:46.472000Z,1351.048,313.0,856.0,138.17,0.0,0.0,0.0,76.689,5.676693,0.0,0.0,0.0
2020-08-25T03:40:48.158000Z,2020-08-25T03:40:48.343000Z,779.325,185.0,856.0,108.478,0.0,0.0,0.0,76.689,6.655279,0.0,0.0,0.0
2020-08-25T03:40:50.158000Z,2020-08-25T03:40:50.347000Z,784.791,189.0,862.0,87.133,0.0,0.0,0.0,76.689,6.655279,0.0,0.0,0.0
2020-08-25T03:40:52.158000Z,2020-08-25T03:40:52.369000Z,783.552,211.0,894.0,91.175,0.0,0.0,0.0,76.689,7.934597,0.0,0.0,0.0
2020-08-25T03:40:54.159000Z,2020-08-25T03:40:54.542000Z,1105.686,383.0,894.0,119.411,0.0,0.0,0.0,76.689,6.421871,0.0,0.0,0.0
2020-08-25T03:40:56.159000Z,2020-08-25T03:40:56.383000Z,942.585,224.0,889.0,91.055,0.0,0.0,0.0,76.689,1.750303,0.0,0.0,0.0
2020-08-25T03:40:58.158000Z,2020-08-25T03:40:58.383000Z,890.096,225.0,892.0,89.344,0.0,0.0,0.0,76.689,0.017791,0.0,0.0,0.0
2020-08-25T03:41:00.163000Z,2020-08-25T03:41:00.381000Z,948.817,218.0,4.0,126.233,0.0,0.0,0.0,76.689,6.557898,0.0,0.0,0.0
2020-08-25T03:41:02.196000Z,2020-08-25T03:41:02.403000Z,732.789,207.0,946.0,96.13,0.0,0.0,0.0,76.689,7.315973,0.0,0.0,0.0
2020-08-25T03:41:04.167000Z,2020-08-25T03:41:04.654000Z,1402.625,487.0,942.0,122.667,0.0,0.0,0.0,76.689,6.063218,0.0,0.0,0.0
2020-08-25T03:41:06.156999Z,2020-08-25T03:41:06.491000Z,1652.609,334.0,816.0,90.091,0.0,0.0,0.0,76.689,0.819164,0.0,0.0,0.0
2020-08-25T03:41:08.158000Z,2020-08-25T03:41:08.359000Z,841.539,201.0,852.0,124.781,0.0,0.0,0.0,76.689,6.327311,0.0,0.0,0.0
2020-08-25T03:41:10.156000Z,2020-08-25T03:41:10.517000Z,750.873,361.0,856.0,91.444,0.0,0.0,0.0,76.689,7.527642,0.0,0.0,0.0
2020-08-25T03:41:12.155000Z,2020-08-25T03:41:12.351000Z,879.897,196.0,856.0,86.371,0.0,0.0,0.0,76.689,0.847612,0.0,0.0,0.0
2020-08-25T03:41:14.159000Z,2020-08-25T03:41:14.375000Z,894.348,216.0,924.0,90.927,0.0,0.0,0.0,76.689,8.30154,0.0,0.0,0.0
2020-08-25T03:41:16.159000Z,2020-08-25T03:41:16.427000Z,1089.564,268.0,995.0,100.751,0.0,0.0,0.0,76.689,7.14898,0.0,0.0,0.0
2020-08-25T03:41:18.165000Z,2020-08-25T03:41:18.449000Z,1427.128,284.0,1020.0,140.103,0.0,0.0,0.0,76.689,6.457163,0.0,0.0,0.0
2020-08-25T03:41:20.159000Z,2020-08-25T03:41:20.334000Z,655.916,175.0,1024.0,86.814,0.0,0.0,0.0,76.689,8.55221,0.0,0.0,0.0
2020-08-25T03:41:22.159000Z,2020-08-25T03:41:22.376000Z,903.492,217.0,990.0,93.367,0.0,0.0,0.0,76.689,8.55221,0.0,0.0,0.0
2020-08-25T03:41:24.158000Z,2020-08-25T03:41:24.331000Z,728.555,173.0,988.0,122.803,0.0,0.0,0.0,76.689,6.53945,0.0,0.0,0.0
2020-08-25T03:41:26.165000Z,2020-08-25T03:41:26.460000Z,1237.149,295.0,976.0,86.981,0.0,0.0,0.0,76.689,6.53945,0.0,0.0,0.0
2020-08-25T03:41:28.161000Z,2020-08-25T03:41:28.692000Z,2872.715,531.0,969.0,87.451,0.0,0.0,0.0,76.689,6.181252,0.0,0.0,0.0
2020-08-25T03:41:30.160000Z,2020-08-25T03:41:30.647000Z,2862.114,487.0,946.0,89.219,0.0,0.0,0.0,76.689,8.237817,0.0,0.0,0.0
2020-08-25T03:41:32.153999Z,2020-08-25T03:41:32.510000Z,1857.784,356.0,940.0,86.505,0.0,0.0,0.0,76.689,5.291201,0.0,0.0,0.0
2020-08-25T03:41:34.159000Z,2020-08-25T03:41:34.397000Z,1136.278,238.0,950.0,112.316,0.0,0.0,0.0,76.689,5.520409,0.0,0.0,0.0
2020-08-25T03:41:36.153999Z,2020-08-25T03:41:36.341000Z,712.306,187.0,944.0,122.344,0.0,0.0,0.0,76.689,7.41906,0.0,0.0,0.0
2020-08-25T03:41:38.162000Z,2020-08-25T03:41:38.367000Z,835.684,205.0,980.0,95.334,0.0,0.0,0.0,76.689,7.329626,0.0,0.0,0.0
