start_time,end_time,size,trans_time,cwnd,rtt,rto,ssthresh,last_snd,min_rtt,delivery_rate,bytes_sent,bytes_retrans,client_trans_time
2020-08-24T17:13:59.287000Z,2020-08-24T17:13:59.787000Z,97.158,500.0,15.0,14.93,0.0,0.0,0.0,11.177,0.119331,0.0,0.0,0.0
2020-08-24T17:13:59.787000Z,2020-08-24T17:13:59.913000Z,52.776,126.0,86.0,17.163,0.0,0.0,0.0,11.177,3.542354,0.0,0.0,0.0
2020-08-24T17:13:59.913999Z,2020-08-24T17:13:59.987000Z,193.285,73.0,106.0,20.831,0.0,0.0,0.0,11.177,3.542354,0.0,0.0,0.0
2020-08-24T17:13:59.988000Z,2020-08-24T17:14:00.151000Z,451.602,163.0,164.0,21.363,0.0,0.0,0.0,11.177,4.997295,0.0,0.0,0.0
2020-08-24T17:14:00.152000Z,2020-08-24T17:14:00.413000Z,828.908,261.0,246.0,27.491,0.0,0.0,0.0,11.177,6.4096,0.0,0.0,0.0
2020-08-24T17:14:00.416000Z,2020-08-24T17:14:00.640000Z,1357.515,224.0,174.0,46.882,0.0,0.0,0.0,11.177,5.663458,0.0,0.0,0.0
2020-08-24T17:14:00.643000Z,2020-08-24T17:14:00.941000Z,1165.463,298.0,210.0,16.739,0.0,0.0,0.0,10.673,8.439545,0.0,0.0,0.0
2020-08-24T17:14:00.945000Z,2020-08-24T17:14:01.313999Z,2152.889,369.0,216.0,19.422,0.0,0.0,0.0,10.673,12.283313,0.0,0.0,0.0
2020-08-24T17:14:03.021000Z,2020-08-24T17:14:03.697000Z,2987.544,676.0,210.0,23.514,0.0,0.0,0.0,10.37,10.614307,0.0,0.0,0.0
2020-08-24T17:14:05.021000Z,2020-08-24T17:14:05.555000Z,2726.442,534.0,202.0,27.413,0.0,0.0,0.0,10.37,7.056291,0.0,0.0,0.0
2020-08-24T17:14:07.019000Z,2020-08-24T17:14:07.388000Z,1995.0,369.0,192.0,34.159,0.0,0.0,0.0,10.37,6.424433,0.0,0.0,0.0
2020-08-24T17:14:09.021000Z,2020-08-24T17:14:09.304000Z,1240.299,283.0,184.0,23.215,0.0,0.0,0.0,10.37,8.2689,0.0,0.0,0.0
2020-08-24T17:14:11.022000Z,2020-08-24T17:14:11.750000Z,3277.824,728.0,180.0,18.353,0.0,0.0,0.0,10.37,3.387633,0.0,0.0,0.0
2020-08-24T17:14:13.027000Z,2020-08-24T17:14:13.789000Z,4163.495,762.0,182.0,20.779,0.0,0.0,0.0,10.37,9.346858,0.0,0.0,0.0
2020-08-24T17:14:15.023000Z,2020-08-24T17:14:15.737999Z,3807.31,715.0,195.0,23.632,0.0,0.0,0.0,10.37,8.247628,0.0,0.0,0.0
2020-08-24T17:14:17.031000Z,2020-08-24T17:14:18.212000Z,4707.877,1181.0,202.0,25.268,0.0,0.0,0.0,10.37,9.277374,0.0,0.0,0.0
2020-08-24T17:14:19.024999Z,2020-08-24T17:14:20.721000Z,3787.949,1696.0,157.0,20.287,0.0,0.0,0.0,10.37,1.462645,0.0,0.0,0.0
2020-08-24T17:14:21.019000Z,2020-08-24T17:14:21.489999Z,2026.225,471.0,90.0,23.822,0.0,0.0,0.0,10.37,2.288828,0.0,0.0,0.0
2020-08-24T17:14:23.019000Z,2020-08-24T17:14:23.361999Z,1658.944,343.0,198.0,28.352,0.0,0.0,0.0,10.37,5.62651,0.0,0.0,0.0
2020-08-24T17:14:25.019000Z,2020-08-24T17:14:25.313999Z,1633.866,295.0,196.0,17.7,0.0,0.0,0.0,10.37,5.974228,0.0,0.0,0.0
2020-08-24T17:14:27.021000Z,2020-08-24T17:14:27.753000Z,2350.853,732.0,202.0,36.019,0.0,0.0,0.0,10.37,3.534775,0.0,0.0,0.0
2020-08-24T17:14:29.021000Z,2020-08-24T17:14:29.277000Z,1324.493,256.0,174.0,26.469,0.0,0.0,0.0,10.37,1.030009,0.0,0.0,0.0
2020-08-24T17:14:31.018000Z,2020-08-24T17:14:31.507000Z,1475.85,489.0,190.0,20.817,0.0,0.0,0.0,10.37,8.157024,0.0,0.0,0.0
2020-08-24T17:14:33.021000Z,2020-08-24T17:14:33.333000Z,1539.163,312.0,204.0,24.223,0.0,0.0,0.0,10.37,11.039511,0.0,0.0,0.0
2020-08-24T17:14:35.019000Z,2020-08-24T17:14:35.259000Z,1276.17,240.0,212.0,23.211,0.0,0.0,0.0,10.37,5.378959,0.0,0.0,0.0
2020-08-24T17:14:37.020000Z,2020-08-24T17:14:37.566000Z,2269.458,546.0,212.0,19.229,0.0,0.0,0.0,10.37,9.387222,0.0,0.0,0.0
2020-08-24T17:14:39.020000Z,2020-08-24T17:14:39.603000Z,2434.026,583.0,186.0,27.023,0.0,0.0,0.0,10.37,8.639357,0.0,0.0,0.0
2020-08-24T17:14:41.020000Z,2020-08-24T17:14:41.397000Z,1867.71,377.0,176.0,39.417,0.0,0.0,0.0,10.37,5.477357,0.0,0.0,0.0
2020-08-24T17:14:43.020000Z,2020-08-24T17:14:43.409999Z,2442.173,390.0,4.0,32.808,0.0,0.0,0.0,10.37,7.494536,0.0,0.0,0.0
2020-08-24T17:14:45.029000Z,2020-08-24T17:14:45.628000Z,3326.777,599.0,302.0,18.172,0.0,0.0,0.0,10.37,2.450078,0.0,0.0,0.0
2020-08-24T17:14:47.023000Z,2020-08-24T17:14:47.860000Z,4360.318,837.0,312.0,24.509,0.0,0.0,0.0,10.37,3.986114,0.0,0.0,0.0
2020-08-24T17:14:49.025999Z,2020-08-24T17:14:49.766000Z,4377.33,740.0,276.0,16.217,0.0,0.0,0.0,10.37,4.361609,0.0,0.0,0.0
2020-08-24T17:14:51.023000Z,2020-08-24T17:14:51.648000Z,3678.76,625.0,264.0,27.197,0.0,0.0,0.0,10.37,8.948355,0.0,0.0,0.0
2020-08-24T17:14:53.021000Z,2020-08-24T17:14:53.545999Z,3138.627,525.0,238.0,25.19,0.0,0.0,0.0,10.37,4.727862,0.0,0.0,0.0
2020-08-24T17:14:55.021000Z,2020-08-24T17:14:55.485000Z,2768.825,464.0,204.0,18.651,0.0,0.0,0.0,10.37,5.092375,0.0,0.0,0.0
2020-08-24T17:14:57.019000Z,2020-08-24T17:14:57.320000Z,1436.959,301.0,234.0,22.603,0.0,0.0,0.0,10.37,12.479688,0.0,0.0,0.0
2020-08-24T17:14:59.024999Z,2020-08-24T17:14:59.297999Z,996.419,273.0,250.0,30.179,0.0,0.0,0.0,10.37,9.259525,0.0,0.0,0.0
2020-08-24T17:15:01.032000Z,2020-08-24T17:15:01.449999Z,1046.618,418.0,222.0,36.415,0.0,0.0,0.0,10.37,3.843236,0.0,0.0,0.0
