start_time,end_time,size,trans_time,cwnd,rtt,rto,ssthresh,last_snd,min_rtt,delivery_rate,bytes_sent,bytes_retrans,client_trans_time
2020-08-24T23:23:04.346000Z,2020-08-24T23:23:04.392000Z,32.958,46.0,132.0,47.687,0.0,0.0,0.0,20.302,0.566458,0.0,0.0,0.0
2020-08-24T23:23:04.392000Z,2020-08-24T23:23:04.451000Z,33.774,59.0,132.0,40.724,0.0,0.0,0.0,20.302,2.172714,0.0,0.0,0.0
2020-08-24T23:23:04.452000Z,2020-08-24T23:23:04.529000Z,116.14,77.0,108.0,35.396,0.0,0.0,0.0,20.302,0.474745,0.0,0.0,0.0
2020-08-24T23:23:04.530000Z,2020-08-24T23:23:04.725000Z,516.038,195.0,108.0,35.544,0.0,0.0,0.0,20.302,2.172136,0.0,0.0,0.0
2020-08-24T23:23:04.725000Z,2020-08-24T23:23:04.859000Z,272.783,134.0,118.0,34.518,0.0,0.0,0.0,20.302,3.426619,0.0,0.0,0.0
2020-08-24T23:23:04.860000Z,2020-08-24T23:23:05.128000Z,586.977,268.0,118.0,48.411,0.0,0.0,0.0,20.302,1.950061,0.0,0.0,0.0
2020-08-24T23:23:05.129000Z,2020-08-24T23:23:05.561999Z,771.52,433.0,122.0,48.306,0.0,0.0,0.0,20.302,1.282807,0.0,0.0,0.0
2020-08-24T23:23:05.563000Z,2020-08-24T23:23:05.825000Z,635.199,262.0,126.0,38.645,0.0,0.0,0.0,20.302,3.350453,0.0,0.0,0.0
2020-08-24T23:23:05.826000Z,2020-08-24T23:23:05.961000Z,461.408,135.0,138.0,47.883,0.0,0.0,0.0,20.302,1.924515,0.0,0.0,0.0
2020-08-24T23:23:07.523000Z,2020-08-24T23:23:08.036000Z,1844.954,513.0,160.0,38.618,0.0,0.0,0.0,20.302,4.627189,0.0,0.0,0.0
2020-08-24T23:23:09.533000Z,2020-08-24T23:23:10.249999Z,2854.701,717.0,172.0,39.658,0.0,0.0,0.0,20.302,4.91349,0.0,0.0,0.0
2020-08-24T23:23:11.523000Z,2020-08-24T23:23:11.723000Z,813.428,200.0,192.0,50.355,0.0,0.0,0.0,20.302,4.603824,0.0,0.0,0.0
2020-08-24T23:23:13.520000Z,2020-08-24T23:23:13.708000Z,561.604,188.0,192.0,46.905,0.0,0.0,0.0,20.302,4.946965,0.0,0.0,0.0
2020-08-24T23:23:15.521000Z,2020-08-24T23:23:15.624000Z,335.836,103.0,170.0,44.167,0.0,0.0,0.0,20.302,4.89395,0.0,0.0,0.0
2020-08-24T23:23:17.520000Z,2020-08-24T23:23:17.617000Z,282.607,97.0,172.0,36.373,0.0,0.0,0.0,20.302,3.623184,0.0,0.0,0.0
2020-08-24T23:23:19.542000Z,2020-08-24T23:23:19.745000Z,640.718,203.0,212.0,50.568,0.0,0.0,0.0,20.302,3.887084,0.0,0.0,0.0
2020-08-24T23:23:21.524000Z,2020-08-24T23:23:22.161999Z,1574.417,638.0,188.0,45.636,0.0,0.0,0.0,20.302,2.45261,0.0,0.0,0.0
2020-08-24T23:23:23.521999Z,2020-08-24T23:23:23.791000Z,929.255,269.0,224.0,138.295,0.0,0.0,0.0,20.302,1.748861,0.0,0.0,0.0
2020-08-24T23:23:25.520000Z,2020-08-24T23:23:25.625999Z,305.352,106.0,220.0,65.664,0.0,0.0,0.0,20.302,3.340353,0.0,0.0,0.0
2020-08-24T23:23:27.770000Z,2020-08-24T23:23:27.881999Z,318.81,112.0,170.0,55.838,0.0,0.0,0.0,20.302,3.87665,0.0,0.0,0.0
2020-08-24T23:23:29.774000Z,2020-08-24T23:23:29.977000Z,725.754,203.0,164.0,40.202,0.0,0.0,0.0,20.302,4.109669,0.0,0.0,0.0
2020-08-24T23:23:31.772000Z,2020-08-24T23:23:31.877000Z,277.449,105.0,172.0,40.055,0.0,0.0,0.0,20.302,3.251055,0.0,0.0,0.0
2020-08-24T23:23:33.577000Z,2020-08-24T23:23:33.688000Z,347.401,111.0,174.0,43.858,0.0,0.0,0.0,20.302,3.699083,0.0,0.0,0.0
2020-08-24T23:23:35.771000Z,2020-08-24T23:23:35.959000Z,591.998,188.0,172.0,42.324,0.0,0.0,0.0,20.302,3.955855,0.0,0.0,0.0
2020-08-24T23:23:37.771000Z,2020-08-24T23:23:37.864000Z,256.674,93.0,170.0,56.875,0.0,0.0,0.0,20.302,4.197503,0.0,0.0,0.0
2020-08-24T23:23:39.771000Z,2020-08-24T23:23:39.961999Z,702.162,191.0,166.0,38.53,0.0,0.0,0.0,20.302,4.468024,0.0,0.0,0.0
2020-08-24T23:23:41.773000Z,2020-08-24T23:23:42.345000Z,1679.447,572.0,180.0,40.558,0.0,0.0,0.0,20.302,3.388158,0.0,0.0,0.0
2020-08-24T23:23:43.776000Z,2020-08-24T23:23:44.060000Z,819.643,284.0,178.0,63.502,0.0,0.0,0.0,20.302,1.631748,0.0,0.0,0.0
2020-08-24T23:23:45.770000Z,2020-08-24T23:23:45.889999Z,342.153,120.0,184.0,51.179,0.0,0.0,0.0,20.302,2.790612,0.0,0.0,0.0
2020-08-24T23:23:47.771000Z,2020-08-24T23:23:47.968000Z,562.273,197.0,186.0,62.671,0.0,0.0,0.0,20.302,4.649681,0.0,0.0,0.0
2020-08-24T23:23:49.773000Z,2020-08-24T23:23:50.361999Z,1783.035,589.0,184.0,44.805,0.0,0.0,0.0,20.302,2.952041,0.0,0.0,0.0
2020-08-24T23:23:51.775000Z,2020-08-24T23:23:52.799000Z,2267.057,1024.0,182.0,57.034,0.0,0.0,0.0,20.302,1.029855,0.0,0.0,0.0
2020-08-24T23:23:53.772000Z,2020-08-24T23:23:54.254000Z,1312.354,482.0,144.0,42.077,0.0,0.0,0.0,20.302,3.339796,0.0,0.0,0.0
2020-08-24T23:23:55.776000Z,2020-08-24T23:23:56.405000Z,1810.457,629.0,136.0,41.916,0.0,0.0,0.0,20.295,2.334108,0.0,0.0,0.0
2020-08-24T23:23:57.579000Z,2020-08-24T23:23:57.785999Z,598.607,207.0,120.0,38.714,0.0,0.0,0.0,20.295,2.584857,0.0,0.0,0.0
2020-08-24T23:23:59.771000Z,2020-08-24T23:23:59.944000Z,523.052,173.0,136.0,36.319,0.0,0.0,0.0,20.295,3.647283,0.0,0.0,0.0
2020-08-24T23:24:01.782000Z,2020-08-24T23:24:02.049999Z,882.402,268.0,136.0,44.902,0.0,0.0,0.0,20.295,3.698843,0.0,0.0,0.0
2020-08-24T23:24:03.772000Z,2020-08-24T23:24:04.016000Z,843.653,244.0,150.0,39.149,0.0,0.0,0.0,20.295,4.340896,0.0,0.0,0.0
2020-08-24T23:24:05.771000Z,2020-08-24T23:24:06.036000Z,847.215,265.0,4.0,34.576,0.0,0.0,0.0,20.295,3.813688,0.0,0.0,0.0
2020-08-24T23:24:07.775000Z,2020-08-24T23:24:08.077000Z,1215.295,302.0,176.0,48.621,0.0,0.0,0.0,20.295,2.517919,0.0,0.0,0.0
2020-08-24T23:24:09.775000Z,2020-08-24T23:24:10.470000Z,3421.932,695.0,218.0,44.618,0.0,0.0,0.0,20.295,2.660482,0.0,0.0,0.0
2020-08-24T23:24:11.775000Z,2020-08-24T23:24:12.337000Z,2327.359,562.0,228.0,55.047,0.0,0.0,0.0,20.295,3.542077,0.0,0.0,0.0
2020-08-24T23:24:13.773000Z,2020-08-24T23:24:14.153999Z,1733.698,381.0,198.0,59.992,0.0,0.0,0.0,20.295,5.007188,0.0,0.0,0.0
2020-08-24T23:24:15.778000Z,2020-08-24T23:24:16.399000Z,2553.159,621.0,228.0,43.244,0.0,0.0,0.0,20.295,1.992008,0.0,0.0,0.0
2020-08-24T23:24:17.777000Z,2020-08-24T23:24:18.128000Z,1854.05,351.0,230.0,42.228,0.0,0.0,0.0,20.295,4.989824,0.0,0.0,0.0
2020-08-24T23:24:19.770000Z,2020-08-24T23:24:19.881999Z,452.428,112.0,304.0,62.158,0.0,0.0,0.0,20.295,4.09468,0.0,0.0,0.0
2020-08-24T23:24:21.773000Z,2020-08-24T23:24:21.899000Z,596.796,126.0,280.0,46.919,0.0,0.0,0.0,20.295,4.143968,0.0,0.0,0.0
2020-08-24T23:24:23.787000Z,2020-08-24T23:24:23.972000Z,594.592,185.0,276.0,44.688,0.0,0.0,0.0,20.295,5.792092,0.0,0.0,0.0
2020-08-24T23:24:25.771000Z,2020-08-24T23:24:25.913999Z,570.843,143.0,256.0,88.062,0.0,0.0,0.0,20.295,3.550323,0.0,0.0,0.0
2020-08-24T23:24:27.770000Z,2020-08-24T23:24:27.907000Z,509.691,137.0,220.0,45.403,0.0,0.0,0.0,20.295,3.842827,0.0,0.0,0.0
2020-08-24T23:24:29.772000Z,2020-08-24T23:24:30.070000Z,1095.705,298.0,208.0,40.296,0.0,0.0,0.0,20.295,3.32813,0.0,0.0,0.0
2020-08-24T23:24:31.771000Z,2020-08-24T23:24:32.055000Z,1037.3,284.0,204.0,43.518,0.0,0.0,0.0,20.295,2.769015,0.0,0.0,0.0
2020-08-24T23:24:33.773000Z,2020-08-24T23:24:34.094000Z,1148.03,321.0,190.0,47.491,0.0,0.0,0.0,20.295,2.890442,0.0,0.0,0.0
2020-08-24T23:24:35.772000Z,2020-08-24T23:24:36.030000Z,1000.405,258.0,190.0,47.286,0.0,0.0,0.0,20.295,3.925428,0.0,0.0,0.0
2020-08-24T23:24:37.774000Z,2020-08-24T23:24:38.024000Z,780.388,250.0,204.0,36.498,0.0,0.0,0.0,20.295,4.900407,0.0,0.0,0.0
2020-08-24T23:24:39.772000Z,2020-08-24T23:24:40.000000Z,822.592,228.0,200.0,58.929,0.0,0.0,0.0,20.295,3.540099,0.0,0.0,0.0
2020-08-24T23:24:41.771000Z,2020-08-24T23:24:41.943000Z,728.802,172.0,200.0,59.477,0.0,0.0,0.0,20.295,3.376668,0.0,0.0,0.0
2020-08-24T23:24:43.771000Z,2020-08-24T23:24:44.037000Z,758.661,266.0,196.0,45.838,0.0,0.0,0.0,20.295,5.126256,0.0,0.0,0.0
2020-08-24T23:24:45.789000Z,2020-08-24T23:24:46.033000Z,703.28,244.0,200.0,63.108,0.0,0.0,0.0,20.295,3.218746,0.0,0.0,0.0
2020-08-24T23:24:47.772000Z,2020-08-24T23:24:48.107000Z,839.087,335.0,196.0,65.255,0.0,0.0,0.0,20.295,0.795838,0.0,0.0,0.0
2020-08-24T23:24:49.772000Z,2020-08-24T23:24:49.982000Z,793.843,210.0,146.0,69.156,0.0,0.0,0.0,20.295,3.234221,0.0,0.0,0.0
2020-08-24T23:24:51.773000Z,2020-08-24T23:24:52.423000Z,1131.31,650.0,200.0,48.188,0.0,0.0,0.0,20.295,4.300094,0.0,0.0,0.0
2020-08-24T23:24:53.771000Z,2020-08-24T23:24:54.142000Z,751.124,371.0,130.0,46.285,0.0,0.0,0.0,20.295,2.212523,0.0,0.0,0.0
2020-08-24T23:24:55.791000Z,2020-08-24T23:24:56.201999Z,1032.158,411.0,130.0,50.071,0.0,0.0,0.0,20.295,1.056524,0.0,0.0,0.0
2020-08-24T23:24:57.773000Z,2020-08-24T23:24:58.217000Z,1307.21,444.0,130.0,52.153,0.0,0.0,0.0,20.295,0.466761,0.0,0.0,0.0
2020-08-24T23:24:59.775000Z,2020-08-24T23:25:00.211000Z,1271.403,436.0,146.0,41.537,0.0,0.0,0.0,20.295,1.635508,0.0,0.0,0.0
2020-08-24T23:25:01.780000Z,2020-08-24T23:25:02.193999Z,1267.937,414.0,136.0,43.652,0.0,0.0,0.0,20.295,3.122463,0.0,0.0,0.0
2020-08-24T23:25:03.773000Z,2020-08-24T23:25:04.295000Z,1340.763,522.0,144.0,42.118,0.0,0.0,0.0,20.295,3.072373,0.0,0.0,0.0
2020-08-24T23:25:05.773000Z,2020-08-24T23:25:06.183000Z,1071.252,410.0,136.0,45.695,0.0,0.0,0.0,20.295,2.971891,0.0,0.0,0.0
2020-08-24T23:25:07.773000Z,2020-08-24T23:25:08.105999Z,887.911,333.0,132.0,46.169,0.0,0.0,0.0,20.295,1.513625,0.0,0.0,0.0
2020-08-24T23:25:09.772000Z,2020-08-24T23:25:10.145000Z,1038.182,373.0,132.0,42.61,0.0,0.0,0.0,20.295,2.76177,0.0,0.0,0.0
2020-08-24T23:25:11.773000Z,2020-08-24T23:25:12.169999Z,998.863,397.0,4.0,39.056,0.0,0.0,0.0,20.295,2.09169,0.0,0.0,0.0
2020-08-24T23:25:13.773000Z,2020-08-24T23:25:14.149000Z,1122.593,376.0,136.0,42.127,0.0,0.0,0.0,20.295,2.003774,0.0,0.0,0.0
2020-08-24T23:25:15.773000Z,2020-08-24T23:25:16.225999Z,1239.873,453.0,154.0,35.777,0.0,0.0,0.0,20.295,3.659242,0.0,0.0,0.0
2020-08-24T23:25:17.772000Z,2020-08-24T23:25:18.142000Z,1135.609,370.0,140.0,62.041,0.0,0.0,0.0,20.295,2.155344,0.0,0.0,0.0
2020-08-24T23:25:19.772000Z,2020-08-24T23:25:20.093000Z,827.185,321.0,140.0,39.368,0.0,0.0,0.0,20.295,2.670731,0.0,0.0,0.0
2020-08-24T23:25:21.772000Z,2020-08-24T23:25:22.125000Z,964.548,353.0,134.0,50.523,0.0,0.0,0.0,20.295,3.192128,0.0,0.0,0.0
2020-08-24T23:25:23.772000Z,2020-08-24T23:25:24.049999Z,834.975,278.0,132.0,49.983,0.0,0.0,0.0,20.295,2.731717,0.0,0.0,0.0
2020-08-24T23:25:25.771000Z,2020-08-24T23:25:26.072000Z,636.099,301.0,158.0,37.094,0.0,0.0,0.0,20.295,5.101975,0.0,0.0,0.0
2020-08-24T23:25:27.773000Z,2020-08-24T23:25:28.569000Z,1625.793,796.0,158.0,64.881,0.0,0.0,0.0,20.295,0.252041,0.0,0.0,0.0
2020-08-24T23:25:29.776000Z,2020-08-24T23:25:30.574000Z,2469.986,798.0,150.0,62.363,0.0,0.0,0.0,20.295,1.440694,0.0,0.0,0.0
2020-08-24T23:25:31.775000Z,2020-08-24T23:25:32.631000Z,2719.333,856.0,158.0,47.219,0.0,0.0,0.0,20.295,0.978326,0.0,0.0,0.0
2020-08-24T23:25:33.774000Z,2020-08-24T23:25:34.432000Z,2137.032,658.0,134.0,41.92,0.0,0.0,0.0,20.041,4.253177,0.0,0.0,0.0
2020-08-24T23:25:35.783000Z,2020-08-24T23:25:36.733000Z,3591.558,950.0,156.0,49.928,0.0,0.0,0.0,20.041,4.293547,0.0,0.0,0.0
2020-08-24T23:25:37.776000Z,2020-08-24T23:25:39.228000Z,3252.254,1452.0,150.0,42.321,0.0,0.0,0.0,20.041,0.809851,0.0,0.0,0.0
2020-08-24T23:25:39.779000Z,2020-08-24T23:25:40.574000Z,2564.051,795.0,118.0,161.917,0.0,0.0,0.0,20.041,0.712235,0.0,0.0,0.0
2020-08-24T23:25:41.775000Z,2020-08-24T23:25:42.795000Z,2906.072,1020.0,164.0,54.876,0.0,0.0,0.0,20.041,5.135741,0.0,0.0,0.0
2020-08-24T23:25:43.773000Z,2020-08-24T23:25:44.573000Z,1881.642,800.0,192.0,42.151,0.0,0.0,0.0,20.041,3.470365,0.0,0.0,0.0
2020-08-24T23:25:45.776000Z,2020-08-24T23:25:46.373000Z,1869.056,597.0,116.0,43.485,0.0,0.0,0.0,20.041,3.483009,0.0,0.0,0.0
2020-08-24T23:25:47.772000Z,2020-08-24T23:25:48.061000Z,672.906,289.0,136.0,41.913,0.0,0.0,0.0,20.041,3.144341,0.0,0.0,0.0
2020-08-24T23:25:49.776000Z,2020-08-24T23:25:49.984000Z,718.113,208.0,136.0,57.357,0.0,0.0,0.0,20.041,0.25143,0.0,0.0,0.0
2020-08-24T23:25:51.773000Z,2020-08-24T23:25:51.990000Z,627.218,217.0,156.0,44.49,0.0,0.0,0.0,20.041,3.744354,0.0,0.0,0.0
2020-08-24T23:25:53.775000Z,2020-08-24T23:25:53.990000Z,592.375,215.0,158.0,50.048,0.0,0.0,0.0,20.041,2.716916,0.0,0.0,0.0
2020-08-24T23:25:55.773000Z,2020-08-24T23:25:55.988000Z,674.006,215.0,128.0,47.413,0.0,0.0,0.0,20.041,1.929725,0.0,0.0,0.0
2020-08-24T23:25:57.773000Z,2020-08-24T23:25:57.969000Z,677.276,196.0,201.0,39.32,0.0,0.0,0.0,20.041,3.626871,0.0,0.0,0.0
2020-08-24T23:25:59.773000Z,2020-08-24T23:26:00.079000Z,722.981,306.0,166.0,41.169,0.0,0.0,0.0,20.041,3.506333,0.0,0.0,0.0
2020-08-24T23:26:01.771000Z,2020-08-24T23:26:02.041999Z,712.913,271.0,166.0,55.494,0.0,0.0,0.0,20.041,1.778233,0.0,0.0,0.0
2020-08-24T23:26:03.776000Z,2020-08-24T23:26:04.031000Z,598.67,255.0,138.0,51.32,0.0,0.0,0.0,20.041,1.536903,0.0,0.0,0.0
2020-08-24T23:26:05.774000Z,2020-08-24T23:26:05.957000Z,627.262,183.0,154.0,46.647,0.0,0.0,0.0,20.041,3.020532,0.0,0.0,0.0
2020-08-24T23:26:07.783000Z,2020-08-24T23:26:08.310000Z,1834.568,527.0,168.0,43.904,0.0,0.0,0.0,20.041,4.136057,0.0,0.0,0.0
2020-08-24T23:26:09.781000Z,2020-08-24T23:26:10.345999Z,1803.108,565.0,180.0,75.452,0.0,0.0,0.0,20.041,3.511571,0.0,0.0,0.0
2020-08-24T23:26:11.773000Z,2020-08-24T23:26:12.501000Z,1687.01,728.0,172.0,42.59,0.0,0.0,0.0,20.041,3.457358,0.0,0.0,0.0
2020-08-24T23:26:13.776000Z,2020-08-24T23:26:14.720000Z,2607.62,944.0,126.0,75.643,0.0,0.0,0.0,20.041,2.549859,0.0,0.0,0.0
2020-08-24T23:26:15.777000Z,2020-08-24T23:26:16.573000Z,2225.423,796.0,158.0,47.35,0.0,0.0,0.0,20.041,1.025471,0.0,0.0,0.0
2020-08-24T23:26:17.774000Z,2020-08-24T23:26:18.209000Z,1181.392,435.0,126.0,41.76,0.0,0.0,0.0,20.041,3.119968,0.0,0.0,0.0
2020-08-24T23:26:19.775000Z,2020-08-24T23:26:20.268000Z,1332.08,493.0,136.0,46.003,0.0,0.0,0.0,20.041,2.802039,0.0,0.0,0.0
2020-08-24T23:26:21.776000Z,2020-08-24T23:26:22.560000Z,1026.355,784.0,127.0,41.767,0.0,0.0,0.0,20.041,3.815977,0.0,0.0,0.0
2020-08-24T23:26:23.772000Z,2020-08-24T23:26:24.577999Z,1111.344,806.0,124.0,75.283,0.0,0.0,0.0,20.041,0.901812,0.0,0.0,0.0
2020-08-24T23:26:25.777000Z,2020-08-24T23:26:26.485000Z,1575.199,708.0,88.0,38.841,0.0,0.0,0.0,19.992,2.145047,0.0,0.0,0.0
2020-08-24T23:26:27.775000Z,2020-08-24T23:26:28.524000Z,2172.84,749.0,92.0,38.001,0.0,0.0,0.0,19.992,2.486792,0.0,0.0,0.0
2020-08-24T23:26:29.782000Z,2020-08-24T23:26:30.144000Z,1067.03,362.0,136.0,49.328,0.0,0.0,0.0,19.992,1.888869,0.0,0.0,0.0
2020-08-24T23:26:31.777000Z,2020-08-24T23:26:32.147000Z,808.759,370.0,132.0,46.0,0.0,0.0,0.0,19.992,1.647824,0.0,0.0,0.0
2020-08-24T23:26:33.784000Z,2020-08-24T23:26:34.124000Z,728.033,340.0,132.0,46.427,0.0,0.0,0.0,19.992,2.441234,0.0,0.0,0.0
2020-08-24T23:26:35.773000Z,2020-08-24T23:26:36.420000Z,1266.293,647.0,110.0,49.753,0.0,0.0,0.0,19.992,3.438172,0.0,0.0,0.0
2020-08-24T23:26:37.773000Z,2020-08-24T23:26:38.084000Z,921.834,311.0,122.0,82.619,0.0,0.0,0.0,19.992,0.441891,0.0,0.0,0.0
2020-08-24T23:26:39.773000Z,2020-08-24T23:26:40.191000Z,1133.251,418.0,140.0,36.482,0.0,0.0,0.0,19.992,3.158101,0.0,0.0,0.0
2020-08-24T23:26:41.774000Z,2020-08-24T23:26:42.576000Z,2268.81,802.0,140.0,40.704,0.0,0.0,0.0,19.992,1.649061,0.0,0.0,0.0
2020-08-24T23:26:43.778000Z,2020-08-24T23:26:44.725000Z,2692.407,947.0,126.0,47.722,0.0,0.0,0.0,19.992,1.118752,0.0,0.0,0.0
2020-08-24T23:26:45.776000Z,2020-08-24T23:26:46.727000Z,2384.514,951.0,124.0,48.759,0.0,0.0,0.0,19.992,1.871722,0.0,0.0,0.0
2020-08-24T23:26:47.775000Z,2020-08-24T23:26:48.300000Z,1770.606,525.0,148.0,61.933,0.0,0.0,0.0,19.992,1.359792,0.0,0.0,0.0
2020-08-24T23:26:49.775000Z,2020-08-24T23:26:50.461000Z,2291.81,686.0,164.0,53.456,0.0,0.0,0.0,19.992,5.032081,0.0,0.0,0.0
2020-08-24T23:26:51.776000Z,2020-08-24T23:26:53.156000Z,3495.025,1380.0,174.0,45.042,0.0,0.0,0.0,19.992,3.799411,0.0,0.0,0.0
2020-08-24T23:26:53.778000Z,2020-08-24T23:26:55.095000Z,2857.338,1317.0,100.0,44.386,0.0,0.0,0.0,19.992,1.086976,0.0,0.0,0.0
2020-08-24T23:26:55.790000Z,2020-08-24T23:26:57.239000Z,2392.678,1449.0,124.0,60.391,0.0,0.0,0.0,19.992,1.011985,0.0,0.0,0.0
2020-08-24T23:26:57.772000Z,2020-08-24T23:26:58.216000Z,757.337,444.0,78.0,37.117,0.0,0.0,0.0,19.992,1.910433,0.0,0.0,0.0
2020-08-24T23:26:59.775000Z,2020-08-24T23:27:00.206000Z,843.392,431.0,82.0,39.065,0.0,0.0,0.0,19.992,1.984521,0.0,0.0,0.0
2020-08-24T23:27:01.777000Z,2020-08-24T23:27:02.184000Z,745.049,407.0,90.0,43.035,0.0,0.0,0.0,19.992,2.280345,0.0,0.0,0.0
2020-08-24T23:27:03.772000Z,2020-08-24T23:27:04.099000Z,760.119,327.0,90.0,50.733,0.0,0.0,0.0,19.992,0.889613,0.0,0.0,0.0
2020-08-24T23:27:05.771000Z,2020-08-24T23:27:06.177000Z,718.842,406.0,106.0,47.735,0.0,0.0,0.0,19.992,2.387738,0.0,0.0,0.0
2020-08-24T23:27:07.776000Z,2020-08-24T23:27:08.300000Z,794.065,524.0,92.0,53.674,0.0,0.0,0.0,19.992,1.076576,0.0,0.0,0.0
2020-08-24T23:27:09.781000Z,2020-08-24T23:27:09.937000Z,217.388,156.0,82.0,41.148,0.0,0.0,0.0,19.992,2.275915,0.0,0.0,0.0
2020-08-24T23:27:11.773000Z,2020-08-24T23:27:12.094000Z,580.958,321.0,82.0,39.889,0.0,0.0,0.0,19.992,1.587837,0.0,0.0,0.0
2020-08-24T23:27:13.772000Z,2020-08-24T23:27:14.241999Z,526.756,470.0,84.0,37.389,0.0,0.0,0.0,19.992,2.147585,0.0,0.0,0.0
2020-08-24T23:27:15.771000Z,2020-08-24T23:27:15.985999Z,477.7,215.0,92.0,35.171,0.0,0.0,0.0,19.992,2.166457,0.0,0.0,0.0
2020-08-24T23:27:17.774000Z,2020-08-24T23:27:18.137999Z,753.601,364.0,108.0,43.091,0.0,0.0,0.0,19.992,3.136456,0.0,0.0,0.0
2020-08-24T23:27:19.773000Z,2020-08-24T23:27:20.253000Z,1148.699,480.0,108.0,46.924,0.0,0.0,0.0,19.992,1.707258,0.0,0.0,0.0
2020-08-24T23:27:21.773000Z,2020-08-24T23:27:22.323000Z,1338.071,550.0,114.0,42.1,0.0,0.0,0.0,19.992,2.657964,0.0,0.0,0.0
2020-08-24T23:27:23.772000Z,2020-08-24T23:27:23.964000Z,577.586,192.0,126.0,38.833,0.0,0.0,0.0,19.992,0.861788,0.0,0.0,0.0
2020-08-24T23:27:25.772000Z,2020-08-24T23:27:25.937000Z,538.591,165.0,142.0,37.719,0.0,0.0,0.0,19.992,3.24277,0.0,0.0,0.0
2020-08-24T23:27:27.772000Z,2020-08-24T23:27:27.961999Z,541.818,190.0,148.0,42.744,0.0,0.0,0.0,19.992,3.154088,0.0,0.0,0.0
2020-08-24T23:27:29.773000Z,2020-08-24T23:27:29.928000Z,473.881,155.0,154.0,37.732,0.0,0.0,0.0,19.992,3.711063,0.0,0.0,0.0
2020-08-24T23:27:31.775000Z,2020-08-24T23:27:31.830000Z,95.848,55.0,152.0,44.334,0.0,0.0,0.0,19.992,3.211827,0.0,0.0,0.0
2020-08-24T23:27:33.772000Z,2020-08-24T23:27:33.925000Z,516.727,153.0,207.0,36.667,0.0,0.0,0.0,19.992,3.211827,0.0,0.0,0.0
2020-08-24T23:27:35.774000Z,2020-08-24T23:27:35.948000Z,490.698,174.0,180.0,39.267,0.0,0.0,0.0,19.992,3.601176,0.0,0.0,0.0
2020-08-24T23:27:37.814000Z,2020-08-24T23:27:37.884000Z,99.765,70.0,176.0,47.827,0.0,0.0,0.0,19.992,3.320722,0.0,0.0,0.0
2020-08-24T23:27:40.021000Z,2020-08-24T23:27:40.083000Z,91.319,62.0,176.0,40.549,0.0,0.0,0.0,19.992,3.320722,0.0,0.0,0.0
2020-08-24T23:27:42.024999Z,2020-08-24T23:27:42.500000Z,1568.54,475.0,176.0,38.767,0.0,0.0,0.0,19.992,3.320722,0.0,0.0,0.0
2020-08-24T23:27:44.025999Z,2020-08-24T23:27:44.639000Z,1744.519,613.0,160.0,44.334,0.0,0.0,0.0,19.992,3.425607,0.0,0.0,0.0
2020-08-24T23:27:46.030000Z,2020-08-24T23:27:46.808000Z,1716.94,778.0,128.0,37.502,0.0,0.0,0.0,19.992,2.998521,0.0,0.0,0.0
2020-08-24T23:27:48.023000Z,2020-08-24T23:27:48.449999Z,942.493,427.0,122.0,46.456,0.0,0.0,0.0,19.992,3.411214,0.0,0.0,0.0
2020-08-24T23:27:50.023000Z,2020-08-24T23:27:50.484000Z,1026.154,461.0,116.0,54.694,0.0,0.0,0.0,19.992,2.272252,0.0,0.0,0.0
2020-08-24T23:27:52.023000Z,2020-08-24T23:27:52.392000Z,1144.535,369.0,118.0,45.747,0.0,0.0,0.0,19.992,1.03025,0.0,0.0,0.0
2020-08-24T23:27:54.024000Z,2020-08-24T23:27:54.294000Z,796.154,270.0,128.0,39.519,0.0,0.0,0.0,19.992,3.220114,0.0,0.0,0.0
2020-08-24T23:27:56.025999Z,2020-08-24T23:27:56.427000Z,771.235,401.0,128.0,46.817,0.0,0.0,0.0,19.992,2.799733,0.0,0.0,0.0
2020-08-24T23:27:58.070000Z,2020-08-24T23:27:58.413000Z,492.465,343.0,122.0,41.41,0.0,0.0,0.0,19.992,1.473394,0.0,0.0,0.0
2020-08-24T23:28:00.024000Z,2020-08-24T23:28:00.180000Z,397.048,156.0,114.0,53.291,0.0,0.0,0.0,19.992,1.291056,0.0,0.0,0.0
2020-08-24T23:28:02.022000Z,2020-08-24T23:28:02.263000Z,484.999,241.0,114.0,47.791,0.0,0.0,0.0,19.992,3.38747,0.0,0.0,0.0
2020-08-24T23:28:04.022000Z,2020-08-24T23:28:04.209999Z,474.139,188.0,168.0,48.798,0.0,0.0,0.0,19.992,1.661649,0.0,0.0,0.0
2020-08-24T23:28:06.033000Z,2020-08-24T23:28:06.145999Z,279.038,113.0,138.0,53.58,0.0,0.0,0.0,19.992,2.712929,0.0,0.0,0.0
2020-08-24T23:28:08.025999Z,2020-08-24T23:28:08.099000Z,136.917,73.0,142.0,36.806,0.0,0.0,0.0,19.992,3.454506,0.0,0.0,0.0
2020-08-24T23:28:10.023000Z,2020-08-24T23:28:10.091000Z,147.209,68.0,142.0,35.985,0.0,0.0,0.0,19.992,2.88717,0.0,0.0,0.0
2020-08-24T23:28:12.031000Z,2020-08-24T23:28:12.267000Z,707.384,236.0,130.0,33.32,0.0,0.0,0.0,19.992,3.317022,0.0,0.0,0.0
2020-08-24T23:28:14.038000Z,2020-08-24T23:28:14.223000Z,426.147,185.0,136.0,51.806,0.0,0.0,0.0,19.992,3.588895,0.0,0.0,0.0
2020-08-24T23:28:16.023000Z,2020-08-24T23:28:16.124000Z,259.723,101.0,136.0,54.55,0.0,0.0,0.0,19.992,0.373565,0.0,0.0,0.0
2020-08-24T23:28:18.022000Z,2020-08-24T23:28:18.200000Z,460.86,178.0,136.0,38.75,0.0,0.0,0.0,19.992,4.147633,0.0,0.0,0.0
2020-08-24T23:28:20.023000Z,2020-08-24T23:28:20.505999Z,526.981,483.0,130.0,52.145,0.0,0.0,0.0,19.992,3.091315,0.0,0.0,0.0
2020-08-24T23:28:22.041000Z,2020-08-24T23:28:22.423000Z,861.235,382.0,78.0,49.641,0.0,0.0,0.0,19.992,1.901789,0.0,0.0,0.0
2020-08-24T23:28:24.023000Z,2020-08-24T23:28:24.384000Z,911.138,361.0,100.0,36.231,0.0,0.0,0.0,19.992,1.827741,0.0,0.0,0.0
2020-08-24T23:28:26.022000Z,2020-08-24T23:28:26.385000Z,1014.976,363.0,130.0,46.405,0.0,0.0,0.0,19.992,2.689368,0.0,0.0,0.0
2020-08-24T23:28:28.025999Z,2020-08-24T23:28:28.279000Z,817.511,253.0,136.0,37.532,0.0,0.0,0.0,19.992,2.940758,0.0,0.0,0.0
2020-08-24T23:28:30.023000Z,2020-08-24T23:28:30.568000Z,925.257,545.0,136.0,43.033,0.0,0.0,0.0,19.992,3.663294,0.0,0.0,0.0
2020-08-24T23:28:32.024999Z,2020-08-24T23:28:32.767000Z,1082.358,742.0,134.0,76.691,0.0,0.0,0.0,19.992,1.629734,0.0,0.0,0.0
2020-08-24T23:28:34.022000Z,2020-08-24T23:28:34.211000Z,430.889,189.0,98.0,33.797,0.0,0.0,0.0,19.992,2.942407,0.0,0.0,0.0
2020-08-24T23:28:36.024000Z,2020-08-24T23:28:36.187000Z,341.589,163.0,102.0,35.976,0.0,0.0,0.0,19.992,2.290617,0.0,0.0,0.0
2020-08-24T23:28:38.024000Z,2020-08-24T23:28:38.105999Z,144.881,82.0,102.0,35.719,0.0,0.0,0.0,19.992,2.607448,0.0,0.0,0.0
2020-08-24T23:28:40.022000Z,2020-08-24T23:28:40.141000Z,240.451,119.0,102.0,36.781,0.0,0.0,0.0,19.992,2.4393,0.0,0.0,0.0
2020-08-24T23:28:42.024000Z,2020-08-24T23:28:42.193000Z,420.751,169.0,102.0,33.56,0.0,0.0,0.0,19.992,2.140924,0.0,0.0,0.0
2020-08-24T23:28:44.022000Z,2020-08-24T23:28:44.367000Z,246.167,345.0,116.0,35.298,0.0,0.0,0.0,19.992,2.105997,0.0,0.0,0.0
2020-08-24T23:28:46.022000Z,2020-08-24T23:28:46.188000Z,316.314,166.0,134.0,40.371,0.0,0.0,0.0,19.992,3.14069,0.0,0.0,0.0
2020-08-24T23:28:48.025999Z,2020-08-24T23:28:48.156000Z,321.042,130.0,120.0,49.099,0.0,0.0,0.0,19.992,0.974649,0.0,0.0,0.0
2020-08-24T23:28:50.021000Z,2020-08-24T23:28:50.120000Z,249.405,99.0,128.0,37.631,0.0,0.0,0.0,19.992,3.248087,0.0,0.0,0.0
2020-08-24T23:28:52.024000Z,2020-08-24T23:28:52.102000Z,170.536,78.0,136.0,37.381,0.0,0.0,0.0,19.992,3.642759,0.0,0.0,0.0
2020-08-24T23:28:54.024000Z,2020-08-24T23:28:54.296000Z,741.884,272.0,134.0,36.7,0.0,0.0,0.0,19.992,3.375056,0.0,0.0,0.0
2020-08-24T23:28:56.023000Z,2020-08-24T23:28:56.139000Z,276.497,116.0,162.0,48.447,0.0,0.0,0.0,19.992,2.300497,0.0,0.0,0.0
2020-08-24T23:28:58.023000Z,2020-08-24T23:28:58.480000Z,1375.484,457.0,162.0,63.133,0.0,0.0,0.0,19.992,3.713929,0.0,0.0,0.0
2020-08-24T23:29:00.023000Z,2020-08-24T23:29:00.350000Z,1026.229,327.0,140.0,45.127,0.0,0.0,0.0,19.992,2.982896,0.0,0.0,0.0
2020-08-24T23:29:02.024999Z,2020-08-24T23:29:02.491000Z,1446.569,466.0,146.0,39.907,0.0,0.0,0.0,19.992,2.886305,0.0,0.0,0.0
2020-08-24T23:29:04.032000Z,2020-08-24T23:29:04.601000Z,1310.121,569.0,164.0,48.441,0.0,0.0,0.0,19.992,1.358332,0.0,0.0,0.0
2020-08-24T23:29:06.029000Z,2020-08-24T23:29:06.353000Z,1146.42,324.0,172.0,38.023,0.0,0.0,0.0,19.992,2.190024,0.0,0.0,0.0
2020-08-24T23:29:08.023000Z,2020-08-24T23:29:08.350000Z,925.792,327.0,162.0,44.206,0.0,0.0,0.0,19.992,3.341895,0.0,0.0,0.0
2020-08-24T23:29:10.035000Z,2020-08-24T23:29:10.574000Z,1576.097,539.0,162.0,48.52,0.0,0.0,0.0,19.992,1.565607,0.0,0.0,0.0
2020-08-24T23:29:12.024000Z,2020-08-24T23:29:12.225999Z,624.069,202.0,160.0,56.144,0.0,0.0,0.0,19.992,4.8457,0.0,0.0,0.0
2020-08-24T23:29:14.023000Z,2020-08-24T23:29:14.424000Z,600.607,401.0,156.0,47.72,0.0,0.0,0.0,19.992,2.195188,0.0,0.0,0.0
2020-08-24T23:29:16.023000Z,2020-08-24T23:29:16.299000Z,582.02,276.0,4.0,80.697,0.0,0.0,0.0,19.992,3.408876,0.0,0.0,0.0
2020-08-24T23:29:18.028000Z,2020-08-24T23:29:18.347000Z,716.577,319.0,208.0,122.63,0.0,0.0,0.0,19.992,2.353028,0.0,0.0,0.0
2020-08-24T23:29:20.024000Z,2020-08-24T23:29:20.417000Z,757.341,393.0,126.0,45.12,0.0,0.0,0.0,19.992,3.031057,0.0,0.0,0.0
2020-08-24T23:29:22.023000Z,2020-08-24T23:29:22.352000Z,662.65,329.0,118.0,36.606,0.0,0.0,0.0,19.992,3.045767,0.0,0.0,0.0
2020-08-24T23:29:24.022000Z,2020-08-24T23:29:24.461000Z,613.424,439.0,122.0,59.54,0.0,0.0,0.0,19.992,1.481566,0.0,0.0,0.0
2020-08-24T23:29:26.032000Z,2020-08-24T23:29:26.276000Z,776.863,244.0,122.0,50.948,0.0,0.0,0.0,19.992,0.575331,0.0,0.0,0.0
2020-08-24T23:29:28.025999Z,2020-08-24T23:29:28.440000Z,1600.312,414.0,140.0,36.061,0.0,0.0,0.0,19.992,3.263978,0.0,0.0,0.0
2020-08-24T23:29:30.030000Z,2020-08-24T23:29:30.641999Z,1747.955,612.0,194.0,47.356,0.0,0.0,0.0,19.992,4.216623,0.0,0.0,0.0
2020-08-24T23:29:32.024999Z,2020-08-24T23:29:32.523000Z,1309.424,498.0,158.0,68.576,0.0,0.0,0.0,19.992,1.604082,0.0,0.0,0.0
2020-08-24T23:29:34.024000Z,2020-08-24T23:29:34.473000Z,948.168,449.0,158.0,42.828,0.0,0.0,0.0,19.992,2.382518,0.0,0.0,0.0
2020-08-24T23:29:36.024000Z,2020-08-24T23:29:36.593999Z,1522.334,570.0,152.0,61.392,0.0,0.0,0.0,19.992,1.044757,0.0,0.0,0.0
2020-08-24T23:29:38.023000Z,2020-08-24T23:29:38.457000Z,1052.56,434.0,144.0,111.381,0.0,0.0,0.0,19.992,1.466968,0.0,0.0,0.0
2020-08-24T23:29:40.041000Z,2020-08-24T23:29:40.297000Z,838.885,256.0,154.0,46.837,0.0,0.0,0.0,19.992,2.288866,0.0,0.0,0.0
2020-08-24T23:29:42.030000Z,2020-08-24T23:29:42.243000Z,654.184,213.0,152.0,53.257,0.0,0.0,0.0,19.992,4.373265,0.0,0.0,0.0
2020-08-24T23:29:44.024999Z,2020-08-24T23:29:44.480000Z,1298.92,455.0,160.0,42.696,0.0,0.0,0.0,19.992,2.955417,0.0,0.0,0.0
2020-08-24T23:29:46.025999Z,2020-08-24T23:29:46.553000Z,716.617,527.0,152.0,59.558,0.0,0.0,0.0,19.992,3.923062,0.0,0.0,0.0
2020-08-24T23:29:48.044000Z,2020-08-24T23:29:48.343000Z,699.735,299.0,174.0,64.102,0.0,0.0,0.0,19.992,1.043702,0.0,0.0,0.0
2020-08-24T23:29:50.024000Z,2020-08-24T23:29:50.316000Z,718.623,292.0,140.0,55.106,0.0,0.0,0.0,19.992,1.034269,0.0,0.0,0.0
2020-08-24T23:29:52.023000Z,2020-08-24T23:29:52.315000Z,739.871,292.0,140.0,56.02,0.0,0.0,0.0,19.992,2.623154,0.0,0.0,0.0
2020-08-24T23:29:54.024999Z,2020-08-24T23:29:54.919000Z,1168.638,894.0,124.0,51.675,0.0,0.0,0.0,19.992,2.555477,0.0,0.0,0.0
2020-08-24T23:29:56.024999Z,2020-08-24T23:29:56.923000Z,1329.017,898.0,62.0,46.523,0.0,0.0,0.0,19.992,1.243804,0.0,0.0,0.0
2020-08-24T23:29:58.024000Z,2020-08-24T23:29:58.473999Z,931.688,450.0,78.0,31.975,0.0,0.0,0.0,19.992,2.237365,0.0,0.0,0.0
2020-08-24T23:30:00.024999Z,2020-08-24T23:30:00.383000Z,916.46,358.0,98.0,35.601,0.0,0.0,0.0,19.992,2.473911,0.0,0.0,0.0
2020-08-24T23:30:02.024000Z,2020-08-24T23:30:02.260000Z,759.95,236.0,122.0,46.389,0.0,0.0,0.0,19.992,2.220091,0.0,0.0,0.0
2020-08-24T23:30:04.024000Z,2020-08-24T23:30:04.432000Z,900.958,408.0,134.0,36.079,0.0,0.0,0.0,19.992,3.580502,0.0,0.0,0.0
2020-08-24T23:30:06.025999Z,2020-08-24T23:30:06.334000Z,1157.562,308.0,134.0,54.542,0.0,0.0,0.0,19.992,2.256306,0.0,0.0,0.0
2020-08-24T23:30:08.024000Z,2020-08-24T23:30:08.549000Z,1253.83,525.0,174.0,34.126,0.0,0.0,0.0,19.992,3.682366,0.0,0.0,0.0
2020-08-24T23:30:10.024000Z,2020-08-24T23:30:10.470000Z,1180.246,446.0,144.0,61.135,0.0,0.0,0.0,19.992,2.129768,0.0,0.0,0.0
2020-08-24T23:30:12.024999Z,2020-08-24T23:30:12.425000Z,1270.379,400.0,156.0,43.432,0.0,0.0,0.0,19.992,1.692508,0.0,0.0,0.0
2020-08-24T23:30:14.024000Z,2020-08-24T23:30:14.628000Z,1567.316,604.0,168.0,41.085,0.0,0.0,0.0,19.992,3.473406,0.0,0.0,0.0
2020-08-24T23:30:16.024999Z,2020-08-24T23:30:16.635000Z,1848.721,610.0,156.0,63.612,0.0,0.0,0.0,19.992,0.631333,0.0,0.0,0.0
2020-08-24T23:30:18.035000Z,2020-08-24T23:30:18.480000Z,1525.866,445.0,165.0,46.299,0.0,0.0,0.0,19.992,2.946237,0.0,0.0,0.0
2020-08-24T23:30:20.024999Z,2020-08-24T23:30:20.581000Z,1765.513,556.0,168.0,38.617,0.0,0.0,0.0,19.992,4.54936,0.0,0.0,0.0
2020-08-24T23:30:22.050000Z,2020-08-24T23:30:22.551000Z,1452.18,501.0,168.0,49.243,0.0,0.0,0.0,19.992,2.501653,0.0,0.0,0.0
2020-08-24T23:30:24.057999Z,2020-08-24T23:30:24.548000Z,1258.166,490.0,144.0,55.925,0.0,0.0,0.0,19.992,2.287263,0.0,0.0,0.0
2020-08-24T23:30:26.025999Z,2020-08-24T23:30:27.377000Z,2425.74,1351.0,138.0,60.091,0.0,0.0,0.0,19.992,3.13988,0.0,0.0,0.0
2020-08-24T23:30:28.028000Z,2020-08-24T23:30:28.804000Z,1168.886,776.0,90.0,59.889,0.0,0.0,0.0,19.992,1.461482,0.0,0.0,0.0
2020-08-24T23:30:30.023000Z,2020-08-24T23:30:30.281000Z,657.67,258.0,118.0,167.14,0.0,0.0,0.0,19.992,0.823512,0.0,0.0,0.0
2020-08-24T23:30:32.024000Z,2020-08-24T23:30:32.233999Z,572.574,210.0,140.0,48.356,0.0,0.0,0.0,19.992,1.788802,0.0,0.0,0.0
2020-08-24T23:30:34.024000Z,2020-08-24T23:30:34.225000Z,561.868,201.0,144.0,39.839,0.0,0.0,0.0,19.992,2.73551,0.0,0.0,0.0
2020-08-24T23:30:36.022000Z,2020-08-24T23:30:36.367000Z,931.27,345.0,144.0,46.579,0.0,0.0,0.0,19.992,3.072127,0.0,0.0,0.0
2020-08-24T23:30:38.022000Z,2020-08-24T23:30:38.534000Z,1007.592,512.0,150.0,44.354,0.0,0.0,0.0,19.992,3.47757,0.0,0.0,0.0
2020-08-24T23:30:40.028000Z,2020-08-24T23:30:40.741000Z,2238.878,713.0,157.0,39.002,0.0,0.0,0.0,19.992,4.603619,0.0,0.0,0.0
2020-08-24T23:30:42.027000Z,2020-08-24T23:30:43.219000Z,2758.818,1192.0,152.0,37.755,0.0,0.0,0.0,19.992,2.804853,0.0,0.0,0.0
2020-08-24T23:30:44.024999Z,2020-08-24T23:30:44.462000Z,1305.543,437.0,146.0,81.482,0.0,0.0,0.0,19.992,3.585293,0.0,0.0,0.0
2020-08-24T23:30:46.023000Z,2020-08-24T23:30:46.335000Z,803.424,312.0,158.0,41.916,0.0,0.0,0.0,19.992,1.679811,0.0,0.0,0.0
2020-08-24T23:30:48.024999Z,2020-08-24T23:30:48.413000Z,863.189,388.0,152.0,62.679,0.0,0.0,0.0,19.992,3.65572,0.0,0.0,0.0
2020-08-24T23:30:50.024999Z,2020-08-24T23:30:50.311000Z,894.351,286.0,122.0,54.464,0.0,0.0,0.0,19.992,2.369494,0.0,0.0,0.0
2020-08-24T23:30:52.024000Z,2020-08-24T23:30:52.260000Z,737.194,236.0,146.0,37.866,0.0,0.0,0.0,19.992,2.662004,0.0,0.0,0.0
2020-08-24T23:30:54.025999Z,2020-08-24T23:30:54.252000Z,597.702,226.0,146.0,40.605,0.0,0.0,0.0,19.992,3.863776,0.0,0.0,0.0
2020-08-24T23:30:56.024000Z,2020-08-24T23:30:56.528000Z,1328.576,504.0,130.0,37.691,0.0,0.0,0.0,19.992,2.230034,0.0,0.0,0.0
2020-08-24T23:30:58.024000Z,2020-08-24T23:30:58.517000Z,1417.71,493.0,122.0,38.159,0.0,0.0,0.0,19.992,2.274851,0.0,0.0,0.0
2020-08-24T23:31:00.027000Z,2020-08-24T23:31:00.861000Z,2165.804,834.0,142.0,45.647,0.0,0.0,0.0,19.992,3.631436,0.0,0.0,0.0
2020-08-24T23:31:02.025999Z,2020-08-24T23:31:02.656000Z,1414.376,630.0,132.0,58.574,0.0,0.0,0.0,19.992,1.75387,0.0,0.0,0.0
2020-08-24T23:31:04.027000Z,2020-08-24T23:31:04.269000Z,723.252,242.0,118.0,52.053,0.0,0.0,0.0,19.992,2.087927,0.0,0.0,0.0
2020-08-24T23:31:06.024000Z,2020-08-24T23:31:06.344000Z,808.941,320.0,128.0,38.685,0.0,0.0,0.0,19.992,3.280545,0.0,0.0,0.0
2020-08-24T23:31:08.024000Z,2020-08-24T23:31:08.595000Z,890.232,571.0,148.0,45.838,0.0,0.0,0.0,19.992,1.839419,0.0,0.0,0.0
2020-08-24T23:31:10.025999Z,2020-08-24T23:31:10.287000Z,835.231,261.0,184.0,41.656,0.0,0.0,0.0,19.992,2.954417,0.0,0.0,0.0
2020-08-24T23:31:12.024000Z,2020-08-24T23:31:12.321999Z,770.654,298.0,158.0,52.12,0.0,0.0,0.0,19.992,3.780619,0.0,0.0,0.0
2020-08-24T23:31:14.024999Z,2020-08-24T23:31:14.433999Z,952.08,409.0,156.0,54.953,0.0,0.0,0.0,19.992,1.629289,0.0,0.0,0.0
2020-08-24T23:31:16.027000Z,2020-08-24T23:31:16.900000Z,1903.704,873.0,128.0,45.501,0.0,0.0,0.0,19.992,3.075583,0.0,0.0,0.0
2020-08-24T23:31:18.029000Z,2020-08-24T23:31:18.712000Z,2089.285,683.0,146.0,62.941,0.0,0.0,0.0,19.992,1.743721,0.0,0.0,0.0
2020-08-24T23:31:20.033000Z,2020-08-24T23:31:21.003000Z,1991.117,970.0,140.0,41.938,0.0,0.0,0.0,19.992,3.176661,0.0,0.0,0.0
2020-08-24T23:31:22.025999Z,2020-08-24T23:31:22.701000Z,2092.522,675.0,134.0,53.097,0.0,0.0,0.0,19.992,3.429564,0.0,0.0,0.0
2020-08-24T23:31:24.024999Z,2020-08-24T23:31:24.935000Z,1982.948,910.0,150.0,43.583,0.0,0.0,0.0,19.992,2.286833,0.0,0.0,0.0
2020-08-24T23:31:26.029000Z,2020-08-24T23:31:26.481999Z,1329.538,453.0,140.0,50.949,0.0,0.0,0.0,20.045,0.265594,0.0,0.0,0.0
2020-08-24T23:31:28.024000Z,2020-08-24T23:31:28.564000Z,1329.11,540.0,150.0,36.764,0.0,0.0,0.0,20.045,4.173084,0.0,0.0,0.0
2020-08-24T23:31:30.024999Z,2020-08-24T23:31:30.584000Z,1475.108,559.0,160.0,49.213,0.0,0.0,0.0,20.045,3.334948,0.0,0.0,0.0
2020-08-24T23:31:32.024000Z,2020-08-24T23:31:32.297999Z,783.292,274.0,156.0,55.127,0.0,0.0,0.0,20.045,1.224932,0.0,0.0,0.0
2020-08-24T23:31:34.027000Z,2020-08-24T23:31:35.260000Z,2495.021,1233.0,182.0,51.259,0.0,0.0,0.0,20.045,3.45857,0.0,0.0,0.0
2020-08-24T23:31:36.027000Z,2020-08-24T23:31:37.497000Z,3166.74,1470.0,90.0,51.023,0.0,0.0,0.0,20.045,1.783038,0.0,0.0,0.0
2020-08-24T23:31:38.048000Z,2020-08-24T23:31:39.280000Z,3211.301,1232.0,106.0,37.371,0.0,0.0,0.0,20.045,1.95082,0.0,0.0,0.0
2020-08-24T23:31:40.029000Z,2020-08-24T23:31:40.999000Z,2301.548,970.0,122.0,51.26,0.0,0.0,0.0,20.045,2.132891,0.0,0.0,0.0
2020-08-24T23:31:42.024000Z,2020-08-24T23:31:42.329999Z,800.746,306.0,140.0,32.324,0.0,0.0,0.0,20.045,2.564353,0.0,0.0,0.0
2020-08-24T23:31:44.024000Z,2020-08-24T23:31:44.285000Z,744.655,261.0,140.0,46.458,0.0,0.0,0.0,20.045,2.875541,0.0,0.0,0.0
2020-08-24T23:31:46.024999Z,2020-08-24T23:31:46.252000Z,676.348,227.0,134.0,41.555,0.0,0.0,0.0,20.045,3.817736,0.0,0.0,0.0
2020-08-24T23:31:48.086000Z,2020-08-24T23:31:48.533000Z,984.583,447.0,134.0,37.528,0.0,0.0,0.0,20.045,3.040662,0.0,0.0,0.0
2020-08-24T23:31:50.278000Z,2020-08-24T23:31:51.076000Z,1911.235,798.0,132.0,52.642,0.0,0.0,0.0,20.045,1.511439,0.0,0.0,0.0
2020-08-24T23:31:52.277000Z,2020-08-24T23:31:53.046000Z,1979.894,769.0,126.0,58.013,0.0,0.0,0.0,20.045,3.042186,0.0,0.0,0.0
2020-08-24T23:31:54.277000Z,2020-08-24T23:31:54.883000Z,1766.289,606.0,122.0,39.715,0.0,0.0,0.0,20.045,2.241289,0.0,0.0,0.0
2020-08-24T23:31:56.278000Z,2020-08-24T23:31:56.933000Z,1657.913,655.0,138.0,48.803,0.0,0.0,0.0,20.045,3.327351,0.0,0.0,0.0
2020-08-24T23:31:58.277000Z,2020-08-24T23:31:58.944000Z,1809.827,667.0,134.0,39.921,0.0,0.0,0.0,20.045,2.029715,0.0,0.0,0.0
2020-08-24T23:32:00.275000Z,2020-08-24T23:32:00.955000Z,1574.982,680.0,150.0,51.64,0.0,0.0,0.0,20.045,3.131802,0.0,0.0,0.0
2020-08-24T23:32:02.278000Z,2020-08-24T23:32:02.785000Z,1278.23,507.0,150.0,51.851,0.0,0.0,0.0,20.045,2.558875,0.0,0.0,0.0
2020-08-24T23:32:04.275000Z,2020-08-24T23:32:04.664000Z,1113.893,389.0,124.0,60.229,0.0,0.0,0.0,20.045,2.429055,0.0,0.0,0.0
2020-08-24T23:32:06.283000Z,2020-08-24T23:32:06.649999Z,1105.984,367.0,142.0,44.993,0.0,0.0,0.0,20.045,0.211896,0.0,0.0,0.0
2020-08-24T23:32:08.278000Z,2020-08-24T23:32:08.694000Z,1094.702,416.0,138.0,44.466,0.0,0.0,0.0,20.045,2.942167,0.0,0.0,0.0
2020-08-24T23:32:10.296000Z,2020-08-24T23:32:10.643000Z,1053.09,347.0,150.0,76.509,0.0,0.0,0.0,20.045,1.813202,0.0,0.0,0.0
2020-08-24T23:32:12.074000Z,2020-08-24T23:32:12.399000Z,961.577,325.0,160.0,56.047,0.0,0.0,0.0,20.045,2.979214,0.0,0.0,0.0
2020-08-24T23:32:14.275000Z,2020-08-24T23:32:14.725000Z,750.081,450.0,172.0,44.478,0.0,0.0,0.0,20.045,1.430961,0.0,0.0,0.0
2020-08-24T23:32:16.274000Z,2020-08-24T23:32:16.524000Z,721.427,250.0,172.0,124.052,0.0,0.0,0.0,20.045,1.627055,0.0,0.0,0.0
2020-08-24T23:32:18.274000Z,2020-08-24T23:32:18.760000Z,551.587,486.0,162.0,51.982,0.0,0.0,0.0,20.045,3.67256,0.0,0.0,0.0
2020-08-24T23:32:20.275000Z,2020-08-24T23:32:20.655000Z,1162.507,380.0,180.0,39.693,0.0,0.0,0.0,20.045,1.348959,0.0,0.0,0.0
2020-08-24T23:32:22.275000Z,2020-08-24T23:32:22.845000Z,1452.79,570.0,174.0,53.564,0.0,0.0,0.0,20.045,1.926096,0.0,0.0,0.0
2020-08-24T23:32:24.289000Z,2020-08-24T23:32:24.797000Z,1420.912,508.0,130.0,44.15,0.0,0.0,0.0,20.045,1.9765,0.0,0.0,0.0
2020-08-24T23:32:26.276000Z,2020-08-24T23:32:26.725000Z,1274.324,449.0,128.0,50.739,0.0,0.0,0.0,20.045,2.846806,0.0,0.0,0.0
2020-08-24T23:32:28.281999Z,2020-08-24T23:32:28.703000Z,1259.486,421.0,140.0,49.235,0.0,0.0,0.0,20.045,3.376809,0.0,0.0,0.0
2020-08-24T23:32:30.283000Z,2020-08-24T23:32:30.569999Z,925.47,287.0,144.0,50.272,0.0,0.0,0.0,20.045,1.279473,0.0,0.0,0.0
2020-08-24T23:32:32.284000Z,2020-08-24T23:32:32.628000Z,969.882,344.0,138.0,44.106,0.0,0.0,0.0,20.045,3.672511,0.0,0.0,0.0
2020-08-24T23:32:34.281999Z,2020-08-24T23:32:34.625999Z,888.424,344.0,138.0,44.272,0.0,0.0,0.0,20.045,3.41554,0.0,0.0,0.0
2020-08-24T23:32:36.083000Z,2020-08-24T23:32:36.412000Z,885.122,329.0,168.0,43.805,0.0,0.0,0.0,20.045,2.115544,0.0,0.0,0.0
2020-08-24T23:32:38.274000Z,2020-08-24T23:32:38.584000Z,798.281,310.0,132.0,53.509,0.0,0.0,0.0,20.045,2.544322,0.0,0.0,0.0
2020-08-24T23:32:40.275000Z,2020-08-24T23:32:40.592000Z,861.069,317.0,132.0,42.993,0.0,0.0,0.0,20.045,1.160984,0.0,0.0,0.0
2020-08-24T23:32:42.294000Z,2020-08-24T23:32:42.636000Z,834.928,342.0,140.0,41.743,0.0,0.0,0.0,20.045,1.652003,0.0,0.0,0.0
2020-08-24T23:32:44.276000Z,2020-08-24T23:32:44.590000Z,905.427,314.0,140.0,67.489,0.0,0.0,0.0,20.045,2.370187,0.0,0.0,0.0
2020-08-24T23:32:46.275000Z,2020-08-24T23:32:46.569000Z,794.586,294.0,138.0,38.267,0.0,0.0,0.0,20.045,3.652075,0.0,0.0,0.0
2020-08-24T23:32:48.274000Z,2020-08-24T23:32:48.556000Z,774.748,282.0,160.0,40.756,0.0,0.0,0.0,20.045,2.949417,0.0,0.0,0.0
2020-08-24T23:32:50.276000Z,2020-08-24T23:32:50.569000Z,798.637,293.0,4.0,42.884,0.0,0.0,0.0,20.045,0.904691,0.0,0.0,0.0
2020-08-24T23:32:52.275000Z,2020-08-24T23:32:52.549000Z,789.071,274.0,240.0,78.869,0.0,0.0,0.0,20.045,1.843415,0.0,0.0,0.0
2020-08-24T23:32:54.276000Z,2020-08-24T23:32:54.547000Z,812.419,271.0,200.0,68.236,0.0,0.0,0.0,20.045,3.289509,0.0,0.0,0.0
2020-08-24T23:32:56.283000Z,2020-08-24T23:32:56.569000Z,779.012,286.0,140.0,50.227,0.0,0.0,0.0,20.045,2.097963,0.0,0.0,0.0
2020-08-24T23:32:58.284999Z,2020-08-24T23:32:58.665000Z,753.593,380.0,140.0,64.009,0.0,0.0,0.0,20.045,2.493005,0.0,0.0,0.0
2020-08-24T23:33:00.276000Z,2020-08-24T23:33:00.612000Z,681.731,336.0,140.0,56.357,0.0,0.0,0.0,20.045,3.544524,0.0,0.0,0.0
2020-08-24T23:33:02.275000Z,2020-08-24T23:33:02.615000Z,991.676,340.0,115.0,50.895,0.0,0.0,0.0,20.045,1.324468,0.0,0.0,0.0
2020-08-24T23:33:04.275000Z,2020-08-24T23:33:04.731000Z,1064.305,456.0,120.0,35.594,0.0,0.0,0.0,20.045,2.763701,0.0,0.0,0.0
2020-08-24T23:33:06.278000Z,2020-08-24T23:33:06.761999Z,990.997,484.0,116.0,41.693,0.0,0.0,0.0,20.045,1.849054,0.0,0.0,0.0
2020-08-24T23:33:08.274000Z,2020-08-24T23:33:08.663000Z,954.734,389.0,104.0,38.086,0.0,0.0,0.0,20.045,0.103703,0.0,0.0,0.0
2020-08-24T23:33:10.277000Z,2020-08-24T23:33:10.820000Z,844.343,543.0,110.0,44.665,0.0,0.0,0.0,20.045,1.983512,0.0,0.0,0.0
2020-08-24T23:33:12.274000Z,2020-08-24T23:33:12.495000Z,797.561,221.0,142.0,48.455,0.0,0.0,0.0,20.045,3.39381,0.0,0.0,0.0
2020-08-24T23:33:14.279000Z,2020-08-24T23:33:14.589000Z,1038.377,310.0,172.0,37.74,0.0,0.0,0.0,20.045,4.925982,0.0,0.0,0.0
2020-08-24T23:33:16.277000Z,2020-08-24T23:33:16.620000Z,1004.462,343.0,172.0,51.225,0.0,0.0,0.0,20.045,1.079238,0.0,0.0,0.0
2020-08-24T23:33:18.275000Z,2020-08-24T23:33:18.649000Z,1019.857,374.0,166.0,55.678,0.0,0.0,0.0,20.045,3.687236,0.0,0.0,0.0
2020-08-24T23:33:20.287000Z,2020-08-24T23:33:20.593000Z,997.775,306.0,154.0,54.389,0.0,0.0,0.0,20.045,1.701407,0.0,0.0,0.0
2020-08-24T23:33:22.280000Z,2020-08-24T23:33:22.609999Z,958.979,330.0,164.0,38.046,0.0,0.0,0.0,20.045,2.693081,0.0,0.0,0.0
2020-08-24T23:33:24.275000Z,2020-08-24T23:33:24.520000Z,909.722,245.0,160.0,46.74,0.0,0.0,0.0,20.045,3.045778,0.0,0.0,0.0
2020-08-24T23:33:26.276000Z,2020-08-24T23:33:26.689999Z,1060.997,414.0,160.0,37.049,0.0,0.0,0.0,20.045,3.779616,0.0,0.0,0.0
2020-08-24T23:33:28.284999Z,2020-08-24T23:33:28.881999Z,928.558,597.0,160.0,49.431,0.0,0.0,0.0,20.045,3.197636,0.0,0.0,0.0
2020-08-24T23:33:30.276000Z,2020-08-24T23:33:30.769999Z,1065.971,494.0,110.0,60.393,0.0,0.0,0.0,20.045,0.372754,0.0,0.0,0.0
2020-08-24T23:33:32.277000Z,2020-08-24T23:33:32.628000Z,1001.815,351.0,114.0,41.67,0.0,0.0,0.0,20.045,3.641164,0.0,0.0,0.0
2020-08-24T23:33:34.277000Z,2020-08-24T23:33:34.615000Z,1038.404,338.0,132.0,37.669,0.0,0.0,0.0,20.045,3.306908,0.0,0.0,0.0
2020-08-24T23:33:36.281999Z,2020-08-24T23:33:36.543000Z,825.44,261.0,148.0,42.15,0.0,0.0,0.0,20.045,4.265584,0.0,0.0,0.0
2020-08-24T23:33:38.275000Z,2020-08-24T23:33:38.499000Z,661.931,224.0,146.0,44.74,0.0,0.0,0.0,20.045,3.987463,0.0,0.0,0.0
2020-08-24T23:33:40.278000Z,2020-08-24T23:33:40.613000Z,901.172,335.0,146.0,39.577,0.0,0.0,0.0,20.045,4.294215,0.0,0.0,0.0
2020-08-24T23:33:42.275000Z,2020-08-24T23:33:42.567000Z,1088.2,292.0,174.0,43.642,0.0,0.0,0.0,20.045,3.111423,0.0,0.0,0.0
2020-08-24T23:33:44.276000Z,2020-08-24T23:33:44.502000Z,836.273,226.0,174.0,42.249,0.0,0.0,0.0,20.045,4.435615,0.0,0.0,0.0
2020-08-24T23:33:46.274000Z,2020-08-24T23:33:46.535000Z,774.615,261.0,168.0,48.45,0.0,0.0,0.0,20.045,3.879032,0.0,0.0,0.0
2020-08-24T23:33:48.284000Z,2020-08-24T23:33:48.550000Z,830.523,266.0,170.0,46.987,0.0,0.0,0.0,20.045,2.79057,0.0,0.0,0.0
2020-08-24T23:33:50.275000Z,2020-08-24T23:33:50.524000Z,813.493,249.0,152.0,40.535,0.0,0.0,0.0,20.045,3.997726,0.0,0.0,0.0
2020-08-24T23:33:52.275000Z,2020-08-24T23:33:52.555000Z,705.238,280.0,152.0,39.899,0.0,0.0,0.0,20.045,3.372925,0.0,0.0,0.0
2020-08-24T23:33:54.277000Z,2020-08-24T23:33:54.613000Z,917.275,336.0,154.0,42.152,0.0,0.0,0.0,20.045,1.69348,0.0,0.0,0.0
2020-08-24T23:33:56.278000Z,2020-08-24T23:33:56.561999Z,887.887,284.0,154.0,51.803,0.0,0.0,0.0,20.045,2.293454,0.0,0.0,0.0
2020-08-24T23:33:58.276000Z,2020-08-24T23:33:58.551000Z,865.727,275.0,150.0,35.015,0.0,0.0,0.0,20.045,3.275165,0.0,0.0,0.0
2020-08-24T23:34:00.279000Z,2020-08-24T23:34:00.497999Z,667.692,219.0,152.0,43.577,0.0,0.0,0.0,20.045,4.550544,0.0,0.0,0.0
2020-08-24T23:34:02.277000Z,2020-08-24T23:34:02.597000Z,735.768,320.0,164.0,49.353,0.0,0.0,0.0,20.045,3.803776,0.0,0.0,0.0
2020-08-24T23:34:04.281000Z,2020-08-24T23:34:04.659000Z,886.636,378.0,164.0,63.295,0.0,0.0,0.0,20.045,1.872755,0.0,0.0,0.0
2020-08-24T23:34:06.275000Z,2020-08-24T23:34:06.595000Z,1011.344,320.0,150.0,70.69,0.0,0.0,0.0,20.045,1.886244,0.0,0.0,0.0
2020-08-24T23:34:08.284000Z,2020-08-24T23:34:08.639000Z,1027.685,355.0,166.0,46.54,0.0,0.0,0.0,20.045,2.096548,0.0,0.0,0.0
2020-08-24T23:34:10.281999Z,2020-08-24T23:34:10.541000Z,754.807,259.0,172.0,50.593,0.0,0.0,0.0,20.045,1.960369,0.0,0.0,0.0
2020-08-24T23:34:12.278000Z,2020-08-24T23:34:12.593999Z,756.576,316.0,172.0,47.091,0.0,0.0,0.0,20.045,4.485455,0.0,0.0,0.0
2020-08-24T23:34:14.279000Z,2020-08-24T23:34:14.579000Z,855.492,300.0,172.0,59.292,0.0,0.0,0.0,20.045,1.888154,0.0,0.0,0.0
2020-08-24T23:34:16.286000Z,2020-08-24T23:34:16.652000Z,959.535,366.0,166.0,49.476,0.0,0.0,0.0,20.045,0.645721,0.0,0.0,0.0
2020-08-24T23:34:18.276000Z,2020-08-24T23:34:18.533000Z,852.377,257.0,170.0,62.343,0.0,0.0,0.0,20.045,3.478629,0.0,0.0,0.0
2020-08-24T23:34:20.277000Z,2020-08-24T23:34:20.484000Z,692.988,207.0,163.0,50.413,0.0,0.0,0.0,20.045,3.339432,0.0,0.0,0.0
2020-08-24T23:34:22.277000Z,2020-08-24T23:34:22.519000Z,824.603,242.0,168.0,52.434,0.0,0.0,0.0,20.045,3.813301,0.0,0.0,0.0
2020-08-24T23:34:24.275000Z,2020-08-24T23:34:24.781000Z,888.242,506.0,167.0,39.865,0.0,0.0,0.0,20.045,2.527133,0.0,0.0,0.0
2020-08-24T23:34:26.281999Z,2020-08-24T23:34:26.573000Z,821.801,291.0,146.0,45.057,0.0,0.0,0.0,20.045,3.855663,0.0,0.0,0.0
2020-08-24T23:34:28.275000Z,2020-08-24T23:34:28.552000Z,629.514,277.0,146.0,46.077,0.0,0.0,0.0,20.045,1.558729,0.0,0.0,0.0
2020-08-24T23:34:30.275000Z,2020-08-24T23:34:30.577000Z,878.377,302.0,144.0,62.488,0.0,0.0,0.0,20.045,1.986811,0.0,0.0,0.0
2020-08-24T23:34:32.278000Z,2020-08-24T23:34:32.657000Z,828.648,379.0,140.0,34.458,0.0,0.0,0.0,20.045,2.787866,0.0,0.0,0.0
2020-08-24T23:34:34.275000Z,2020-08-24T23:34:34.913000Z,846.878,638.0,140.0,55.42,0.0,0.0,0.0,20.045,0.281369,0.0,0.0,0.0
2020-08-24T23:34:36.277000Z,2020-08-24T23:34:36.704000Z,868.913,427.0,80.0,36.102,0.0,0.0,0.0,20.045,1.744369,0.0,0.0,0.0
2020-08-24T23:34:38.281000Z,2020-08-24T23:34:38.641000Z,663.704,360.0,90.0,50.211,0.0,0.0,0.0,20.045,1.075922,0.0,0.0,0.0
2020-08-24T23:34:40.296000Z,2020-08-24T23:34:40.603000Z,644.253,307.0,90.0,45.631,0.0,0.0,0.0,20.045,1.698113,0.0,0.0,0.0
2020-08-24T23:34:42.274000Z,2020-08-24T23:34:42.587000Z,558.579,313.0,92.0,36.497,0.0,0.0,0.0,20.045,2.179843,0.0,0.0,0.0
2020-08-24T23:34:44.277000Z,2020-08-24T23:34:44.571000Z,600.695,294.0,92.0,56.818,0.0,0.0,0.0,20.045,1.093841,0.0,0.0,0.0
2020-08-24T23:34:46.275000Z,2020-08-24T23:34:46.840000Z,747.887,565.0,94.0,33.322,0.0,0.0,0.0,20.045,2.221135,0.0,0.0,0.0
2020-08-24T23:34:48.276000Z,2020-08-24T23:34:48.672000Z,956.556,396.0,112.0,41.305,0.0,0.0,0.0,20.045,2.495198,0.0,0.0,0.0
2020-08-24T23:34:50.275000Z,2020-08-24T23:34:50.591000Z,720.777,316.0,106.0,45.035,0.0,0.0,0.0,20.045,1.923453,0.0,0.0,0.0
2020-08-24T23:34:52.276000Z,2020-08-24T23:34:52.589000Z,853.25,313.0,110.0,43.779,0.0,0.0,0.0,20.045,2.169851,0.0,0.0,0.0
2020-08-24T23:34:54.275000Z,2020-08-24T23:34:54.664000Z,660.819,389.0,116.0,47.308,0.0,0.0,0.0,20.045,3.181202,0.0,0.0,0.0
2020-08-24T23:34:56.277000Z,2020-08-24T23:34:56.648000Z,671.39,371.0,116.0,78.702,0.0,0.0,0.0,20.045,1.557076,0.0,0.0,0.0
2020-08-24T23:34:58.276000Z,2020-08-24T23:34:58.550000Z,640.667,274.0,96.0,37.769,0.0,0.0,0.0,20.208,2.631863,0.0,0.0,0.0
2020-08-24T23:35:00.277000Z,2020-08-24T23:35:00.531000Z,676.709,254.0,112.0,33.154,0.0,0.0,0.0,20.208,2.235486,0.0,0.0,0.0
2020-08-24T23:35:02.275000Z,2020-08-24T23:35:02.523000Z,651.866,248.0,116.0,42.653,0.0,0.0,0.0,20.208,3.547196,0.0,0.0,0.0
2020-08-24T23:35:04.274000Z,2020-08-24T23:35:04.469000Z,579.602,195.0,124.0,36.89,0.0,0.0,0.0,20.208,1.506649,0.0,0.0,0.0
2020-08-24T23:35:06.275000Z,2020-08-24T23:35:06.503000Z,617.449,228.0,132.0,49.791,0.0,0.0,0.0,20.208,3.513393,0.0,0.0,0.0
2020-08-24T23:35:08.288000Z,2020-08-24T23:35:08.937999Z,1504.057,650.0,146.0,41.174,0.0,0.0,0.0,20.208,1.50101,0.0,0.0,0.0
2020-08-24T23:35:10.280000Z,2020-08-24T23:35:10.539000Z,670.767,259.0,140.0,53.193,0.0,0.0,0.0,20.208,2.626761,0.0,0.0,0.0
2020-08-24T23:35:12.281999Z,2020-08-24T23:35:12.681999Z,670.32,400.0,120.0,45.598,0.0,0.0,0.0,20.208,3.251358,0.0,0.0,0.0
2020-08-24T23:35:14.283000Z,2020-08-24T23:35:14.780000Z,621.972,497.0,120.0,64.81,0.0,0.0,0.0,20.208,2.436378,0.0,0.0,0.0
2020-08-24T23:35:16.278000Z,2020-08-24T23:35:16.627000Z,688.939,349.0,98.0,38.093,0.0,0.0,0.0,20.208,2.339373,0.0,0.0,0.0
2020-08-24T23:35:18.287000Z,2020-08-24T23:35:18.551000Z,597.418,264.0,106.0,40.019,0.0,0.0,0.0,20.208,2.48831,0.0,0.0,0.0
2020-08-24T23:35:20.286000Z,2020-08-24T23:35:20.536000Z,594.411,250.0,104.0,34.585,0.0,0.0,0.0,20.208,2.417569,0.0,0.0,0.0
2020-08-24T23:35:22.284999Z,2020-08-24T23:35:22.552000Z,620.602,267.0,102.0,39.778,0.0,0.0,0.0,20.208,2.237983,0.0,0.0,0.0
2020-08-24T23:35:24.283000Z,2020-08-24T23:35:24.499000Z,580.687,216.0,108.0,39.075,0.0,0.0,0.0,20.208,1.705042,0.0,0.0,0.0
2020-08-24T23:35:26.330000Z,2020-08-24T23:35:26.726000Z,550.005,396.0,116.0,35.492,0.0,0.0,0.0,20.208,3.171783,0.0,0.0,0.0
2020-08-24T23:35:28.290000Z,2020-08-24T23:35:28.497999Z,559.409,208.0,116.0,97.982,0.0,0.0,0.0,20.208,0.538958,0.0,0.0,0.0
2020-08-24T23:35:30.288000Z,2020-08-24T23:35:30.495000Z,619.741,207.0,138.0,43.34,0.0,0.0,0.0,20.208,1.584341,0.0,0.0,0.0
2020-08-24T23:35:32.276000Z,2020-08-24T23:35:32.513999Z,587.288,238.0,138.0,51.296,0.0,0.0,0.0,20.208,2.165854,0.0,0.0,0.0
2020-08-24T23:35:34.280000Z,2020-08-24T23:35:34.711000Z,594.524,431.0,132.0,54.316,0.0,0.0,0.0,20.208,2.111801,0.0,0.0,0.0
2020-08-24T23:35:36.278000Z,2020-08-24T23:35:36.500000Z,648.675,222.0,128.0,50.051,0.0,0.0,0.0,20.208,2.457335,0.0,0.0,0.0
2020-08-24T23:35:38.287000Z,2020-08-24T23:35:38.697000Z,1192.863,410.0,126.0,34.645,0.0,0.0,0.0,20.208,2.397829,0.0,0.0,0.0
2020-08-24T23:35:40.281000Z,2020-08-24T23:35:40.468000Z,642.322,187.0,160.0,46.868,0.0,0.0,0.0,20.208,4.630021,0.0,0.0,0.0
2020-08-24T23:35:42.281999Z,2020-08-24T23:35:42.453000Z,616.093,171.0,162.0,43.398,0.0,0.0,0.0,20.208,3.704636,0.0,0.0,0.0
2020-08-24T23:35:44.279000Z,2020-08-24T23:35:44.460000Z,617.209,181.0,174.0,50.529,0.0,0.0,0.0,20.208,4.184839,0.0,0.0,0.0
2020-08-24T23:35:46.279000Z,2020-08-24T23:35:46.494000Z,612.893,215.0,170.0,53.529,0.0,0.0,0.0,20.208,3.6245,0.0,0.0,0.0
2020-08-24T23:35:48.291000Z,2020-08-24T23:35:48.479000Z,618.024,188.0,208.0,60.195,0.0,0.0,0.0,20.208,2.626034,0.0,0.0,0.0
2020-08-24T23:35:50.278000Z,2020-08-24T23:35:50.465000Z,637.878,187.0,208.0,60.808,0.0,0.0,0.0,20.208,3.807965,0.0,0.0,0.0
2020-08-24T23:35:52.287000Z,2020-08-24T23:35:52.504000Z,635.605,217.0,190.0,48.49,0.0,0.0,0.0,20.208,4.076465,0.0,0.0,0.0
2020-08-24T23:35:54.284999Z,2020-08-24T23:35:54.465000Z,599.105,180.0,178.0,46.208,0.0,0.0,0.0,20.208,2.13592,0.0,0.0,0.0
2020-08-24T23:35:56.278000Z,2020-08-24T23:35:56.535000Z,704.986,257.0,156.0,39.692,0.0,0.0,0.0,20.208,3.92868,0.0,0.0,0.0
2020-08-24T23:35:58.279000Z,2020-08-24T23:35:58.481999Z,671.929,203.0,154.0,41.137,0.0,0.0,0.0,20.208,3.491795,0.0,0.0,0.0
2020-08-24T23:36:00.535000Z,2020-08-24T23:36:00.713000Z,629.409,178.0,160.0,57.82,0.0,0.0,0.0,20.435,3.694067,0.0,0.0,0.0
2020-08-24T23:36:02.530000Z,2020-08-24T23:36:02.765000Z,621.63,235.0,172.0,41.123,0.0,0.0,0.0,20.435,3.215425,0.0,0.0,0.0
2020-08-24T23:36:04.531000Z,2020-08-24T23:36:04.863000Z,654.285,332.0,172.0,59.132,0.0,0.0,0.0,20.435,3.827374,0.0,0.0,0.0
2020-08-24T23:36:06.543000Z,2020-08-24T23:36:06.807000Z,689.858,264.0,132.0,95.455,0.0,0.0,0.0,20.435,0.534512,0.0,0.0,0.0
2020-08-24T23:36:08.531000Z,2020-08-24T23:36:08.782000Z,682.248,251.0,150.0,47.156,0.0,0.0,0.0,20.435,3.847575,0.0,0.0,0.0
2020-08-24T23:36:10.529000Z,2020-08-24T23:36:10.789000Z,652.238,260.0,130.0,41.74,0.0,0.0,0.0,20.435,3.704335,0.0,0.0,0.0
2020-08-24T23:36:12.532000Z,2020-08-24T23:36:12.761999Z,653.82,230.0,128.0,39.118,0.0,0.0,0.0,20.435,2.034503,0.0,0.0,0.0
2020-08-24T23:36:14.528000Z,2020-08-24T23:36:14.819000Z,663.634,291.0,126.0,47.1,0.0,0.0,0.0,20.435,2.723051,0.0,0.0,0.0
2020-08-24T23:36:16.537000Z,2020-08-24T23:36:16.825999Z,662.594,289.0,140.0,47.684,0.0,0.0,0.0,20.435,0.084111,0.0,0.0,0.0
2020-08-24T23:36:18.527000Z,2020-08-24T23:36:18.759000Z,607.345,232.0,136.0,43.356,0.0,0.0,0.0,20.435,1.693823,0.0,0.0,0.0
2020-08-24T23:36:20.532000Z,2020-08-24T23:36:20.805000Z,738.215,273.0,124.0,40.245,0.0,0.0,0.0,20.435,3.357959,0.0,0.0,0.0
2020-08-24T23:36:22.530000Z,2020-08-24T23:36:23.060000Z,1446.249,530.0,128.0,36.847,0.0,0.0,0.0,20.435,1.674098,0.0,0.0,0.0
2020-08-24T23:36:24.528000Z,2020-08-24T23:36:24.692000Z,369.213,164.0,140.0,38.246,0.0,0.0,0.0,20.435,3.068895,0.0,0.0,0.0
2020-08-24T23:36:26.537999Z,2020-08-24T23:36:26.712000Z,358.564,174.0,140.0,43.582,0.0,0.0,0.0,20.435,1.19524,0.0,0.0,0.0
2020-08-24T23:36:28.534000Z,2020-08-24T23:36:28.849000Z,364.692,315.0,140.0,45.915,0.0,0.0,0.0,20.435,1.380375,0.0,0.0,0.0
2020-08-24T23:36:30.539000Z,2020-08-24T23:36:30.659000Z,358.853,120.0,4.0,43.15,0.0,0.0,0.0,20.435,3.045226,0.0,0.0,0.0
2020-08-24T23:36:32.532000Z,2020-08-24T23:36:32.697000Z,361.087,165.0,152.0,40.806,0.0,0.0,0.0,20.435,3.635151,0.0,0.0,0.0
2020-08-24T23:36:34.532000Z,2020-08-24T23:36:34.663000Z,395.644,131.0,152.0,63.197,0.0,0.0,0.0,20.435,2.515845,0.0,0.0,0.0
2020-08-24T23:36:36.529000Z,2020-08-24T23:36:36.638000Z,368.45,109.0,172.0,45.061,0.0,0.0,0.0,20.435,2.597474,0.0,0.0,0.0
2020-08-24T23:36:38.530000Z,2020-08-24T23:36:38.665000Z,368.189,135.0,174.0,43.805,0.0,0.0,0.0,20.435,5.214668,0.0,0.0,0.0
2020-08-24T23:36:40.535000Z,2020-08-24T23:36:40.798000Z,1088.507,263.0,182.0,54.635,0.0,0.0,0.0,20.435,2.580721,0.0,0.0,0.0
2020-08-24T23:36:42.537000Z,2020-08-24T23:36:42.833000Z,827.928,296.0,208.0,45.085,0.0,0.0,0.0,20.435,3.36544,0.0,0.0,0.0
2020-08-24T23:36:44.532000Z,2020-08-24T23:36:44.699000Z,535.2,167.0,208.0,57.117,0.0,0.0,0.0,20.435,1.155478,0.0,0.0,0.0
2020-08-24T23:36:46.532000Z,2020-08-24T23:36:46.685000Z,545.211,153.0,208.0,46.339,0.0,0.0,0.0,20.435,4.656983,0.0,0.0,0.0
2020-08-24T23:36:48.533000Z,2020-08-24T23:36:48.685000Z,550.954,152.0,220.0,44.959,0.0,0.0,0.0,20.435,4.155392,0.0,0.0,0.0
2020-08-24T23:36:50.534000Z,2020-08-24T23:36:50.744000Z,566.453,210.0,220.0,57.364,0.0,0.0,0.0,20.435,4.147351,0.0,0.0,0.0
2020-08-24T23:36:52.533000Z,2020-08-24T23:36:52.766000Z,521.278,233.0,216.0,47.144,0.0,0.0,0.0,20.435,2.540988,0.0,0.0,0.0
2020-08-24T23:36:54.532000Z,2020-08-24T23:36:54.793999Z,879.266,262.0,204.0,67.562,0.0,0.0,0.0,20.435,3.3676,0.0,0.0,0.0
2020-08-24T23:36:56.529000Z,2020-08-24T23:36:56.705999Z,504.767,177.0,180.0,49.763,0.0,0.0,0.0,20.435,3.811648,0.0,0.0,0.0
2020-08-24T23:36:58.529000Z,2020-08-24T23:36:58.713999Z,495.341,185.0,158.0,46.951,0.0,0.0,0.0,20.435,2.475398,0.0,0.0,0.0
2020-08-24T23:37:00.533000Z,2020-08-24T23:37:00.737000Z,472.465,204.0,150.0,39.108,0.0,0.0,0.0,20.435,1.758251,0.0,0.0,0.0
2020-08-24T23:37:02.533000Z,2020-08-24T23:37:03.196000Z,1519.928,663.0,148.0,54.055,0.0,0.0,0.0,20.435,2.200331,0.0,0.0,0.0
2020-08-24T23:37:04.528000Z,2020-08-24T23:37:04.779000Z,935.414,251.0,172.0,36.457,0.0,0.0,0.0,20.435,3.98101,0.0,0.0,0.0
2020-08-24T23:37:06.528000Z,2020-08-24T23:37:06.849999Z,920.428,322.0,178.0,46.067,0.0,0.0,0.0,20.435,1.409856,0.0,0.0,0.0
2020-08-24T23:37:08.539000Z,2020-08-24T23:37:08.862000Z,967.056,323.0,180.0,45.141,0.0,0.0,0.0,20.435,3.413664,0.0,0.0,0.0
2020-08-24T23:37:10.533000Z,2020-08-24T23:37:10.894000Z,955.24,361.0,158.0,45.205,0.0,0.0,0.0,20.435,1.75486,0.0,0.0,0.0
2020-08-24T23:37:12.532000Z,2020-08-24T23:37:12.864000Z,822.266,332.0,120.0,56.875,0.0,0.0,0.0,20.435,1.749652,0.0,0.0,0.0
2020-08-24T23:37:14.531000Z,2020-08-24T23:37:14.927000Z,799.135,396.0,126.0,45.784,0.0,0.0,0.0,20.435,0.485049,0.0,0.0,0.0
2020-08-24T23:37:16.530000Z,2020-08-24T23:37:16.809999Z,734.52,280.0,104.0,47.508,0.0,0.0,0.0,20.435,2.512082,0.0,0.0,0.0
2020-08-24T23:37:18.531000Z,2020-08-24T23:37:18.772000Z,743.882,241.0,122.0,56.036,0.0,0.0,0.0,20.435,2.067742,0.0,0.0,0.0
2020-08-24T23:37:20.535000Z,2020-08-24T23:37:20.742000Z,628.893,207.0,136.0,38.854,0.0,0.0,0.0,20.435,3.501107,0.0,0.0,0.0
2020-08-24T23:37:22.531000Z,2020-08-24T23:37:22.743000Z,683.633,212.0,134.0,44.478,0.0,0.0,0.0,20.435,2.536392,0.0,0.0,0.0
2020-08-24T23:37:24.532000Z,2020-08-24T23:37:24.761000Z,763.418,229.0,158.0,45.963,0.0,0.0,0.0,20.435,3.879906,0.0,0.0,0.0
2020-08-24T23:37:26.534000Z,2020-08-24T23:37:26.936000Z,1098.91,402.0,170.0,39.992,0.0,0.0,0.0,20.435,3.049327,0.0,0.0,0.0
2020-08-24T23:37:28.528000Z,2020-08-24T23:37:28.780000Z,805.812,252.0,174.0,56.489,0.0,0.0,0.0,20.435,2.539409,0.0,0.0,0.0
2020-08-24T23:37:30.532000Z,2020-08-24T23:37:30.753000Z,685.808,221.0,193.0,45.412,0.0,0.0,0.0,20.435,3.115663,0.0,0.0,0.0
2020-08-24T23:37:32.532000Z,2020-08-24T23:37:32.971000Z,682.132,439.0,192.0,51.089,0.0,0.0,0.0,20.435,2.912536,0.0,0.0,0.0
2020-08-24T23:37:34.529000Z,2020-08-24T23:37:34.759000Z,638.945,230.0,196.0,51.725,0.0,0.0,0.0,20.435,5.293369,0.0,0.0,0.0
2020-08-24T23:37:36.531000Z,2020-08-24T23:37:36.788000Z,676.944,257.0,138.0,59.336,0.0,0.0,0.0,20.435,3.163662,0.0,0.0,0.0
2020-08-24T23:37:38.531000Z,2020-08-24T23:37:38.768000Z,664.069,237.0,148.0,46.813,0.0,0.0,0.0,20.435,2.528138,0.0,0.0,0.0
2020-08-24T23:37:40.533000Z,2020-08-24T23:37:40.731000Z,636.045,198.0,172.0,47.157,0.0,0.0,0.0,21.167,2.239985,0.0,0.0,0.0
2020-08-24T23:37:42.530000Z,2020-08-24T23:37:42.836000Z,962.321,306.0,178.0,62.012,0.0,0.0,0.0,21.167,3.566365,0.0,0.0,0.0
2020-08-24T23:37:44.528000Z,2020-08-24T23:37:44.913999Z,1110.961,386.0,170.0,40.549,0.0,0.0,0.0,21.167,0.387602,0.0,0.0,0.0
2020-08-24T23:37:46.534000Z,2020-08-24T23:37:46.975000Z,1170.976,441.0,144.0,41.302,0.0,0.0,0.0,21.167,3.390729,0.0,0.0,0.0
2020-08-24T23:37:48.532000Z,2020-08-24T23:37:49.117000Z,1357.933,585.0,134.0,53.77,0.0,0.0,0.0,21.167,1.892559,0.0,0.0,0.0
2020-08-24T23:37:50.528000Z,2020-08-24T23:37:50.852000Z,898.917,324.0,122.0,51.257,0.0,0.0,0.0,21.167,1.730171,0.0,0.0,0.0
2020-08-24T23:37:52.530000Z,2020-08-24T23:37:52.872000Z,740.256,342.0,140.0,41.03,0.0,0.0,0.0,21.167,2.410371,0.0,0.0,0.0
2020-08-24T23:37:54.534000Z,2020-08-24T23:37:54.784000Z,688.3,250.0,140.0,48.364,0.0,0.0,0.0,21.167,2.444575,0.0,0.0,0.0
2020-08-24T23:37:56.529000Z,2020-08-24T23:37:56.752000Z,752.964,223.0,148.0,42.747,0.0,0.0,0.0,21.167,1.065728,0.0,0.0,0.0
2020-08-24T23:37:58.532000Z,2020-08-24T23:37:58.719000Z,674.37,187.0,164.0,35.882,0.0,0.0,0.0,21.167,4.013802,0.0,0.0,0.0
2020-08-24T23:38:00.532000Z,2020-08-24T23:38:01.118000Z,1015.678,586.0,168.0,40.409,0.0,0.0,0.0,21.167,3.516973,0.0,0.0,0.0
2020-08-24T23:38:02.531000Z,2020-08-24T23:38:02.957000Z,1122.389,426.0,154.0,44.469,0.0,0.0,0.0,21.167,4.446602,0.0,0.0,0.0
2020-08-24T23:38:04.531000Z,2020-08-24T23:38:04.948000Z,1058.747,417.0,146.0,53.421,0.0,0.0,0.0,21.167,1.925853,0.0,0.0,0.0
2020-08-24T23:38:06.535000Z,2020-08-24T23:38:06.867000Z,1113.425,332.0,146.0,41.53,0.0,0.0,0.0,21.044,2.074243,0.0,0.0,0.0
2020-08-24T23:38:08.533000Z,2020-08-24T23:38:08.941000Z,1355.105,408.0,146.0,46.805,0.0,0.0,0.0,21.044,2.915265,0.0,0.0,0.0
2020-08-24T23:38:10.533000Z,2020-08-24T23:38:10.864000Z,973.822,331.0,182.0,49.09,0.0,0.0,0.0,21.044,1.509493,0.0,0.0,0.0
2020-08-24T23:38:12.534000Z,2020-08-24T23:38:13.291000Z,2282.436,757.0,182.0,53.276,0.0,0.0,0.0,21.044,3.192282,0.0,0.0,0.0
2020-08-24T23:38:14.537000Z,2020-08-24T23:38:15.646000Z,2159.012,1109.0,148.0,57.434,0.0,0.0,0.0,21.044,3.299352,0.0,0.0,0.0
2020-08-24T23:38:16.540000Z,2020-08-24T23:38:17.590000Z,2663.807,1050.0,114.0,36.035,0.0,0.0,0.0,21.044,2.629803,0.0,0.0,0.0
2020-08-24T23:38:18.532000Z,2020-08-24T23:38:19.365000Z,2128.435,833.0,124.0,45.757,0.0,0.0,0.0,21.044,3.170918,0.0,0.0,0.0
2020-08-24T23:38:20.534000Z,2020-08-24T23:38:21.131000Z,1892.111,597.0,136.0,38.9,0.0,0.0,0.0,21.044,3.677402,0.0,0.0,0.0
2020-08-24T23:38:22.540000Z,2020-08-24T23:38:22.873999Z,1059.718,334.0,148.0,52.922,0.0,0.0,0.0,21.044,2.392737,0.0,0.0,0.0
2020-08-24T23:38:24.530000Z,2020-08-24T23:38:24.784000Z,854.735,254.0,160.0,48.38,0.0,0.0,0.0,21.044,2.560336,0.0,0.0,0.0
2020-08-24T23:38:26.533000Z,2020-08-24T23:38:26.887000Z,1033.057,354.0,162.0,50.002,0.0,0.0,0.0,21.044,4.342413,0.0,0.0,0.0
2020-08-24T23:38:28.540000Z,2020-08-24T23:38:28.895000Z,1124.048,355.0,162.0,41.273,0.0,0.0,0.0,21.044,3.806779,0.0,0.0,0.0
2020-08-24T23:38:30.534000Z,2020-08-24T23:38:30.808000Z,962.651,274.0,220.0,63.111,0.0,0.0,0.0,21.044,1.423869,0.0,0.0,0.0
2020-08-24T23:38:32.530000Z,2020-08-24T23:38:32.889999Z,1142.225,360.0,238.0,49.614,0.0,0.0,0.0,21.044,1.814917,0.0,0.0,0.0
2020-08-24T23:38:34.533000Z,2020-08-24T23:38:34.691000Z,569.816,158.0,186.0,50.624,0.0,0.0,0.0,21.044,1.515233,0.0,0.0,0.0
2020-08-24T23:38:36.531000Z,2020-08-24T23:38:36.707000Z,526.227,176.0,168.0,44.139,0.0,0.0,0.0,21.044,3.686286,0.0,0.0,0.0
2020-08-24T23:38:38.531000Z,2020-08-24T23:38:38.721000Z,565.457,190.0,164.0,38.57,0.0,0.0,0.0,21.044,2.883309,0.0,0.0,0.0
2020-08-24T23:38:40.531000Z,2020-08-24T23:38:40.716000Z,523.207,185.0,166.0,44.507,0.0,0.0,0.0,21.044,1.816011,0.0,0.0,0.0
2020-08-24T23:38:42.530000Z,2020-08-24T23:38:42.720000Z,532.186,190.0,170.0,44.803,0.0,0.0,0.0,21.044,2.567892,0.0,0.0,0.0
2020-08-24T23:38:44.533000Z,2020-08-24T23:38:44.855000Z,892.797,322.0,166.0,45.802,0.0,0.0,0.0,21.044,3.97221,0.0,0.0,0.0
2020-08-24T23:38:46.530000Z,2020-08-24T23:38:46.902000Z,997.657,372.0,178.0,42.921,0.0,0.0,0.0,21.044,1.621992,0.0,0.0,0.0
2020-08-24T23:38:48.530000Z,2020-08-24T23:38:48.940000Z,998.494,410.0,178.0,79.745,0.0,0.0,0.0,21.044,1.683088,0.0,0.0,0.0
2020-08-24T23:38:50.551000Z,2020-08-24T23:38:50.917000Z,1188.072,366.0,148.0,57.527,0.0,0.0,0.0,21.044,3.702166,0.0,0.0,0.0
2020-08-24T23:38:52.531000Z,2020-08-24T23:38:52.769999Z,717.225,239.0,160.0,43.022,0.0,0.0,0.0,21.044,2.94152,0.0,0.0,0.0
2020-08-24T23:38:54.532000Z,2020-08-24T23:38:54.773000Z,778.508,241.0,150.0,48.411,0.0,0.0,0.0,21.044,1.66428,0.0,0.0,0.0
2020-08-24T23:38:56.534000Z,2020-08-24T23:38:56.807000Z,868.802,273.0,150.0,39.163,0.0,0.0,0.0,21.044,4.345133,0.0,0.0,0.0
2020-08-24T23:38:58.537999Z,2020-08-24T23:38:59.047000Z,720.884,509.0,148.0,48.804,0.0,0.0,0.0,21.044,3.501024,0.0,0.0,0.0
2020-08-24T23:39:00.536000Z,2020-08-24T23:39:00.813000Z,668.425,277.0,128.0,57.018,0.0,0.0,0.0,21.044,2.680641,0.0,0.0,0.0
2020-08-24T23:39:02.535000Z,2020-08-24T23:39:02.855000Z,739.437,320.0,124.0,49.673,0.0,0.0,0.0,21.044,1.923718,0.0,0.0,0.0
2020-08-24T23:39:04.531000Z,2020-08-24T23:39:04.896000Z,730.41,365.0,116.0,53.781,0.0,0.0,0.0,21.044,1.729662,0.0,0.0,0.0
2020-08-24T23:39:06.533000Z,2020-08-24T23:39:06.745999Z,610.633,213.0,121.0,48.347,0.0,0.0,0.0,21.044,3.248695,0.0,0.0,0.0
2020-08-24T23:39:08.540000Z,2020-08-24T23:39:08.827000Z,751.394,287.0,142.0,36.873,0.0,0.0,0.0,21.044,3.583221,0.0,0.0,0.0
2020-08-24T23:39:10.537999Z,2020-08-24T23:39:10.767000Z,585.117,229.0,166.0,49.732,0.0,0.0,0.0,21.044,2.730747,0.0,0.0,0.0
2020-08-24T23:39:12.531000Z,2020-08-24T23:39:13.023000Z,811.643,492.0,162.0,43.045,0.0,0.0,0.0,21.044,0.492565,0.0,0.0,0.0
2020-08-24T23:39:14.529000Z,2020-08-24T23:39:14.798000Z,786.217,269.0,162.0,54.505,0.0,0.0,0.0,21.044,2.380887,0.0,0.0,0.0
2020-08-24T23:39:16.531000Z,2020-08-24T23:39:16.821000Z,886.167,290.0,164.0,34.206,0.0,0.0,0.0,21.044,3.972017,0.0,0.0,0.0
2020-08-24T23:39:18.536000Z,2020-08-24T23:39:18.831000Z,856.544,295.0,164.0,46.444,0.0,0.0,0.0,21.044,3.329245,0.0,0.0,0.0
2020-08-24T23:39:20.529000Z,2020-08-24T23:39:20.883000Z,856.754,354.0,164.0,48.461,0.0,0.0,0.0,21.044,2.017203,0.0,0.0,0.0
2020-08-24T23:39:22.527000Z,2020-08-24T23:39:23.420000Z,832.053,893.0,164.0,53.405,0.0,0.0,0.0,21.044,2.835983,0.0,0.0,0.0
2020-08-24T23:39:24.531000Z,2020-08-24T23:39:25.261000Z,1044.951,730.0,146.0,130.58,0.0,0.0,0.0,21.044,1.630625,0.0,0.0,0.0
2020-08-24T23:39:26.539000Z,2020-08-24T23:39:26.968000Z,1083.646,429.0,116.0,57.232,0.0,0.0,0.0,21.044,1.086525,0.0,0.0,0.0
2020-08-24T23:39:28.537000Z,2020-08-24T23:39:28.782000Z,521.976,245.0,130.0,40.43,0.0,0.0,0.0,21.044,2.093095,0.0,0.0,0.0
2020-08-24T23:39:30.528000Z,2020-08-24T23:39:30.785000Z,537.275,257.0,126.0,47.553,0.0,0.0,0.0,21.044,2.472981,0.0,0.0,0.0
2020-08-24T23:39:32.533000Z,2020-08-24T23:39:32.737000Z,585.037,204.0,120.0,42.122,0.0,0.0,0.0,21.044,1.275725,0.0,0.0,0.0
2020-08-24T23:39:34.527000Z,2020-08-24T23:39:34.745999Z,536.625,219.0,130.0,39.858,0.0,0.0,0.0,21.044,2.735514,0.0,0.0,0.0
2020-08-24T23:39:36.527000Z,2020-08-24T23:39:36.721999Z,490.531,195.0,152.0,41.216,0.0,0.0,0.0,21.044,2.677077,0.0,0.0,0.0
2020-08-24T23:39:38.531000Z,2020-08-24T23:39:38.729000Z,524.666,198.0,152.0,54.888,0.0,0.0,0.0,21.044,3.205217,0.0,0.0,0.0
2020-08-24T23:39:40.534000Z,2020-08-24T23:39:40.953000Z,1197.172,419.0,154.0,44.457,0.0,0.0,0.0,21.044,2.404291,0.0,0.0,0.0
2020-08-24T23:39:42.535000Z,2020-08-24T23:39:43.317000Z,2138.938,782.0,160.0,45.109,0.0,0.0,0.0,21.044,3.918614,0.0,0.0,0.0
2020-08-24T23:39:44.535000Z,2020-08-24T23:39:45.201000Z,2311.739,666.0,166.0,52.608,0.0,0.0,0.0,21.044,3.040316,0.0,0.0,0.0
2020-08-24T23:39:46.535000Z,2020-08-24T23:39:47.089000Z,1867.639,554.0,164.0,56.122,0.0,0.0,0.0,21.044,4.048516,0.0,0.0,0.0
2020-08-24T23:39:48.537999Z,2020-08-24T23:39:49.189000Z,2276.101,651.0,176.0,42.915,0.0,0.0,0.0,21.044,2.936901,0.0,0.0,0.0
2020-08-24T23:39:50.544000Z,2020-08-24T23:39:51.031000Z,1813.654,487.0,180.0,57.123,0.0,0.0,0.0,21.044,3.067353,0.0,0.0,0.0
2020-08-24T23:39:52.537999Z,2020-08-24T23:39:53.209000Z,2207.675,671.0,182.0,54.739,0.0,0.0,0.0,21.044,3.542003,0.0,0.0,0.0
2020-08-24T23:39:54.533000Z,2020-08-24T23:39:55.203000Z,2212.409,670.0,162.0,37.098,0.0,0.0,0.0,21.044,3.607222,0.0,0.0,0.0
2020-08-24T23:39:56.537999Z,2020-08-24T23:39:57.153999Z,1676.638,616.0,188.0,53.329,0.0,0.0,0.0,21.044,4.15678,0.0,0.0,0.0
2020-08-24T23:39:58.534000Z,2020-08-24T23:39:58.897000Z,1150.173,363.0,140.0,38.554,0.0,0.0,0.0,21.044,2.696026,0.0,0.0,0.0
2020-08-24T23:40:00.534000Z,2020-08-24T23:40:00.880000Z,982.587,346.0,124.0,34.351,0.0,0.0,0.0,20.969,2.701836,0.0,0.0,0.0
2020-08-24T23:40:02.536000Z,2020-08-24T23:40:03.016000Z,1545.268,480.0,140.0,49.042,0.0,0.0,0.0,20.909,2.697327,0.0,0.0,0.0
2020-08-24T23:40:04.531000Z,2020-08-24T23:40:05.033000Z,1442.411,502.0,162.0,43.081,0.0,0.0,0.0,20.909,3.728334,0.0,0.0,0.0
2020-08-24T23:40:06.535000Z,2020-08-24T23:40:06.997000Z,1487.871,462.0,154.0,47.885,0.0,0.0,0.0,20.909,4.945679,0.0,0.0,0.0
2020-08-24T23:40:08.533000Z,2020-08-24T23:40:08.881000Z,898.984,348.0,160.0,53.264,0.0,0.0,0.0,20.909,3.199289,0.0,0.0,0.0
2020-08-24T23:40:10.533000Z,2020-08-24T23:40:11.144000Z,960.35,611.0,160.0,46.098,0.0,0.0,0.0,20.909,2.839853,0.0,0.0,0.0
2020-08-24T23:40:12.780000Z,2020-08-24T23:40:13.253000Z,1322.637,473.0,146.0,45.39,0.0,0.0,0.0,20.909,1.466988,0.0,0.0,0.0
2020-08-24T23:40:14.781000Z,2020-08-24T23:40:15.148000Z,1049.232,367.0,140.0,43.122,0.0,0.0,0.0,20.909,3.315084,0.0,0.0,0.0
2020-08-24T23:40:16.782000Z,2020-08-24T23:40:17.144000Z,920.841,362.0,118.0,46.984,0.0,0.0,0.0,20.909,2.831828,0.0,0.0,0.0
2020-08-24T23:40:18.780000Z,2020-08-24T23:40:19.022000Z,754.792,242.0,150.0,51.715,0.0,0.0,0.0,20.909,2.925281,0.0,0.0,0.0
2020-08-24T23:40:20.781000Z,2020-08-24T23:40:21.627000Z,1517.627,846.0,150.0,61.556,0.0,0.0,0.0,20.909,3.275431,0.0,0.0,0.0
2020-08-24T23:40:22.782000Z,2020-08-24T23:40:23.235000Z,1394.092,453.0,108.0,39.148,0.0,0.0,0.0,20.909,2.124916,0.0,0.0,0.0
2020-08-24T23:40:24.780000Z,2020-08-24T23:40:25.081999Z,1016.398,302.0,150.0,38.675,0.0,0.0,0.0,20.909,3.988373,0.0,0.0,0.0
2020-08-24T23:40:26.592000Z,2020-08-24T23:40:26.965000Z,1197.467,373.0,164.0,42.196,0.0,0.0,0.0,20.909,3.686605,0.0,0.0,0.0
2020-08-24T23:40:28.780000Z,2020-08-24T23:40:29.150000Z,1127.198,370.0,162.0,53.147,0.0,0.0,0.0,20.909,4.157042,0.0,0.0,0.0
2020-08-24T23:40:30.793000Z,2020-08-24T23:40:31.270000Z,1134.855,477.0,162.0,49.405,0.0,0.0,0.0,20.909,4.31581,0.0,0.0,0.0
2020-08-24T23:40:32.780000Z,2020-08-24T23:40:33.285000Z,990.006,505.0,148.0,55.698,0.0,0.0,0.0,20.909,3.664238,0.0,0.0,0.0
2020-08-24T23:40:34.791000Z,2020-08-24T23:40:35.323000Z,1450.143,532.0,140.0,49.413,0.0,0.0,0.0,20.909,2.774513,0.0,0.0,0.0
2020-08-24T23:40:36.781000Z,2020-08-24T23:40:37.303000Z,1241.643,522.0,148.0,45.087,0.0,0.0,0.0,20.909,1.593234,0.0,0.0,0.0
2020-08-24T23:40:38.784999Z,2020-08-24T23:40:39.389000Z,1575.322,604.0,134.0,59.041,0.0,0.0,0.0,20.909,3.919503,0.0,0.0,0.0
2020-08-24T23:40:40.781000Z,2020-08-24T23:40:41.391000Z,1967.951,610.0,142.0,46.144,0.0,0.0,0.0,20.909,2.72675,0.0,0.0,0.0
2020-08-24T23:40:42.781000Z,2020-08-24T23:40:43.289000Z,1855.308,508.0,184.0,60.801,0.0,0.0,0.0,20.909,2.784951,0.0,0.0,0.0
2020-08-24T23:40:44.788000Z,2020-08-24T23:40:45.367000Z,1996.213,579.0,182.0,62.172,0.0,0.0,0.0,20.909,2.395358,0.0,0.0,0.0
2020-08-24T23:40:46.780000Z,2020-08-24T23:40:47.255000Z,1392.702,475.0,170.0,38.38,0.0,0.0,0.0,20.909,2.224492,0.0,0.0,0.0
2020-08-24T23:40:48.781000Z,2020-08-24T23:40:49.561999Z,1562.766,781.0,140.0,42.807,0.0,0.0,0.0,20.909,0.285355,0.0,0.0,0.0
2020-08-24T23:40:50.591000Z,2020-08-24T23:40:51.094000Z,892.947,503.0,116.0,38.956,0.0,0.0,0.0,20.909,2.140668,0.0,0.0,0.0
2020-08-24T23:40:52.780000Z,2020-08-24T23:40:53.701000Z,888.221,921.0,96.0,70.954,0.0,0.0,0.0,20.909,0.43537,0.0,0.0,0.0
2020-08-24T23:40:54.781000Z,2020-08-24T23:40:55.395000Z,1031.716,614.0,72.0,97.811,0.0,0.0,0.0,20.909,1.020891,0.0,0.0,0.0
2020-08-24T23:40:56.781000Z,2020-08-24T23:40:57.364000Z,1428.731,583.0,102.0,34.599,0.0,0.0,0.0,20.909,2.75431,0.0,0.0,0.0
2020-08-24T23:40:58.780000Z,2020-08-24T23:40:59.424000Z,1615.473,644.0,114.0,51.39,0.0,0.0,0.0,20.909,2.143777,0.0,0.0,0.0
2020-08-24T23:41:00.780000Z,2020-08-24T23:41:01.092000Z,887.742,312.0,124.0,49.914,0.0,0.0,0.0,20.909,3.536705,0.0,0.0,0.0
2020-08-24T23:41:02.798000Z,2020-08-24T23:41:03.043000Z,676.69,245.0,134.0,45.144,0.0,0.0,0.0,20.909,2.44601,0.0,0.0,0.0
2020-08-24T23:41:04.778000Z,2020-08-24T23:41:04.974000Z,609.253,196.0,152.0,33.344,0.0,0.0,0.0,20.909,3.539552,0.0,0.0,0.0
