start_time,end_time,size,trans_time,cwnd,rtt,rto,ssthresh,last_snd,min_rtt,delivery_rate,bytes_sent,bytes_retrans,client_trans_time
2020-08-25T04:00:47.091000Z,2020-08-25T04:00:47.244000Z,28.003,153.0,334.0,70.55,0.0,0.0,0.0,62.021,3.405741,0.0,0.0,0.0
2020-08-25T04:00:47.244000Z,2020-08-25T04:00:47.323000Z,37.53,79.0,334.0,73.634,0.0,0.0,0.0,62.021,0.485958,0.0,0.0,0.0
2020-08-25T04:00:47.324000Z,2020-08-25T04:00:47.525000Z,471.783,201.0,334.0,71.464,0.0,0.0,0.0,62.021,0.745344,0.0,0.0,0.0
2020-08-25T04:00:47.527000Z,2020-08-25T04:00:47.785000Z,694.578,258.0,336.0,69.359,0.0,0.0,0.0,62.021,3.339004,0.0,0.0,0.0
2020-08-25T04:00:47.788000Z,2020-08-25T04:00:48.204000Z,1247.684,416.0,338.0,70.102,0.0,0.0,0.0,62.021,3.470308,0.0,0.0,0.0
2020-08-25T04:00:48.207000Z,2020-08-25T04:00:48.719000Z,1645.846,512.0,344.0,69.473,0.0,0.0,0.0,62.021,3.508757,0.0,0.0,0.0
2020-08-25T04:00:48.722000Z,2020-08-25T04:00:49.235000Z,1641.364,513.0,344.0,69.097,0.0,0.0,0.0,62.021,3.492176,0.0,0.0,0.0
2020-08-25T04:00:49.238000Z,2020-08-25T04:00:49.755000Z,1653.991,517.0,344.0,70.206,0.0,0.0,0.0,62.021,3.574543,0.0,0.0,0.0
2020-08-25T04:00:49.759000Z,2020-08-25T04:00:50.591000Z,2809.188,832.0,342.0,69.964,0.0,0.0,0.0,62.021,3.497466,0.0,0.0,0.0
2020-08-25T04:00:50.595000Z,2020-08-25T04:00:51.357000Z,2294.841,762.0,346.0,70.551,0.0,0.0,0.0,62.021,3.343073,0.0,0.0,0.0
2020-08-25T04:00:52.544000Z,2020-08-25T04:00:53.525000Z,3156.394,981.0,342.0,71.781,0.0,0.0,0.0,62.021,0.119329,0.0,0.0,0.0
2020-08-25T04:00:54.544999Z,2020-08-25T04:00:55.425999Z,2872.859,881.0,338.0,70.984,0.0,0.0,0.0,62.021,2.232542,0.0,0.0,0.0
2020-08-25T04:00:56.544000Z,2020-08-25T04:00:57.289000Z,2385.648,745.0,340.0,72.098,0.0,0.0,0.0,61.941,2.995552,0.0,0.0,0.0
2020-08-25T04:00:58.544999Z,2020-08-25T04:00:59.413000Z,2846.618,868.0,350.0,71.061,0.0,0.0,0.0,61.941,3.067648,0.0,0.0,0.0
2020-08-25T04:01:00.544999Z,2020-08-25T04:01:01.488000Z,3026.118,943.0,340.0,72.056,0.0,0.0,0.0,61.941,3.573658,0.0,0.0,0.0
2020-08-25T04:01:02.544999Z,2020-08-25T04:01:03.605000Z,3303.037,1060.0,346.0,75.229,0.0,0.0,0.0,61.941,3.385679,0.0,0.0,0.0
2020-08-25T04:01:04.391000Z,2020-08-25T04:01:05.725000Z,3195.988,1334.0,330.0,75.28,0.0,0.0,0.0,61.941,2.714526,0.0,0.0,0.0
2020-08-25T04:01:06.544000Z,2020-08-25T04:01:07.668000Z,2965.017,1124.0,332.0,73.367,0.0,0.0,0.0,61.941,2.704033,0.0,0.0,0.0
2020-08-25T04:01:08.543000Z,2020-08-25T04:01:09.484000Z,2933.699,941.0,342.0,73.655,0.0,0.0,0.0,61.941,2.657951,0.0,0.0,0.0
2020-08-25T04:01:10.545999Z,2020-08-25T04:01:11.625999Z,3341.19,1080.0,334.0,76.168,0.0,0.0,0.0,61.941,3.35672,0.0,0.0,0.0
2020-08-25T04:01:12.545999Z,2020-08-25T04:01:13.969000Z,4445.757,1423.0,336.0,76.598,0.0,0.0,0.0,61.941,3.087481,0.0,0.0,0.0
2020-08-25T04:01:14.544999Z,2020-08-25T04:01:15.871000Z,4001.53,1326.0,324.0,74.836,0.0,0.0,0.0,61.941,2.947436,0.0,0.0,0.0
2020-08-25T04:01:16.547000Z,2020-08-25T04:01:17.533000Z,3034.783,986.0,334.0,77.507,0.0,0.0,0.0,61.941,2.08357,0.0,0.0,0.0
2020-08-25T04:01:18.545999Z,2020-08-25T04:01:19.389000Z,2572.068,843.0,334.0,73.301,0.0,0.0,0.0,61.941,3.20803,0.0,0.0,0.0
2020-08-25T04:01:20.543000Z,2020-08-25T04:01:21.289000Z,2184.419,746.0,342.0,76.363,0.0,0.0,0.0,61.941,3.063318,0.0,0.0,0.0
2020-08-25T04:01:22.548000Z,2020-08-25T04:01:23.375000Z,2439.541,827.0,324.0,74.545,0.0,0.0,0.0,61.941,2.679262,0.0,0.0,0.0
2020-08-25T04:01:24.544999Z,2020-08-25T04:01:25.513000Z,2631.034,968.0,332.0,73.377,0.0,0.0,0.0,61.941,3.398214,0.0,0.0,0.0
2020-08-25T04:01:26.544000Z,2020-08-25T04:01:27.470000Z,2709.73,926.0,330.0,72.465,0.0,0.0,0.0,61.941,3.024977,0.0,0.0,0.0
2020-08-25T04:01:28.544000Z,2020-08-25T04:01:29.423000Z,2661.081,879.0,330.0,74.884,0.0,0.0,0.0,61.941,2.902149,0.0,0.0,0.0
2020-08-25T04:01:31.044999Z,2020-08-25T04:01:31.783000Z,2153.157,738.0,332.0,71.653,0.0,0.0,0.0,61.941,3.285673,0.0,0.0,0.0
2020-08-25T04:01:33.044999Z,2020-08-25T04:01:33.806000Z,2330.305,761.0,340.0,77.772,0.0,0.0,0.0,61.941,2.412706,0.0,0.0,0.0
2020-08-25T04:01:35.041999Z,2020-08-25T04:01:35.473999Z,1238.163,432.0,344.0,78.13,0.0,0.0,0.0,61.941,2.963577,0.0,0.0,0.0
2020-08-25T04:01:37.053000Z,2020-08-25T04:01:37.631000Z,1717.055,578.0,344.0,72.093,0.0,0.0,0.0,61.941,3.095623,0.0,0.0,0.0
2020-08-25T04:01:39.056000Z,2020-08-25T04:01:39.932000Z,2703.738,876.0,338.0,73.261,0.0,0.0,0.0,61.941,2.982543,0.0,0.0,0.0
2020-08-25T04:01:41.046000Z,2020-08-25T04:01:41.988000Z,2838.611,942.0,328.0,72.834,0.0,0.0,0.0,61.941,2.817059,0.0,0.0,0.0
2020-08-25T04:01:43.046000Z,2020-08-25T04:01:44.119000Z,2474.47,1073.0,340.0,76.311,0.0,0.0,0.0,61.941,2.382266,0.0,0.0,0.0
2020-08-25T04:01:45.046000Z,2020-08-25T04:01:45.777000Z,2232.704,731.0,340.0,74.217,0.0,0.0,0.0,61.941,3.010309,0.0,0.0,0.0
2020-08-25T04:01:47.055000Z,2020-08-25T04:01:48.203000Z,3362.832,1148.0,338.0,73.28,0.0,0.0,0.0,61.941,3.118221,0.0,0.0,0.0
2020-08-25T04:01:49.047000Z,2020-08-25T04:01:50.167000Z,3459.297,1120.0,338.0,75.346,0.0,0.0,0.0,61.941,2.817473,0.0,0.0,0.0
2020-08-25T04:01:51.046000Z,2020-08-25T04:01:52.068000Z,3259.24,1022.0,342.0,71.3,0.0,0.0,0.0,61.941,3.393883,0.0,0.0,0.0
2020-08-25T04:01:53.046000Z,2020-08-25T04:01:54.110000Z,3400.999,1064.0,340.0,70.658,0.0,0.0,0.0,61.941,3.349175,0.0,0.0,0.0
2020-08-25T04:01:55.046000Z,2020-08-25T04:01:55.963000Z,2906.754,917.0,340.0,71.683,0.0,0.0,0.0,61.941,3.173266,0.0,0.0,0.0
2020-08-25T04:01:57.044999Z,2020-08-25T04:01:57.868000Z,2441.17,823.0,336.0,73.13,0.0,0.0,0.0,61.941,3.421672,0.0,0.0,0.0
2020-08-25T04:01:59.049000Z,2020-08-25T04:02:00.583000Z,4955.648,1534.0,332.0,75.365,0.0,0.0,0.0,61.941,3.048701,0.0,0.0,0.0
2020-08-25T04:02:01.048000Z,2020-08-25T04:02:02.488000Z,3678.079,1440.0,340.0,71.264,0.0,0.0,0.0,61.941,3.453217,0.0,0.0,0.0
2020-08-25T04:02:03.047000Z,2020-08-25T04:02:03.787000Z,2221.091,740.0,336.0,78.18,0.0,0.0,0.0,61.941,2.939505,0.0,0.0,0.0
2020-08-25T04:02:05.047000Z,2020-08-25T04:02:06.204000Z,2989.499,1157.0,334.0,70.106,0.0,0.0,0.0,61.941,3.255734,0.0,0.0,0.0
2020-08-25T04:02:07.297999Z,2020-08-25T04:02:08.171000Z,2610.784,873.0,324.0,81.035,0.0,0.0,0.0,61.941,0.938446,0.0,0.0,0.0
2020-08-25T04:02:09.304999Z,2020-08-25T04:02:10.105000Z,2454.219,800.0,330.0,76.186,0.0,0.0,0.0,61.941,2.643572,0.0,0.0,0.0
2020-08-25T04:02:11.545999Z,2020-08-25T04:02:12.030000Z,1354.013,484.0,334.0,73.954,0.0,0.0,0.0,61.941,3.12436,0.0,0.0,0.0
2020-08-25T04:02:13.548000Z,2020-08-25T04:02:14.292000Z,1370.233,744.0,334.0,72.399,0.0,0.0,0.0,61.941,3.082533,0.0,0.0,0.0
2020-08-25T04:02:15.547000Z,2020-08-25T04:02:16.469000Z,2633.695,922.0,332.0,72.515,0.0,0.0,0.0,61.941,3.177193,0.0,0.0,0.0
2020-08-25T04:02:17.548000Z,2020-08-25T04:02:18.412000Z,2498.979,864.0,324.0,73.648,0.0,0.0,0.0,61.941,2.281776,0.0,0.0,0.0
2020-08-25T04:02:20.054000Z,2020-08-25T04:02:20.955000Z,2763.653,901.0,334.0,76.471,0.0,0.0,0.0,61.941,2.616096,0.0,0.0,0.0
2020-08-25T04:02:22.048000Z,2020-08-25T04:02:23.145000Z,3266.163,1097.0,340.0,76.056,0.0,0.0,0.0,61.941,3.146551,0.0,0.0,0.0
2020-08-25T04:02:24.053000Z,2020-08-25T04:02:25.517000Z,3786.589,1464.0,334.0,75.707,0.0,0.0,0.0,61.941,3.403909,0.0,0.0,0.0
2020-08-25T04:02:26.048000Z,2020-08-25T04:02:27.057000Z,3111.252,1008.9999999999999,338.0,72.686,0.0,0.0,0.0,61.941,3.56058,0.0,0.0,0.0
2020-08-25T04:02:28.054000Z,2020-08-25T04:02:28.697000Z,1957.33,643.0,334.0,70.756,0.0,0.0,0.0,61.941,3.41475,0.0,0.0,0.0
2020-08-25T04:02:30.060999Z,2020-08-25T04:02:30.697999Z,1876.688,637.0,334.0,72.933,0.0,0.0,0.0,61.941,3.274866,0.0,0.0,0.0
2020-08-25T04:02:32.046000Z,2020-08-25T04:02:32.739000Z,2010.704,693.0,334.0,73.511,0.0,0.0,0.0,61.941,3.068475,0.0,0.0,0.0
2020-08-25T04:02:34.059000Z,2020-08-25T04:02:34.768000Z,2013.355,709.0,334.0,77.678,0.0,0.0,0.0,61.941,3.034043,0.0,0.0,0.0
2020-08-25T04:02:36.053000Z,2020-08-25T04:02:36.759000Z,2063.079,706.0,328.0,74.648,0.0,0.0,0.0,61.941,3.248009,0.0,0.0,0.0
2020-08-25T04:02:38.052000Z,2020-08-25T04:02:38.761999Z,2098.666,710.0,338.0,73.044,0.0,0.0,0.0,61.941,2.88792,0.0,0.0,0.0
2020-08-25T04:02:40.054000Z,2020-08-25T04:02:40.868000Z,2425.263,814.0,328.0,75.121,0.0,0.0,0.0,61.941,3.029801,0.0,0.0,0.0
2020-08-25T04:02:42.303000Z,2020-08-25T04:02:43.269000Z,2926.918,966.0,332.0,74.43,0.0,0.0,0.0,61.941,2.920489,0.0,0.0,0.0
2020-08-25T04:02:44.303000Z,2020-08-25T04:02:45.295000Z,3151.649,992.0,330.0,72.978,0.0,0.0,0.0,61.941,3.542884,0.0,0.0,0.0
2020-08-25T04:02:46.304999Z,2020-08-25T04:02:47.175000Z,2706.203,870.0,336.0,70.558,0.0,0.0,0.0,61.941,3.478951,0.0,0.0,0.0
2020-08-25T04:02:48.300000Z,2020-08-25T04:02:49.294000Z,3099.319,994.0,336.0,73.255,0.0,0.0,0.0,61.941,3.42038,0.0,0.0,0.0
2020-08-25T04:02:50.303000Z,2020-08-25T04:02:51.269000Z,2964.03,966.0,336.0,71.19,0.0,0.0,0.0,61.941,3.239193,0.0,0.0,0.0
2020-08-25T04:02:52.302000Z,2020-08-25T04:02:53.005000Z,2134.416,703.0,334.0,72.254,0.0,0.0,0.0,61.941,3.63432,0.0,0.0,0.0
2020-08-25T04:02:54.300000Z,2020-08-25T04:02:54.801000Z,1455.522,501.0,338.0,73.375,0.0,0.0,0.0,61.941,2.937889,0.0,0.0,0.0
2020-08-25T04:02:56.302000Z,2020-08-25T04:02:57.073999Z,2338.616,772.0,338.0,73.568,0.0,0.0,0.0,61.941,3.556372,0.0,0.0,0.0
2020-08-25T04:02:58.302000Z,2020-08-25T04:02:59.072000Z,2343.738,770.0,328.0,80.94,0.0,0.0,0.0,61.941,3.21396,0.0,0.0,0.0
2020-08-25T04:03:00.304000Z,2020-08-25T04:03:01.249999Z,2808.899,946.0,320.0,74.0,0.0,0.0,0.0,61.941,3.117343,0.0,0.0,0.0
2020-08-25T04:03:02.303000Z,2020-08-25T04:03:03.235000Z,2848.231,932.0,332.0,75.526,0.0,0.0,0.0,61.941,2.48145,0.0,0.0,0.0
2020-08-25T04:03:04.311000Z,2020-08-25T04:03:05.273999Z,2882.847,963.0,330.0,73.262,0.0,0.0,0.0,61.941,3.396124,0.0,0.0,0.0
2020-08-25T04:03:06.302000Z,2020-08-25T04:03:07.185999Z,2667.733,884.0,328.0,72.996,0.0,0.0,0.0,61.941,3.502296,0.0,0.0,0.0
2020-08-25T04:03:08.302000Z,2020-08-25T04:03:09.260000Z,2131.363,958.0,332.0,72.716,0.0,0.0,0.0,61.941,3.097581,0.0,0.0,0.0
2020-08-25T04:03:10.302000Z,2020-08-25T04:03:11.165000Z,2679.447,863.0,336.0,73.186,0.0,0.0,0.0,61.941,2.482285,0.0,0.0,0.0
2020-08-25T04:03:12.303000Z,2020-08-25T04:03:13.133000Z,2490.424,830.0,346.0,75.349,0.0,0.0,0.0,61.941,2.84832,0.0,0.0,0.0
2020-08-25T04:03:14.302000Z,2020-08-25T04:03:15.071000Z,2373.045,769.0,340.0,72.95,0.0,0.0,0.0,61.941,2.761914,0.0,0.0,0.0
2020-08-25T04:03:16.300000Z,2020-08-25T04:03:17.125000Z,2522.465,825.0,338.0,72.471,0.0,0.0,0.0,61.941,3.354978,0.0,0.0,0.0
2020-08-25T04:03:18.304000Z,2020-08-25T04:03:19.569999Z,4041.571,1266.0,328.0,72.58,0.0,0.0,0.0,61.941,3.142754,0.0,0.0,0.0
2020-08-25T04:03:20.304000Z,2020-08-25T04:03:21.222000Z,2784.057,918.0,328.0,72.366,0.0,0.0,0.0,61.941,3.088284,0.0,0.0,0.0
2020-08-25T04:03:22.300000Z,2020-08-25T04:03:22.973000Z,1755.862,673.0,338.0,71.877,0.0,0.0,0.0,61.941,2.882545,0.0,0.0,0.0
2020-08-25T04:03:24.300000Z,2020-08-25T04:03:24.836000Z,1613.021,536.0,334.0,72.056,0.0,0.0,0.0,61.827,3.285295,0.0,0.0,0.0
2020-08-25T04:03:26.310000Z,2020-08-25T04:03:27.223000Z,2396.292,913.0,334.0,72.37,0.0,0.0,0.0,61.827,2.745966,0.0,0.0,0.0
2020-08-25T04:03:28.302000Z,2020-08-25T04:03:28.939000Z,1874.909,637.0,324.0,73.424,0.0,0.0,0.0,61.827,2.698739,0.0,0.0,0.0
2020-08-25T04:03:30.304000Z,2020-08-25T04:03:31.449999Z,3446.982,1146.0,324.0,74.761,0.0,0.0,0.0,61.827,2.850622,0.0,0.0,0.0
2020-08-25T04:03:32.304000Z,2020-08-25T04:03:33.553999Z,2896.296,1250.0,322.0,73.96,0.0,0.0,0.0,61.827,3.173873,0.0,0.0,0.0
2020-08-25T04:03:34.303000Z,2020-08-25T04:03:35.221000Z,2792.795,918.0,338.0,73.977,0.0,0.0,0.0,61.827,2.931142,0.0,0.0,0.0
2020-08-25T04:03:36.321999Z,2020-08-25T04:03:37.573000Z,3882.139,1251.0,330.0,74.925,0.0,0.0,0.0,61.827,3.144057,0.0,0.0,0.0
2020-08-25T04:03:38.554000Z,2020-08-25T04:03:39.537000Z,3005.938,983.0,338.0,73.519,0.0,0.0,0.0,61.827,3.155822,0.0,0.0,0.0
2020-08-25T04:03:40.553000Z,2020-08-25T04:03:41.272000Z,2217.606,719.0,332.0,73.551,0.0,0.0,0.0,61.827,2.416636,0.0,0.0,0.0
2020-08-25T04:03:42.551000Z,2020-08-25T04:03:43.252000Z,2079.845,701.0,340.0,71.757,0.0,0.0,0.0,61.827,2.830953,0.0,0.0,0.0
2020-08-25T04:03:44.553000Z,2020-08-25T04:03:45.683000Z,2276.15,1130.0,340.0,71.045,0.0,0.0,0.0,61.827,3.190498,0.0,0.0,0.0
2020-08-25T04:03:46.551000Z,2020-08-25T04:03:47.117000Z,1583.075,566.0,340.0,79.87,0.0,0.0,0.0,61.827,0.297371,0.0,0.0,0.0
2020-08-25T04:03:48.550000Z,2020-08-25T04:03:49.088000Z,1429.465,538.0,328.0,71.9,0.0,0.0,0.0,61.827,3.267392,0.0,0.0,0.0
2020-08-25T04:03:50.551000Z,2020-08-25T04:03:51.021000Z,1351.667,470.0,328.0,74.72,0.0,0.0,0.0,61.827,3.05196,0.0,0.0,0.0
2020-08-25T04:03:52.552000Z,2020-08-25T04:03:53.289999Z,2144.566,738.0,328.0,74.985,0.0,0.0,0.0,61.827,3.267601,0.0,0.0,0.0
2020-08-25T04:03:54.553000Z,2020-08-25T04:03:55.299000Z,2178.883,746.0,342.0,72.405,0.0,0.0,0.0,61.827,2.647466,0.0,0.0,0.0
2020-08-25T04:03:56.552000Z,2020-08-25T04:03:57.390000Z,2524.053,838.0,326.0,73.481,0.0,0.0,0.0,61.827,3.165909,0.0,0.0,0.0
2020-08-25T04:03:58.551000Z,2020-08-25T04:03:59.204000Z,1825.122,653.0,338.0,71.815,0.0,0.0,0.0,61.827,3.349279,0.0,0.0,0.0
2020-08-25T04:04:00.552000Z,2020-08-25T04:04:01.398000Z,2577.831,846.0,328.0,76.438,0.0,0.0,0.0,61.827,3.067381,0.0,0.0,0.0
2020-08-25T04:04:02.551000Z,2020-08-25T04:04:03.213000Z,2033.15,662.0,332.0,71.989,0.0,0.0,0.0,61.827,3.283921,0.0,0.0,0.0
2020-08-25T04:04:04.550000Z,2020-08-25T04:04:05.200000Z,1941.811,650.0,338.0,71.616,0.0,0.0,0.0,61.827,3.461469,0.0,0.0,0.0
2020-08-25T04:04:06.550000Z,2020-08-25T04:04:07.451000Z,1928.43,901.0,338.0,70.6,0.0,0.0,0.0,61.827,3.428903,0.0,0.0,0.0
2020-08-25T04:04:08.552000Z,2020-08-25T04:04:09.422000Z,2608.184,870.0,336.0,70.83,0.0,0.0,0.0,61.827,3.121592,0.0,0.0,0.0
2020-08-25T04:04:10.551000Z,2020-08-25T04:04:11.375000Z,2556.468,824.0,334.0,71.106,0.0,0.0,0.0,61.827,3.119615,0.0,0.0,0.0
2020-08-25T04:04:12.551000Z,2020-08-25T04:04:13.185999Z,1882.354,635.0,338.0,72.617,0.0,0.0,0.0,61.827,3.333425,0.0,0.0,0.0
2020-08-25T04:04:14.551000Z,2020-08-25T04:04:15.217000Z,2042.962,666.0,332.0,73.705,0.0,0.0,0.0,61.827,3.191954,0.0,0.0,0.0
2020-08-25T04:04:16.555000Z,2020-08-25T04:04:18.195000Z,5223.785,1640.0,342.0,73.147,0.0,0.0,0.0,61.827,2.801483,0.0,0.0,0.0
2020-08-25T04:04:18.555000Z,2020-08-25T04:04:19.881999Z,4252.65,1327.0,332.0,76.606,0.0,0.0,0.0,61.827,3.193088,0.0,0.0,0.0
2020-08-25T04:04:20.552000Z,2020-08-25T04:04:21.439000Z,2677.566,887.0,338.0,70.795,0.0,0.0,0.0,61.827,3.41348,0.0,0.0,0.0
2020-08-25T04:04:22.552000Z,2020-08-25T04:04:23.223000Z,2023.807,671.0,336.0,72.672,0.0,0.0,0.0,61.827,3.501248,0.0,0.0,0.0
2020-08-25T04:04:24.553000Z,2020-08-25T04:04:25.504000Z,2971.228,951.0,336.0,73.396,0.0,0.0,0.0,61.827,2.583935,0.0,0.0,0.0
2020-08-25T04:04:26.551000Z,2020-08-25T04:04:27.277000Z,2171.942,726.0,330.0,71.852,0.0,0.0,0.0,61.827,3.550986,0.0,0.0,0.0
2020-08-25T04:04:28.551000Z,2020-08-25T04:04:29.115000Z,1676.756,564.0,338.0,70.731,0.0,0.0,0.0,61.827,3.201754,0.0,0.0,0.0
2020-08-25T04:04:30.551000Z,2020-08-25T04:04:31.188000Z,1919.601,637.0,338.0,71.218,0.0,0.0,0.0,61.827,2.96384,0.0,0.0,0.0
2020-08-25T04:04:32.649000Z,2020-08-25T04:04:33.269000Z,1772.115,620.0,340.0,72.632,0.0,0.0,0.0,61.827,2.718489,0.0,0.0,0.0
2020-08-25T04:04:34.801000Z,2020-08-25T04:04:35.665000Z,2673.764,864.0,336.0,74.813,0.0,0.0,0.0,61.827,3.031673,0.0,0.0,0.0
2020-08-25T04:04:37.312000Z,2020-08-25T04:04:38.547000Z,3852.148,1235.0,340.0,76.201,0.0,0.0,0.0,61.827,2.500125,0.0,0.0,0.0
2020-08-25T04:04:39.320999Z,2020-08-25T04:04:40.188000Z,2669.372,867.0,342.0,75.19,0.0,0.0,0.0,61.827,3.28366,0.0,0.0,0.0
2020-08-25T04:04:41.302000Z,2020-08-25T04:04:42.268000Z,2948.031,966.0,324.0,72.741,0.0,0.0,0.0,61.827,3.45429,0.0,0.0,0.0
2020-08-25T04:04:43.304000Z,2020-08-25T04:04:44.349000Z,2958.584,1045.0,334.0,72.633,0.0,0.0,0.0,61.827,3.178404,0.0,0.0,0.0
2020-08-25T04:04:45.302000Z,2020-08-25T04:04:46.369000Z,3309.018,1067.0,332.0,74.57,0.0,0.0,0.0,61.827,1.172288,0.0,0.0,0.0
2020-08-25T04:04:47.303000Z,2020-08-25T04:04:48.273000Z,2985.159,970.0,340.0,77.027,0.0,0.0,0.0,61.827,3.420833,0.0,0.0,0.0
2020-08-25T04:04:49.304000Z,2020-08-25T04:04:50.347000Z,3115.604,1043.0,340.0,73.477,0.0,0.0,0.0,61.827,3.315626,0.0,0.0,0.0
2020-08-25T04:04:51.302000Z,2020-08-25T04:04:51.953999Z,1878.629,652.0,330.0,74.586,0.0,0.0,0.0,61.827,3.114568,0.0,0.0,0.0
2020-08-25T04:04:53.302000Z,2020-08-25T04:04:53.985999Z,2016.273,684.0,322.0,76.071,0.0,0.0,0.0,61.827,2.693977,0.0,0.0,0.0
2020-08-25T04:04:55.309000Z,2020-08-25T04:04:56.119000Z,2570.353,810.0,326.0,72.052,0.0,0.0,0.0,61.827,3.031866,0.0,0.0,0.0
2020-08-25T04:04:57.305999Z,2020-08-25T04:04:59.056000Z,4383.044,1750.0,336.0,73.156,0.0,0.0,0.0,61.827,3.029572,0.0,0.0,0.0
2020-08-25T04:04:59.304999Z,2020-08-25T04:05:00.700000Z,4318.922,1395.0,342.0,72.338,0.0,0.0,0.0,61.827,3.414897,0.0,0.0,0.0
2020-08-25T04:05:01.304000Z,2020-08-25T04:05:02.152000Z,2204.675,848.0,332.0,72.811,0.0,0.0,0.0,61.827,3.272057,0.0,0.0,0.0
2020-08-25T04:05:03.304000Z,2020-08-25T04:05:03.893000Z,1741.499,589.0,342.0,78.259,0.0,0.0,0.0,61.827,2.492791,0.0,0.0,0.0
2020-08-25T04:05:05.551000Z,2020-08-25T04:05:06.671000Z,3394.521,1120.0,330.0,70.545,0.0,0.0,0.0,61.827,3.291617,0.0,0.0,0.0
2020-08-25T04:05:07.553000Z,2020-08-25T04:05:08.587000Z,3235.21,1034.0,340.0,74.177,0.0,0.0,0.0,61.827,2.738609,0.0,0.0,0.0
2020-08-25T04:05:09.551000Z,2020-08-25T04:05:10.189000Z,1978.193,638.0,338.0,71.633,0.0,0.0,0.0,61.827,3.032701,0.0,0.0,0.0
2020-08-25T04:05:11.551000Z,2020-08-25T04:05:12.321000Z,2318.19,770.0,348.0,72.306,0.0,0.0,0.0,61.827,3.494949,0.0,0.0,0.0
2020-08-25T04:05:13.553000Z,2020-08-25T04:05:14.600000Z,2986.16,1047.0,348.0,74.409,0.0,0.0,0.0,61.827,3.487309,0.0,0.0,0.0
2020-08-25T04:05:15.552000Z,2020-08-25T04:05:16.268000Z,2054.483,716.0,340.0,72.911,0.0,0.0,0.0,61.827,2.775556,0.0,0.0,0.0
2020-08-25T04:05:17.803000Z,2020-08-25T04:05:18.568000Z,2403.072,765.0,338.0,77.933,0.0,0.0,0.0,61.827,2.645375,0.0,0.0,0.0
2020-08-25T04:05:19.803000Z,2020-08-25T04:05:20.617999Z,2509.094,815.0,330.0,71.962,0.0,0.0,0.0,61.827,3.353238,0.0,0.0,0.0
2020-08-25T04:05:21.803000Z,2020-08-25T04:05:22.533000Z,2152.831,730.0,332.0,72.879,0.0,0.0,0.0,61.827,3.105899,0.0,0.0,0.0
2020-08-25T04:05:23.804000Z,2020-08-25T04:05:24.588000Z,2375.395,784.0,336.0,71.956,0.0,0.0,0.0,61.827,2.912273,0.0,0.0,0.0
2020-08-25T04:05:25.804000Z,2020-08-25T04:05:26.559000Z,2389.138,755.0,334.0,73.203,0.0,0.0,0.0,61.827,2.638436,0.0,0.0,0.0
2020-08-25T04:05:27.803000Z,2020-08-25T04:05:28.716000Z,2801.611,913.0,336.0,73.321,0.0,0.0,0.0,61.827,3.557027,0.0,0.0,0.0
2020-08-25T04:05:29.801999Z,2020-08-25T04:05:30.737000Z,1970.528,935.0,340.0,73.156,0.0,0.0,0.0,61.827,3.266389,0.0,0.0,0.0
2020-08-25T04:05:31.801999Z,2020-08-25T04:05:32.703000Z,1957.317,901.0,336.0,71.989,0.0,0.0,0.0,61.827,3.239409,0.0,0.0,0.0
2020-08-25T04:05:33.803000Z,2020-08-25T04:05:34.733000Z,1985.169,930.0,328.0,99.482,0.0,0.0,0.0,61.827,1.10654,0.0,0.0,0.0
2020-08-25T04:05:35.803000Z,2020-08-25T04:05:36.468000Z,2031.777,665.0,324.0,76.156,0.0,0.0,0.0,61.827,2.635592,0.0,0.0,0.0
2020-08-25T04:05:37.804999Z,2020-08-25T04:05:38.501000Z,2042.66,696.0,344.0,76.441,0.0,0.0,0.0,61.827,3.169889,0.0,0.0,0.0
2020-08-25T04:05:39.801999Z,2020-08-25T04:05:40.468000Z,2040.143,666.0,332.0,70.971,0.0,0.0,0.0,61.827,3.255318,0.0,0.0,0.0
2020-08-25T04:05:41.804000Z,2020-08-25T04:05:42.788000Z,2173.694,984.0,334.0,72.187,0.0,0.0,0.0,61.827,3.056934,0.0,0.0,0.0
2020-08-25T04:05:43.806000Z,2020-08-25T04:05:44.756000Z,2914.808,950.0,340.0,72.332,0.0,0.0,0.0,61.827,3.265046,0.0,0.0,0.0
2020-08-25T04:05:45.804999Z,2020-08-25T04:05:46.870000Z,3144.775,1065.0,338.0,75.461,0.0,0.0,0.0,61.827,2.894354,0.0,0.0,0.0
2020-08-25T04:05:47.804999Z,2020-08-25T04:05:48.925000Z,3253.717,1120.0,348.0,71.048,0.0,0.0,0.0,61.827,2.75051,0.0,0.0,0.0
2020-08-25T04:05:49.806000Z,2020-08-25T04:05:50.953000Z,3461.783,1147.0,336.0,71.787,0.0,0.0,0.0,61.827,3.19479,0.0,0.0,0.0
2020-08-25T04:05:51.804000Z,2020-08-25T04:05:52.892000Z,3176.135,1088.0,336.0,75.813,0.0,0.0,0.0,61.827,2.419177,0.0,0.0,0.0
2020-08-25T04:05:53.806000Z,2020-08-25T04:05:55.076000Z,3907.305,1270.0,332.0,72.741,0.0,0.0,0.0,61.827,1.720436,0.0,0.0,0.0
2020-08-25T04:05:55.804999Z,2020-08-25T04:05:57.118000Z,4133.911,1313.0,334.0,71.189,0.0,0.0,0.0,61.827,3.045981,0.0,0.0,0.0
2020-08-25T04:05:57.803000Z,2020-08-25T04:05:58.601999Z,2435.099,799.0,330.0,72.909,0.0,0.0,0.0,61.827,3.514069,0.0,0.0,0.0
2020-08-25T04:05:59.804999Z,2020-08-25T04:06:01.432000Z,4158.235,1627.0,330.0,70.812,0.0,0.0,0.0,61.827,3.321012,0.0,0.0,0.0
2020-08-25T04:06:01.807000Z,2020-08-25T04:06:03.259000Z,4384.35,1452.0,346.0,76.584,0.0,0.0,0.0,61.827,2.508616,0.0,0.0,0.0
2020-08-25T04:06:04.057000Z,2020-08-25T04:06:05.439000Z,3994.318,1382.0,330.0,71.332,0.0,0.0,0.0,61.827,3.641367,0.0,0.0,0.0
2020-08-25T04:06:06.056000Z,2020-08-25T04:06:07.185999Z,3523.623,1130.0,330.0,79.651,0.0,0.0,0.0,61.827,2.793242,0.0,0.0,0.0
2020-08-25T04:06:08.555000Z,2020-08-25T04:06:09.504000Z,2866.094,949.0,326.0,74.856,0.0,0.0,0.0,61.827,2.190593,0.0,0.0,0.0
2020-08-25T04:06:10.404000Z,2020-08-25T04:06:11.217999Z,2455.792,814.0,330.0,74.576,0.0,0.0,0.0,61.827,2.585841,0.0,0.0,0.0
2020-08-25T04:06:12.555000Z,2020-08-25T04:06:13.870000Z,3187.427,1315.0,338.0,74.083,0.0,0.0,0.0,61.827,3.143263,0.0,0.0,0.0
2020-08-25T04:06:15.054000Z,2020-08-25T04:06:15.639000Z,1713.566,585.0,328.0,74.497,0.0,0.0,0.0,61.827,2.751709,0.0,0.0,0.0
2020-08-25T04:06:17.053000Z,2020-08-25T04:06:17.617999Z,1650.257,565.0,328.0,73.451,0.0,0.0,0.0,61.827,2.956126,0.0,0.0,0.0
2020-08-25T04:06:19.057000Z,2020-08-25T04:06:20.270000Z,3682.836,1213.0,322.0,72.812,0.0,0.0,0.0,61.827,3.390962,0.0,0.0,0.0
2020-08-25T04:06:21.556000Z,2020-08-25T04:06:22.557000Z,3021.627,1000.9999999999999,322.0,73.54,0.0,0.0,0.0,61.827,2.445434,0.0,0.0,0.0
2020-08-25T04:06:23.554000Z,2020-08-25T04:06:24.233999Z,1950.454,680.0,328.0,75.396,0.0,0.0,0.0,61.827,2.347609,0.0,0.0,0.0
2020-08-25T04:06:26.056000Z,2020-08-25T04:06:26.673999Z,1773.551,618.0,340.0,75.474,0.0,0.0,0.0,61.827,2.956117,0.0,0.0,0.0
2020-08-25T04:06:28.056000Z,2020-08-25T04:06:29.077000Z,3075.466,1020.9999999999999,338.0,73.08,0.0,0.0,0.0,61.827,2.998283,0.0,0.0,0.0
2020-08-25T04:06:30.056000Z,2020-08-25T04:06:31.118000Z,3149.523,1062.0,336.0,74.184,0.0,0.0,0.0,61.827,3.046584,0.0,0.0,0.0
2020-08-25T04:06:32.056000Z,2020-08-25T04:06:33.013000Z,2864.581,957.0,330.0,75.415,0.0,0.0,0.0,61.827,3.231865,0.0,0.0,0.0
2020-08-25T04:06:34.055000Z,2020-08-25T04:06:35.220000Z,3585.043,1165.0,332.0,73.012,0.0,0.0,0.0,61.827,2.90661,0.0,0.0,0.0
2020-08-25T04:06:36.056000Z,2020-08-25T04:06:37.151000Z,3433.58,1095.0,336.0,71.401,0.0,0.0,0.0,61.827,3.081313,0.0,0.0,0.0
2020-08-25T04:06:38.057999Z,2020-08-25T04:06:39.203000Z,3502.072,1145.0,334.0,72.76,0.0,0.0,0.0,61.827,3.098348,0.0,0.0,0.0
2020-08-25T04:06:40.063000Z,2020-08-25T04:06:40.977000Z,2370.91,914.0,330.0,73.618,0.0,0.0,0.0,61.827,3.00347,0.0,0.0,0.0
2020-08-25T04:06:42.056000Z,2020-08-25T04:06:43.116000Z,3313.11,1060.0,330.0,76.919,0.0,0.0,0.0,61.827,2.653439,0.0,0.0,0.0
2020-08-25T04:06:44.057000Z,2020-08-25T04:06:45.009000Z,2901.055,952.0,336.0,73.258,0.0,0.0,0.0,61.827,3.257673,0.0,0.0,0.0
2020-08-25T04:06:46.055000Z,2020-08-25T04:06:46.833999Z,2386.798,779.0,330.0,71.643,0.0,0.0,0.0,61.827,3.343027,0.0,0.0,0.0
2020-08-25T04:06:48.055000Z,2020-08-25T04:06:48.779000Z,1956.361,724.0,328.0,74.081,0.0,0.0,0.0,61.827,3.559158,0.0,0.0,0.0
2020-08-25T04:06:50.056000Z,2020-08-25T04:06:51.149000Z,3332.044,1093.0,330.0,74.679,0.0,0.0,0.0,61.827,1.632897,0.0,0.0,0.0
2020-08-25T04:06:52.063000Z,2020-08-25T04:06:52.686000Z,1792.308,623.0,330.0,76.086,0.0,0.0,0.0,61.827,2.861256,0.0,0.0,0.0
2020-08-25T04:06:54.066000Z,2020-08-25T04:06:54.785999Z,2022.12,720.0,332.0,72.409,0.0,0.0,0.0,61.827,2.935696,0.0,0.0,0.0
2020-08-25T04:06:56.554000Z,2020-08-25T04:06:57.189000Z,1843.792,635.0,340.0,71.834,0.0,0.0,0.0,61.827,2.42087,0.0,0.0,0.0
2020-08-25T04:06:58.324000Z,2020-08-25T04:06:59.239000Z,1934.85,915.0,326.0,72.749,0.0,0.0,0.0,61.827,3.314914,0.0,0.0,0.0
2020-08-25T04:07:00.406000Z,2020-08-25T04:07:01.048000Z,1891.507,642.0,338.0,72.653,0.0,0.0,0.0,61.827,3.034456,0.0,0.0,0.0
2020-08-25T04:07:02.557000Z,2020-08-25T04:07:03.598000Z,3244.311,1041.0,334.0,72.972,0.0,0.0,0.0,61.827,3.370084,0.0,0.0,0.0
2020-08-25T04:07:04.557000Z,2020-08-25T04:07:05.716000Z,2577.883,1159.0,342.0,72.648,0.0,0.0,0.0,61.827,3.38207,0.0,0.0,0.0
2020-08-25T04:07:06.556000Z,2020-08-25T04:07:07.462000Z,2808.135,906.0,334.0,99.102,0.0,0.0,0.0,61.827,1.110799,0.0,0.0,0.0
2020-08-25T04:07:08.555000Z,2020-08-25T04:07:09.216000Z,1988.173,661.0,328.0,72.618,0.0,0.0,0.0,61.827,3.214811,0.0,0.0,0.0
2020-08-25T04:07:10.558000Z,2020-08-25T04:07:11.228000Z,1966.189,670.0,336.0,70.811,0.0,0.0,0.0,61.827,3.001174,0.0,0.0,0.0
2020-08-25T04:07:12.558000Z,2020-08-25T04:07:14.089000Z,3261.063,1531.0,336.0,71.699,0.0,0.0,0.0,61.827,3.10902,0.0,0.0,0.0
2020-08-25T04:07:14.557000Z,2020-08-25T04:07:15.550000Z,2955.977,993.0,332.0,71.114,0.0,0.0,0.0,61.827,3.157488,0.0,0.0,0.0
2020-08-25T04:07:16.556000Z,2020-08-25T04:07:17.459000Z,2717.032,903.0,334.0,73.577,0.0,0.0,0.0,61.827,3.326006,0.0,0.0,0.0
2020-08-25T04:07:18.558000Z,2020-08-25T04:07:19.553000Z,3073.597,995.0,332.0,74.956,0.0,0.0,0.0,61.827,2.827721,0.0,0.0,0.0
2020-08-25T04:07:20.558000Z,2020-08-25T04:07:21.368000Z,2406.999,810.0,328.0,74.66,0.0,0.0,0.0,61.827,3.122054,0.0,0.0,0.0
2020-08-25T04:07:22.557000Z,2020-08-25T04:07:23.272000Z,1899.585,715.0,340.0,71.551,0.0,0.0,0.0,61.827,3.30344,0.0,0.0,0.0
2020-08-25T04:07:24.407000Z,2020-08-25T04:07:25.156000Z,2202.939,749.0,328.0,75.306,0.0,0.0,0.0,61.827,2.905687,0.0,0.0,0.0
2020-08-25T04:07:26.558000Z,2020-08-25T04:07:27.569000Z,3050.066,1010.9999999999999,328.0,74.857,0.0,0.0,0.0,61.827,3.504912,0.0,0.0,0.0
2020-08-25T04:07:28.556000Z,2020-08-25T04:07:29.189000Z,1834.717,633.0,330.0,78.535,0.0,0.0,0.0,61.827,2.751852,0.0,0.0,0.0
2020-08-25T04:07:30.555000Z,2020-08-25T04:07:31.185000Z,955.1,630.0,338.0,74.262,0.0,0.0,0.0,61.827,3.015638,0.0,0.0,0.0
2020-08-25T04:07:32.553000Z,2020-08-25T04:07:33.057999Z,1386.048,505.0,342.0,73.231,0.0,0.0,0.0,61.827,2.979241,0.0,0.0,0.0
2020-08-25T04:07:34.557000Z,2020-08-25T04:07:35.072000Z,1505.483,515.0,346.0,73.365,0.0,0.0,0.0,61.827,3.381432,0.0,0.0,0.0
2020-08-25T04:07:36.567000Z,2020-08-25T04:07:37.089000Z,1475.963,522.0,340.0,74.209,0.0,0.0,0.0,61.827,3.042995,0.0,0.0,0.0
2020-08-25T04:07:38.555000Z,2020-08-25T04:07:39.008000Z,1225.152,453.0,330.0,76.111,0.0,0.0,0.0,61.827,3.047431,0.0,0.0,0.0
2020-08-25T04:07:40.555000Z,2020-08-25T04:07:41.086000Z,1578.491,531.0,330.0,74.686,0.0,0.0,0.0,61.827,3.344228,0.0,0.0,0.0
2020-08-25T04:07:42.557000Z,2020-08-25T04:07:43.126000Z,1605.979,569.0,342.0,72.349,0.0,0.0,0.0,61.827,3.349334,0.0,0.0,0.0
2020-08-25T04:07:44.557000Z,2020-08-25T04:07:45.341000Z,2424.171,784.0,342.0,72.987,0.0,0.0,0.0,61.827,3.178121,0.0,0.0,0.0
2020-08-25T04:07:46.558000Z,2020-08-25T04:07:47.479000Z,2878.69,921.0,344.0,72.438,0.0,0.0,0.0,61.827,3.245574,0.0,0.0,0.0
2020-08-25T04:07:48.560000Z,2020-08-25T04:07:49.445000Z,2741.439,885.0,336.0,70.73,0.0,0.0,0.0,61.827,3.607125,0.0,0.0,0.0
2020-08-25T04:07:50.558000Z,2020-08-25T04:07:51.384000Z,2437.215,826.0,334.0,71.653,0.0,0.0,0.0,61.827,3.292181,0.0,0.0,0.0
2020-08-25T04:07:52.557000Z,2020-08-25T04:07:53.055000Z,1495.326,498.0,338.0,73.655,0.0,0.0,0.0,61.827,2.580734,0.0,0.0,0.0
2020-08-25T04:07:54.558000Z,2020-08-25T04:07:55.124000Z,1749.052,566.0,338.0,71.236,0.0,0.0,0.0,61.827,3.35978,0.0,0.0,0.0
2020-08-25T04:07:56.558000Z,2020-08-25T04:07:57.580000Z,2371.509,1022.0,336.0,71.126,0.0,0.0,0.0,61.827,3.346095,0.0,0.0,0.0
2020-08-25T04:07:58.558000Z,2020-08-25T04:07:59.121999Z,1661.697,564.0,340.0,71.788,0.0,0.0,0.0,61.827,3.09805,0.0,0.0,0.0
2020-08-25T04:08:00.558000Z,2020-08-25T04:08:01.140000Z,1656.966,582.0,334.0,72.768,0.0,0.0,0.0,61.827,3.184019,0.0,0.0,0.0
2020-08-25T04:08:02.555000Z,2020-08-25T04:08:02.748000Z,417.916,193.0,334.0,73.784,0.0,0.0,0.0,61.827,3.041434,0.0,0.0,0.0
2020-08-25T04:08:04.556000Z,2020-08-25T04:08:04.873000Z,834.317,317.0,334.0,75.591,0.0,0.0,0.0,61.827,3.197201,0.0,0.0,0.0
2020-08-25T04:08:06.557000Z,2020-08-25T04:08:06.988000Z,1212.709,431.0,330.0,71.121,0.0,0.0,0.0,61.827,3.06131,0.0,0.0,0.0
2020-08-25T04:08:08.557000Z,2020-08-25T04:08:09.132000Z,1697.048,575.0,326.0,71.667,0.0,0.0,0.0,61.827,2.946441,0.0,0.0,0.0
2020-08-25T04:08:10.564999Z,2020-08-25T04:08:11.024000Z,1325.495,459.0,336.0,74.216,0.0,0.0,0.0,61.827,3.25812,0.0,0.0,0.0
2020-08-25T04:08:12.557000Z,2020-08-25T04:08:13.216000Z,1942.693,659.0,336.0,73.047,0.0,0.0,0.0,61.827,2.929974,0.0,0.0,0.0
2020-08-25T04:08:14.558000Z,2020-08-25T04:08:15.615000Z,2308.886,1057.0,326.0,73.176,0.0,0.0,0.0,61.827,3.187987,0.0,0.0,0.0
2020-08-25T04:08:16.560000Z,2020-08-25T04:08:17.468000Z,2786.498,908.0,326.0,72.425,0.0,0.0,0.0,61.827,2.964608,0.0,0.0,0.0
2020-08-25T04:08:18.563000Z,2020-08-25T04:08:20.087000Z,4898.546,1524.0,334.0,73.112,0.0,0.0,0.0,61.827,2.818808,0.0,0.0,0.0
2020-08-25T04:08:20.560999Z,2020-08-25T04:08:21.893000Z,4246.237,1332.0,336.0,73.76,0.0,0.0,0.0,61.827,3.387781,0.0,0.0,0.0
2020-08-25T04:08:22.563000Z,2020-08-25T04:08:24.065000Z,4757.478,1502.0,340.0,71.35,0.0,0.0,0.0,61.827,3.356687,0.0,0.0,0.0
2020-08-25T04:08:24.560000Z,2020-08-25T04:08:25.963000Z,3460.253,1403.0,336.0,78.568,0.0,0.0,0.0,62.05,2.94505,0.0,0.0,0.0
