start_time,end_time,size,trans_time,cwnd,rtt,rto,ssthresh,last_snd,min_rtt,delivery_rate,bytes_sent,bytes_retrans,client_trans_time
2020-08-24T14:30:32.150000Z,2020-08-24T14:30:32.196000Z,105.239,46.0,132.0,29.353,0.0,0.0,0.0,14.277,4.655597,0.0,0.0,0.0
2020-08-24T14:30:32.197000Z,2020-08-24T14:30:32.227000Z,62.768,30.0,132.0,20.051,0.0,0.0,0.0,14.277,5.240475,0.0,0.0,0.0
2020-08-24T14:30:32.227000Z,2020-08-24T14:30:32.264000Z,96.772,37.0,132.0,18.917,0.0,0.0,0.0,14.277,5.240475,0.0,0.0,0.0
2020-08-24T14:30:32.264000Z,2020-08-24T14:30:32.297000Z,69.046,33.0,132.0,20.074,0.0,0.0,0.0,14.277,5.240475,0.0,0.0,0.0
2020-08-24T14:30:32.297999Z,2020-08-24T14:30:32.400000Z,367.059,102.0,132.0,18.951,0.0,0.0,0.0,14.277,5.240475,0.0,0.0,0.0
2020-08-24T14:30:32.401000Z,2020-08-24T14:30:32.529999Z,527.606,129.0,124.0,25.241,0.0,0.0,0.0,14.277,5.370139,0.0,0.0,0.0
2020-08-24T14:30:32.532000Z,2020-08-24T14:30:32.747000Z,916.648,215.0,132.0,34.102,0.0,0.0,0.0,14.277,5.299287,0.0,0.0,0.0
2020-08-24T14:30:32.750000Z,2020-08-24T14:30:33.023000Z,1195.453,273.0,136.0,32.228,0.0,0.0,0.0,14.277,5.135043,0.0,0.0,0.0
2020-08-24T14:30:33.504000Z,2020-08-24T14:30:33.703000Z,805.86,199.0,122.0,26.614,0.0,0.0,0.0,14.277,5.285022,0.0,0.0,0.0
2020-08-24T14:30:35.503000Z,2020-08-24T14:30:35.672000Z,732.618,169.0,122.0,21.688,0.0,0.0,0.0,14.277,4.802112,0.0,0.0,0.0
2020-08-24T14:30:37.505999Z,2020-08-24T14:30:37.683000Z,713.256,177.0,136.0,28.328,0.0,0.0,0.0,14.277,5.384821,0.0,0.0,0.0
2020-08-24T14:30:39.504000Z,2020-08-24T14:30:39.678000Z,638.369,174.0,136.0,18.421,0.0,0.0,0.0,14.277,0.240358,0.0,0.0,0.0
2020-08-24T14:30:41.502000Z,2020-08-24T14:30:41.893000Z,777.868,391.0,122.0,27.353,0.0,0.0,0.0,14.277,5.564994,0.0,0.0,0.0
2020-08-24T14:30:43.503000Z,2020-08-24T14:30:43.760000Z,1002.574,257.0,138.0,17.678,0.0,0.0,0.0,14.277,5.829056,0.0,0.0,0.0
2020-08-24T14:30:45.502000Z,2020-08-24T14:30:45.696000Z,865.571,194.0,128.0,29.13,0.0,0.0,0.0,14.277,3.955983,0.0,0.0,0.0
2020-08-24T14:30:47.501000Z,2020-08-24T14:30:47.657000Z,748.859,156.0,136.0,33.059,0.0,0.0,0.0,14.277,4.183111,0.0,0.0,0.0
2020-08-24T14:30:49.503000Z,2020-08-24T14:30:49.638000Z,535.562,135.0,160.0,22.417,0.0,0.0,0.0,14.277,6.086893,0.0,0.0,0.0
2020-08-24T14:30:51.502000Z,2020-08-24T14:30:51.622000Z,516.457,120.0,154.0,40.093,0.0,0.0,0.0,14.277,5.853983,0.0,0.0,0.0
2020-08-24T14:30:53.503000Z,2020-08-24T14:30:53.708000Z,829.731,205.0,174.0,24.606,0.0,0.0,0.0,14.277,4.433784,0.0,0.0,0.0
2020-08-24T14:30:55.504000Z,2020-08-24T14:30:56.009999Z,1326.891,506.0,172.0,33.455,0.0,0.0,0.0,14.277,4.834934,0.0,0.0,0.0
2020-08-24T14:30:57.503000Z,2020-08-24T14:30:57.801000Z,1289.099,298.0,182.0,45.641,0.0,0.0,0.0,14.277,4.293096,0.0,0.0,0.0
2020-08-24T14:30:59.754000Z,2020-08-24T14:31:00.009999Z,1137.101,256.0,180.0,24.085,0.0,0.0,0.0,14.277,5.68154,0.0,0.0,0.0
2020-08-24T14:31:01.501000Z,2020-08-24T14:31:01.723000Z,866.082,222.0,138.0,32.544,0.0,0.0,0.0,14.277,4.479798,0.0,0.0,0.0
2020-08-24T14:31:03.503000Z,2020-08-24T14:31:03.681000Z,753.637,178.0,136.0,22.581,0.0,0.0,0.0,14.277,4.041572,0.0,0.0,0.0
2020-08-24T14:31:05.507000Z,2020-08-24T14:31:05.752000Z,1030.951,245.0,132.0,27.539,0.0,0.0,0.0,14.277,4.204554,0.0,0.0,0.0
2020-08-24T14:31:07.544999Z,2020-08-24T14:31:07.793000Z,1059.759,248.0,126.0,22.865,0.0,0.0,0.0,14.277,4.383209,0.0,0.0,0.0
2020-08-24T14:31:09.504000Z,2020-08-24T14:31:09.726000Z,920.503,222.0,150.0,31.237,0.0,0.0,0.0,14.277,4.412071,0.0,0.0,0.0
2020-08-24T14:31:11.753000Z,2020-08-24T14:31:11.952000Z,848.902,199.0,162.0,34.247,0.0,0.0,0.0,14.277,4.562492,0.0,0.0,0.0
2020-08-24T14:31:13.755000Z,2020-08-24T14:31:13.940000Z,777.548,185.0,160.0,20.633,0.0,0.0,0.0,14.277,4.39705,0.0,0.0,0.0
2020-08-24T14:31:15.503000Z,2020-08-24T14:31:15.696000Z,808.347,193.0,152.0,30.763,0.0,0.0,0.0,14.277,5.538902,0.0,0.0,0.0
2020-08-24T14:31:17.752000Z,2020-08-24T14:31:17.917000Z,755.683,165.0,142.0,18.098,0.0,0.0,0.0,14.277,3.720308,0.0,0.0,0.0
2020-08-24T14:31:19.751000Z,2020-08-24T14:31:19.919000Z,773.395,168.0,162.0,37.038,0.0,0.0,0.0,14.277,4.747218,0.0,0.0,0.0
2020-08-24T14:31:21.753000Z,2020-08-24T14:31:22.013000Z,1209.112,260.0,162.0,35.138,0.0,0.0,0.0,14.277,5.433798,0.0,0.0,0.0
2020-08-24T14:31:23.754000Z,2020-08-24T14:31:24.049999Z,1176.38,296.0,154.0,36.807,0.0,0.0,0.0,14.277,4.823628,0.0,0.0,0.0
2020-08-24T14:31:25.754000Z,2020-08-24T14:31:25.937000Z,706.28,183.0,156.0,37.064,0.0,0.0,0.0,14.277,4.567227,0.0,0.0,0.0
2020-08-24T14:31:27.756000Z,2020-08-24T14:31:28.110000Z,1459.209,354.0,156.0,22.377,0.0,0.0,0.0,14.277,3.639087,0.0,0.0,0.0
2020-08-24T14:31:29.753000Z,2020-08-24T14:31:29.999000Z,1053.624,246.0,138.0,31.083,0.0,0.0,0.0,14.277,3.444401,0.0,0.0,0.0
2020-08-24T14:31:31.540000Z,2020-08-24T14:31:31.760000Z,918.954,220.0,150.0,20.905,0.0,0.0,0.0,14.277,4.556245,0.0,0.0,0.0
2020-08-24T14:31:33.752000Z,2020-08-24T14:31:33.934000Z,730.789,182.0,148.0,28.093,0.0,0.0,0.0,14.277,4.657177,0.0,0.0,0.0
2020-08-24T14:31:35.752000Z,2020-08-24T14:31:35.917000Z,671.324,165.0,126.0,28.196,0.0,0.0,0.0,14.277,4.047352,0.0,0.0,0.0
2020-08-24T14:31:37.763000Z,2020-08-24T14:31:37.949000Z,708.041,186.0,144.0,19.753,0.0,0.0,0.0,14.277,5.547516,0.0,0.0,0.0
2020-08-24T14:31:39.752000Z,2020-08-24T14:31:39.936000Z,723.408,184.0,144.0,43.192,0.0,0.0,0.0,14.277,4.789567,0.0,0.0,0.0
2020-08-24T14:31:41.756000Z,2020-08-24T14:31:41.904000Z,558.145,148.0,126.0,20.492,0.0,0.0,0.0,14.277,4.417862,0.0,0.0,0.0
2020-08-24T14:31:43.748999Z,2020-08-24T14:31:44.127000Z,663.257,378.0,128.0,28.085,0.0,0.0,0.0,14.277,4.410632,0.0,0.0,0.0
2020-08-24T14:31:45.748999Z,2020-08-24T14:31:45.881999Z,501.892,133.0,122.0,22.004,0.0,0.0,0.0,14.277,4.739864,0.0,0.0,0.0
2020-08-24T14:31:47.751000Z,2020-08-24T14:31:47.889000Z,522.75,138.0,118.0,20.887,0.0,0.0,0.0,14.277,4.91663,0.0,0.0,0.0
2020-08-24T14:31:49.752000Z,2020-08-24T14:31:49.961999Z,817.197,210.0,124.0,29.47,0.0,0.0,0.0,14.277,5.376708,0.0,0.0,0.0
2020-08-24T14:31:51.754000Z,2020-08-24T14:31:51.868000Z,441.612,114.0,124.0,19.094,0.0,0.0,0.0,14.277,4.577449,0.0,0.0,0.0
2020-08-24T14:31:53.754000Z,2020-08-24T14:31:53.961999Z,363.148,208.0,118.0,24.424,0.0,0.0,0.0,14.277,4.69085,0.0,0.0,0.0
2020-08-24T14:31:55.740000Z,2020-08-24T14:31:55.884000Z,585.268,144.0,116.0,20.754,0.0,0.0,0.0,14.218,2.458479,0.0,0.0,0.0
2020-08-24T14:31:57.747000Z,2020-08-24T14:31:57.849000Z,414.798,102.0,126.0,30.512,0.0,0.0,0.0,14.218,4.895992,0.0,0.0,0.0
2020-08-24T14:31:59.751000Z,2020-08-24T14:31:59.905000Z,612.411,154.0,130.0,23.952,0.0,0.0,0.0,14.218,5.705195,0.0,0.0,0.0
2020-08-24T14:32:01.751000Z,2020-08-24T14:32:01.863000Z,445.308,112.0,130.0,23.405,0.0,0.0,0.0,14.218,5.237216,0.0,0.0,0.0
2020-08-24T14:32:03.748999Z,2020-08-24T14:32:03.843000Z,340.703,94.0,130.0,28.81,0.0,0.0,0.0,14.218,5.135095,0.0,0.0,0.0
2020-08-24T14:32:05.750000Z,2020-08-24T14:32:05.887000Z,559.062,137.0,160.0,21.935,0.0,0.0,0.0,14.218,5.626075,0.0,0.0,0.0
2020-08-24T14:32:07.752000Z,2020-08-24T14:32:07.867000Z,436.432,115.0,146.0,33.303,0.0,0.0,0.0,14.218,5.621273,0.0,0.0,0.0
2020-08-24T14:32:09.751000Z,2020-08-24T14:32:09.864000Z,418.702,113.0,146.0,37.875,0.0,0.0,0.0,14.218,5.673711,0.0,0.0,0.0
2020-08-24T14:32:11.759000Z,2020-08-24T14:32:11.841999Z,310.802,83.0,148.0,34.154,0.0,0.0,0.0,14.218,5.368328,0.0,0.0,0.0
2020-08-24T14:32:13.751000Z,2020-08-24T14:32:13.862000Z,402.412,111.0,144.0,24.974,0.0,0.0,0.0,14.218,5.348271,0.0,0.0,0.0
2020-08-24T14:32:15.753000Z,2020-08-24T14:32:15.889999Z,518.529,137.0,152.0,18.811,0.0,0.0,0.0,14.218,5.128551,0.0,0.0,0.0
2020-08-24T14:32:17.751000Z,2020-08-24T14:32:17.897999Z,545.378,147.0,148.0,39.292,0.0,0.0,0.0,14.218,4.630048,0.0,0.0,0.0
2020-08-24T14:32:19.745999Z,2020-08-24T14:32:20.099000Z,374.236,353.0,148.0,21.873,0.0,0.0,0.0,14.218,4.429037,0.0,0.0,0.0
2020-08-24T14:32:21.753000Z,2020-08-24T14:32:21.923000Z,626.044,170.0,122.0,18.372,0.0,0.0,0.0,14.218,5.118043,0.0,0.0,0.0
2020-08-24T14:32:23.751000Z,2020-08-24T14:32:23.865999Z,444.164,115.0,122.0,30.926,0.0,0.0,0.0,14.218,5.026423,0.0,0.0,0.0
2020-08-24T14:32:25.753000Z,2020-08-24T14:32:25.856000Z,359.916,103.0,122.0,18.541,0.0,0.0,0.0,14.218,4.822506,0.0,0.0,0.0
2020-08-24T14:32:27.755000Z,2020-08-24T14:32:27.942000Z,719.049,187.0,124.0,30.124,0.0,0.0,0.0,14.218,5.227263,0.0,0.0,0.0
2020-08-24T14:32:29.752000Z,2020-08-24T14:32:29.879000Z,453.907,127.0,140.0,20.399,0.0,0.0,0.0,14.218,3.785813,0.0,0.0,0.0
2020-08-24T14:32:31.747000Z,2020-08-24T14:32:31.889000Z,551.037,142.0,140.0,29.317,0.0,0.0,0.0,14.218,3.754349,0.0,0.0,0.0
2020-08-24T14:32:33.751000Z,2020-08-24T14:32:34.230000Z,1174.194,479.0,140.0,29.714,0.0,0.0,0.0,14.218,3.907926,0.0,0.0,0.0
2020-08-24T14:32:35.755000Z,2020-08-24T14:32:36.105999Z,1095.229,351.0,130.0,31.722,0.0,0.0,0.0,14.218,4.719634,0.0,0.0,0.0
2020-08-24T14:32:37.754000Z,2020-08-24T14:32:38.016000Z,1003.753,262.0,130.0,37.034,0.0,0.0,0.0,14.218,2.097752,0.0,0.0,0.0
2020-08-24T14:32:39.753000Z,2020-08-24T14:32:39.920000Z,580.038,167.0,128.0,20.403,0.0,0.0,0.0,14.218,5.110499,0.0,0.0,0.0
2020-08-24T14:32:41.764000Z,2020-08-24T14:32:41.937999Z,625.62,174.0,128.0,30.907,0.0,0.0,0.0,14.218,2.857199,0.0,0.0,0.0
2020-08-24T14:32:43.748000Z,2020-08-24T14:32:43.905000Z,597.316,157.0,128.0,19.9,0.0,0.0,0.0,14.218,4.751501,0.0,0.0,0.0
2020-08-24T14:32:45.756000Z,2020-08-24T14:32:45.919000Z,626.412,163.0,128.0,30.834,0.0,0.0,0.0,14.218,4.120553,0.0,0.0,0.0
2020-08-24T14:32:47.752000Z,2020-08-24T14:32:47.953999Z,788.676,202.0,129.0,26.737,0.0,0.0,0.0,14.218,3.462458,0.0,0.0,0.0
2020-08-24T14:32:49.758000Z,2020-08-24T14:32:50.263000Z,1328.901,505.0,114.0,22.534,0.0,0.0,0.0,14.218,3.519222,0.0,0.0,0.0
2020-08-24T14:32:51.755000Z,2020-08-24T14:32:52.086000Z,1251.012,331.0,74.0,39.174,0.0,0.0,0.0,14.218,1.51681,0.0,0.0,0.0
2020-08-24T14:32:53.757000Z,2020-08-24T14:32:54.077000Z,1193.463,320.0,120.0,21.65,0.0,0.0,0.0,14.218,5.114281,0.0,0.0,0.0
2020-08-24T14:32:55.755000Z,2020-08-24T14:32:55.893000Z,531.094,138.0,120.0,32.586,0.0,0.0,0.0,14.218,3.170371,0.0,0.0,0.0
2020-08-24T14:32:57.755000Z,2020-08-24T14:32:57.888000Z,474.02,133.0,122.0,31.211,0.0,0.0,0.0,14.218,5.341657,0.0,0.0,0.0
2020-08-24T14:32:59.753000Z,2020-08-24T14:32:59.888000Z,517.731,135.0,122.0,32.489,0.0,0.0,0.0,14.218,4.599578,0.0,0.0,0.0
2020-08-24T14:33:01.752000Z,2020-08-24T14:33:02.086000Z,504.463,334.0,130.0,29.88,0.0,0.0,0.0,14.218,5.708707,0.0,0.0,0.0
2020-08-24T14:33:03.754000Z,2020-08-24T14:33:03.868000Z,431.586,114.0,152.0,19.683,0.0,0.0,0.0,14.218,6.147388,0.0,0.0,0.0
2020-08-24T14:33:05.752000Z,2020-08-24T14:33:05.881000Z,438.435,129.0,154.0,36.605,0.0,0.0,0.0,14.218,5.785631,0.0,0.0,0.0
2020-08-24T14:33:07.745999Z,2020-08-24T14:33:07.909000Z,606.13,163.0,150.0,24.651,0.0,0.0,0.0,14.218,2.338844,0.0,0.0,0.0
2020-08-24T14:33:09.753000Z,2020-08-24T14:33:09.907000Z,623.887,154.0,152.0,37.341,0.0,0.0,0.0,14.218,3.981751,0.0,0.0,0.0
2020-08-24T14:33:11.753000Z,2020-08-24T14:33:11.879000Z,448.395,126.0,132.0,25.757,0.0,0.0,0.0,14.218,4.220497,0.0,0.0,0.0
2020-08-24T14:33:13.748000Z,2020-08-24T14:33:13.887000Z,495.101,139.0,130.0,22.276,0.0,0.0,0.0,14.218,4.61376,0.0,0.0,0.0
2020-08-24T14:33:15.760000Z,2020-08-24T14:33:15.909000Z,482.495,149.0,128.0,29.585,0.0,0.0,0.0,14.218,3.41775,0.0,0.0,0.0
2020-08-24T14:33:17.752000Z,2020-08-24T14:33:17.860000Z,423.718,108.0,134.0,19.704,0.0,0.0,0.0,14.218,3.605381,0.0,0.0,0.0
2020-08-24T14:33:19.753000Z,2020-08-24T14:33:19.887000Z,414.059,134.0,120.0,20.477,0.0,0.0,0.0,14.218,4.166344,0.0,0.0,0.0
2020-08-24T14:33:21.753000Z,2020-08-24T14:33:21.884000Z,417.024,131.0,122.0,29.849,0.0,0.0,0.0,14.218,3.103602,0.0,0.0,0.0
2020-08-24T14:33:23.752000Z,2020-08-24T14:33:23.867000Z,419.384,115.0,122.0,28.503,0.0,0.0,0.0,14.218,3.454229,0.0,0.0,0.0
2020-08-24T14:33:25.753000Z,2020-08-24T14:33:25.916000Z,581.054,163.0,122.0,28.909,0.0,0.0,0.0,14.218,4.276074,0.0,0.0,0.0
2020-08-24T14:33:27.755000Z,2020-08-24T14:33:28.109000Z,576.228,354.0,118.0,22.556,0.0,0.0,0.0,14.218,3.382761,0.0,0.0,0.0
2020-08-24T14:33:29.752000Z,2020-08-24T14:33:29.857000Z,320.538,105.0,128.0,20.971,0.0,0.0,0.0,14.218,4.941547,0.0,0.0,0.0
2020-08-24T14:33:31.740000Z,2020-08-24T14:33:31.811000Z,193.079,71.0,128.0,23.596,0.0,0.0,0.0,14.218,4.705834,0.0,0.0,0.0
2020-08-24T14:33:33.754000Z,2020-08-24T14:33:33.849999Z,340.137,96.0,128.0,35.941,0.0,0.0,0.0,14.218,3.330227,0.0,0.0,0.0
2020-08-24T14:33:35.754000Z,2020-08-24T14:33:35.865999Z,398.511,112.0,124.0,27.893,0.0,0.0,0.0,14.218,4.275436,0.0,0.0,0.0
2020-08-24T14:33:37.754000Z,2020-08-24T14:33:37.839000Z,309.46,85.0,128.0,22.938,0.0,0.0,0.0,14.218,3.91329,0.0,0.0,0.0
2020-08-24T14:33:39.748000Z,2020-08-24T14:33:39.852000Z,318.678,104.0,124.0,22.784,0.0,0.0,0.0,14.218,4.657236,0.0,0.0,0.0
2020-08-24T14:33:41.753000Z,2020-08-24T14:33:41.888000Z,483.924,135.0,132.0,19.679,0.0,0.0,0.0,14.218,4.148762,0.0,0.0,0.0
2020-08-24T14:33:43.752000Z,2020-08-24T14:33:43.878000Z,387.793,126.0,126.0,33.596,0.0,0.0,0.0,14.218,4.536681,0.0,0.0,0.0
2020-08-24T14:33:45.761999Z,2020-08-24T14:33:45.899000Z,476.474,137.0,126.0,35.522,0.0,0.0,0.0,14.218,4.059542,0.0,0.0,0.0
2020-08-24T14:33:47.756000Z,2020-08-24T14:33:47.971000Z,792.115,215.0,124.0,26.997,0.0,0.0,0.0,14.218,4.005726,0.0,0.0,0.0
2020-08-24T14:33:49.756000Z,2020-08-24T14:33:49.894000Z,495.096,138.0,124.0,28.324,0.0,0.0,0.0,14.218,4.768059,0.0,0.0,0.0
2020-08-24T14:33:51.740000Z,2020-08-24T14:33:51.886000Z,521.766,146.0,119.0,23.039,0.0,0.0,0.0,14.218,4.698011,0.0,0.0,0.0
2020-08-24T14:33:53.755000Z,2020-08-24T14:33:54.036000Z,1121.679,281.0,118.0,28.372,0.0,0.0,0.0,14.218,4.425796,0.0,0.0,0.0
2020-08-24T14:33:55.745999Z,2020-08-24T14:33:55.905000Z,640.631,159.0,122.0,19.837,0.0,0.0,0.0,14.218,4.859757,0.0,0.0,0.0
2020-08-24T14:33:57.753000Z,2020-08-24T14:33:57.901000Z,527.555,148.0,120.0,27.646,0.0,0.0,0.0,14.218,5.018815,0.0,0.0,0.0
2020-08-24T14:33:59.754000Z,2020-08-24T14:33:59.853000Z,386.471,99.0,122.0,35.529,0.0,0.0,0.0,14.218,3.986263,0.0,0.0,0.0
2020-08-24T14:34:01.755000Z,2020-08-24T14:34:01.855000Z,371.079,100.0,146.0,18.32,0.0,0.0,0.0,14.218,5.17564,0.0,0.0,0.0
2020-08-24T14:34:03.754000Z,2020-08-24T14:34:03.860000Z,361.709,106.0,146.0,41.057,0.0,0.0,0.0,14.218,4.548416,0.0,0.0,0.0
2020-08-24T14:34:05.752000Z,2020-08-24T14:34:06.065000Z,411.688,313.0,148.0,20.247,0.0,0.0,0.0,14.218,5.471514,0.0,0.0,0.0
2020-08-24T14:34:07.754000Z,2020-08-24T14:34:07.865000Z,376.011,111.0,118.0,23.671,0.0,0.0,0.0,14.218,4.866583,0.0,0.0,0.0
2020-08-24T14:34:09.753000Z,2020-08-24T14:34:09.873000Z,419.829,120.0,120.0,29.843,0.0,0.0,0.0,14.218,4.119368,0.0,0.0,0.0
2020-08-24T14:34:11.742000Z,2020-08-24T14:34:11.864000Z,394.171,122.0,120.0,29.445,0.0,0.0,0.0,14.218,4.558195,0.0,0.0,0.0
2020-08-24T14:34:13.751000Z,2020-08-24T14:34:13.857999Z,388.6,107.0,120.0,37.681,0.0,0.0,0.0,14.218,4.493254,0.0,0.0,0.0
2020-08-24T14:34:15.752000Z,2020-08-24T14:34:15.856000Z,345.717,104.0,122.0,19.462,0.0,0.0,0.0,14.218,4.931331,0.0,0.0,0.0
2020-08-24T14:34:17.754000Z,2020-08-24T14:34:17.859000Z,363.486,105.0,118.0,30.492,0.0,0.0,0.0,14.218,4.81479,0.0,0.0,0.0
2020-08-24T14:34:19.748999Z,2020-08-24T14:34:19.853000Z,354.812,104.0,130.0,19.464,0.0,0.0,0.0,14.218,4.624887,0.0,0.0,0.0
2020-08-24T14:34:21.753000Z,2020-08-24T14:34:21.837000Z,312.775,84.0,128.0,30.614,0.0,0.0,0.0,14.218,4.365122,0.0,0.0,0.0
2020-08-24T14:34:23.753000Z,2020-08-24T14:34:23.859000Z,356.933,106.0,144.0,25.321,0.0,0.0,0.0,14.218,5.893829,0.0,0.0,0.0
2020-08-24T14:34:25.754000Z,2020-08-24T14:34:25.854000Z,350.841,100.0,140.0,21.018,0.0,0.0,0.0,14.218,3.905799,0.0,0.0,0.0
2020-08-24T14:34:27.752000Z,2020-08-24T14:34:27.854000Z,362.501,102.0,140.0,37.906,0.0,0.0,0.0,14.218,5.208779,0.0,0.0,0.0
2020-08-24T14:34:29.753000Z,2020-08-24T14:34:29.839000Z,341.643,86.0,144.0,21.354,0.0,0.0,0.0,14.218,5.206893,0.0,0.0,0.0
2020-08-24T14:34:31.755000Z,2020-08-24T14:34:31.905000Z,627.128,150.0,150.0,23.481,0.0,0.0,0.0,14.218,5.17092,0.0,0.0,0.0
2020-08-24T14:34:33.756000Z,2020-08-24T14:34:33.881000Z,439.134,125.0,152.0,33.825,0.0,0.0,0.0,14.218,5.448804,0.0,0.0,0.0
2020-08-24T14:34:35.755000Z,2020-08-24T14:34:35.900000Z,552.569,145.0,152.0,36.365,0.0,0.0,0.0,14.218,5.100836,0.0,0.0,0.0
2020-08-24T14:34:37.755000Z,2020-08-24T14:34:37.900000Z,574.773,145.0,152.0,32.744,0.0,0.0,0.0,14.218,4.849184,0.0,0.0,0.0
2020-08-24T14:34:39.757000Z,2020-08-24T14:34:39.905999Z,616.559,149.0,134.0,20.355,0.0,0.0,0.0,14.218,3.776576,0.0,0.0,0.0
2020-08-24T14:34:41.751000Z,2020-08-24T14:34:41.911000Z,625.476,160.0,140.0,32.893,0.0,0.0,0.0,14.218,5.353125,0.0,0.0,0.0
2020-08-24T14:34:43.742000Z,2020-08-24T14:34:43.884000Z,631.738,142.0,144.0,20.208,0.0,0.0,0.0,14.218,5.15865,0.0,0.0,0.0
2020-08-24T14:34:45.751000Z,2020-08-24T14:34:45.901000Z,642.24,150.0,140.0,20.679,0.0,0.0,0.0,14.218,5.693438,0.0,0.0,0.0
2020-08-24T14:34:47.756000Z,2020-08-24T14:34:48.177999Z,948.084,422.0,159.0,37.623,0.0,0.0,0.0,14.218,3.800671,0.0,0.0,0.0
2020-08-24T14:34:49.763000Z,2020-08-24T14:34:49.836000Z,223.834,73.0,162.0,18.801,0.0,0.0,0.0,14.218,4.968812,0.0,0.0,0.0
2020-08-24T14:34:52.001999Z,2020-08-24T14:34:52.148000Z,525.301,146.0,112.0,34.092,0.0,0.0,0.0,14.218,4.669187,0.0,0.0,0.0
2020-08-24T14:34:53.757000Z,2020-08-24T14:34:53.846000Z,291.426,89.0,112.0,20.316,0.0,0.0,0.0,14.218,4.021117,0.0,0.0,0.0
2020-08-24T14:34:55.998000Z,2020-08-24T14:34:56.091000Z,310.036,93.0,112.0,27.22,0.0,0.0,0.0,14.218,4.87054,0.0,0.0,0.0
2020-08-24T14:34:58.005000Z,2020-08-24T14:34:58.103000Z,316.099,98.0,118.0,27.511,0.0,0.0,0.0,14.218,4.520397,0.0,0.0,0.0
2020-08-24T14:35:00.006000Z,2020-08-24T14:35:00.166000Z,612.827,160.0,116.0,23.662,0.0,0.0,0.0,14.218,3.507252,0.0,0.0,0.0
2020-08-24T14:35:02.006000Z,2020-08-24T14:35:02.150000Z,381.581,144.0,126.0,29.422,0.0,0.0,0.0,14.218,4.643845,0.0,0.0,0.0
2020-08-24T14:35:04.007000Z,2020-08-24T14:35:04.123000Z,378.753,116.0,128.0,17.242,0.0,0.0,0.0,14.218,4.894025,0.0,0.0,0.0
2020-08-24T14:35:06.001999Z,2020-08-24T14:35:06.112000Z,359.625,110.0,128.0,25.003,0.0,0.0,0.0,14.218,3.384558,0.0,0.0,0.0
2020-08-24T14:35:08.007000Z,2020-08-24T14:35:08.095000Z,328.958,88.0,122.0,22.58,0.0,0.0,0.0,14.218,4.75133,0.0,0.0,0.0
2020-08-24T14:35:10.006000Z,2020-08-24T14:35:10.105000Z,338.334,99.0,114.0,23.12,0.0,0.0,0.0,14.218,4.608393,0.0,0.0,0.0
2020-08-24T14:35:12.006000Z,2020-08-24T14:35:12.110000Z,341.935,104.0,122.0,24.649,0.0,0.0,0.0,14.218,5.00203,0.0,0.0,0.0
2020-08-24T14:35:14.003000Z,2020-08-24T14:35:14.107000Z,334.026,104.0,120.0,19.0,0.0,0.0,0.0,14.218,4.760377,0.0,0.0,0.0
2020-08-24T14:35:16.005000Z,2020-08-24T14:35:16.115000Z,378.928,110.0,130.0,39.941,0.0,0.0,0.0,14.218,4.572715,0.0,0.0,0.0
2020-08-24T14:35:18.005000Z,2020-08-24T14:35:18.094000Z,315.102,89.0,138.0,20.588,0.0,0.0,0.0,14.218,3.277695,0.0,0.0,0.0
2020-08-24T14:35:20.005000Z,2020-08-24T14:35:20.093000Z,361.067,88.0,138.0,23.632,0.0,0.0,0.0,14.218,4.464671,0.0,0.0,0.0
2020-08-24T14:35:22.008000Z,2020-08-24T14:35:22.099000Z,359.754,91.0,146.0,20.326,0.0,0.0,0.0,14.218,4.366641,0.0,0.0,0.0
2020-08-24T14:35:24.001999Z,2020-08-24T14:35:24.102000Z,384.317,100.0,160.0,27.334,0.0,0.0,0.0,14.218,5.041046,0.0,0.0,0.0
2020-08-24T14:35:26.012000Z,2020-08-24T14:35:26.119000Z,372.931,107.0,160.0,38.093,0.0,0.0,0.0,14.218,5.063374,0.0,0.0,0.0
2020-08-24T14:35:28.005000Z,2020-08-24T14:35:28.089999Z,316.099,85.0,166.0,22.031,0.0,0.0,0.0,14.218,5.154418,0.0,0.0,0.0
2020-08-24T14:35:30.006000Z,2020-08-24T14:35:30.100000Z,325.838,94.0,154.0,32.477,0.0,0.0,0.0,14.218,5.672596,0.0,0.0,0.0
2020-08-24T14:35:32.005000Z,2020-08-24T14:35:32.111000Z,370.807,106.0,174.0,20.741,0.0,0.0,0.0,14.218,5.039978,0.0,0.0,0.0
2020-08-24T14:35:34.005000Z,2020-08-24T14:35:34.145999Z,501.254,141.0,144.0,40.023,0.0,0.0,0.0,14.218,4.414634,0.0,0.0,0.0
2020-08-24T14:35:36.006000Z,2020-08-24T14:35:36.189000Z,655.287,183.0,138.0,36.504,0.0,0.0,0.0,14.218,4.321546,0.0,0.0,0.0
2020-08-24T14:35:38.001000Z,2020-08-24T14:35:38.201999Z,717.433,201.0,138.0,50.508,0.0,0.0,0.0,14.218,3.661428,0.0,0.0,0.0
2020-08-24T14:35:40.007000Z,2020-08-24T14:35:40.183000Z,663.938,176.0,134.0,47.476,0.0,0.0,0.0,14.218,3.035857,0.0,0.0,0.0
2020-08-24T14:35:42.016000Z,2020-08-24T14:35:42.211000Z,705.134,195.0,138.0,19.896,0.0,0.0,0.0,14.218,3.758367,0.0,0.0,0.0
2020-08-24T14:35:44.003000Z,2020-08-24T14:35:44.270000Z,739.92,267.0,136.0,37.56,0.0,0.0,0.0,14.218,4.700124,0.0,0.0,0.0
2020-08-24T14:35:46.007000Z,2020-08-24T14:35:46.191000Z,663.811,184.0,128.0,66.533,0.0,0.0,0.0,14.218,2.232428,0.0,0.0,0.0
2020-08-24T14:35:48.005000Z,2020-08-24T14:35:48.161000Z,597.338,156.0,126.0,33.52,0.0,0.0,0.0,14.218,5.025671,0.0,0.0,0.0
2020-08-24T14:35:50.005000Z,2020-08-24T14:35:50.171000Z,659.758,166.0,127.0,30.083,0.0,0.0,0.0,14.218,4.217275,0.0,0.0,0.0
2020-08-24T14:35:52.006000Z,2020-08-24T14:35:52.477000Z,1016.981,471.0,128.0,19.181,0.0,0.0,0.0,14.218,5.041144,0.0,0.0,0.0
2020-08-24T14:35:53.995000Z,2020-08-24T14:35:54.560000Z,1874.185,565.0,136.0,30.46,0.0,0.0,0.0,14.218,3.143102,0.0,0.0,0.0
2020-08-24T14:35:56.021000Z,2020-08-24T14:35:56.614000Z,1516.789,593.0,124.0,115.738,0.0,0.0,0.0,14.218,1.322929,0.0,0.0,0.0
2020-08-24T14:35:58.007000Z,2020-08-24T14:35:58.311000Z,1251.637,304.0,124.0,25.723,0.0,0.0,0.0,14.218,2.511733,0.0,0.0,0.0
2020-08-24T14:36:00.011000Z,2020-08-24T14:36:00.429000Z,1658.463,418.0,126.0,27.676,0.0,0.0,0.0,14.218,3.380146,0.0,0.0,0.0
2020-08-24T14:36:01.999000Z,2020-08-24T14:36:02.438000Z,1689.897,439.0,130.0,31.894,0.0,0.0,0.0,14.218,3.273695,0.0,0.0,0.0
2020-08-24T14:36:04.007000Z,2020-08-24T14:36:04.321999Z,1238.285,315.0,114.0,23.779,0.0,0.0,0.0,14.218,4.331623,0.0,0.0,0.0
2020-08-24T14:36:06.006000Z,2020-08-24T14:36:06.639000Z,1787.727,633.0,120.0,17.39,0.0,0.0,0.0,14.218,4.862356,0.0,0.0,0.0
2020-08-24T14:36:08.008000Z,2020-08-24T14:36:08.430000Z,1733.589,422.0,88.0,26.412,0.0,0.0,0.0,14.218,2.91235,0.0,0.0,0.0
2020-08-24T14:36:10.003000Z,2020-08-24T14:36:10.127000Z,398.626,124.0,130.0,23.484,0.0,0.0,0.0,14.218,5.543789,0.0,0.0,0.0
2020-08-24T14:36:12.005000Z,2020-08-24T14:36:12.102000Z,292.133,97.0,134.0,30.071,0.0,0.0,0.0,14.218,5.169803,0.0,0.0,0.0
2020-08-24T14:36:14.005000Z,2020-08-24T14:36:14.102000Z,326.937,97.0,134.0,40.124,0.0,0.0,0.0,14.218,4.692181,0.0,0.0,0.0
2020-08-24T14:36:16.007000Z,2020-08-24T14:36:16.129999Z,442.813,123.0,142.0,24.496,0.0,0.0,0.0,14.218,5.679268,0.0,0.0,0.0
2020-08-24T14:36:18.005000Z,2020-08-24T14:36:18.101000Z,321.426,96.0,140.0,39.142,0.0,0.0,0.0,14.218,4.592462,0.0,0.0,0.0
2020-08-24T14:36:20.007000Z,2020-08-24T14:36:20.246000Z,967.703,239.0,154.0,21.441,0.0,0.0,0.0,14.218,4.04045,0.0,0.0,0.0
2020-08-24T14:36:22.007000Z,2020-08-24T14:36:22.355000Z,1392.705,348.0,140.0,22.161,0.0,0.0,0.0,14.218,3.054422,0.0,0.0,0.0
2020-08-24T14:36:24.003000Z,2020-08-24T14:36:24.135000Z,489.007,132.0,140.0,28.224,0.0,0.0,0.0,14.218,5.432376,0.0,0.0,0.0
2020-08-24T14:36:26.004000Z,2020-08-24T14:36:26.113999Z,368.448,110.0,138.0,22.732,0.0,0.0,0.0,14.218,4.535092,0.0,0.0,0.0
2020-08-24T14:36:28.001999Z,2020-08-24T14:36:28.179000Z,705.395,177.0,134.0,38.114,0.0,0.0,0.0,14.218,5.024428,0.0,0.0,0.0
2020-08-24T14:36:30.014000Z,2020-08-24T14:36:30.231000Z,829.355,217.0,130.0,20.73,0.0,0.0,0.0,14.218,4.365183,0.0,0.0,0.0
2020-08-24T14:36:32.007000Z,2020-08-24T14:36:32.179000Z,680.705,172.0,126.0,43.382,0.0,0.0,0.0,14.218,3.435214,0.0,0.0,0.0
2020-08-24T14:36:34.006000Z,2020-08-24T14:36:34.108000Z,282.319,102.0,134.0,31.875,0.0,0.0,0.0,14.218,5.606034,0.0,0.0,0.0
2020-08-24T14:36:36.005000Z,2020-08-24T14:36:36.089000Z,290.054,84.0,136.0,39.966,0.0,0.0,0.0,14.218,4.609036,0.0,0.0,0.0
2020-08-24T14:36:38.006000Z,2020-08-24T14:36:38.093000Z,313.86,87.0,139.0,29.242,0.0,0.0,0.0,14.218,4.548988,0.0,0.0,0.0
2020-08-24T14:36:40.006000Z,2020-08-24T14:36:40.137000Z,519.027,131.0,134.0,19.806,0.0,0.0,0.0,14.218,4.986912,0.0,0.0,0.0
2020-08-24T14:36:42.001000Z,2020-08-24T14:36:42.095000Z,349.667,94.0,134.0,36.259,0.0,0.0,0.0,14.218,5.402075,0.0,0.0,0.0
2020-08-24T14:36:44.005000Z,2020-08-24T14:36:44.126000Z,479.666,121.0,142.0,19.303,0.0,0.0,0.0,14.218,4.750786,0.0,0.0,0.0
2020-08-24T14:36:46.003000Z,2020-08-24T14:36:46.111000Z,417.837,108.0,142.0,33.827,0.0,0.0,0.0,14.218,4.938377,0.0,0.0,0.0
2020-08-24T14:36:48.003000Z,2020-08-24T14:36:48.118000Z,404.354,115.0,144.0,34.088,0.0,0.0,0.0,14.218,5.943012,0.0,0.0,0.0
2020-08-24T14:36:50.004000Z,2020-08-24T14:36:50.105000Z,392.091,101.0,144.0,19.984,0.0,0.0,0.0,14.218,5.525399,0.0,0.0,0.0
2020-08-24T14:36:52.005000Z,2020-08-24T14:36:52.109000Z,401.761,104.0,148.0,33.906,0.0,0.0,0.0,14.218,4.836339,0.0,0.0,0.0
2020-08-24T14:36:54.004000Z,2020-08-24T14:36:54.121999Z,425.964,118.0,146.0,21.021,0.0,0.0,0.0,14.218,4.02626,0.0,0.0,0.0
2020-08-24T14:36:55.993000Z,2020-08-24T14:36:56.435000Z,1996.123,442.0,148.0,37.959,0.0,0.0,0.0,14.707,4.734298,0.0,0.0,0.0
2020-08-24T14:36:58.006000Z,2020-08-24T14:36:58.369999Z,1449.331,364.0,150.0,30.919,0.0,0.0,0.0,14.707,5.17283,0.0,0.0,0.0
2020-08-24T14:37:00.001000Z,2020-08-24T14:37:00.096000Z,328.168,95.0,150.0,28.926,0.0,0.0,0.0,14.707,4.769482,0.0,0.0,0.0
2020-08-24T14:37:01.991000Z,2020-08-24T14:37:02.203000Z,799.873,212.0,148.0,38.445,0.0,0.0,0.0,14.707,5.389075,0.0,0.0,0.0
2020-08-24T14:37:03.994000Z,2020-08-24T14:37:04.637000Z,1265.603,643.0,140.0,19.993,0.0,0.0,0.0,14.707,2.805611,0.0,0.0,0.0
2020-08-24T14:37:05.992000Z,2020-08-24T14:37:06.115000Z,468.7,123.0,126.0,45.979,0.0,0.0,0.0,14.707,2.363883,0.0,0.0,0.0
2020-08-24T14:37:08.005000Z,2020-08-24T14:37:08.116000Z,387.399,111.0,132.0,20.687,0.0,0.0,0.0,14.707,3.639376,0.0,0.0,0.0
2020-08-24T14:37:10.007000Z,2020-08-24T14:37:10.472000Z,1918.663,465.0,132.0,38.183,0.0,0.0,0.0,14.707,5.104182,0.0,0.0,0.0
2020-08-24T14:37:12.007000Z,2020-08-24T14:37:12.371000Z,1470.284,364.0,122.0,25.779,0.0,0.0,0.0,14.707,5.048594,0.0,0.0,0.0
2020-08-24T14:37:14.005000Z,2020-08-24T14:37:14.265000Z,1020.201,260.0,128.0,22.067,0.0,0.0,0.0,14.707,3.88777,0.0,0.0,0.0
2020-08-24T14:37:16.008000Z,2020-08-24T14:37:16.279000Z,1059.99,271.0,136.0,35.537,0.0,0.0,0.0,14.707,3.397752,0.0,0.0,0.0
2020-08-24T14:37:18.004000Z,2020-08-24T14:37:18.156000Z,604.11,152.0,144.0,23.022,0.0,0.0,0.0,14.707,5.147021,0.0,0.0,0.0
2020-08-24T14:37:20.004000Z,2020-08-24T14:37:20.113000Z,358.315,109.0,132.0,31.916,0.0,0.0,0.0,14.707,5.103256,0.0,0.0,0.0
2020-08-24T14:37:22.004000Z,2020-08-24T14:37:22.128000Z,407.308,124.0,132.0,36.207,0.0,0.0,0.0,14.707,3.83111,0.0,0.0,0.0
2020-08-24T14:37:24.006000Z,2020-08-24T14:37:24.095000Z,321.412,89.0,142.0,31.197,0.0,0.0,0.0,14.707,5.505044,0.0,0.0,0.0
2020-08-24T14:37:25.990000Z,2020-08-24T14:37:26.086000Z,337.504,96.0,138.0,25.842,0.0,0.0,0.0,14.707,5.033661,0.0,0.0,0.0
2020-08-24T14:37:28.005000Z,2020-08-24T14:37:28.228000Z,974.906,223.0,136.0,19.289,0.0,0.0,0.0,14.707,5.208325,0.0,0.0,0.0
2020-08-24T14:37:29.991000Z,2020-08-24T14:37:30.342000Z,1433.92,351.0,142.0,25.958,0.0,0.0,0.0,14.707,4.812216,0.0,0.0,0.0
2020-08-24T14:37:31.998000Z,2020-08-24T14:37:32.193999Z,841.312,196.0,142.0,19.753,0.0,0.0,0.0,14.707,5.384627,0.0,0.0,0.0
2020-08-24T14:37:34.014000Z,2020-08-24T14:37:34.177999Z,664.509,164.0,140.0,30.51,0.0,0.0,0.0,14.707,4.725342,0.0,0.0,0.0
2020-08-24T14:37:36.001999Z,2020-08-24T14:37:36.190000Z,686.782,188.0,140.0,31.752,0.0,0.0,0.0,14.707,4.865907,0.0,0.0,0.0
2020-08-24T14:37:38.007000Z,2020-08-24T14:37:38.209000Z,827.386,202.0,136.0,41.982,0.0,0.0,0.0,14.707,3.650724,0.0,0.0,0.0
2020-08-24T14:37:40.005000Z,2020-08-24T14:37:40.211000Z,793.294,206.0,138.0,37.658,0.0,0.0,0.0,14.707,5.303276,0.0,0.0,0.0
2020-08-24T14:37:41.991000Z,2020-08-24T14:37:42.161999Z,674.956,171.0,133.0,20.463,0.0,0.0,0.0,14.707,4.488226,0.0,0.0,0.0
2020-08-24T14:37:44.004000Z,2020-08-24T14:37:44.164000Z,646.267,160.0,122.0,23.374,0.0,0.0,0.0,14.707,3.871304,0.0,0.0,0.0
2020-08-24T14:37:46.001000Z,2020-08-24T14:37:46.157000Z,580.183,156.0,126.0,31.163,0.0,0.0,0.0,14.707,4.603671,0.0,0.0,0.0
2020-08-24T14:37:48.005000Z,2020-08-24T14:37:48.155000Z,614.09,150.0,150.0,43.696,0.0,0.0,0.0,14.707,4.649114,0.0,0.0,0.0
2020-08-24T14:37:49.996000Z,2020-08-24T14:37:50.148000Z,575.858,152.0,154.0,45.337,0.0,0.0,0.0,14.707,4.846136,0.0,0.0,0.0
2020-08-24T14:37:52.004000Z,2020-08-24T14:37:52.116000Z,411.522,112.0,154.0,20.722,0.0,0.0,0.0,14.707,3.754046,0.0,0.0,0.0
2020-08-24T14:37:54.006000Z,2020-08-24T14:37:54.140000Z,335.835,134.0,152.0,39.806,0.0,0.0,0.0,14.707,5.075865,0.0,0.0,0.0
2020-08-24T14:37:56.001000Z,2020-08-24T14:37:56.101000Z,342.133,100.0,130.0,19.822,0.0,0.0,0.0,14.707,3.168442,0.0,0.0,0.0
2020-08-24T14:37:57.991000Z,2020-08-24T14:37:58.088000Z,342.579,97.0,4.0,36.252,0.0,0.0,0.0,14.707,5.583873,0.0,0.0,0.0
2020-08-24T14:38:00.003000Z,2020-08-24T14:38:00.077000Z,254.316,74.0,156.0,34.858,0.0,0.0,0.0,14.707,5.736688,0.0,0.0,0.0
2020-08-24T14:38:02.008999Z,2020-08-24T14:38:02.132000Z,496.229,123.0,140.0,19.272,0.0,0.0,0.0,14.707,5.596817,0.0,0.0,0.0
2020-08-24T14:38:04.005000Z,2020-08-24T14:38:04.100000Z,324.852,95.0,148.0,34.907,0.0,0.0,0.0,14.707,4.012582,0.0,0.0,0.0
2020-08-24T14:38:06.006000Z,2020-08-24T14:38:06.111000Z,379.861,105.0,146.0,20.638,0.0,0.0,0.0,14.707,5.742053,0.0,0.0,0.0
2020-08-24T14:38:08.011000Z,2020-08-24T14:38:08.128000Z,397.066,117.0,146.0,38.828,0.0,0.0,0.0,14.707,6.112336,0.0,0.0,0.0
2020-08-24T14:38:09.997000Z,2020-08-24T14:38:10.320000Z,402.542,323.0,150.0,38.506,0.0,0.0,0.0,14.707,4.34324,0.0,0.0,0.0
2020-08-24T14:38:12.014000Z,2020-08-24T14:38:12.121000Z,407.718,107.0,147.0,23.696,0.0,0.0,0.0,14.707,6.263274,0.0,0.0,0.0
2020-08-24T14:38:14.007000Z,2020-08-24T14:38:14.119000Z,414.887,112.0,158.0,25.622,0.0,0.0,0.0,14.707,6.186689,0.0,0.0,0.0
2020-08-24T14:38:16.254000Z,2020-08-24T14:38:16.403000Z,556.842,149.0,158.0,21.362,0.0,0.0,0.0,14.707,5.218827,0.0,0.0,0.0
2020-08-24T14:38:18.001999Z,2020-08-24T14:38:18.199000Z,794.552,197.0,158.0,42.756,0.0,0.0,0.0,14.707,3.917289,0.0,0.0,0.0
2020-08-24T14:38:20.007000Z,2020-08-24T14:38:20.240000Z,968.937,233.0,130.0,22.079,0.0,0.0,0.0,14.707,3.604086,0.0,0.0,0.0
2020-08-24T14:38:22.006000Z,2020-08-24T14:38:22.327000Z,1241.842,321.0,118.0,27.546,0.0,0.0,0.0,14.707,4.917307,0.0,0.0,0.0
2020-08-24T14:38:24.255000Z,2020-08-24T14:38:24.478000Z,889.103,223.0,130.0,38.823,0.0,0.0,0.0,14.707,3.0183,0.0,0.0,0.0
2020-08-24T14:38:26.249999Z,2020-08-24T14:38:26.425000Z,704.102,175.0,130.0,32.42,0.0,0.0,0.0,14.707,5.13564,0.0,0.0,0.0
2020-08-24T14:38:28.253000Z,2020-08-24T14:38:28.425999Z,695.484,173.0,130.0,28.917,0.0,0.0,0.0,14.707,3.954062,0.0,0.0,0.0
2020-08-24T14:38:30.245000Z,2020-08-24T14:38:30.437000Z,803.487,192.0,128.0,22.994,0.0,0.0,0.0,14.707,4.514388,0.0,0.0,0.0
2020-08-24T14:38:32.000000Z,2020-08-24T14:38:32.272000Z,1010.716,272.0,132.0,27.796,0.0,0.0,0.0,14.707,5.324439,0.0,0.0,0.0
2020-08-24T14:38:34.006000Z,2020-08-24T14:38:34.174000Z,569.437,168.0,132.0,33.445,0.0,0.0,0.0,14.707,3.531339,0.0,0.0,0.0
2020-08-24T14:38:36.256000Z,2020-08-24T14:38:36.383000Z,478.673,127.0,130.0,30.679,0.0,0.0,0.0,14.707,3.935565,0.0,0.0,0.0
2020-08-24T14:38:38.255000Z,2020-08-24T14:38:38.358000Z,418.966,103.0,134.0,28.244,0.0,0.0,0.0,14.707,3.691187,0.0,0.0,0.0
2020-08-24T14:38:40.254000Z,2020-08-24T14:38:40.373000Z,460.012,119.0,154.0,21.043,0.0,0.0,0.0,14.707,4.066022,0.0,0.0,0.0
2020-08-24T14:38:42.255000Z,2020-08-24T14:38:42.366000Z,392.356,111.0,154.0,36.356,0.0,0.0,0.0,14.707,4.984217,0.0,0.0,0.0
2020-08-24T14:38:44.260000Z,2020-08-24T14:38:44.372000Z,396.901,112.0,156.0,21.791,0.0,0.0,0.0,14.707,4.226569,0.0,0.0,0.0
2020-08-24T14:38:46.254000Z,2020-08-24T14:38:46.334000Z,277.235,80.0,172.0,42.012,0.0,0.0,0.0,14.707,5.806303,0.0,0.0,0.0
2020-08-24T14:38:48.241999Z,2020-08-24T14:38:48.405000Z,588.274,163.0,168.0,30.321,0.0,0.0,0.0,14.707,4.542404,0.0,0.0,0.0
2020-08-24T14:38:50.245000Z,2020-08-24T14:38:50.375000Z,413.254,130.0,160.0,38.23,0.0,0.0,0.0,14.707,3.383022,0.0,0.0,0.0
2020-08-24T14:38:52.255000Z,2020-08-24T14:38:52.367000Z,402.027,112.0,160.0,37.861,0.0,0.0,0.0,14.707,4.433871,0.0,0.0,0.0
2020-08-24T14:38:54.258000Z,2020-08-24T14:38:54.382000Z,447.994,124.0,156.0,22.73,0.0,0.0,0.0,14.707,4.668394,0.0,0.0,0.0
2020-08-24T14:38:56.257000Z,2020-08-24T14:38:56.375000Z,450.694,118.0,144.0,39.968,0.0,0.0,0.0,14.707,4.856716,0.0,0.0,0.0
2020-08-24T14:38:58.249999Z,2020-08-24T14:38:58.369000Z,426.776,119.0,152.0,19.802,0.0,0.0,0.0,14.707,4.837495,0.0,0.0,0.0
2020-08-24T14:39:00.252000Z,2020-08-24T14:39:00.366000Z,438.709,114.0,152.0,41.668,0.0,0.0,0.0,14.707,4.86572,0.0,0.0,0.0
2020-08-24T14:39:02.256000Z,2020-08-24T14:39:02.369999Z,416.896,114.0,158.0,37.142,0.0,0.0,0.0,14.707,5.909731,0.0,0.0,0.0
2020-08-24T14:39:04.259000Z,2020-08-24T14:39:04.353999Z,336.04,95.0,160.0,21.712,0.0,0.0,0.0,14.707,5.240089,0.0,0.0,0.0
2020-08-24T14:39:06.256000Z,2020-08-24T14:39:06.367000Z,390.937,111.0,158.0,34.697,0.0,0.0,0.0,14.707,5.788476,0.0,0.0,0.0
2020-08-24T14:39:08.241000Z,2020-08-24T14:39:08.400000Z,320.748,159.0,160.0,20.526,0.0,0.0,0.0,14.707,6.073144,0.0,0.0,0.0
2020-08-24T14:39:10.255000Z,2020-08-24T14:39:10.344000Z,320.219,89.0,148.0,34.561,0.0,0.0,0.0,14.707,0.650661,0.0,0.0,0.0
2020-08-24T14:39:12.258000Z,2020-08-24T14:39:12.351000Z,381.067,93.0,158.0,28.53,0.0,0.0,0.0,14.707,6.110474,0.0,0.0,0.0
2020-08-24T14:39:14.262000Z,2020-08-24T14:39:14.369999Z,386.648,108.0,156.0,24.438,0.0,0.0,0.0,14.707,5.528851,0.0,0.0,0.0
2020-08-24T14:39:16.256000Z,2020-08-24T14:39:16.347000Z,385.785,91.0,174.0,33.189,0.0,0.0,0.0,14.707,2.903724,0.0,0.0,0.0
2020-08-24T14:39:18.257000Z,2020-08-24T14:39:18.369000Z,405.342,112.0,168.0,22.484,0.0,0.0,0.0,14.707,6.446461,0.0,0.0,0.0
2020-08-24T14:39:20.256000Z,2020-08-24T14:39:20.350000Z,409.71,94.0,206.0,38.557,0.0,0.0,0.0,14.707,6.670784,0.0,0.0,0.0
2020-08-24T14:39:22.241999Z,2020-08-24T14:39:22.320000Z,326.174,78.0,204.0,22.179,0.0,0.0,0.0,14.707,6.348877,0.0,0.0,0.0
2020-08-24T14:39:24.256000Z,2020-08-24T14:39:24.345999Z,349.899,90.0,202.0,33.723,0.0,0.0,0.0,14.707,5.546852,0.0,0.0,0.0
2020-08-24T14:39:26.251000Z,2020-08-24T14:39:26.345000Z,335.802,94.0,202.0,35.363,0.0,0.0,0.0,14.707,6.422291,0.0,0.0,0.0
2020-08-24T14:39:28.256000Z,2020-08-24T14:39:28.361000Z,460.877,105.0,202.0,33.13,0.0,0.0,0.0,14.707,4.209818,0.0,0.0,0.0
2020-08-24T14:39:30.255000Z,2020-08-24T14:39:30.372000Z,404.846,117.0,202.0,35.377,0.0,0.0,0.0,14.707,6.289902,0.0,0.0,0.0
2020-08-24T14:39:32.254000Z,2020-08-24T14:39:32.367000Z,397.364,113.0,206.0,24.722,0.0,0.0,0.0,14.707,4.450366,0.0,0.0,0.0
2020-08-24T14:39:34.254000Z,2020-08-24T14:39:34.377999Z,452.613,124.0,214.0,54.657,0.0,0.0,0.0,14.707,4.43044,0.0,0.0,0.0
2020-08-24T14:39:36.249999Z,2020-08-24T14:39:36.373000Z,420.715,123.0,184.0,50.459,0.0,0.0,0.0,14.707,5.032543,0.0,0.0,0.0
2020-08-24T14:39:38.255000Z,2020-08-24T14:39:38.376000Z,463.617,121.0,132.0,26.543,0.0,0.0,0.0,14.707,2.848233,0.0,0.0,0.0
2020-08-24T14:39:40.256000Z,2020-08-24T14:39:40.367000Z,407.644,111.0,138.0,31.794,0.0,0.0,0.0,14.707,5.334628,0.0,0.0,0.0
2020-08-24T14:39:42.258000Z,2020-08-24T14:39:42.339000Z,262.545,81.0,134.0,20.456,0.0,0.0,0.0,14.707,4.580758,0.0,0.0,0.0
2020-08-24T14:39:44.257000Z,2020-08-24T14:39:44.367000Z,407.477,110.0,134.0,35.183,0.0,0.0,0.0,14.707,4.719826,0.0,0.0,0.0
2020-08-24T14:39:46.253000Z,2020-08-24T14:39:46.350000Z,351.49,97.0,150.0,21.112,0.0,0.0,0.0,14.707,5.82368,0.0,0.0,0.0
2020-08-24T14:39:48.259000Z,2020-08-24T14:39:48.335000Z,248.638,76.0,148.0,35.059,0.0,0.0,0.0,14.707,5.497198,0.0,0.0,0.0
2020-08-24T14:39:50.249999Z,2020-08-24T14:39:50.337000Z,288.763,87.0,151.0,29.551,0.0,0.0,0.0,14.707,4.598019,0.0,0.0,0.0
2020-08-24T14:39:52.258000Z,2020-08-24T14:39:52.358000Z,366.099,100.0,150.0,20.047,0.0,0.0,0.0,14.707,5.762678,0.0,0.0,0.0
2020-08-24T14:39:54.257000Z,2020-08-24T14:39:54.357000Z,344.158,100.0,158.0,33.136,0.0,0.0,0.0,14.861,6.332738,0.0,0.0,0.0
2020-08-24T14:39:56.257000Z,2020-08-24T14:39:56.351000Z,337.525,94.0,160.0,24.419,0.0,0.0,0.0,14.861,5.191284,0.0,0.0,0.0
2020-08-24T14:39:58.257000Z,2020-08-24T14:39:58.385999Z,363.387,129.0,158.0,27.358,0.0,0.0,0.0,14.861,5.637986,0.0,0.0,0.0
2020-08-24T14:40:00.243000Z,2020-08-24T14:40:00.584000Z,355.453,341.0,160.0,69.044,0.0,0.0,0.0,14.861,2.998566,0.0,0.0,0.0
2020-08-24T14:40:02.258000Z,2020-08-24T14:40:02.462000Z,457.175,204.0,132.0,25.786,0.0,0.0,0.0,14.861,5.20167,0.0,0.0,0.0
2020-08-24T14:40:04.253000Z,2020-08-24T14:40:04.355000Z,421.152,102.0,134.0,72.579,0.0,0.0,0.0,14.861,2.564703,0.0,0.0,0.0
2020-08-24T14:40:06.256000Z,2020-08-24T14:40:06.351000Z,322.121,95.0,156.0,21.679,0.0,0.0,0.0,14.861,6.311976,0.0,0.0,0.0
2020-08-24T14:40:08.256000Z,2020-08-24T14:40:08.376000Z,442.917,120.0,159.0,39.72,0.0,0.0,0.0,14.861,5.048652,0.0,0.0,0.0
2020-08-24T14:40:10.252000Z,2020-08-24T14:40:10.351000Z,355.892,99.0,156.0,22.561,0.0,0.0,0.0,14.861,4.89362,0.0,0.0,0.0
2020-08-24T14:40:12.257000Z,2020-08-24T14:40:12.393999Z,452.605,137.0,156.0,41.717,0.0,0.0,0.0,14.861,5.389084,0.0,0.0,0.0
2020-08-24T14:40:14.254000Z,2020-08-24T14:40:14.623000Z,406.788,369.0,142.0,29.011,0.0,0.0,0.0,14.861,3.70062,0.0,0.0,0.0
2020-08-24T14:40:16.259000Z,2020-08-24T14:40:16.432000Z,415.648,173.0,66.0,36.354,0.0,0.0,0.0,14.861,1.506827,0.0,0.0,0.0
2020-08-24T14:40:18.262000Z,2020-08-24T14:40:18.388000Z,415.674,126.0,98.0,19.237,0.0,0.0,0.0,14.412,1.704508,0.0,0.0,0.0
2020-08-24T14:40:20.257000Z,2020-08-24T14:40:20.377000Z,441.025,120.0,104.0,20.094,0.0,0.0,0.0,14.412,2.496336,0.0,0.0,0.0
2020-08-24T14:40:22.257000Z,2020-08-24T14:40:22.369000Z,400.766,112.0,108.0,23.76,0.0,0.0,0.0,14.412,4.483848,0.0,0.0,0.0
2020-08-24T14:40:24.257000Z,2020-08-24T14:40:24.381000Z,407.382,124.0,116.0,29.788,0.0,0.0,0.0,14.412,5.22652,0.0,0.0,0.0
2020-08-24T14:40:26.252000Z,2020-08-24T14:40:26.363000Z,430.462,111.0,122.0,37.014,0.0,0.0,0.0,14.412,4.020115,0.0,0.0,0.0
2020-08-24T14:40:28.257000Z,2020-08-24T14:40:28.373000Z,431.382,116.0,132.0,29.321,0.0,0.0,0.0,14.412,5.8332,0.0,0.0,0.0
2020-08-24T14:40:30.257000Z,2020-08-24T14:40:30.369999Z,384.898,113.0,172.0,24.144,0.0,0.0,0.0,14.412,5.657133,0.0,0.0,0.0
2020-08-24T14:40:32.255000Z,2020-08-24T14:40:32.369000Z,396.218,114.0,172.0,43.965,0.0,0.0,0.0,14.412,5.810757,0.0,0.0,0.0
2020-08-24T14:40:34.243000Z,2020-08-24T14:40:34.353999Z,387.888,111.0,152.0,20.134,0.0,0.0,0.0,14.412,4.378862,0.0,0.0,0.0
2020-08-24T14:40:36.253000Z,2020-08-24T14:40:36.440000Z,717.66,187.0,142.0,41.235,0.0,0.0,0.0,14.412,4.94393,0.0,0.0,0.0
2020-08-24T14:40:38.258000Z,2020-08-24T14:40:38.432000Z,613.244,174.0,142.0,41.294,0.0,0.0,0.0,14.412,4.398154,0.0,0.0,0.0
2020-08-24T14:40:40.255000Z,2020-08-24T14:40:40.396000Z,522.781,141.0,136.0,20.619,0.0,0.0,0.0,14.412,5.618971,0.0,0.0,0.0
2020-08-24T14:40:42.255000Z,2020-08-24T14:40:42.344000Z,294.653,89.0,134.0,30.75,0.0,0.0,0.0,14.412,4.388311,0.0,0.0,0.0
2020-08-24T14:40:44.257000Z,2020-08-24T14:40:44.332000Z,241.19,75.0,140.0,29.892,0.0,0.0,0.0,14.412,5.157613,0.0,0.0,0.0
2020-08-24T14:40:46.256000Z,2020-08-24T14:40:46.297999Z,45.529,42.0,154.0,28.296,0.0,0.0,0.0,14.412,5.642937,0.0,0.0,0.0
2020-08-24T14:40:48.265999Z,2020-08-24T14:40:48.390000Z,470.336,124.0,154.0,23.104,0.0,0.0,0.0,14.412,5.642937,0.0,0.0,0.0
2020-08-24T14:40:50.258000Z,2020-08-24T14:40:50.574000Z,1341.895,316.0,146.0,35.583,0.0,0.0,0.0,14.412,5.217228,0.0,0.0,0.0
2020-08-24T14:40:52.261000Z,2020-08-24T14:40:52.648000Z,1518.416,387.0,149.0,36.618,0.0,0.0,0.0,14.412,4.184548,0.0,0.0,0.0
2020-08-24T14:40:54.256000Z,2020-08-24T14:40:54.707000Z,1823.216,451.0,148.0,20.83,0.0,0.0,0.0,14.412,3.151006,0.0,0.0,0.0
2020-08-24T14:40:56.255000Z,2020-08-24T14:40:56.560000Z,1265.368,305.0,128.0,36.464,0.0,0.0,0.0,14.412,2.767738,0.0,0.0,0.0
2020-08-24T14:40:58.255000Z,2020-08-24T14:40:58.765000Z,1072.002,510.0,128.0,22.81,0.0,0.0,0.0,14.412,3.724296,0.0,0.0,0.0
2020-08-24T14:41:00.256000Z,2020-08-24T14:41:00.536000Z,952.962,280.0,122.0,28.896,0.0,0.0,0.0,14.412,3.99443,0.0,0.0,0.0
2020-08-24T14:41:02.258000Z,2020-08-24T14:41:02.464000Z,773.563,206.0,122.0,22.769,0.0,0.0,0.0,14.412,0.259882,0.0,0.0,0.0
2020-08-24T14:41:04.258000Z,2020-08-24T14:41:04.509000Z,950.481,251.0,120.0,21.46,0.0,0.0,0.0,14.412,3.890052,0.0,0.0,0.0
2020-08-24T14:41:06.249999Z,2020-08-24T14:41:06.495000Z,961.611,245.0,116.0,34.461,0.0,0.0,0.0,14.412,3.092466,0.0,0.0,0.0
2020-08-24T14:41:08.255000Z,2020-08-24T14:41:08.439000Z,759.789,184.0,120.0,19.923,0.0,0.0,0.0,14.412,2.994046,0.0,0.0,0.0
2020-08-24T14:41:10.251000Z,2020-08-24T14:41:10.289999Z,82.183,39.0,128.0,27.608,0.0,0.0,0.0,14.412,4.796059,0.0,0.0,0.0
2020-08-24T14:41:12.257000Z,2020-08-24T14:41:12.308000Z,58.484,51.0,128.0,20.349,0.0,0.0,0.0,14.412,4.796059,0.0,0.0,0.0
2020-08-24T14:41:14.257000Z,2020-08-24T14:41:14.291000Z,60.31,34.0,142.0,23.162,0.0,0.0,0.0,14.412,4.796059,0.0,0.0,0.0
2020-08-24T14:41:16.251000Z,2020-08-24T14:41:16.400000Z,582.675,149.0,132.0,18.381,0.0,0.0,0.0,14.412,4.796059,0.0,0.0,0.0
2020-08-24T14:41:18.258000Z,2020-08-24T14:41:18.475000Z,835.313,217.0,134.0,21.202,0.0,0.0,0.0,14.412,4.718368,0.0,0.0,0.0
2020-08-24T14:41:20.257000Z,2020-08-24T14:41:20.524000Z,927.409,267.0,132.0,26.407,0.0,0.0,0.0,14.412,4.163511,0.0,0.0,0.0
2020-08-24T14:41:22.248000Z,2020-08-24T14:41:22.431000Z,756.061,183.0,128.0,19.925,0.0,0.0,0.0,14.412,2.687668,0.0,0.0,0.0
2020-08-24T14:41:24.258000Z,2020-08-24T14:41:24.637000Z,628.476,379.0,136.0,25.515,0.0,0.0,0.0,14.412,4.576601,0.0,0.0,0.0
2020-08-24T14:41:26.258000Z,2020-08-24T14:41:26.407000Z,538.577,149.0,120.0,20.484,0.0,0.0,0.0,14.412,2.555504,0.0,0.0,0.0
2020-08-24T14:41:28.257000Z,2020-08-24T14:41:28.400000Z,544.425,143.0,122.0,17.886,0.0,0.0,0.0,14.412,4.994179,0.0,0.0,0.0
2020-08-24T14:41:30.243000Z,2020-08-24T14:41:30.393000Z,599.588,150.0,136.0,25.612,0.0,0.0,0.0,14.412,5.080891,0.0,0.0,0.0
2020-08-24T14:41:32.259000Z,2020-08-24T14:41:32.395000Z,517.896,136.0,136.0,20.435,0.0,0.0,0.0,14.412,4.642159,0.0,0.0,0.0
2020-08-24T14:41:34.257000Z,2020-08-24T14:41:34.401999Z,553.377,145.0,136.0,36.185,0.0,0.0,0.0,14.412,4.909214,0.0,0.0,0.0
2020-08-24T14:41:36.258000Z,2020-08-24T14:41:36.406000Z,522.025,148.0,136.0,28.496,0.0,0.0,0.0,14.412,4.339371,0.0,0.0,0.0
2020-08-24T14:41:38.258000Z,2020-08-24T14:41:38.475000Z,865.256,217.0,150.0,34.386,0.0,0.0,0.0,14.412,4.654462,0.0,0.0,0.0
2020-08-24T14:41:40.252000Z,2020-08-24T14:41:40.361999Z,390.203,110.0,142.0,29.641,0.0,0.0,0.0,14.412,4.019589,0.0,0.0,0.0
2020-08-24T14:41:42.258000Z,2020-08-24T14:41:42.392000Z,533.54,134.0,148.0,21.273,0.0,0.0,0.0,14.412,5.702644,0.0,0.0,0.0
2020-08-24T14:41:44.244000Z,2020-08-24T14:41:44.382000Z,503.134,138.0,148.0,28.241,0.0,0.0,0.0,14.412,4.478855,0.0,0.0,0.0
2020-08-24T14:41:46.246000Z,2020-08-24T14:41:46.568000Z,1363.74,322.0,154.0,22.979,0.0,0.0,0.0,14.412,4.936401,0.0,0.0,0.0
2020-08-24T14:41:48.260000Z,2020-08-24T14:41:48.775000Z,2201.568,515.0,160.0,30.853,0.0,0.0,0.0,14.412,4.334893,0.0,0.0,0.0
2020-08-24T14:41:50.251000Z,2020-08-24T14:41:50.484000Z,927.424,233.0,148.0,32.323,0.0,0.0,0.0,14.412,3.318736,0.0,0.0,0.0
2020-08-24T14:41:52.268000Z,2020-08-24T14:41:52.497999Z,930.907,230.0,138.0,22.928,0.0,0.0,0.0,14.412,3.421897,0.0,0.0,0.0
2020-08-24T14:41:54.258000Z,2020-08-24T14:41:54.412000Z,566.545,154.0,138.0,22.828,0.0,0.0,0.0,14.412,4.883489,0.0,0.0,0.0
2020-08-24T14:41:56.264999Z,2020-08-24T14:41:56.361999Z,115.274,97.0,132.0,22.261,0.0,0.0,0.0,14.412,3.228932,0.0,0.0,0.0
2020-08-24T14:41:58.249999Z,2020-08-24T14:41:58.305000Z,157.468,55.0,132.0,69.332,0.0,0.0,0.0,14.412,3.228932,0.0,0.0,0.0
2020-08-24T14:42:00.505999Z,2020-08-24T14:42:00.585999Z,242.399,80.0,132.0,24.689,0.0,0.0,0.0,14.412,4.154491,0.0,0.0,0.0
2020-08-24T14:42:02.508999Z,2020-08-24T14:42:02.710000Z,819.95,201.0,130.0,22.481,0.0,0.0,0.0,14.412,5.30588,0.0,0.0,0.0
2020-08-24T14:42:04.261000Z,2020-08-24T14:42:04.511000Z,756.351,250.0,134.0,29.482,0.0,0.0,0.0,14.412,5.095488,0.0,0.0,0.0
2020-08-24T14:42:06.259000Z,2020-08-24T14:42:06.612000Z,910.173,353.0,134.0,30.207,0.0,0.0,0.0,14.412,3.590863,0.0,0.0,0.0
2020-08-24T14:42:08.260000Z,2020-08-24T14:42:08.435000Z,628.565,175.0,108.0,52.03,0.0,0.0,0.0,14.412,3.065569,0.0,0.0,0.0
2020-08-24T14:42:10.508000Z,2020-08-24T14:42:10.619000Z,379.946,111.0,118.0,20.046,0.0,0.0,0.0,14.412,4.760355,0.0,0.0,0.0
2020-08-24T14:42:12.494000Z,2020-08-24T14:42:12.609000Z,438.346,115.0,122.0,29.289,0.0,0.0,0.0,14.412,3.834905,0.0,0.0,0.0
2020-08-24T14:42:14.260000Z,2020-08-24T14:42:14.424000Z,405.792,164.0,138.0,25.233,0.0,0.0,0.0,14.412,4.908906,0.0,0.0,0.0
2020-08-24T14:42:16.507000Z,2020-08-24T14:42:16.649999Z,537.744,143.0,138.0,22.0,0.0,0.0,0.0,14.412,2.488905,0.0,0.0,0.0
2020-08-24T14:42:18.511000Z,2020-08-24T14:42:18.616000Z,389.037,105.0,138.0,39.398,0.0,0.0,0.0,14.412,4.846221,0.0,0.0,0.0
2020-08-24T14:42:20.508999Z,2020-08-24T14:42:20.710000Z,732.493,201.0,154.0,20.901,0.0,0.0,0.0,14.412,4.589244,0.0,0.0,0.0
2020-08-24T14:42:22.505999Z,2020-08-24T14:42:22.663000Z,626.873,157.0,154.0,39.225,0.0,0.0,0.0,14.412,4.7535,0.0,0.0,0.0
2020-08-24T14:42:24.508999Z,2020-08-24T14:42:24.651000Z,461.905,142.0,152.0,31.212,0.0,0.0,0.0,14.412,4.150594,0.0,0.0,0.0
2020-08-24T14:42:26.508999Z,2020-08-24T14:42:26.673000Z,625.294,164.0,130.0,30.466,0.0,0.0,0.0,14.412,4.327356,0.0,0.0,0.0
2020-08-24T14:42:28.507000Z,2020-08-24T14:42:28.623000Z,416.749,116.0,126.0,34.18,0.0,0.0,0.0,14.412,4.993923,0.0,0.0,0.0
2020-08-24T14:42:30.507000Z,2020-08-24T14:42:30.649999Z,511.692,143.0,144.0,23.377,0.0,0.0,0.0,14.412,3.280647,0.0,0.0,0.0
2020-08-24T14:42:32.511000Z,2020-08-24T14:42:32.748000Z,931.545,237.0,144.0,34.748,0.0,0.0,0.0,14.412,4.90444,0.0,0.0,0.0
2020-08-24T14:42:34.508000Z,2020-08-24T14:42:34.833999Z,1290.713,326.0,138.0,38.451,0.0,0.0,0.0,14.412,3.770694,0.0,0.0,0.0
2020-08-24T14:42:36.507000Z,2020-08-24T14:42:36.712000Z,846.55,205.0,126.0,37.802,0.0,0.0,0.0,14.412,3.020719,0.0,0.0,0.0
2020-08-24T14:42:38.508999Z,2020-08-24T14:42:39.118000Z,1021.885,609.0,132.0,36.164,0.0,0.0,0.0,14.412,3.979916,0.0,0.0,0.0
2020-08-24T14:42:40.505999Z,2020-08-24T14:42:40.814000Z,1201.65,308.0,90.0,17.081,0.0,0.0,0.0,14.412,3.759004,0.0,0.0,0.0
2020-08-24T14:42:42.511000Z,2020-08-24T14:42:43.095000Z,2562.332,584.0,120.0,30.008,0.0,0.0,0.0,14.412,3.148314,0.0,0.0,0.0
2020-08-24T14:42:44.508999Z,2020-08-24T14:42:44.823000Z,1219.091,314.0,116.0,20.139,0.0,0.0,0.0,14.412,3.551746,0.0,0.0,0.0
2020-08-24T14:42:46.508999Z,2020-08-24T14:42:46.902000Z,1645.453,393.0,122.0,26.661,0.0,0.0,0.0,14.412,4.762236,0.0,0.0,0.0
2020-08-24T14:42:48.508999Z,2020-08-24T14:42:48.828000Z,987.947,319.0,124.0,28.959,0.0,0.0,0.0,14.412,2.741653,0.0,0.0,0.0
2020-08-24T14:42:50.508000Z,2020-08-24T14:42:50.665999Z,603.302,158.0,124.0,60.171,0.0,0.0,0.0,14.412,2.391443,0.0,0.0,0.0
2020-08-24T14:42:52.508000Z,2020-08-24T14:42:52.688000Z,688.89,180.0,138.0,31.993,0.0,0.0,0.0,14.412,4.207646,0.0,0.0,0.0
2020-08-24T14:42:54.505999Z,2020-08-24T14:42:54.683000Z,811.178,177.0,154.0,24.24,0.0,0.0,0.0,14.412,2.617358,0.0,0.0,0.0
2020-08-24T14:42:56.508999Z,2020-08-24T14:42:56.947000Z,2109.102,438.0,166.0,36.118,0.0,0.0,0.0,14.412,3.785736,0.0,0.0,0.0
2020-08-24T14:42:58.511000Z,2020-08-24T14:42:58.948000Z,1418.263,437.0,160.0,20.866,0.0,0.0,0.0,14.412,4.823332,0.0,0.0,0.0
2020-08-24T14:43:00.510000Z,2020-08-24T14:43:00.717000Z,958.468,207.0,156.0,75.328,0.0,0.0,0.0,14.412,1.468536,0.0,0.0,0.0
2020-08-24T14:43:02.515000Z,2020-08-24T14:43:03.005000Z,1106.348,490.0,162.0,34.059,0.0,0.0,0.0,14.412,5.497774,0.0,0.0,0.0
2020-08-24T14:43:04.510000Z,2020-08-24T14:43:04.773000Z,1023.428,263.0,138.0,41.101,0.0,0.0,0.0,14.412,5.721131,0.0,0.0,0.0
2020-08-24T14:43:06.508000Z,2020-08-24T14:43:06.763000Z,990.444,255.0,138.0,40.5,0.0,0.0,0.0,14.412,4.550532,0.0,0.0,0.0
2020-08-24T14:43:08.508000Z,2020-08-24T14:43:08.781000Z,1036.614,273.0,130.0,20.181,0.0,0.0,0.0,14.412,3.817737,0.0,0.0,0.0
2020-08-24T14:43:10.508000Z,2020-08-24T14:43:10.774000Z,1099.004,266.0,120.0,37.974,0.0,0.0,0.0,14.412,2.548667,0.0,0.0,0.0
2020-08-24T14:43:12.508000Z,2020-08-24T14:43:12.732000Z,815.874,224.0,152.0,37.67,0.0,0.0,0.0,14.412,4.225567,0.0,0.0,0.0
2020-08-24T14:43:14.508000Z,2020-08-24T14:43:14.699000Z,774.348,191.0,152.0,34.806,0.0,0.0,0.0,14.412,4.605964,0.0,0.0,0.0
2020-08-24T14:43:16.521000Z,2020-08-24T14:43:16.751000Z,1029.059,230.0,128.0,28.587,0.0,0.0,0.0,14.412,4.111569,0.0,0.0,0.0
2020-08-24T14:43:18.519000Z,2020-08-24T14:43:19.038000Z,1138.707,519.0,148.0,28.424,0.0,0.0,0.0,14.412,4.628683,0.0,0.0,0.0
2020-08-24T14:43:20.510000Z,2020-08-24T14:43:21.097000Z,2814.127,587.0,164.0,31.026,0.0,0.0,0.0,14.412,4.313963,0.0,0.0,0.0
2020-08-24T14:43:22.510000Z,2020-08-24T14:43:22.929000Z,1940.411,419.0,166.0,19.102,0.0,0.0,0.0,14.412,5.8015,0.0,0.0,0.0
2020-08-24T14:43:24.508000Z,2020-08-24T14:43:24.756000Z,1013.85,248.0,132.0,38.058,0.0,0.0,0.0,14.412,4.439908,0.0,0.0,0.0
2020-08-24T14:43:26.505000Z,2020-08-24T14:43:26.700000Z,737.2,195.0,132.0,31.5,0.0,0.0,0.0,14.412,4.667024,0.0,0.0,0.0
2020-08-24T14:43:28.519000Z,2020-08-24T14:43:28.681000Z,564.538,162.0,122.0,18.828,0.0,0.0,0.0,14.412,4.59124,0.0,0.0,0.0
2020-08-24T14:43:30.510000Z,2020-08-24T14:43:30.648000Z,565.612,138.0,124.0,22.32,0.0,0.0,0.0,14.412,4.098354,0.0,0.0,0.0
2020-08-24T14:43:32.518000Z,2020-08-24T14:43:32.613000Z,354.064,95.0,150.0,21.613,0.0,0.0,0.0,14.412,5.57836,0.0,0.0,0.0
2020-08-24T14:43:34.511000Z,2020-08-24T14:43:34.679000Z,641.789,168.0,154.0,34.683,0.0,0.0,0.0,14.412,5.767243,0.0,0.0,0.0
2020-08-24T14:43:36.511000Z,2020-08-24T14:43:36.719000Z,867.247,208.0,153.0,25.806,0.0,0.0,0.0,14.412,3.755895,0.0,0.0,0.0
2020-08-24T14:43:38.508999Z,2020-08-24T14:43:38.686000Z,700.578,177.0,152.0,34.934,0.0,0.0,0.0,14.412,5.089086,0.0,0.0,0.0
2020-08-24T14:43:40.512000Z,2020-08-24T14:43:40.715000Z,745.189,203.0,152.0,32.789,0.0,0.0,0.0,14.412,3.947836,0.0,0.0,0.0
2020-08-24T14:43:42.515000Z,2020-08-24T14:43:42.855000Z,931.205,340.0,142.0,20.677,0.0,0.0,0.0,14.412,3.235812,0.0,0.0,0.0
2020-08-24T14:43:44.510000Z,2020-08-24T14:43:44.789000Z,1082.406,279.0,118.0,27.148,0.0,0.0,0.0,14.412,4.643235,0.0,0.0,0.0
2020-08-24T14:43:46.508000Z,2020-08-24T14:43:46.593999Z,303.319,86.0,136.0,20.114,0.0,0.0,0.0,14.412,4.156334,0.0,0.0,0.0
2020-08-24T14:43:48.508000Z,2020-08-24T14:43:48.598000Z,316.561,90.0,132.0,25.82,0.0,0.0,0.0,14.412,5.204199,0.0,0.0,0.0
2020-08-24T14:43:50.512000Z,2020-08-24T14:43:50.612000Z,311.252,100.0,136.0,31.582,0.0,0.0,0.0,14.412,5.08191,0.0,0.0,0.0
2020-08-24T14:43:52.501000Z,2020-08-24T14:43:52.564000Z,224.071,63.0,132.0,23.106,0.0,0.0,0.0,14.412,5.005215,0.0,0.0,0.0
2020-08-24T14:43:54.507000Z,2020-08-24T14:43:54.591000Z,312.936,84.0,138.0,23.723,0.0,0.0,0.0,14.412,4.560923,0.0,0.0,0.0
2020-08-24T14:43:56.507000Z,2020-08-24T14:43:56.604000Z,322.857,97.0,142.0,19.6,0.0,0.0,0.0,14.412,4.757327,0.0,0.0,0.0
2020-08-24T14:43:58.505000Z,2020-08-24T14:43:58.644000Z,476.819,139.0,138.0,28.34,0.0,0.0,0.0,14.412,5.439989,0.0,0.0,0.0
2020-08-24T14:44:00.508999Z,2020-08-24T14:44:00.625000Z,369.27,116.0,134.0,40.004,0.0,0.0,0.0,14.412,4.443822,0.0,0.0,0.0
2020-08-24T14:44:02.507000Z,2020-08-24T14:44:02.835000Z,395.672,328.0,134.0,31.794,0.0,0.0,0.0,14.412,5.132334,0.0,0.0,0.0
2020-08-24T14:44:04.508999Z,2020-08-24T14:44:04.601000Z,318.489,92.0,118.0,28.454,0.0,0.0,0.0,14.412,4.946829,0.0,0.0,0.0
2020-08-24T14:44:06.514000Z,2020-08-24T14:44:06.609000Z,309.374,95.0,126.0,20.58,0.0,0.0,0.0,14.412,3.665587,0.0,0.0,0.0
2020-08-24T14:44:08.508000Z,2020-08-24T14:44:08.748000Z,955.487,240.0,124.0,24.07,0.0,0.0,0.0,14.412,4.531997,0.0,0.0,0.0
2020-08-24T14:44:10.512000Z,2020-08-24T14:44:10.673000Z,571.823,161.0,132.0,23.497,0.0,0.0,0.0,14.412,4.068539,0.0,0.0,0.0
2020-08-24T14:44:12.505999Z,2020-08-24T14:44:12.617000Z,413.447,111.0,129.0,30.684,0.0,0.0,0.0,14.412,4.078406,0.0,0.0,0.0
2020-08-24T14:44:14.495000Z,2020-08-24T14:44:14.549000Z,178.818,54.0,128.0,27.459,0.0,0.0,0.0,14.412,4.774099,0.0,0.0,0.0
2020-08-24T14:44:16.510000Z,2020-08-24T14:44:16.543000Z,56.436,33.0,136.0,22.226,0.0,0.0,0.0,14.412,5.239773,0.0,0.0,0.0
2020-08-24T14:44:18.511000Z,2020-08-24T14:44:18.672000Z,422.192,161.0,136.0,19.223,0.0,0.0,0.0,14.412,5.239773,0.0,0.0,0.0
2020-08-24T14:44:20.508999Z,2020-08-24T14:44:20.631000Z,392.888,122.0,136.0,25.243,0.0,0.0,0.0,14.412,3.226484,0.0,0.0,0.0
2020-08-24T14:44:22.508000Z,2020-08-24T14:44:22.579000Z,255.59,71.0,134.0,26.757,0.0,0.0,0.0,14.412,3.200491,0.0,0.0,0.0
2020-08-24T14:44:24.508000Z,2020-08-24T14:44:24.808000Z,228.827,300.0,146.0,22.727,0.0,0.0,0.0,14.412,4.932784,0.0,0.0,0.0
2020-08-24T14:44:26.505999Z,2020-08-24T14:44:26.681000Z,645.927,175.0,144.0,22.866,0.0,0.0,0.0,14.412,5.490047,0.0,0.0,0.0
2020-08-24T14:44:28.510000Z,2020-08-24T14:44:28.670000Z,583.839,160.0,142.0,36.188,0.0,0.0,0.0,14.412,5.618691,0.0,0.0,0.0
2020-08-24T14:44:30.505000Z,2020-08-24T14:44:30.639000Z,473.405,134.0,142.0,21.565,0.0,0.0,0.0,14.412,3.956204,0.0,0.0,0.0
2020-08-24T14:44:32.508000Z,2020-08-24T14:44:32.581000Z,234.139,73.0,134.0,33.465,0.0,0.0,0.0,14.412,3.670503,0.0,0.0,0.0
2020-08-24T14:44:34.510000Z,2020-08-24T14:44:34.608000Z,345.223,98.0,138.0,18.572,0.0,0.0,0.0,14.412,5.242156,0.0,0.0,0.0
2020-08-24T14:44:36.494000Z,2020-08-24T14:44:36.573000Z,273.671,79.0,124.0,32.23,0.0,0.0,0.0,14.412,4.770197,0.0,0.0,0.0
2020-08-24T14:44:38.508000Z,2020-08-24T14:44:38.611000Z,335.754,103.0,124.0,23.9,0.0,0.0,0.0,14.412,4.649015,0.0,0.0,0.0
2020-08-24T14:44:40.511000Z,2020-08-24T14:44:40.614000Z,317.279,103.0,120.0,23.136,0.0,0.0,0.0,14.412,3.75841,0.0,0.0,0.0
2020-08-24T14:44:42.508000Z,2020-08-24T14:44:42.596000Z,297.1,88.0,120.0,30.272,0.0,0.0,0.0,14.412,4.552721,0.0,0.0,0.0
2020-08-24T14:44:44.508999Z,2020-08-24T14:44:44.581000Z,232.538,72.0,128.0,21.888,0.0,0.0,0.0,14.412,4.68233,0.0,0.0,0.0
2020-08-24T14:44:46.508000Z,2020-08-24T14:44:46.601000Z,308.0,93.0,128.0,30.459,0.0,0.0,0.0,14.412,4.830227,0.0,0.0,0.0
2020-08-24T14:44:48.507000Z,2020-08-24T14:44:48.609000Z,262.488,102.0,168.0,31.968,0.0,0.0,0.0,14.412,5.951767,0.0,0.0,0.0
2020-08-24T14:44:50.502000Z,2020-08-24T14:44:50.577999Z,248.353,76.0,148.0,38.471,0.0,0.0,0.0,14.412,4.997699,0.0,0.0,0.0
2020-08-24T14:44:52.501000Z,2020-08-24T14:44:52.572000Z,233.32,71.0,150.0,31.78,0.0,0.0,0.0,14.412,4.294669,0.0,0.0,0.0
2020-08-24T14:44:54.508000Z,2020-08-24T14:44:54.592000Z,327.659,84.0,146.0,22.349,0.0,0.0,0.0,14.412,4.269958,0.0,0.0,0.0
2020-08-24T14:44:56.512000Z,2020-08-24T14:44:56.686000Z,700.649,174.0,156.0,26.417,0.0,0.0,0.0,14.412,6.433545,0.0,0.0,0.0
2020-08-24T14:44:58.508999Z,2020-08-24T14:44:58.679000Z,666.481,170.0,156.0,21.515,0.0,0.0,0.0,14.412,3.708259,0.0,0.0,0.0
2020-08-24T14:45:00.512000Z,2020-08-24T14:45:00.775000Z,1018.631,263.0,156.0,33.793,0.0,0.0,0.0,14.412,4.717566,0.0,0.0,0.0
2020-08-24T14:45:02.508000Z,2020-08-24T14:45:02.639000Z,538.483,131.0,122.0,42.987,0.0,0.0,0.0,14.412,2.960775,0.0,0.0,0.0
2020-08-24T14:45:04.510000Z,2020-08-24T14:45:04.752000Z,961.791,242.0,158.0,20.782,0.0,0.0,0.0,14.412,4.821792,0.0,0.0,0.0
2020-08-24T14:45:06.508999Z,2020-08-24T14:45:06.713000Z,757.309,204.0,152.0,37.272,0.0,0.0,0.0,14.412,4.086965,0.0,0.0,0.0
2020-08-24T14:45:08.508999Z,2020-08-24T14:45:08.716000Z,756.562,207.0,130.0,18.775,0.0,0.0,0.0,14.412,4.564737,0.0,0.0,0.0
2020-08-24T14:45:10.517000Z,2020-08-24T14:45:10.683000Z,606.088,166.0,130.0,33.474,0.0,0.0,0.0,14.412,3.67477,0.0,0.0,0.0
2020-08-24T14:45:12.508999Z,2020-08-24T14:45:12.668000Z,568.817,159.0,126.0,29.023,0.0,0.0,0.0,14.412,4.446047,0.0,0.0,0.0
2020-08-24T14:45:14.494000Z,2020-08-24T14:45:14.627000Z,522.897,133.0,130.0,32.39,0.0,0.0,0.0,14.412,4.73527,0.0,0.0,0.0
2020-08-24T14:45:16.505000Z,2020-08-24T14:45:16.622000Z,472.237,117.0,134.0,23.235,0.0,0.0,0.0,14.412,3.434277,0.0,0.0,0.0
2020-08-24T14:45:18.512000Z,2020-08-24T14:45:18.649999Z,508.113,138.0,144.0,23.194,0.0,0.0,0.0,14.612,5.964053,0.0,0.0,0.0
2020-08-24T14:45:20.507000Z,2020-08-24T14:45:20.611000Z,404.892,104.0,142.0,34.343,0.0,0.0,0.0,14.612,3.881712,0.0,0.0,0.0
2020-08-24T14:45:22.508999Z,2020-08-24T14:45:22.607000Z,355.017,98.0,158.0,20.251,0.0,0.0,0.0,14.612,4.85258,0.0,0.0,0.0
2020-08-24T14:45:24.510000Z,2020-08-24T14:45:24.657999Z,303.651,148.0,158.0,40.732,0.0,0.0,0.0,14.612,5.108988,0.0,0.0,0.0
2020-08-24T14:45:26.528000Z,2020-08-24T14:45:26.977999Z,942.225,450.0,162.0,87.852,0.0,0.0,0.0,14.612,2.507515,0.0,0.0,0.0
2020-08-24T14:45:28.520000Z,2020-08-24T14:45:28.808000Z,630.391,288.0,204.0,105.772,0.0,0.0,0.0,14.612,1.303691,0.0,0.0,0.0
2020-08-24T14:45:30.524000Z,2020-08-24T14:45:30.822000Z,488.043,298.0,82.0,83.553,0.0,0.0,0.0,14.612,1.428201,0.0,0.0,0.0
2020-08-24T14:45:32.508000Z,2020-08-24T14:45:32.688000Z,508.388,180.0,66.0,20.538,0.0,0.0,0.0,14.612,2.272515,0.0,0.0,0.0
2020-08-24T14:45:34.508000Z,2020-08-24T14:45:34.647000Z,443.958,139.0,90.0,16.89,0.0,0.0,0.0,14.612,3.84432,0.0,0.0,0.0
2020-08-24T14:45:36.508999Z,2020-08-24T14:45:36.632000Z,353.594,123.0,91.0,17.523,0.0,0.0,0.0,14.34,2.582138,0.0,0.0,0.0
2020-08-24T14:45:38.508999Z,2020-08-24T14:45:38.697999Z,741.758,189.0,110.0,18.537,0.0,0.0,0.0,14.34,3.138323,0.0,0.0,0.0
2020-08-24T14:45:40.518000Z,2020-08-24T14:45:40.651000Z,496.415,133.0,120.0,32.983,0.0,0.0,0.0,14.34,3.996668,0.0,0.0,0.0
2020-08-24T14:45:42.508999Z,2020-08-24T14:45:42.646000Z,500.868,137.0,124.0,19.158,0.0,0.0,0.0,14.34,4.705346,0.0,0.0,0.0
2020-08-24T14:45:44.756000Z,2020-08-24T14:45:44.897999Z,542.356,142.0,124.0,26.107,0.0,0.0,0.0,14.34,4.473944,0.0,0.0,0.0
2020-08-24T14:45:46.766000Z,2020-08-24T14:45:46.908000Z,606.576,142.0,154.0,22.669,0.0,0.0,0.0,14.34,4.456615,0.0,0.0,0.0
2020-08-24T14:45:48.508000Z,2020-08-24T14:45:48.628000Z,454.313,120.0,150.0,35.662,0.0,0.0,0.0,14.34,6.075709,0.0,0.0,0.0
2020-08-24T14:45:50.759000Z,2020-08-24T14:45:50.888000Z,462.565,129.0,152.0,41.669,0.0,0.0,0.0,14.34,5.327279,0.0,0.0,0.0
2020-08-24T14:45:52.760000Z,2020-08-24T14:45:52.883000Z,461.538,123.0,150.0,28.67,0.0,0.0,0.0,14.34,4.153355,0.0,0.0,0.0
2020-08-24T14:45:54.759000Z,2020-08-24T14:45:54.973000Z,772.717,214.0,130.0,32.245,0.0,0.0,0.0,14.34,4.243502,0.0,0.0,0.0
2020-08-24T14:45:56.757000Z,2020-08-24T14:45:56.907000Z,554.872,150.0,128.0,20.507,0.0,0.0,0.0,14.34,3.369511,0.0,0.0,0.0
2020-08-24T14:45:58.761000Z,2020-08-24T14:45:58.893000Z,472.726,132.0,128.0,31.686,0.0,0.0,0.0,14.34,4.92998,0.0,0.0,0.0
2020-08-24T14:46:00.551000Z,2020-08-24T14:46:00.645000Z,292.126,94.0,127.0,20.34,0.0,0.0,0.0,14.34,3.966853,0.0,0.0,0.0
2020-08-24T14:46:02.759000Z,2020-08-24T14:46:02.845000Z,267.678,86.0,126.0,31.71,0.0,0.0,0.0,14.34,4.96074,0.0,0.0,0.0
2020-08-24T14:46:04.747000Z,2020-08-24T14:46:04.881000Z,399.927,134.0,132.0,30.354,0.0,0.0,0.0,14.34,4.235191,0.0,0.0,0.0
2020-08-24T14:46:06.758000Z,2020-08-24T14:46:06.903000Z,608.835,145.0,132.0,27.367,0.0,0.0,0.0,14.34,3.182774,0.0,0.0,0.0
2020-08-24T14:46:08.761000Z,2020-08-24T14:46:08.897000Z,546.183,136.0,130.0,26.9,0.0,0.0,0.0,14.34,4.725262,0.0,0.0,0.0
2020-08-24T14:46:10.758000Z,2020-08-24T14:46:10.960000Z,791.788,202.0,129.0,21.398,0.0,0.0,0.0,14.34,4.698438,0.0,0.0,0.0
2020-08-24T14:46:12.760000Z,2020-08-24T14:46:13.053000Z,1217.925,293.0,122.0,27.887,0.0,0.0,0.0,14.34,4.350481,0.0,0.0,0.0
2020-08-24T14:46:14.759000Z,2020-08-24T14:46:15.033999Z,1164.986,275.0,128.0,29.371,0.0,0.0,0.0,14.34,3.753048,0.0,0.0,0.0
2020-08-24T14:46:16.757000Z,2020-08-24T14:46:16.861000Z,378.937,104.0,134.0,27.969,0.0,0.0,0.0,14.34,5.834822,0.0,0.0,0.0
2020-08-24T14:46:18.759000Z,2020-08-24T14:46:18.846000Z,309.824,87.0,134.0,32.065,0.0,0.0,0.0,14.34,4.826918,0.0,0.0,0.0
2020-08-24T14:46:20.763000Z,2020-08-24T14:46:20.857999Z,331.391,95.0,136.0,19.897,0.0,0.0,0.0,14.34,4.361047,0.0,0.0,0.0
2020-08-24T14:46:22.757000Z,2020-08-24T14:46:22.840000Z,291.105,83.0,156.0,34.426,0.0,0.0,0.0,14.34,5.501364,0.0,0.0,0.0
2020-08-24T14:46:24.557000Z,2020-08-24T14:46:24.668000Z,369.372,111.0,156.0,23.27,0.0,0.0,0.0,14.34,4.484772,0.0,0.0,0.0
2020-08-24T14:46:26.758000Z,2020-08-24T14:46:26.837000Z,268.554,79.0,150.0,40.558,0.0,0.0,0.0,14.34,3.476332,0.0,0.0,0.0
2020-08-24T14:46:28.758000Z,2020-08-24T14:46:28.830000Z,247.994,72.0,154.0,30.109,0.0,0.0,0.0,14.34,4.792356,0.0,0.0,0.0
2020-08-24T14:46:30.760000Z,2020-08-24T14:46:30.897999Z,252.688,138.0,152.0,20.83,0.0,0.0,0.0,14.34,4.866469,0.0,0.0,0.0
2020-08-24T14:46:32.758000Z,2020-08-24T14:46:32.846000Z,288.126,88.0,156.0,77.38,0.0,0.0,0.0,14.34,2.075035,0.0,0.0,0.0
2020-08-24T14:46:34.759000Z,2020-08-24T14:46:34.860000Z,338.384,101.0,152.0,18.638,0.0,0.0,0.0,14.34,3.075615,0.0,0.0,0.0
2020-08-24T14:46:36.753000Z,2020-08-24T14:46:36.857999Z,327.787,105.0,174.0,37.035,0.0,0.0,0.0,14.34,4.685837,0.0,0.0,0.0
2020-08-24T14:46:38.760000Z,2020-08-24T14:46:38.976000Z,826.297,216.0,148.0,39.623,0.0,0.0,0.0,14.34,3.814604,0.0,0.0,0.0
2020-08-24T14:46:40.758000Z,2020-08-24T14:46:40.901000Z,599.157,143.0,148.0,36.152,0.0,0.0,0.0,14.34,4.696112,0.0,0.0,0.0
2020-08-24T14:46:42.759000Z,2020-08-24T14:46:42.838000Z,240.134,79.0,136.0,25.387,0.0,0.0,0.0,14.34,5.304181,0.0,0.0,0.0
2020-08-24T14:46:44.760000Z,2020-08-24T14:46:44.912000Z,599.118,152.0,140.0,23.201,0.0,0.0,0.0,14.34,3.898131,0.0,0.0,0.0
2020-08-24T14:46:46.759000Z,2020-08-24T14:46:46.900000Z,575.77,141.0,137.0,28.844,0.0,0.0,0.0,14.34,4.62744,0.0,0.0,0.0
2020-08-24T14:46:48.756000Z,2020-08-24T14:46:48.905999Z,606.867,150.0,136.0,22.297,0.0,0.0,0.0,14.34,5.206971,0.0,0.0,0.0
2020-08-24T14:46:50.763000Z,2020-08-24T14:46:50.912000Z,600.747,149.0,138.0,33.859,0.0,0.0,0.0,14.34,5.755923,0.0,0.0,0.0
2020-08-24T14:46:52.760000Z,2020-08-24T14:46:52.915000Z,628.362,155.0,148.0,37.41,0.0,0.0,0.0,14.34,4.49606,0.0,0.0,0.0
2020-08-24T14:46:54.760000Z,2020-08-24T14:46:54.913000Z,629.948,153.0,156.0,22.058,0.0,0.0,0.0,14.34,3.649164,0.0,0.0,0.0
2020-08-24T14:46:56.759000Z,2020-08-24T14:46:57.163000Z,587.937,404.0,161.0,44.207,0.0,0.0,0.0,14.34,3.957351,0.0,0.0,0.0
2020-08-24T14:46:58.766000Z,2020-08-24T14:46:59.080000Z,859.762,314.0,108.0,23.67,0.0,0.0,0.0,14.34,4.262439,0.0,0.0,0.0
2020-08-24T14:47:00.763000Z,2020-08-24T14:47:01.055000Z,811.892,292.0,124.0,33.405,0.0,0.0,0.0,14.34,2.176413,0.0,0.0,0.0
2020-08-24T14:47:02.758000Z,2020-08-24T14:47:02.953999Z,758.264,196.0,144.0,27.647,0.0,0.0,0.0,14.34,4.981899,0.0,0.0,0.0
2020-08-24T14:47:04.760000Z,2020-08-24T14:47:04.908000Z,587.759,148.0,144.0,36.417,0.0,0.0,0.0,14.34,4.486865,0.0,0.0,0.0
2020-08-24T14:47:06.759000Z,2020-08-24T14:47:06.923000Z,666.165,164.0,144.0,32.733,0.0,0.0,0.0,14.34,4.311538,0.0,0.0,0.0
2020-08-24T14:47:08.760000Z,2020-08-24T14:47:09.030000Z,317.727,270.0,148.0,21.678,0.0,0.0,0.0,14.34,3.516078,0.0,0.0,0.0
2020-08-24T14:47:10.759000Z,2020-08-24T14:47:10.854000Z,335.803,95.0,4.0,19.875,0.0,0.0,0.0,14.34,5.581542,0.0,0.0,0.0
2020-08-24T14:47:12.754000Z,2020-08-24T14:47:12.851000Z,348.868,97.0,132.0,22.833,0.0,0.0,0.0,14.34,5.499056,0.0,0.0,0.0
2020-08-24T14:47:14.759000Z,2020-08-24T14:47:14.862000Z,339.457,103.0,146.0,31.035,0.0,0.0,0.0,14.34,5.199773,0.0,0.0,0.0
2020-08-24T14:47:16.761000Z,2020-08-24T14:47:16.909000Z,559.505,148.0,144.0,36.095,0.0,0.0,0.0,14.34,4.5305,0.0,0.0,0.0
2020-08-24T14:47:18.761000Z,2020-08-24T14:47:18.881999Z,457.682,121.0,144.0,23.206,0.0,0.0,0.0,14.34,4.684848,0.0,0.0,0.0
2020-08-24T14:47:20.768000Z,2020-08-24T14:47:20.933000Z,626.769,165.0,136.0,32.506,0.0,0.0,0.0,14.34,4.728312,0.0,0.0,0.0
2020-08-24T14:47:22.761000Z,2020-08-24T14:47:22.969000Z,895.408,208.0,144.0,22.759,0.0,0.0,0.0,14.34,4.826468,0.0,0.0,0.0
2020-08-24T14:47:24.761999Z,2020-08-24T14:47:24.932000Z,623.916,170.0,148.0,29.469,0.0,0.0,0.0,14.34,3.070426,0.0,0.0,0.0
2020-08-24T14:47:26.759000Z,2020-08-24T14:47:26.886000Z,463.645,127.0,148.0,33.934,0.0,0.0,0.0,14.34,4.241323,0.0,0.0,0.0
2020-08-24T14:47:28.761000Z,2020-08-24T14:47:28.838000Z,275.348,77.0,146.0,30.688,0.0,0.0,0.0,14.34,4.441815,0.0,0.0,0.0
2020-08-24T14:47:30.744000Z,2020-08-24T14:47:30.836000Z,329.612,92.0,140.0,28.684,0.0,0.0,0.0,14.34,4.526028,0.0,0.0,0.0
2020-08-24T14:47:32.760000Z,2020-08-24T14:47:32.879000Z,428.595,119.0,138.0,19.54,0.0,0.0,0.0,14.34,5.2984,0.0,0.0,0.0
2020-08-24T14:47:34.757000Z,2020-08-24T14:47:34.927000Z,664.467,170.0,138.0,37.408,0.0,0.0,0.0,14.34,4.645989,0.0,0.0,0.0
2020-08-24T14:47:36.744000Z,2020-08-24T14:47:36.857000Z,385.611,113.0,130.0,20.259,0.0,0.0,0.0,14.34,4.094406,0.0,0.0,0.0
2020-08-24T14:47:38.759000Z,2020-08-24T14:47:38.837000Z,254.287,78.0,118.0,30.701,0.0,0.0,0.0,14.34,3.622576,0.0,0.0,0.0
2020-08-24T14:47:40.758000Z,2020-08-24T14:47:40.849000Z,323.588,91.0,124.0,21.715,0.0,0.0,0.0,14.34,5.153477,0.0,0.0,0.0
2020-08-24T14:47:42.754000Z,2020-08-24T14:47:42.853000Z,321.966,99.0,138.0,20.873,0.0,0.0,0.0,14.34,4.365228,0.0,0.0,0.0
2020-08-24T14:47:44.752000Z,2020-08-24T14:47:45.070000Z,337.627,318.0,138.0,35.088,0.0,0.0,0.0,14.34,5.410871,0.0,0.0,0.0
2020-08-24T14:47:46.769000Z,2020-08-24T14:47:46.929000Z,331.809,160.0,138.0,20.513,0.0,0.0,0.0,14.34,4.224151,0.0,0.0,0.0
2020-08-24T14:47:48.760000Z,2020-08-24T14:47:48.876000Z,358.734,116.0,84.0,62.579,0.0,0.0,0.0,14.34,2.842836,0.0,0.0,0.0
2020-08-24T14:47:50.759000Z,2020-08-24T14:47:50.872000Z,377.237,113.0,108.0,22.76,0.0,0.0,0.0,14.34,4.469322,0.0,0.0,0.0
2020-08-24T14:47:52.760000Z,2020-08-24T14:47:52.921999Z,406.796,162.0,124.0,23.354,0.0,0.0,0.0,14.34,4.497816,0.0,0.0,0.0
2020-08-24T14:47:54.764999Z,2020-08-24T14:47:54.877000Z,345.732,112.0,124.0,45.436,0.0,0.0,0.0,14.34,2.544815,0.0,0.0,0.0
2020-08-24T14:47:56.759000Z,2020-08-24T14:47:56.881999Z,489.019,123.0,128.0,18.598,0.0,0.0,0.0,14.34,3.739009,0.0,0.0,0.0
2020-08-24T14:47:58.758000Z,2020-08-24T14:47:58.897999Z,529.429,140.0,136.0,22.846,0.0,0.0,0.0,14.34,5.624488,0.0,0.0,0.0
2020-08-24T14:48:00.756000Z,2020-08-24T14:48:00.981000Z,868.353,225.0,136.0,28.529,0.0,0.0,0.0,14.34,4.776625,0.0,0.0,0.0
2020-08-24T14:48:02.747000Z,2020-08-24T14:48:02.952000Z,837.407,205.0,130.0,36.217,0.0,0.0,0.0,14.34,5.045689,0.0,0.0,0.0
2020-08-24T14:48:04.759000Z,2020-08-24T14:48:04.976000Z,869.232,217.0,140.0,33.612,0.0,0.0,0.0,14.34,4.299826,0.0,0.0,0.0
2020-08-24T14:48:06.758000Z,2020-08-24T14:48:06.967000Z,849.355,209.0,142.0,20.598,0.0,0.0,0.0,14.34,5.219361,0.0,0.0,0.0
2020-08-24T14:48:08.763000Z,2020-08-24T14:48:09.027000Z,905.38,264.0,130.0,33.511,0.0,0.0,0.0,14.34,4.160822,0.0,0.0,0.0
2020-08-24T14:48:10.757000Z,2020-08-24T14:48:11.024000Z,777.891,267.0,130.0,24.156,0.0,0.0,0.0,14.34,3.272689,0.0,0.0,0.0
2020-08-24T14:48:12.754000Z,2020-08-24T14:48:12.846000Z,295.212,92.0,122.0,27.041,0.0,0.0,0.0,14.34,3.703414,0.0,0.0,0.0
2020-08-24T14:48:14.758000Z,2020-08-24T14:48:14.891000Z,447.31,133.0,120.0,29.087,0.0,0.0,0.0,14.34,4.314586,0.0,0.0,0.0
2020-08-24T14:48:16.761000Z,2020-08-24T14:48:16.918000Z,578.149,157.0,120.0,24.735,0.0,0.0,0.0,14.34,4.357071,0.0,0.0,0.0
2020-08-24T14:48:18.758000Z,2020-08-24T14:48:18.904000Z,556.853,146.0,122.0,22.67,0.0,0.0,0.0,14.34,5.063811,0.0,0.0,0.0
2020-08-24T14:48:20.761000Z,2020-08-24T14:48:20.959000Z,797.275,198.0,120.0,21.913,0.0,0.0,0.0,14.34,4.149296,0.0,0.0,0.0
2020-08-24T14:48:22.758000Z,2020-08-24T14:48:22.907000Z,531.233,149.0,129.0,28.118,0.0,0.0,0.0,14.34,4.323118,0.0,0.0,0.0
2020-08-24T14:48:24.745000Z,2020-08-24T14:48:24.915000Z,654.471,170.0,132.0,22.371,0.0,0.0,0.0,14.34,2.336237,0.0,0.0,0.0
2020-08-24T14:48:26.760000Z,2020-08-24T14:48:26.880000Z,430.37,120.0,144.0,21.592,0.0,0.0,0.0,14.34,1.849837,0.0,0.0,0.0
2020-08-24T14:48:28.761000Z,2020-08-24T14:48:28.860000Z,408.01,99.0,144.0,37.065,0.0,0.0,0.0,14.34,4.852797,0.0,0.0,0.0
2020-08-24T14:48:30.760000Z,2020-08-24T14:48:30.953999Z,751.406,194.0,148.0,20.925,0.0,0.0,0.0,14.34,5.913855,0.0,0.0,0.0
2020-08-24T14:48:32.761000Z,2020-08-24T14:48:32.920000Z,591.039,159.0,158.0,35.479,0.0,0.0,0.0,14.34,4.010491,0.0,0.0,0.0
2020-08-24T14:48:34.763000Z,2020-08-24T14:48:34.885000Z,454.899,122.0,158.0,21.885,0.0,0.0,0.0,14.34,3.740717,0.0,0.0,0.0
2020-08-24T14:48:36.757000Z,2020-08-24T14:48:36.865000Z,393.246,108.0,124.0,34.277,0.0,0.0,0.0,14.34,4.139857,0.0,0.0,0.0
2020-08-24T14:48:38.758000Z,2020-08-24T14:48:38.896000Z,570.492,138.0,126.0,28.347,0.0,0.0,0.0,14.34,4.993103,0.0,0.0,0.0
2020-08-24T14:48:40.759000Z,2020-08-24T14:48:40.904000Z,553.445,145.0,142.0,28.943,0.0,0.0,0.0,14.34,5.80428,0.0,0.0,0.0
