start_time,end_time,size,trans_time,cwnd,rtt,rto,ssthresh,last_snd,min_rtt,delivery_rate,bytes_sent,bytes_retrans,client_trans_time
2020-08-24T12:54:04.788000Z,2020-08-24T12:54:04.921999Z,36.581,134.0,386.0,78.42,0.0,0.0,0.0,63.0,0.162196,0.0,0.0,0.0
2020-08-24T12:54:04.922000Z,2020-08-24T12:54:05.009000Z,70.577,87.0,374.0,68.703,0.0,0.0,0.0,63.0,0.82704,0.0,0.0,0.0
2020-08-24T12:54:05.008999Z,2020-08-24T12:54:05.101000Z,91.217,92.0,378.0,66.439,0.0,0.0,0.0,63.0,0.919916,0.0,0.0,0.0
2020-08-24T12:54:05.100999Z,2020-08-24T12:54:05.232000Z,238.868,131.0,378.0,70.669,0.0,0.0,0.0,63.0,1.117229,0.0,0.0,0.0
2020-08-24T12:54:05.233000Z,2020-08-24T12:54:05.452000Z,337.142,219.0,378.0,69.511,0.0,0.0,0.0,63.0,1.928618,0.0,0.0,0.0
2020-08-24T12:54:05.452999Z,2020-08-24T12:54:06.153999Z,713.804,701.0,82.0,67.41,0.0,0.0,0.0,63.0,0.259234,0.0,0.0,0.0
2020-08-24T12:54:06.155000Z,2020-08-24T12:54:06.464000Z,568.238,309.0,178.0,64.719,0.0,0.0,0.0,63.0,1.920661,0.0,0.0,0.0
2020-08-24T12:54:06.464000Z,2020-08-24T12:54:06.734000Z,667.808,270.0,284.0,64.878,0.0,0.0,0.0,63.0,3.131411,0.0,0.0,0.0
2020-08-24T12:54:06.735000Z,2020-08-24T12:54:07.033000Z,853.268,298.0,348.0,66.738,0.0,0.0,0.0,63.0,2.877232,0.0,0.0,0.0
2020-08-24T12:54:08.044999Z,2020-08-24T12:54:08.340000Z,815.294,295.0,366.0,65.547,0.0,0.0,0.0,63.0,3.990722,0.0,0.0,0.0
2020-08-24T12:54:10.046000Z,2020-08-24T12:54:10.360000Z,909.737,314.0,363.0,66.029,0.0,0.0,0.0,63.0,3.232593,0.0,0.0,0.0
2020-08-24T12:54:12.047000Z,2020-08-24T12:54:12.599000Z,1524.029,552.0,380.0,82.076,0.0,0.0,0.0,63.0,3.833188,0.0,0.0,0.0
2020-08-24T12:54:14.049000Z,2020-08-24T12:54:14.404000Z,882.266,355.0,380.0,127.507,0.0,0.0,0.0,63.0,2.597438,0.0,0.0,0.0
2020-08-24T12:54:16.052000Z,2020-08-24T12:54:16.437000Z,1076.994,385.0,381.0,66.965,0.0,0.0,0.0,63.0,0.765591,0.0,0.0,0.0
2020-08-24T12:54:18.301000Z,2020-08-24T12:54:18.601999Z,860.694,301.0,394.0,67.668,0.0,0.0,0.0,63.0,2.373239,0.0,0.0,0.0
2020-08-24T12:54:20.054000Z,2020-08-24T12:54:20.423000Z,898.456,369.0,394.0,74.612,0.0,0.0,0.0,63.0,3.338598,0.0,0.0,0.0
2020-08-24T12:54:22.056000Z,2020-08-24T12:54:22.437000Z,953.785,381.0,382.0,80.057,0.0,0.0,0.0,63.0,0.843096,0.0,0.0,0.0
2020-08-24T12:54:24.060000Z,2020-08-24T12:54:24.417999Z,828.373,358.0,388.0,119.51,0.0,0.0,0.0,63.0,2.357006,0.0,0.0,0.0
2020-08-24T12:54:26.060999Z,2020-08-24T12:54:26.648000Z,1686.491,587.0,389.0,68.41,0.0,0.0,0.0,63.0,0.275488,0.0,0.0,0.0
2020-08-24T12:54:28.062000Z,2020-08-24T12:54:28.454000Z,1158.254,392.0,394.0,67.946,0.0,0.0,0.0,63.0,0.020973,0.0,0.0,0.0
2020-08-24T12:54:30.067000Z,2020-08-24T12:54:30.439000Z,947.835,372.0,394.0,73.77,0.0,0.0,0.0,63.0,3.981197,0.0,0.0,0.0
2020-08-24T12:54:32.069000Z,2020-08-24T12:54:32.457999Z,1000.48,389.0,394.0,67.45,0.0,0.0,0.0,63.0,0.934506,0.0,0.0,0.0
2020-08-24T12:54:34.070000Z,2020-08-24T12:54:35.823000Z,1008.368,1753.0,402.0,65.922,0.0,0.0,0.0,63.0,0.929537,0.0,0.0,0.0
2020-08-24T12:54:36.074000Z,2020-08-24T12:54:36.921999Z,1447.419,848.0,184.0,156.211,0.0,0.0,0.0,63.0,0.118734,0.0,0.0,0.0
2020-08-24T12:54:38.074000Z,2020-08-24T12:54:38.497000Z,1268.559,423.0,308.0,66.625,0.0,0.0,0.0,63.0,2.820116,0.0,0.0,0.0
2020-08-24T12:54:40.078000Z,2020-08-24T12:54:40.393999Z,910.954,316.0,372.0,69.633,0.0,0.0,0.0,63.0,3.996796,0.0,0.0,0.0
2020-08-24T12:54:42.079000Z,2020-08-24T12:54:42.441000Z,950.301,362.0,378.0,67.432,0.0,0.0,0.0,63.0,4.007015,0.0,0.0,0.0
2020-08-24T12:54:44.080000Z,2020-08-24T12:54:44.428000Z,1024.118,348.0,381.0,72.842,0.0,0.0,0.0,63.0,2.884254,0.0,0.0,0.0
2020-08-24T12:54:46.080999Z,2020-08-24T12:54:46.504000Z,1141.227,423.0,432.0,73.322,0.0,0.0,0.0,63.0,3.037925,0.0,0.0,0.0
2020-08-24T12:54:48.086000Z,2020-08-24T12:54:48.591000Z,1584.901,505.0,428.0,83.328,0.0,0.0,0.0,63.0,1.307073,0.0,0.0,0.0
2020-08-24T12:54:50.087000Z,2020-08-24T12:54:50.432000Z,823.99,345.0,408.0,85.245,0.0,0.0,0.0,63.0,3.560216,0.0,0.0,0.0
2020-08-24T12:54:52.088000Z,2020-08-24T12:54:52.373000Z,689.202,285.0,396.0,67.121,0.0,0.0,0.0,63.0,0.939117,0.0,0.0,0.0
2020-08-24T12:54:54.089000Z,2020-08-24T12:54:54.449999Z,693.039,361.0,384.0,66.096,0.0,0.0,0.0,63.0,2.08567,0.0,0.0,0.0
2020-08-24T12:54:56.089000Z,2020-08-24T12:54:56.364000Z,749.36,275.0,394.0,67.708,0.0,0.0,0.0,63.0,0.93483,0.0,0.0,0.0
2020-08-24T12:54:58.090000Z,2020-08-24T12:54:58.456000Z,896.855,366.0,398.0,68.917,0.0,0.0,0.0,63.0,3.337546,0.0,0.0,0.0
2020-08-24T12:55:00.340999Z,2020-08-24T12:55:00.641000Z,787.897,300.0,398.0,66.285,0.0,0.0,0.0,63.0,0.68711,0.0,0.0,0.0
2020-08-24T12:55:02.091000Z,2020-08-24T12:55:02.440000Z,863.477,349.0,398.0,76.029,0.0,0.0,0.0,63.0,3.645299,0.0,0.0,0.0
2020-08-24T12:55:04.092000Z,2020-08-24T12:55:04.405000Z,712.08,313.0,398.0,65.929,0.0,0.0,0.0,63.0,0.794978,0.0,0.0,0.0
2020-08-24T12:55:06.094000Z,2020-08-24T12:55:06.411000Z,876.785,317.0,414.0,67.148,0.0,0.0,0.0,63.0,0.910438,0.0,0.0,0.0
2020-08-24T12:55:08.095000Z,2020-08-24T12:55:08.561000Z,1474.078,466.0,414.0,74.228,0.0,0.0,0.0,63.0,2.724348,0.0,0.0,0.0
2020-08-24T12:55:10.348000Z,2020-08-24T12:55:11.153999Z,2493.75,806.0,414.0,74.291,0.0,0.0,0.0,63.0,3.808189,0.0,0.0,0.0
2020-08-24T12:55:12.120000Z,2020-08-24T12:55:12.861000Z,2460.748,741.0,412.0,88.712,0.0,0.0,0.0,63.0,0.657643,0.0,0.0,0.0
2020-08-24T12:55:14.100000Z,2020-08-24T12:55:14.929999Z,2550.921,830.0,376.0,93.554,0.0,0.0,0.0,63.0,3.987877,0.0,0.0,0.0
2020-08-24T12:55:16.350000Z,2020-08-24T12:55:17.081999Z,2341.584,732.0,392.0,65.84,0.0,0.0,0.0,63.0,0.434257,0.0,0.0,0.0
2020-08-24T12:55:18.102000Z,2020-08-24T12:55:18.929000Z,2642.083,827.0,392.0,83.251,0.0,0.0,0.0,63.0,1.73393,0.0,0.0,0.0
2020-08-24T12:55:20.102000Z,2020-08-24T12:55:20.859000Z,2532.162,757.0,372.0,65.823,0.0,0.0,0.0,63.0,0.944855,0.0,0.0,0.0
2020-08-24T12:55:22.355000Z,2020-08-24T12:55:23.192000Z,2651.13,837.0,382.0,90.536,0.0,0.0,0.0,63.0,3.983649,0.0,0.0,0.0
2020-08-24T12:55:24.105000Z,2020-08-24T12:55:24.588000Z,1292.61,483.0,394.0,65.567,0.0,0.0,0.0,63.0,0.479915,0.0,0.0,0.0
2020-08-24T12:55:26.358000Z,2020-08-24T12:55:26.846000Z,1301.542,488.0,372.0,80.883,0.0,0.0,0.0,63.0,1.099084,0.0,0.0,0.0
2020-08-24T12:55:28.358000Z,2020-08-24T12:55:28.892000Z,1512.701,534.0,378.0,72.504,0.0,0.0,0.0,63.0,0.18071,0.0,0.0,0.0
2020-08-24T12:55:30.112000Z,2020-08-24T12:55:30.948000Z,2813.388,836.0,384.0,66.929,0.0,0.0,0.0,63.0,0.9513,0.0,0.0,0.0
2020-08-24T12:55:32.360000Z,2020-08-24T12:55:32.862000Z,1412.748,502.0,385.0,82.059,0.0,0.0,0.0,63.0,2.920495,0.0,0.0,0.0
2020-08-24T12:55:34.121000Z,2020-08-24T12:55:34.641999Z,1433.453,521.0,400.0,67.968,0.0,0.0,0.0,63.0,3.935694,0.0,0.0,0.0
2020-08-24T12:55:36.368000Z,2020-08-24T12:55:36.844000Z,1516.616,476.0,402.0,84.568,0.0,0.0,0.0,63.0,0.061678,0.0,0.0,0.0
2020-08-24T12:55:38.113000Z,2020-08-24T12:55:38.629000Z,1462.742,516.0,402.0,92.956,0.0,0.0,0.0,63.0,3.99725,0.0,0.0,0.0
2020-08-24T12:55:40.364000Z,2020-08-24T12:55:40.878000Z,1446.14,514.0,396.0,68.801,0.0,0.0,0.0,63.0,1.436912,0.0,0.0,0.0
2020-08-24T12:55:42.365000Z,2020-08-24T12:55:42.846000Z,1412.959,481.0,374.0,72.189,0.0,0.0,0.0,63.0,0.68072,0.0,0.0,0.0
2020-08-24T12:55:44.367000Z,2020-08-24T12:55:44.871000Z,1465.206,504.0,388.0,67.443,0.0,0.0,0.0,63.0,2.525287,0.0,0.0,0.0
2020-08-24T12:55:46.370000Z,2020-08-24T12:55:46.934000Z,1649.783,564.0,388.0,76.38,0.0,0.0,0.0,63.0,1.162526,0.0,0.0,0.0
2020-08-24T12:55:48.120000Z,2020-08-24T12:55:48.494000Z,971.244,374.0,390.0,81.792,0.0,0.0,0.0,63.0,0.554982,0.0,0.0,0.0
2020-08-24T12:55:50.124000Z,2020-08-24T12:55:50.476000Z,1014.126,352.0,399.0,75.649,0.0,0.0,0.0,63.0,1.808666,0.0,0.0,0.0
2020-08-24T12:55:52.372000Z,2020-08-24T12:55:52.747000Z,1000.324,375.0,416.0,80.497,0.0,0.0,0.0,63.0,3.460683,0.0,0.0,0.0
2020-08-24T12:55:54.123000Z,2020-08-24T12:55:54.481999Z,962.882,359.0,452.0,70.711,0.0,0.0,0.0,63.0,2.62636,0.0,0.0,0.0
2020-08-24T12:55:56.375000Z,2020-08-24T12:55:56.731000Z,1038.359,356.0,450.0,68.262,0.0,0.0,0.0,63.0,1.937699,0.0,0.0,0.0
2020-08-24T12:55:58.126000Z,2020-08-24T12:55:58.548000Z,1066.848,422.0,446.0,70.291,0.0,0.0,0.0,63.0,3.07454,0.0,0.0,0.0
2020-08-24T12:56:00.376000Z,2020-08-24T12:56:00.729000Z,1036.128,353.0,426.0,77.831,0.0,0.0,0.0,63.0,0.10842,0.0,0.0,0.0
2020-08-24T12:56:02.128000Z,2020-08-24T12:56:02.673999Z,1630.769,546.0,378.0,84.926,0.0,0.0,0.0,63.0,2.988047,0.0,0.0,0.0
2020-08-24T12:56:04.379000Z,2020-08-24T12:56:04.799000Z,1178.437,420.0,400.0,69.411,0.0,0.0,0.0,63.0,1.96446,0.0,0.0,0.0
2020-08-24T12:56:06.381000Z,2020-08-24T12:56:06.759000Z,1069.918,378.0,400.0,82.547,0.0,0.0,0.0,63.0,1.981008,0.0,0.0,0.0
2020-08-24T12:56:08.381000Z,2020-08-24T12:56:08.697000Z,662.323,316.0,400.0,69.492,0.0,0.0,0.0,63.0,2.629798,0.0,0.0,0.0
2020-08-24T12:56:10.387000Z,2020-08-24T12:56:10.686000Z,841.059,299.0,398.0,70.315,0.0,0.0,0.0,63.0,0.220902,0.0,0.0,0.0
2020-08-24T12:56:12.225999Z,2020-08-24T12:56:12.673999Z,1068.96,448.0,398.0,68.011,0.0,0.0,0.0,63.0,3.081821,0.0,0.0,0.0
2020-08-24T12:56:14.140000Z,2020-08-24T12:56:14.491000Z,874.633,351.0,389.0,82.365,0.0,0.0,0.0,63.0,0.222887,0.0,0.0,0.0
2020-08-24T12:56:16.391000Z,2020-08-24T12:56:16.697999Z,837.48,307.0,400.0,66.455,0.0,0.0,0.0,63.0,0.828488,0.0,0.0,0.0
2020-08-24T12:56:18.392000Z,2020-08-24T12:56:18.731000Z,806.532,339.0,400.0,67.523,0.0,0.0,0.0,63.0,3.659266,0.0,0.0,0.0
2020-08-24T12:56:20.393000Z,2020-08-24T12:56:20.681999Z,798.784,289.0,410.0,64.993,0.0,0.0,0.0,63.0,0.4704,0.0,0.0,0.0
2020-08-24T12:56:22.395000Z,2020-08-24T12:56:22.737999Z,908.64,343.0,410.0,69.506,0.0,0.0,0.0,63.0,3.665686,0.0,0.0,0.0
2020-08-24T12:56:24.145000Z,2020-08-24T12:56:24.457000Z,828.629,312.0,410.0,67.609,0.0,0.0,0.0,63.0,1.916611,0.0,0.0,0.0
2020-08-24T12:56:26.396999Z,2020-08-24T12:56:26.740000Z,867.493,343.0,409.0,73.752,0.0,0.0,0.0,63.0,2.53415,0.0,0.0,0.0
2020-08-24T12:56:28.396000Z,2020-08-24T12:56:28.694000Z,745.799,298.0,408.0,78.432,0.0,0.0,0.0,63.0,2.28721,0.0,0.0,0.0
2020-08-24T12:56:30.396999Z,2020-08-24T12:56:30.723000Z,698.421,326.0,392.0,70.77,0.0,0.0,0.0,63.0,1.842381,0.0,0.0,0.0
2020-08-24T12:56:32.399000Z,2020-08-24T12:56:33.041999Z,1868.569,643.0,400.0,68.531,0.0,0.0,0.0,63.0,0.922292,0.0,0.0,0.0
2020-08-24T12:56:34.445000Z,2020-08-24T12:56:35.808000Z,1773.857,1363.0,400.0,65.474,0.0,0.0,0.0,63.0,1.05506,0.0,0.0,0.0
2020-08-24T12:56:36.312000Z,2020-08-24T12:56:36.689000Z,1092.516,377.0,370.0,124.098,0.0,0.0,0.0,63.0,0.85112,0.0,0.0,0.0
2020-08-24T12:56:38.402000Z,2020-08-24T12:56:38.777999Z,1130.001,376.0,366.0,70.816,0.0,0.0,0.0,63.0,2.592953,0.0,0.0,0.0
2020-08-24T12:56:40.404000Z,2020-08-24T12:56:41.067000Z,1972.567,663.0,388.0,79.657,0.0,0.0,0.0,63.0,4.086839,0.0,0.0,0.0
2020-08-24T12:56:42.404000Z,2020-08-24T12:56:42.716000Z,699.782,312.0,396.0,70.354,0.0,0.0,0.0,63.0,1.420686,0.0,0.0,0.0
2020-08-24T12:56:44.406000Z,2020-08-24T12:56:44.740000Z,718.84,334.0,406.0,73.316,0.0,0.0,0.0,63.0,1.889854,0.0,0.0,0.0
2020-08-24T12:56:46.407000Z,2020-08-24T12:56:46.992000Z,1785.579,585.0,406.0,67.752,0.0,0.0,0.0,63.0,0.92571,0.0,0.0,0.0
2020-08-24T12:56:48.408000Z,2020-08-24T12:56:48.680000Z,638.744,272.0,406.0,68.619,0.0,0.0,0.0,63.0,1.752463,0.0,0.0,0.0
2020-08-24T12:56:50.409000Z,2020-08-24T12:56:50.689999Z,565.689,281.0,406.0,65.416,0.0,0.0,0.0,63.0,1.685231,0.0,0.0,0.0
2020-08-24T12:56:52.409999Z,2020-08-24T12:56:52.769999Z,1077.09,360.0,406.0,66.705,0.0,0.0,0.0,63.0,0.302578,0.0,0.0,0.0
2020-08-24T12:56:54.411000Z,2020-08-24T12:56:54.799000Z,1131.494,388.0,436.0,95.374,0.0,0.0,0.0,63.0,3.860865,0.0,0.0,0.0
2020-08-24T12:56:56.412000Z,2020-08-24T12:56:56.659000Z,580.048,247.0,440.0,69.906,0.0,0.0,0.0,63.0,3.808574,0.0,0.0,0.0
2020-08-24T12:56:58.412000Z,2020-08-24T12:56:58.679000Z,580.359,267.0,436.0,66.825,0.0,0.0,0.0,63.0,2.181173,0.0,0.0,0.0
2020-08-24T12:57:00.255000Z,2020-08-24T12:57:00.680000Z,1317.686,425.0,436.0,68.887,0.0,0.0,0.0,63.0,1.433838,0.0,0.0,0.0
2020-08-24T12:57:02.415000Z,2020-08-24T12:57:02.646000Z,589.073,231.0,382.0,94.938,0.0,0.0,0.0,63.0,3.90745,0.0,0.0,0.0
2020-08-24T12:57:04.416000Z,2020-08-24T12:57:04.681999Z,523.47,266.0,384.0,79.167,0.0,0.0,0.0,63.0,3.955854,0.0,0.0,0.0
2020-08-24T12:57:06.416999Z,2020-08-24T12:57:06.699000Z,773.578,282.0,382.0,67.469,0.0,0.0,0.0,63.0,0.941849,0.0,0.0,0.0
2020-08-24T12:57:08.418000Z,2020-08-24T12:57:09.059000Z,1011.581,641.0,390.0,81.369,0.0,0.0,0.0,63.0,4.02575,0.0,0.0,0.0
2020-08-24T12:57:10.419000Z,2020-08-24T12:57:10.715000Z,691.031,296.0,424.0,70.208,0.0,0.0,0.0,63.0,3.79589,0.0,0.0,0.0
2020-08-24T12:57:12.419000Z,2020-08-24T12:57:12.741000Z,781.886,322.0,424.0,66.387,0.0,0.0,0.0,63.0,1.440881,0.0,0.0,0.0
2020-08-24T12:57:14.420000Z,2020-08-24T12:57:14.701000Z,560.689,281.0,382.0,66.679,0.0,0.0,0.0,63.0,1.137536,0.0,0.0,0.0
2020-08-24T12:57:16.421000Z,2020-08-24T12:57:16.585999Z,342.397,165.0,384.0,66.351,0.0,0.0,0.0,63.0,0.105171,0.0,0.0,0.0
2020-08-24T12:57:18.422000Z,2020-08-24T12:57:18.584000Z,347.562,162.0,394.0,77.645,0.0,0.0,0.0,63.0,3.376299,0.0,0.0,0.0
2020-08-24T12:57:20.424000Z,2020-08-24T12:57:20.707000Z,616.632,283.0,394.0,67.684,0.0,0.0,0.0,63.0,3.518086,0.0,0.0,0.0
2020-08-24T12:57:22.426000Z,2020-08-24T12:57:22.889999Z,1290.579,464.0,394.0,65.855,0.0,0.0,0.0,63.0,0.884608,0.0,0.0,0.0
2020-08-24T12:57:24.265999Z,2020-08-24T12:57:24.630000Z,1065.877,364.0,376.0,69.23,0.0,0.0,0.0,63.0,0.960801,0.0,0.0,0.0
2020-08-24T12:57:26.427000Z,2020-08-24T12:57:26.806000Z,909.047,379.0,380.0,69.151,0.0,0.0,0.0,63.0,3.822488,0.0,0.0,0.0
2020-08-24T12:57:28.429000Z,2020-08-24T12:57:28.841000Z,1264.672,412.0,390.0,72.118,0.0,0.0,0.0,63.0,0.126624,0.0,0.0,0.0
2020-08-24T12:57:30.431000Z,2020-08-24T12:57:30.793999Z,936.738,363.0,386.0,69.186,0.0,0.0,0.0,63.0,2.938967,0.0,0.0,0.0
2020-08-24T12:57:32.431000Z,2020-08-24T12:57:32.760000Z,752.497,329.0,395.0,65.763,0.0,0.0,0.0,63.0,1.1872,0.0,0.0,0.0
2020-08-24T12:57:34.435000Z,2020-08-24T12:57:35.197000Z,1038.623,762.0,404.0,67.765,0.0,0.0,0.0,63.0,0.928988,0.0,0.0,0.0
2020-08-24T12:57:36.432999Z,2020-08-24T12:57:36.745000Z,884.666,312.0,378.0,82.501,0.0,0.0,0.0,63.0,0.01265,0.0,0.0,0.0
2020-08-24T12:57:38.433999Z,2020-08-24T12:57:38.729000Z,838.115,295.0,376.0,69.449,0.0,0.0,0.0,63.0,2.796233,0.0,0.0,0.0
2020-08-24T12:57:40.433999Z,2020-08-24T12:57:40.696000Z,600.354,262.0,390.0,74.6,0.0,0.0,0.0,63.0,0.05459,0.0,0.0,0.0
2020-08-24T12:57:42.437000Z,2020-08-24T12:57:42.669000Z,608.134,232.0,387.0,69.715,0.0,0.0,0.0,63.0,1.769994,0.0,0.0,0.0
2020-08-24T12:57:44.437000Z,2020-08-24T12:57:44.728000Z,634.538,291.0,392.0,69.236,0.0,0.0,0.0,63.0,4.056071,0.0,0.0,0.0
2020-08-24T12:57:46.438000Z,2020-08-24T12:57:46.598000Z,337.003,160.0,393.0,66.399,0.0,0.0,0.0,63.0,0.888185,0.0,0.0,0.0
2020-08-24T12:57:48.281999Z,2020-08-24T12:57:48.440000Z,332.778,158.0,418.0,70.063,0.0,0.0,0.0,63.0,3.966392,0.0,0.0,0.0
2020-08-24T12:57:50.440000Z,2020-08-24T12:57:50.699000Z,441.304,259.0,422.0,80.946,0.0,0.0,0.0,63.0,3.688232,0.0,0.0,0.0
2020-08-24T12:57:52.443000Z,2020-08-24T12:57:52.809999Z,881.908,367.0,418.0,67.719,0.0,0.0,0.0,63.0,0.263073,0.0,0.0,0.0
2020-08-24T12:57:54.443000Z,2020-08-24T12:57:54.715000Z,682.384,272.0,402.0,68.873,0.0,0.0,0.0,63.0,0.9367,0.0,0.0,0.0
2020-08-24T12:57:56.444000Z,2020-08-24T12:57:56.735000Z,610.456,291.0,402.0,65.986,0.0,0.0,0.0,63.0,2.411631,0.0,0.0,0.0
2020-08-24T12:57:58.445000Z,2020-08-24T12:57:58.725000Z,601.395,280.0,396.0,71.438,0.0,0.0,0.0,63.0,0.931331,0.0,0.0,0.0
2020-08-24T12:58:00.451000Z,2020-08-24T12:58:02.374000Z,6660.937,1923.0,372.0,65.032,0.0,0.0,0.0,63.0,0.892984,0.0,0.0,0.0
2020-08-24T12:58:02.376000Z,2020-08-24T12:58:02.729999Z,1017.266,354.0,374.0,85.685,0.0,0.0,0.0,63.0,0.552208,0.0,0.0,0.0
2020-08-24T12:58:04.448000Z,2020-08-24T12:58:04.665999Z,503.82,218.0,366.0,72.322,0.0,0.0,0.0,63.0,4.014433,0.0,0.0,0.0
2020-08-24T12:58:06.449999Z,2020-08-24T12:58:06.760000Z,782.149,310.0,372.0,75.991,0.0,0.0,0.0,63.0,2.960293,0.0,0.0,0.0
2020-08-24T12:58:08.451000Z,2020-08-24T12:58:08.755000Z,797.073,304.0,390.0,68.144,0.0,0.0,0.0,63.0,1.760115,0.0,0.0,0.0
2020-08-24T12:58:10.452000Z,2020-08-24T12:58:10.581000Z,236.1,129.0,386.0,69.737,0.0,0.0,0.0,63.0,2.937087,0.0,0.0,0.0
2020-08-24T12:58:12.292000Z,2020-08-24T12:58:12.427000Z,251.011,135.0,386.0,67.57,0.0,0.0,0.0,63.0,2.937087,0.0,0.0,0.0
2020-08-24T12:58:14.452999Z,2020-08-24T12:58:14.905000Z,1412.091,452.0,386.0,70.803,0.0,0.0,0.0,63.0,2.937087,0.0,0.0,0.0
2020-08-24T12:58:16.455000Z,2020-08-24T12:58:16.638000Z,429.237,183.0,368.0,80.097,0.0,0.0,0.0,63.0,3.957898,0.0,0.0,0.0
2020-08-24T12:58:18.454000Z,2020-08-24T12:58:18.532000Z,38.468,78.0,370.0,66.951,0.0,0.0,0.0,63.0,3.913724,0.0,0.0,0.0
2020-08-24T12:58:20.458000Z,2020-08-24T12:58:20.608000Z,298.778,150.0,376.0,67.459,0.0,0.0,0.0,63.0,3.913724,0.0,0.0,0.0
2020-08-24T12:58:22.458000Z,2020-08-24T12:58:22.753000Z,779.911,295.0,376.0,68.152,0.0,0.0,0.0,63.0,3.953834,0.0,0.0,0.0
2020-08-24T12:58:24.459000Z,2020-08-24T12:58:24.745999Z,795.207,287.0,372.0,66.053,0.0,0.0,0.0,63.0,2.768081,0.0,0.0,0.0
2020-08-24T12:58:26.460000Z,2020-08-24T12:58:26.772000Z,888.027,312.0,380.0,77.049,0.0,0.0,0.0,63.0,3.14444,0.0,0.0,0.0
2020-08-24T12:58:28.460000Z,2020-08-24T12:58:28.713999Z,680.585,254.0,378.0,66.628,0.0,0.0,0.0,63.0,3.109151,0.0,0.0,0.0
2020-08-24T12:58:30.463000Z,2020-08-24T12:58:30.692000Z,602.617,229.0,378.0,76.833,0.0,0.0,0.0,63.0,3.939156,0.0,0.0,0.0
2020-08-24T12:58:32.464000Z,2020-08-24T12:58:32.751000Z,708.135,287.0,388.0,68.515,0.0,0.0,0.0,63.0,3.948506,0.0,0.0,0.0
2020-08-24T12:58:34.465000Z,2020-08-24T12:58:36.161999Z,844.234,1697.0,396.0,65.306,0.0,0.0,0.0,63.0,1.925145,0.0,0.0,0.0
2020-08-24T12:58:36.314000Z,2020-08-24T12:58:36.641999Z,919.267,328.0,396.0,124.359,0.0,0.0,0.0,63.0,0.571512,0.0,0.0,0.0
2020-08-24T12:58:38.467000Z,2020-08-24T12:58:38.805000Z,974.303,338.0,368.0,66.913,0.0,0.0,0.0,63.0,3.774593,0.0,0.0,0.0
2020-08-24T12:58:40.467000Z,2020-08-24T12:58:40.760000Z,664.017,293.0,378.0,76.173,0.0,0.0,0.0,63.0,3.997055,0.0,0.0,0.0
2020-08-24T12:58:42.470000Z,2020-08-24T12:58:42.753000Z,658.171,283.0,422.0,68.43,0.0,0.0,0.0,63.0,0.921021,0.0,0.0,0.0
2020-08-24T12:58:44.471000Z,2020-08-24T12:58:44.745999Z,716.596,275.0,423.0,65.2,0.0,0.0,0.0,63.0,1.283415,0.0,0.0,0.0
2020-08-24T12:58:46.471000Z,2020-08-24T12:58:46.761999Z,676.549,291.0,422.0,68.222,0.0,0.0,0.0,63.0,2.820128,0.0,0.0,0.0
2020-08-24T12:58:48.477000Z,2020-08-24T12:58:48.585000Z,149.868,108.0,371.0,65.088,0.0,0.0,0.0,63.0,1.138183,0.0,0.0,0.0
2020-08-24T12:58:50.478000Z,2020-08-24T12:58:50.766000Z,540.218,288.0,374.0,69.057,0.0,0.0,0.0,63.0,1.472062,0.0,0.0,0.0
2020-08-24T12:58:52.479000Z,2020-08-24T12:58:52.761000Z,569.551,282.0,396.0,68.194,0.0,0.0,0.0,63.0,0.021453,0.0,0.0,0.0
2020-08-24T12:58:54.481000Z,2020-08-24T12:58:54.753000Z,551.014,272.0,406.0,69.335,0.0,0.0,0.0,63.0,0.161936,0.0,0.0,0.0
2020-08-24T12:58:56.481999Z,2020-08-24T12:58:56.769999Z,579.532,288.0,406.0,67.931,0.0,0.0,0.0,63.0,0.932144,0.0,0.0,0.0
2020-08-24T12:58:58.483000Z,2020-08-24T12:58:58.763000Z,513.072,280.0,383.0,69.655,0.0,0.0,0.0,63.0,0.233998,0.0,0.0,0.0
2020-08-24T12:59:00.327000Z,2020-08-24T12:59:00.744000Z,1032.082,417.0,382.0,67.431,0.0,0.0,0.0,63.0,0.934051,0.0,0.0,0.0
2020-08-24T12:59:02.491000Z,2020-08-24T12:59:02.841999Z,1042.007,351.0,390.0,68.894,0.0,0.0,0.0,63.0,0.301164,0.0,0.0,0.0
2020-08-24T12:59:04.492000Z,2020-08-24T12:59:04.902000Z,1171.755,410.0,388.0,79.328,0.0,0.0,0.0,63.0,3.060605,0.0,0.0,0.0
2020-08-24T12:59:06.493000Z,2020-08-24T12:59:06.878000Z,1072.412,385.0,374.0,67.364,0.0,0.0,0.0,63.0,1.918072,0.0,0.0,0.0
2020-08-24T12:59:08.494000Z,2020-08-24T12:59:08.848000Z,780.498,354.0,388.0,71.418,0.0,0.0,0.0,63.0,3.970529,0.0,0.0,0.0
2020-08-24T12:59:10.494000Z,2020-08-24T12:59:10.789000Z,800.043,295.0,390.0,72.613,0.0,0.0,0.0,63.0,0.862893,0.0,0.0,0.0
2020-08-24T12:59:12.495000Z,2020-08-24T12:59:12.757000Z,721.189,262.0,388.0,67.584,0.0,0.0,0.0,63.0,3.12358,0.0,0.0,0.0
2020-08-24T12:59:14.497000Z,2020-08-24T12:59:14.841000Z,759.322,344.0,388.0,80.304,0.0,0.0,0.0,63.0,3.969496,0.0,0.0,0.0
2020-08-24T12:59:16.498000Z,2020-08-24T12:59:16.809999Z,670.623,312.0,389.0,67.388,0.0,0.0,0.0,63.0,0.83634,0.0,0.0,0.0
2020-08-24T12:59:18.499000Z,2020-08-24T12:59:18.838000Z,873.962,339.0,410.0,65.384,0.0,0.0,0.0,63.0,0.416164,0.0,0.0,0.0
2020-08-24T12:59:20.501000Z,2020-08-24T12:59:21.279000Z,2345.202,778.0,410.0,67.714,0.0,0.0,0.0,63.0,1.675427,0.0,0.0,0.0
2020-08-24T12:59:22.501000Z,2020-08-24T12:59:23.024000Z,1559.671,523.0,412.0,80.442,0.0,0.0,0.0,63.0,0.092919,0.0,0.0,0.0
2020-08-24T12:59:24.501000Z,2020-08-24T12:59:24.809999Z,694.66,309.0,412.0,68.964,0.0,0.0,0.0,63.0,1.613842,0.0,0.0,0.0
2020-08-24T12:59:26.503000Z,2020-08-24T12:59:26.837000Z,828.963,334.0,408.0,65.502,0.0,0.0,0.0,63.0,0.622669,0.0,0.0,0.0
2020-08-24T12:59:28.503000Z,2020-08-24T12:59:28.808000Z,740.181,305.0,408.0,66.345,0.0,0.0,0.0,63.0,1.486487,0.0,0.0,0.0
2020-08-24T12:59:30.505000Z,2020-08-24T12:59:30.757000Z,524.393,252.0,374.0,66.666,0.0,0.0,0.0,63.0,1.169479,0.0,0.0,0.0
2020-08-24T12:59:32.505999Z,2020-08-24T12:59:32.651000Z,280.728,145.0,374.0,73.08,0.0,0.0,0.0,63.0,3.981358,0.0,0.0,0.0
2020-08-24T12:59:34.508000Z,2020-08-24T12:59:34.789000Z,484.898,281.0,378.0,69.313,0.0,0.0,0.0,63.0,3.557105,0.0,0.0,0.0
2020-08-24T12:59:36.508000Z,2020-08-24T12:59:36.766000Z,680.381,258.0,374.0,73.333,0.0,0.0,0.0,63.0,0.073346,0.0,0.0,0.0
2020-08-24T12:59:38.511000Z,2020-08-24T12:59:38.889000Z,1105.959,378.0,374.0,75.245,0.0,0.0,0.0,63.0,3.929597,0.0,0.0,0.0
2020-08-24T12:59:40.512000Z,2020-08-24T12:59:41.241000Z,2258.861,729.0,376.0,148.33,0.0,0.0,0.0,63.0,0.126132,0.0,0.0,0.0
2020-08-24T12:59:42.518000Z,2020-08-24T12:59:43.031000Z,1428.685,513.0,408.0,65.063,0.0,0.0,0.0,63.0,0.676944,0.0,0.0,0.0
2020-08-24T12:59:44.521000Z,2020-08-24T12:59:45.172000Z,1937.938,651.0,408.0,68.025,0.0,0.0,0.0,63.0,0.927794,0.0,0.0,0.0
2020-08-24T12:59:46.520000Z,2020-08-24T12:59:46.921000Z,1205.748,401.0,388.0,81.365,0.0,0.0,0.0,63.0,0.154131,0.0,0.0,0.0
2020-08-24T12:59:48.360999Z,2020-08-24T12:59:48.445000Z,60.732,84.0,382.0,69.494,0.0,0.0,0.0,63.0,2.731568,0.0,0.0,0.0
2020-08-24T12:59:50.521999Z,2020-08-24T12:59:50.809999Z,613.253,288.0,382.0,68.373,0.0,0.0,0.0,63.0,2.731568,0.0,0.0,0.0
2020-08-24T12:59:52.523000Z,2020-08-24T12:59:52.725000Z,489.289,202.0,382.0,65.524,0.0,0.0,0.0,63.0,0.583542,0.0,0.0,0.0
2020-08-24T12:59:54.524000Z,2020-08-24T12:59:54.632000Z,154.046,108.0,382.0,66.818,0.0,0.0,0.0,63.0,3.428378,0.0,0.0,0.0
2020-08-24T12:59:56.529000Z,2020-08-24T12:59:57.099000Z,1537.261,570.0,386.0,68.593,0.0,0.0,0.0,63.0,3.428378,0.0,0.0,0.0
2020-08-24T12:59:58.533000Z,2020-08-24T12:59:58.969999Z,1360.489,437.0,398.0,67.455,0.0,0.0,0.0,63.0,0.937812,0.0,0.0,0.0
2020-08-24T13:00:00.530000Z,2020-08-24T13:00:00.953000Z,1071.911,423.0,398.0,82.759,0.0,0.0,0.0,63.0,3.28169,0.0,0.0,0.0
2020-08-24T13:00:02.531000Z,2020-08-24T13:00:02.996000Z,1266.006,465.0,378.0,73.551,0.0,0.0,0.0,63.0,0.107515,0.0,0.0,0.0
2020-08-24T13:00:04.532000Z,2020-08-24T13:00:04.928000Z,913.277,396.0,378.0,73.65,0.0,0.0,0.0,63.0,1.536396,0.0,0.0,0.0
2020-08-24T13:00:06.533000Z,2020-08-24T13:00:06.827000Z,828.674,294.0,385.0,71.055,0.0,0.0,0.0,63.0,0.105301,0.0,0.0,0.0
2020-08-24T13:00:08.533000Z,2020-08-24T13:00:08.911000Z,916.467,378.0,384.0,67.08,0.0,0.0,0.0,63.0,3.599902,0.0,0.0,0.0
2020-08-24T13:00:10.534000Z,2020-08-24T13:00:10.825999Z,837.621,292.0,387.0,68.189,0.0,0.0,0.0,63.0,0.216858,0.0,0.0,0.0
2020-08-24T13:00:12.539000Z,2020-08-24T13:00:12.927000Z,897.572,388.0,386.0,66.883,0.0,0.0,0.0,63.0,3.531487,0.0,0.0,0.0
2020-08-24T13:00:14.541000Z,2020-08-24T13:00:14.839000Z,859.529,298.0,394.0,67.043,0.0,0.0,0.0,63.0,0.31202,0.0,0.0,0.0
2020-08-24T13:00:16.541000Z,2020-08-24T13:00:16.908000Z,884.31,367.0,394.0,72.329,0.0,0.0,0.0,63.0,3.259808,0.0,0.0,0.0
2020-08-24T13:00:18.542000Z,2020-08-24T13:00:18.856000Z,881.961,314.0,394.0,67.287,0.0,0.0,0.0,63.0,0.935255,0.0,0.0,0.0
2020-08-24T13:00:20.544000Z,2020-08-24T13:00:20.941000Z,984.889,397.0,396.0,69.674,0.0,0.0,0.0,63.0,3.122675,0.0,0.0,0.0
2020-08-24T13:00:22.544000Z,2020-08-24T13:00:22.828000Z,701.368,284.0,396.0,67.772,0.0,0.0,0.0,63.0,0.93869,0.0,0.0,0.0
2020-08-24T13:00:24.544999Z,2020-08-24T13:00:24.865999Z,736.29,321.0,396.0,65.94,0.0,0.0,0.0,63.0,2.354748,0.0,0.0,0.0
2020-08-24T13:00:26.547000Z,2020-08-24T13:00:26.846000Z,709.194,299.0,371.0,69.96,0.0,0.0,0.0,63.0,0.77544,0.0,0.0,0.0
2020-08-24T13:00:28.547000Z,2020-08-24T13:00:28.797000Z,681.147,250.0,375.0,65.654,0.0,0.0,0.0,63.0,2.429588,0.0,0.0,0.0
2020-08-24T13:00:30.549000Z,2020-08-24T13:00:30.883000Z,705.334,334.0,382.0,78.691,0.0,0.0,0.0,63.0,4.04655,0.0,0.0,0.0
2020-08-24T13:00:32.551000Z,2020-08-24T13:00:33.030000Z,1527.908,479.0,382.0,66.955,0.0,0.0,0.0,63.0,0.942407,0.0,0.0,0.0
2020-08-24T13:00:34.569000Z,2020-08-24T13:00:35.940000Z,962.478,1371.0,392.0,71.683,0.0,0.0,0.0,63.0,3.635331,0.0,0.0,0.0
2020-08-24T13:00:36.556000Z,2020-08-24T13:00:36.945999Z,1051.017,390.0,392.0,74.451,0.0,0.0,0.0,63.0,0.911339,0.0,0.0,0.0
2020-08-24T13:00:38.557000Z,2020-08-24T13:00:38.849999Z,824.754,293.0,373.0,72.522,0.0,0.0,0.0,63.0,1.820971,0.0,0.0,0.0
2020-08-24T13:00:40.558000Z,2020-08-24T13:00:40.832000Z,746.7,274.0,382.0,66.549,0.0,0.0,0.0,63.0,3.238546,0.0,0.0,0.0
2020-08-24T13:00:42.559000Z,2020-08-24T13:00:42.870000Z,872.697,311.0,392.0,68.502,0.0,0.0,0.0,63.0,3.912058,0.0,0.0,0.0
2020-08-24T13:00:44.560000Z,2020-08-24T13:00:44.903000Z,773.383,343.0,392.0,78.526,0.0,0.0,0.0,63.0,3.652385,0.0,0.0,0.0
2020-08-24T13:00:46.561999Z,2020-08-24T13:00:46.966000Z,1124.896,404.0,392.0,67.122,0.0,0.0,0.0,63.0,0.929418,0.0,0.0,0.0
2020-08-24T13:00:48.568000Z,2020-08-24T13:00:49.049999Z,1508.082,482.0,380.0,70.981,0.0,0.0,0.0,63.0,3.930804,0.0,0.0,0.0
2020-08-24T13:00:50.568000Z,2020-08-24T13:00:51.008000Z,1119.081,440.0,400.0,83.695,0.0,0.0,0.0,63.0,3.702167,0.0,0.0,0.0
2020-08-24T13:00:52.569000Z,2020-08-24T13:00:53.094000Z,1471.388,525.0,400.0,77.771,0.0,0.0,0.0,63.0,1.051253,0.0,0.0,0.0
2020-08-24T13:00:54.570000Z,2020-08-24T13:00:55.109000Z,1721.599,539.0,418.0,73.544,0.0,0.0,0.0,63.0,0.097733,0.0,0.0,0.0
2020-08-24T13:00:56.571000Z,2020-08-24T13:00:57.053000Z,1312.314,482.0,432.0,68.785,0.0,0.0,0.0,63.0,2.87593,0.0,0.0,0.0
2020-08-24T13:00:58.573000Z,2020-08-24T13:00:59.212000Z,1860.172,639.0,432.0,66.626,0.0,0.0,0.0,63.0,0.306737,0.0,0.0,0.0
2020-08-24T13:01:00.574000Z,2020-08-24T13:01:01.070000Z,1355.635,496.0,402.0,68.462,0.0,0.0,0.0,63.0,0.924659,0.0,0.0,0.0
2020-08-24T13:01:02.576000Z,2020-08-24T13:01:03.183000Z,1830.816,607.0,420.0,67.016,0.0,0.0,0.0,63.0,0.290195,0.0,0.0,0.0
2020-08-24T13:01:04.576000Z,2020-08-24T13:01:05.185999Z,1823.804,610.0,422.0,65.221,0.0,0.0,0.0,63.0,0.800008,0.0,0.0,0.0
2020-08-24T13:01:06.577000Z,2020-08-24T13:01:07.007000Z,1335.425,430.0,414.0,64.497,0.0,0.0,0.0,63.0,0.822057,0.0,0.0,0.0
2020-08-24T13:01:08.577999Z,2020-08-24T13:01:09.163000Z,1778.111,585.0,392.0,78.062,0.0,0.0,0.0,63.0,2.995714,0.0,0.0,0.0
2020-08-24T13:01:10.579000Z,2020-08-24T13:01:10.998000Z,1260.889,419.0,368.0,67.673,0.0,0.0,0.0,63.0,1.449661,0.0,0.0,0.0
2020-08-24T13:01:12.580999Z,2020-08-24T13:01:13.241000Z,2020.105,660.0,386.0,80.644,0.0,0.0,0.0,63.0,2.771116,0.0,0.0,0.0
2020-08-24T13:01:14.580999Z,2020-08-24T13:01:15.039000Z,1416.501,458.0,386.0,81.587,0.0,0.0,0.0,63.0,1.15574,0.0,0.0,0.0
2020-08-24T13:01:16.582000Z,2020-08-24T13:01:16.909000Z,751.356,327.0,396.0,75.559,0.0,0.0,0.0,63.0,3.739059,0.0,0.0,0.0
2020-08-24T13:01:18.583000Z,2020-08-24T13:01:18.897999Z,835.109,315.0,402.0,65.686,0.0,0.0,0.0,63.0,0.580935,0.0,0.0,0.0
2020-08-24T13:01:20.583000Z,2020-08-24T13:01:20.887000Z,642.846,304.0,402.0,69.24,0.0,0.0,0.0,63.0,2.105258,0.0,0.0,0.0
2020-08-24T13:01:22.585000Z,2020-08-24T13:01:22.889999Z,825.322,305.0,377.0,69.748,0.0,0.0,0.0,63.0,0.236494,0.0,0.0,0.0
2020-08-24T13:01:24.586000Z,2020-08-24T13:01:24.960000Z,857.169,374.0,380.0,66.173,0.0,0.0,0.0,63.0,3.450357,0.0,0.0,0.0
2020-08-24T13:01:26.590000Z,2020-08-24T13:01:26.878000Z,779.475,288.0,392.0,74.92,0.0,0.0,0.0,63.0,0.047034,0.0,0.0,0.0
2020-08-24T13:01:28.591000Z,2020-08-24T13:01:28.891000Z,653.914,300.0,389.0,68.041,0.0,0.0,0.0,63.0,3.306341,0.0,0.0,0.0
2020-08-24T13:01:30.591000Z,2020-08-24T13:01:30.889999Z,753.357,299.0,392.0,67.611,0.0,0.0,0.0,63.0,0.932767,0.0,0.0,0.0
2020-08-24T13:01:32.592000Z,2020-08-24T13:01:32.870000Z,780.379,278.0,380.0,66.181,0.0,0.0,0.0,63.0,2.469883,0.0,0.0,0.0
2020-08-24T13:01:34.593000Z,2020-08-24T13:01:34.870000Z,632.373,277.0,396.0,67.755,0.0,0.0,0.0,63.0,4.293324,0.0,0.0,0.0
2020-08-24T13:01:36.596000Z,2020-08-24T13:01:37.019000Z,1289.281,423.0,393.0,65.837,0.0,0.0,0.0,63.0,1.654436,0.0,0.0,0.0
2020-08-24T13:01:38.596000Z,2020-08-24T13:01:38.919000Z,823.089,323.0,412.0,87.652,0.0,0.0,0.0,63.0,3.554146,0.0,0.0,0.0
2020-08-24T13:01:40.599000Z,2020-08-24T13:01:40.937999Z,996.271,339.0,411.0,78.98,0.0,0.0,0.0,63.0,2.860837,0.0,0.0,0.0
2020-08-24T13:01:42.599000Z,2020-08-24T13:01:42.909000Z,856.478,310.0,382.0,76.202,0.0,0.0,0.0,63.0,3.377957,0.0,0.0,0.0
2020-08-24T13:01:44.600000Z,2020-08-24T13:01:45.081999Z,1278.11,482.0,378.0,67.789,0.0,0.0,0.0,63.0,2.738184,0.0,0.0,0.0
2020-08-24T13:01:46.600999Z,2020-08-24T13:01:47.189000Z,1701.941,588.0,382.0,82.376,0.0,0.0,0.0,63.0,0.452403,0.0,0.0,0.0
2020-08-24T13:01:48.600999Z,2020-08-24T13:01:49.078000Z,1496.436,477.0,382.0,75.129,0.0,0.0,0.0,63.0,0.892254,0.0,0.0,0.0
2020-08-24T13:01:50.603000Z,2020-08-24T13:01:51.089999Z,1528.938,487.0,392.0,90.054,0.0,0.0,0.0,63.0,2.835696,0.0,0.0,0.0
2020-08-24T13:01:52.603000Z,2020-08-24T13:01:53.343000Z,1368.285,740.0,400.0,90.129,0.0,0.0,0.0,63.0,3.968766,0.0,0.0,0.0
2020-08-24T13:01:54.605000Z,2020-08-24T13:01:55.097999Z,1527.622,493.0,400.0,72.849,0.0,0.0,0.0,63.0,3.928311,0.0,0.0,0.0
2020-08-24T13:01:56.605000Z,2020-08-24T13:01:57.187000Z,1636.751,582.0,376.0,80.121,0.0,0.0,0.0,63.0,2.643806,0.0,0.0,0.0
2020-08-24T13:01:58.607000Z,2020-08-24T13:01:59.339000Z,2211.466,732.0,378.0,66.614,0.0,0.0,0.0,63.0,0.935792,0.0,0.0,0.0
2020-08-24T13:02:00.608000Z,2020-08-24T13:02:01.209999Z,1801.496,602.0,412.0,65.37,0.0,0.0,0.0,63.0,0.386219,0.0,0.0,0.0
2020-08-24T13:02:02.610000Z,2020-08-24T13:02:03.198000Z,1783.575,588.0,372.0,64.875,0.0,0.0,0.0,63.0,0.571026,0.0,0.0,0.0
2020-08-24T13:02:04.611000Z,2020-08-24T13:02:05.239000Z,1840.909,628.0,392.0,69.856,0.0,0.0,0.0,63.0,0.907654,0.0,0.0,0.0
2020-08-24T13:02:06.612000Z,2020-08-24T13:02:07.231000Z,1892.946,619.0,392.0,67.092,0.0,0.0,0.0,63.0,1.662788,0.0,0.0,0.0
2020-08-24T13:02:08.613000Z,2020-08-24T13:02:09.177999Z,1800.572,565.0,384.0,68.723,0.0,0.0,0.0,63.0,1.442624,0.0,0.0,0.0
2020-08-24T13:02:10.621000Z,2020-08-24T13:02:12.099000Z,3880.686,1478.0,380.0,76.413,0.0,0.0,0.0,63.0,3.516454,0.0,0.0,0.0
2020-08-24T13:02:12.621000Z,2020-08-24T13:02:13.323000Z,2325.018,702.0,378.0,66.406,0.0,0.0,0.0,63.0,0.954492,0.0,0.0,0.0
2020-08-24T13:02:14.622000Z,2020-08-24T13:02:15.332000Z,2263.861,710.0,392.0,82.369,0.0,0.0,0.0,63.0,3.979664,0.0,0.0,0.0
2020-08-24T13:02:16.626000Z,2020-08-24T13:02:18.149000Z,5248.822,1523.0,381.0,69.373,0.0,0.0,0.0,63.0,2.747216,0.0,0.0,0.0
2020-08-24T13:02:18.625000Z,2020-08-24T13:02:19.499000Z,2788.909,874.0,388.0,90.901,0.0,0.0,0.0,63.0,3.973243,0.0,0.0,0.0
2020-08-24T13:02:20.625000Z,2020-08-24T13:02:21.412000Z,2635.543,787.0,378.0,78.933,0.0,0.0,0.0,63.0,0.85769,0.0,0.0,0.0
2020-08-24T13:02:22.627000Z,2020-08-24T13:02:23.465000Z,2682.456,838.0,382.0,67.571,0.0,0.0,0.0,63.0,3.940255,0.0,0.0,0.0
2020-08-24T13:02:24.628000Z,2020-08-24T13:02:25.513999Z,2765.403,886.0,378.0,82.732,0.0,0.0,0.0,63.0,1.160343,0.0,0.0,0.0
2020-08-24T13:02:26.630000Z,2020-08-24T13:02:27.475000Z,2791.231,845.0,388.0,76.576,0.0,0.0,0.0,63.0,0.204701,0.0,0.0,0.0
2020-08-24T13:02:28.632000Z,2020-08-24T13:02:29.526000Z,2817.389,894.0,378.0,81.342,0.0,0.0,0.0,63.0,3.124348,0.0,0.0,0.0
2020-08-24T13:02:30.641000Z,2020-08-24T13:02:31.331000Z,2096.68,690.0,384.0,83.416,0.0,0.0,0.0,63.0,0.123553,0.0,0.0,0.0
2020-08-24T13:02:32.633999Z,2020-08-24T13:02:33.161999Z,1623.145,528.0,390.0,66.65,0.0,0.0,0.0,63.0,0.945787,0.0,0.0,0.0
2020-08-24T13:02:34.724000Z,2020-08-24T13:02:36.339000Z,2242.978,1615.0,398.0,71.267,0.0,0.0,0.0,63.0,2.39702,0.0,0.0,0.0
2020-08-24T13:02:36.639000Z,2020-08-24T13:02:37.700000Z,2903.767,1061.0,208.0,68.276,0.0,0.0,0.0,63.0,1.025147,0.0,0.0,0.0
2020-08-24T13:02:38.654000Z,2020-08-24T13:02:39.499000Z,2819.988,845.0,368.0,72.737,0.0,0.0,0.0,63.0,3.214511,0.0,0.0,0.0
2020-08-24T13:02:40.653000Z,2020-08-24T13:02:41.123000Z,1457.597,470.0,375.0,85.05,0.0,0.0,0.0,63.0,2.398939,0.0,0.0,0.0
2020-08-24T13:02:42.655000Z,2020-08-24T13:02:43.121999Z,1263.988,467.0,382.0,77.899,0.0,0.0,0.0,63.0,3.556718,0.0,0.0,0.0
2020-08-24T13:02:44.660000Z,2020-08-24T13:02:45.159000Z,1457.063,499.0,384.0,81.61,0.0,0.0,0.0,63.0,0.704438,0.0,0.0,0.0
2020-08-24T13:02:46.659000Z,2020-08-24T13:02:47.033999Z,951.796,375.0,396.0,68.452,0.0,0.0,0.0,63.0,2.349857,0.0,0.0,0.0
2020-08-24T13:02:48.656999Z,2020-08-24T13:02:48.941000Z,531.663,284.0,396.0,66.717,0.0,0.0,0.0,63.0,1.12133,0.0,0.0,0.0
2020-08-24T13:02:50.657999Z,2020-08-24T13:02:50.966000Z,490.641,308.0,396.0,66.918,0.0,0.0,0.0,63.0,0.327874,0.0,0.0,0.0
2020-08-24T13:02:52.661000Z,2020-08-24T13:02:52.926000Z,482.035,265.0,396.0,76.823,0.0,0.0,0.0,63.0,0.045078,0.0,0.0,0.0
2020-08-24T13:02:54.660000Z,2020-08-24T13:02:54.869000Z,502.242,209.0,396.0,70.219,0.0,0.0,0.0,63.0,0.24094,0.0,0.0,0.0
2020-08-24T13:02:56.661000Z,2020-08-24T13:02:56.940000Z,490.882,279.0,396.0,74.112,0.0,0.0,0.0,63.0,3.80624,0.0,0.0,0.0
2020-08-24T13:02:58.662000Z,2020-08-24T13:02:58.873000Z,516.543,211.0,396.0,67.872,0.0,0.0,0.0,63.0,0.246997,0.0,0.0,0.0
2020-08-24T13:03:00.667000Z,2020-08-24T13:03:00.951000Z,517.639,284.0,386.0,68.224,0.0,0.0,0.0,63.0,3.965362,0.0,0.0,0.0
2020-08-24T13:03:02.666000Z,2020-08-24T13:03:03.209000Z,1472.92,543.0,376.0,67.592,0.0,0.0,0.0,63.0,0.258451,0.0,0.0,0.0
2020-08-24T13:03:04.667000Z,2020-08-24T13:03:05.145999Z,1424.62,479.0,384.0,70.839,0.0,0.0,0.0,63.0,0.163159,0.0,0.0,0.0
2020-08-24T13:03:06.670000Z,2020-08-24T13:03:07.245000Z,1852.283,575.0,384.0,79.248,0.0,0.0,0.0,63.0,0.067288,0.0,0.0,0.0
2020-08-24T13:03:08.672000Z,2020-08-24T13:03:09.151000Z,1521.959,479.0,392.0,80.222,0.0,0.0,0.0,63.0,3.991767,0.0,0.0,0.0
2020-08-24T13:03:10.673999Z,2020-08-24T13:03:11.267000Z,1790.754,593.0,402.0,68.759,0.0,0.0,0.0,63.0,2.894699,0.0,0.0,0.0
2020-08-24T13:03:12.675000Z,2020-08-24T13:03:13.401000Z,2165.496,726.0,399.0,74.217,0.0,0.0,0.0,63.0,1.304056,0.0,0.0,0.0
2020-08-24T13:03:14.707000Z,2020-08-24T13:03:15.431000Z,2119.924,724.0,410.0,95.724,0.0,0.0,0.0,63.0,0.028568,0.0,0.0,0.0
2020-08-24T13:03:16.676000Z,2020-08-24T13:03:17.201999Z,1553.979,526.0,411.0,65.614,0.0,0.0,0.0,63.0,0.453503,0.0,0.0,0.0
2020-08-24T13:03:18.678000Z,2020-08-24T13:03:19.019000Z,913.363,341.0,420.0,86.184,0.0,0.0,0.0,63.0,1.878123,0.0,0.0,0.0
2020-08-24T13:03:20.683000Z,2020-08-24T13:03:20.849000Z,365.684,166.0,398.0,70.019,0.0,0.0,0.0,63.0,1.962128,0.0,0.0,0.0
2020-08-24T13:03:22.684000Z,2020-08-24T13:03:22.990000Z,449.303,306.0,398.0,78.082,0.0,0.0,0.0,63.0,4.008024,0.0,0.0,0.0
2020-08-24T13:03:24.687000Z,2020-08-24T13:03:24.857999Z,348.568,171.0,394.0,72.345,0.0,0.0,0.0,63.0,0.935937,0.0,0.0,0.0
2020-08-24T13:03:26.689999Z,2020-08-24T13:03:26.851000Z,355.332,161.0,366.0,75.311,0.0,0.0,0.0,63.0,3.853417,0.0,0.0,0.0
2020-08-24T13:03:28.689999Z,2020-08-24T13:03:28.863000Z,354.195,173.0,374.0,71.477,0.0,0.0,0.0,63.0,3.98294,0.0,0.0,0.0
2020-08-24T13:03:30.695000Z,2020-08-24T13:03:31.192000Z,1325.012,497.0,376.0,68.89,0.0,0.0,0.0,63.0,3.926908,0.0,0.0,0.0
2020-08-24T13:03:32.695000Z,2020-08-24T13:03:33.041000Z,792.339,346.0,422.0,69.628,0.0,0.0,0.0,63.0,0.178582,0.0,0.0,0.0
2020-08-24T13:03:34.696000Z,2020-08-24T13:03:35.004000Z,651.305,308.0,422.0,72.181,0.0,0.0,0.0,63.0,0.912573,0.0,0.0,0.0
2020-08-24T13:03:36.697000Z,2020-08-24T13:03:37.025999Z,802.072,329.0,422.0,67.009,0.0,0.0,0.0,63.0,0.956266,0.0,0.0,0.0
2020-08-24T13:03:38.698000Z,2020-08-24T13:03:38.944000Z,582.637,246.0,384.0,65.63,0.0,0.0,0.0,63.0,0.936509,0.0,0.0,0.0
2020-08-24T13:03:40.699000Z,2020-08-24T13:03:41.007000Z,657.802,308.0,382.0,78.796,0.0,0.0,0.0,63.0,4.034192,0.0,0.0,0.0
2020-08-24T13:03:42.700000Z,2020-08-24T13:03:42.921999Z,539.438,222.0,382.0,72.993,0.0,0.0,0.0,63.0,0.08967,0.0,0.0,0.0
2020-08-24T13:03:44.701000Z,2020-08-24T13:03:44.989000Z,555.874,288.0,382.0,67.33,0.0,0.0,0.0,63.0,3.9251,0.0,0.0,0.0
2020-08-24T13:03:46.702000Z,2020-08-24T13:03:46.936000Z,619.388,234.0,380.0,65.972,0.0,0.0,0.0,63.0,0.324847,0.0,0.0,0.0
2020-08-24T13:03:48.703000Z,2020-08-24T13:03:48.987000Z,538.32,284.0,380.0,68.522,0.0,0.0,0.0,63.0,3.506493,0.0,0.0,0.0
2020-08-24T13:03:50.704000Z,2020-08-24T13:03:50.916000Z,530.898,212.0,384.0,67.543,0.0,0.0,0.0,63.0,0.275996,0.0,0.0,0.0
2020-08-24T13:03:52.705999Z,2020-08-24T13:03:52.935000Z,600.288,229.0,384.0,78.712,0.0,0.0,0.0,63.0,3.415284,0.0,0.0,0.0
2020-08-24T13:03:54.707000Z,2020-08-24T13:03:54.985000Z,547.188,278.0,386.0,68.006,0.0,0.0,0.0,63.0,3.982199,0.0,0.0,0.0
2020-08-24T13:03:56.708000Z,2020-08-24T13:03:56.921000Z,525.786,213.0,4.0,66.596,0.0,0.0,0.0,63.0,0.358491,0.0,0.0,0.0
2020-08-24T13:03:58.708999Z,2020-08-24T13:03:58.934000Z,579.412,225.0,400.0,69.639,0.0,0.0,0.0,63.0,3.329808,0.0,0.0,0.0
2020-08-24T13:04:00.711000Z,2020-08-24T13:04:00.974000Z,672.913,263.0,400.0,86.822,0.0,0.0,0.0,63.0,3.507419,0.0,0.0,0.0
2020-08-24T13:04:02.712000Z,2020-08-24T13:04:03.045000Z,877.065,333.0,401.0,70.953,0.0,0.0,0.0,63.0,3.102331,0.0,0.0,0.0
2020-08-24T13:04:04.712999Z,2020-08-24T13:04:05.051000Z,933.329,338.0,430.0,80.972,0.0,0.0,0.0,63.0,3.099464,0.0,0.0,0.0
2020-08-24T13:04:06.715000Z,2020-08-24T13:04:07.067000Z,957.407,352.0,430.0,72.721,0.0,0.0,0.0,63.0,2.794502,0.0,0.0,0.0
2020-08-24T13:04:08.716000Z,2020-08-24T13:04:09.019000Z,697.326,303.0,408.0,69.727,0.0,0.0,0.0,63.0,2.027267,0.0,0.0,0.0
2020-08-24T13:04:10.717000Z,2020-08-24T13:04:11.014000Z,633.719,297.0,402.0,65.902,0.0,0.0,0.0,63.0,1.260349,0.0,0.0,0.0
2020-08-24T13:04:12.719000Z,2020-08-24T13:04:13.145000Z,1299.006,426.0,402.0,68.664,0.0,0.0,0.0,63.0,0.929717,0.0,0.0,0.0
2020-08-24T13:04:14.720000Z,2020-08-24T13:04:15.300000Z,1803.201,580.0,432.0,93.214,0.0,0.0,0.0,63.0,3.133515,0.0,0.0,0.0
2020-08-24T13:04:16.722000Z,2020-08-24T13:04:17.301000Z,1882.507,579.0,432.0,74.589,0.0,0.0,0.0,63.0,2.797387,0.0,0.0,0.0
2020-08-24T13:04:18.728999Z,2020-08-24T13:04:19.377999Z,1920.863,649.0,378.0,85.979,0.0,0.0,0.0,63.0,0.420323,0.0,0.0,0.0
2020-08-24T13:04:20.731000Z,2020-08-24T13:04:21.387000Z,1900.202,656.0,380.0,89.184,0.0,0.0,0.0,63.0,0.293871,0.0,0.0,0.0
2020-08-24T13:04:22.729999Z,2020-08-24T13:04:23.295000Z,1577.92,565.0,398.0,67.074,0.0,0.0,0.0,63.0,0.950709,0.0,0.0,0.0
2020-08-24T13:04:24.732000Z,2020-08-24T13:04:25.076000Z,852.799,344.0,392.0,67.46,0.0,0.0,0.0,63.0,0.224719,0.0,0.0,0.0
2020-08-24T13:04:26.735000Z,2020-08-24T13:04:27.054000Z,818.347,319.0,369.0,78.991,0.0,0.0,0.0,63.0,1.451666,0.0,0.0,0.0
2020-08-24T13:04:28.737000Z,2020-08-24T13:04:29.062000Z,916.577,325.0,419.0,84.178,0.0,0.0,0.0,63.0,3.121063,0.0,0.0,0.0
2020-08-24T13:04:30.738000Z,2020-08-24T13:04:31.039000Z,835.406,301.0,418.0,79.159,0.0,0.0,0.0,63.0,3.829352,0.0,0.0,0.0
2020-08-24T13:04:32.738000Z,2020-08-24T13:04:33.065000Z,923.62,327.0,420.0,69.345,0.0,0.0,0.0,63.0,3.126666,0.0,0.0,0.0
2020-08-24T13:04:34.739000Z,2020-08-24T13:04:36.270000Z,702.98,1531.0,370.0,72.903,0.0,0.0,0.0,63.0,3.65629,0.0,0.0,0.0
2020-08-24T13:04:36.741000Z,2020-08-24T13:04:37.022000Z,595.483,281.0,374.0,69.336,0.0,0.0,0.0,63.0,0.930524,0.0,0.0,0.0
2020-08-24T13:04:38.745000Z,2020-08-24T13:04:39.251000Z,1385.42,506.0,374.0,67.726,0.0,0.0,0.0,63.0,1.017606,0.0,0.0,0.0
2020-08-24T13:04:40.753000Z,2020-08-24T13:04:41.223000Z,1242.419,470.0,380.0,67.111,0.0,0.0,0.0,63.0,0.610485,0.0,0.0,0.0
2020-08-24T13:04:42.753000Z,2020-08-24T13:04:43.037000Z,639.984,284.0,381.0,68.465,0.0,0.0,0.0,63.0,1.342067,0.0,0.0,0.0
2020-08-24T13:04:44.754000Z,2020-08-24T13:04:44.981000Z,587.295,227.0,380.0,66.622,0.0,0.0,0.0,63.0,1.274832,0.0,0.0,0.0
2020-08-24T13:04:46.756000Z,2020-08-24T13:04:47.053000Z,671.719,297.0,392.0,71.21,0.0,0.0,0.0,63.0,3.359517,0.0,0.0,0.0
2020-08-24T13:04:48.758000Z,2020-08-24T13:04:49.129000Z,923.238,371.0,392.0,64.95,0.0,0.0,0.0,63.0,1.226512,0.0,0.0,0.0
2020-08-24T13:04:50.759000Z,2020-08-24T13:04:51.097999Z,903.476,339.0,406.0,66.022,0.0,0.0,0.0,63.0,0.505403,0.0,0.0,0.0
2020-08-24T13:04:52.760000Z,2020-08-24T13:04:53.044000Z,615.39,284.0,424.0,68.538,0.0,0.0,0.0,63.0,3.099787,0.0,0.0,0.0
2020-08-24T13:04:54.761000Z,2020-08-24T13:04:55.060000Z,633.904,299.0,425.0,65.472,0.0,0.0,0.0,63.0,0.758209,0.0,0.0,0.0
2020-08-24T13:04:56.761000Z,2020-08-24T13:04:57.072000Z,714.771,311.0,424.0,68.029,0.0,0.0,0.0,63.0,0.952836,0.0,0.0,0.0
2020-08-24T13:04:58.761999Z,2020-08-24T13:04:59.044000Z,618.006,282.0,383.0,65.988,0.0,0.0,0.0,63.0,0.716493,0.0,0.0,0.0
2020-08-24T13:05:00.763000Z,2020-08-24T13:05:01.091000Z,723.786,328.0,400.0,68.501,0.0,0.0,0.0,63.0,1.120222,0.0,0.0,0.0
2020-08-24T13:05:02.764999Z,2020-08-24T13:05:03.071000Z,859.887,306.0,410.0,66.61,0.0,0.0,0.0,63.0,0.344084,0.0,0.0,0.0
2020-08-24T13:05:04.766000Z,2020-08-24T13:05:05.145000Z,982.028,379.0,410.0,80.318,0.0,0.0,0.0,63.0,3.379307,0.0,0.0,0.0
2020-08-24T13:05:06.769000Z,2020-08-24T13:05:07.124000Z,988.673,355.0,410.0,85.013,0.0,0.0,0.0,63.0,3.825322,0.0,0.0,0.0
2020-08-24T13:05:08.770000Z,2020-08-24T13:05:09.102000Z,935.782,332.0,410.0,82.675,0.0,0.0,0.0,63.0,2.495329,0.0,0.0,0.0
2020-08-24T13:05:10.771000Z,2020-08-24T13:05:11.100000Z,914.84,329.0,388.0,66.807,0.0,0.0,0.0,63.0,2.768742,0.0,0.0,0.0
2020-08-24T13:05:12.771000Z,2020-08-24T13:05:13.067000Z,763.482,296.0,4.0,77.082,0.0,0.0,0.0,63.0,3.259011,0.0,0.0,0.0
2020-08-24T13:05:14.772000Z,2020-08-24T13:05:15.115000Z,886.189,343.0,428.0,68.018,0.0,0.0,0.0,63.0,2.489639,0.0,0.0,0.0
2020-08-24T13:05:16.774000Z,2020-08-24T13:05:17.137999Z,912.743,364.0,425.0,66.988,0.0,0.0,0.0,63.0,1.658808,0.0,0.0,0.0
2020-08-24T13:05:18.775000Z,2020-08-24T13:05:19.055000Z,728.124,280.0,377.0,70.216,0.0,0.0,0.0,63.0,1.555035,0.0,0.0,0.0
2020-08-24T13:05:20.780000Z,2020-08-24T13:05:21.046000Z,714.449,266.0,376.0,66.799,0.0,0.0,0.0,63.0,2.932806,0.0,0.0,0.0
2020-08-24T13:05:22.778000Z,2020-08-24T13:05:23.055000Z,565.316,277.0,381.0,78.728,0.0,0.0,0.0,63.0,3.13342,0.0,0.0,0.0
2020-08-24T13:05:24.778000Z,2020-08-24T13:05:25.004000Z,471.929,226.0,380.0,66.19,0.0,0.0,0.0,63.0,0.950403,0.0,0.0,0.0
2020-08-24T13:05:26.780000Z,2020-08-24T13:05:26.951000Z,387.143,171.0,380.0,73.984,0.0,0.0,0.0,63.0,4.035464,0.0,0.0,0.0
2020-08-24T13:05:28.782000Z,2020-08-24T13:05:29.252000Z,1468.174,470.0,384.0,71.762,0.0,0.0,0.0,63.0,3.981686,0.0,0.0,0.0
2020-08-24T13:05:30.782000Z,2020-08-24T13:05:31.116000Z,790.544,334.0,384.0,81.552,0.0,0.0,0.0,63.0,3.331501,0.0,0.0,0.0
2020-08-24T13:05:32.783000Z,2020-08-24T13:05:33.140000Z,867.559,357.0,394.0,65.091,0.0,0.0,0.0,63.0,0.620941,0.0,0.0,0.0
2020-08-24T13:05:34.784999Z,2020-08-24T13:05:35.091000Z,846.731,306.0,404.0,68.174,0.0,0.0,0.0,63.0,0.948004,0.0,0.0,0.0
2020-08-24T13:05:36.787000Z,2020-08-24T13:05:37.108000Z,814.527,321.0,412.0,78.508,0.0,0.0,0.0,63.0,2.934502,0.0,0.0,0.0
2020-08-24T13:05:38.789000Z,2020-08-24T13:05:39.108000Z,789.157,319.0,412.0,67.637,0.0,0.0,0.0,63.0,1.818688,0.0,0.0,0.0
2020-08-24T13:05:40.792000Z,2020-08-24T13:05:41.109000Z,829.163,317.0,409.0,73.819,0.0,0.0,0.0,63.0,1.78701,0.0,0.0,0.0
2020-08-24T13:05:42.793000Z,2020-08-24T13:05:43.093000Z,695.843,300.0,400.0,67.486,0.0,0.0,0.0,63.0,2.042685,0.0,0.0,0.0
2020-08-24T13:05:44.796000Z,2020-08-24T13:05:45.103000Z,653.674,307.0,406.0,67.366,0.0,0.0,0.0,63.0,0.960692,0.0,0.0,0.0
2020-08-24T13:05:46.797000Z,2020-08-24T13:05:47.070000Z,639.485,273.0,406.0,76.53,0.0,0.0,0.0,63.0,0.320424,0.0,0.0,0.0
2020-08-24T13:05:48.798000Z,2020-08-24T13:05:49.104000Z,651.149,306.0,406.0,67.195,0.0,0.0,0.0,63.0,1.676133,0.0,0.0,0.0
2020-08-24T13:05:50.799000Z,2020-08-24T13:05:51.105000Z,692.365,306.0,373.0,66.513,0.0,0.0,0.0,63.0,0.353037,0.0,0.0,0.0
2020-08-24T13:05:52.804000Z,2020-08-24T13:05:53.094000Z,774.234,290.0,372.0,66.088,0.0,0.0,0.0,63.0,1.389521,0.0,0.0,0.0
2020-08-24T13:05:54.803000Z,2020-08-24T13:05:55.125000Z,698.351,322.0,376.0,77.55,0.0,0.0,0.0,63.0,3.513776,0.0,0.0,0.0
2020-08-24T13:05:56.809000Z,2020-08-24T13:05:57.102000Z,666.147,293.0,377.0,66.694,0.0,0.0,0.0,63.0,1.330819,0.0,0.0,0.0
2020-08-24T13:05:58.809000Z,2020-08-24T13:05:59.141000Z,822.961,332.0,426.0,68.03,0.0,0.0,0.0,63.0,1.047705,0.0,0.0,0.0
2020-08-24T13:06:00.811000Z,2020-08-24T13:06:01.129000Z,891.745,318.0,421.0,84.915,0.0,0.0,0.0,63.0,1.393325,0.0,0.0,0.0
2020-08-24T13:06:02.812000Z,2020-08-24T13:06:03.125000Z,879.188,313.0,408.0,68.988,0.0,0.0,0.0,63.0,3.777767,0.0,0.0,0.0
2020-08-24T13:06:04.816000Z,2020-08-24T13:06:05.119000Z,856.197,303.0,384.0,74.345,0.0,0.0,0.0,63.0,3.490565,0.0,0.0,0.0
2020-08-24T13:06:06.812000Z,2020-08-24T13:06:07.133000Z,819.1,321.0,394.0,82.191,0.0,0.0,0.0,63.0,3.118259,0.0,0.0,0.0
2020-08-24T13:06:08.813000Z,2020-08-24T13:06:09.167000Z,799.304,354.0,398.0,67.581,0.0,0.0,0.0,63.0,1.596395,0.0,0.0,0.0
2020-08-24T13:06:10.814000Z,2020-08-24T13:06:11.136000Z,715.245,322.0,396.0,68.866,0.0,0.0,0.0,63.0,0.33663,0.0,0.0,0.0
2020-08-24T13:06:12.815000Z,2020-08-24T13:06:13.180000Z,1089.154,365.0,398.0,68.342,0.0,0.0,0.0,63.0,0.921858,0.0,0.0,0.0
2020-08-24T13:06:14.814000Z,2020-08-24T13:06:15.137999Z,653.403,324.0,408.0,87.642,0.0,0.0,0.0,63.0,3.900314,0.0,0.0,0.0
2020-08-24T13:06:16.815000Z,2020-08-24T13:06:17.099000Z,557.962,284.0,408.0,66.578,0.0,0.0,0.0,63.0,0.308026,0.0,0.0,0.0
2020-08-24T13:06:18.817000Z,2020-08-24T13:06:19.097999Z,554.673,281.0,408.0,66.223,0.0,0.0,0.0,63.0,1.439734,0.0,0.0,0.0
2020-08-24T13:06:20.819000Z,2020-08-24T13:06:21.101000Z,596.971,282.0,408.0,68.883,0.0,0.0,0.0,63.0,0.249741,0.0,0.0,0.0
2020-08-24T13:06:22.820000Z,2020-08-24T13:06:23.145000Z,696.337,325.0,388.0,66.945,0.0,0.0,0.0,63.0,0.948535,0.0,0.0,0.0
2020-08-24T13:06:24.820999Z,2020-08-24T13:06:25.123000Z,599.36,302.0,392.0,74.434,0.0,0.0,0.0,63.0,0.14468,0.0,0.0,0.0
2020-08-24T13:06:26.823000Z,2020-08-24T13:06:27.132000Z,610.582,309.0,392.0,69.045,0.0,0.0,0.0,63.0,0.918188,0.0,0.0,0.0
2020-08-24T13:06:28.823000Z,2020-08-24T13:06:29.101000Z,597.447,278.0,392.0,74.936,0.0,0.0,0.0,63.0,0.062127,0.0,0.0,0.0
2020-08-24T13:06:30.825000Z,2020-08-24T13:06:31.112000Z,645.321,287.0,380.0,65.844,0.0,0.0,0.0,63.0,0.935514,0.0,0.0,0.0
2020-08-24T13:06:32.826000Z,2020-08-24T13:06:33.101000Z,621.299,275.0,386.0,67.477,0.0,0.0,0.0,63.0,1.992777,0.0,0.0,0.0
2020-08-24T13:06:34.836000Z,2020-08-24T13:06:36.081000Z,671.169,1245.0,384.0,70.916,0.0,0.0,0.0,63.0,1.658114,0.0,0.0,0.0
2020-08-24T13:06:36.829000Z,2020-08-24T13:06:37.089999Z,705.181,261.0,362.0,70.363,0.0,0.0,0.0,63.0,0.926972,0.0,0.0,0.0
2020-08-24T13:06:38.830000Z,2020-08-24T13:06:39.126000Z,678.982,296.0,368.0,69.818,0.0,0.0,0.0,63.0,3.653329,0.0,0.0,0.0
2020-08-24T13:06:40.835000Z,2020-08-24T13:06:41.179000Z,786.22,344.0,4.0,66.073,0.0,0.0,0.0,63.0,1.165096,0.0,0.0,0.0
2020-08-24T13:06:42.836000Z,2020-08-24T13:06:43.188000Z,729.83,352.0,386.0,68.524,0.0,0.0,0.0,63.0,0.418397,0.0,0.0,0.0
2020-08-24T13:06:44.837000Z,2020-08-24T13:06:45.129000Z,638.972,292.0,386.0,74.33,0.0,0.0,0.0,63.0,0.058948,0.0,0.0,0.0
2020-08-24T13:06:46.843000Z,2020-08-24T13:06:47.363000Z,1456.521,520.0,416.0,67.454,0.0,0.0,0.0,63.0,0.94779,0.0,0.0,0.0
2020-08-24T13:06:48.844000Z,2020-08-24T13:06:49.246000Z,1109.456,402.0,416.0,65.149,0.0,0.0,0.0,63.0,0.66003,0.0,0.0,0.0
2020-08-24T13:06:50.845000Z,2020-08-24T13:06:51.209999Z,1088.971,365.0,374.0,69.593,0.0,0.0,0.0,63.0,1.880164,0.0,0.0,0.0
2020-08-24T13:06:52.847000Z,2020-08-24T13:06:53.229000Z,1128.0,382.0,398.0,72.338,0.0,0.0,0.0,63.0,3.910395,0.0,0.0,0.0
2020-08-24T13:06:54.847000Z,2020-08-24T13:06:55.174000Z,891.443,327.0,398.0,79.562,0.0,0.0,0.0,63.0,3.626364,0.0,0.0,0.0
2020-08-24T13:06:56.852000Z,2020-08-24T13:06:57.176000Z,750.411,324.0,408.0,70.54,0.0,0.0,0.0,63.0,3.168703,0.0,0.0,0.0
2020-08-24T13:06:58.853000Z,2020-08-24T13:06:59.145999Z,678.916,293.0,408.0,65.081,0.0,0.0,0.0,63.0,0.644351,0.0,0.0,0.0
2020-08-24T13:07:00.854000Z,2020-08-24T13:07:01.133000Z,548.161,279.0,408.0,67.781,0.0,0.0,0.0,63.0,1.451519,0.0,0.0,0.0
2020-08-24T13:07:02.860000Z,2020-08-24T13:07:03.147000Z,810.628,287.0,375.0,69.794,0.0,0.0,0.0,63.0,0.144662,0.0,0.0,0.0
2020-08-24T13:07:04.860999Z,2020-08-24T13:07:05.233999Z,904.655,373.0,392.0,75.777,0.0,0.0,0.0,63.0,3.351366,0.0,0.0,0.0
2020-08-24T13:07:06.863000Z,2020-08-24T13:07:07.259000Z,1188.313,396.0,408.0,66.072,0.0,0.0,0.0,63.0,0.577862,0.0,0.0,0.0
2020-08-24T13:07:08.863000Z,2020-08-24T13:07:09.305999Z,1253.427,443.0,408.0,83.812,0.0,0.0,0.0,63.0,3.979915,0.0,0.0,0.0
2020-08-24T13:07:10.864000Z,2020-08-24T13:07:11.238000Z,992.175,374.0,408.0,68.735,0.0,0.0,0.0,63.0,1.75157,0.0,0.0,0.0
2020-08-24T13:07:12.865000Z,2020-08-24T13:07:13.155000Z,742.203,290.0,377.0,76.047,0.0,0.0,0.0,63.0,1.603879,0.0,0.0,0.0
2020-08-24T13:07:14.868000Z,2020-08-24T13:07:15.121999Z,670.087,254.0,376.0,66.207,0.0,0.0,0.0,63.0,2.482979,0.0,0.0,0.0
2020-08-24T13:07:16.872000Z,2020-08-24T13:07:17.166000Z,641.481,294.0,382.0,77.358,0.0,0.0,0.0,63.0,3.337754,0.0,0.0,0.0
2020-08-24T13:07:18.871000Z,2020-08-24T13:07:19.104000Z,612.865,233.0,382.0,66.699,0.0,0.0,0.0,63.0,0.901317,0.0,0.0,0.0
2020-08-24T13:07:20.872000Z,2020-08-24T13:07:21.177999Z,711.904,306.0,382.0,68.288,0.0,0.0,0.0,63.0,3.983056,0.0,0.0,0.0
2020-08-24T13:07:22.873000Z,2020-08-24T13:07:23.235000Z,833.823,362.0,382.0,65.651,0.0,0.0,0.0,63.0,1.029884,0.0,0.0,0.0
2020-08-24T13:07:24.873000Z,2020-08-24T13:07:25.168000Z,744.923,295.0,390.0,67.752,0.0,0.0,0.0,63.0,0.945001,0.0,0.0,0.0
2020-08-24T13:07:26.873999Z,2020-08-24T13:07:27.110000Z,630.581,236.0,386.0,65.909,0.0,0.0,0.0,63.0,2.638964,0.0,0.0,0.0
2020-08-24T13:07:28.875000Z,2020-08-24T13:07:29.205000Z,738.845,330.0,386.0,79.954,0.0,0.0,0.0,63.0,3.478622,0.0,0.0,0.0
2020-08-24T13:07:30.876000Z,2020-08-24T13:07:31.190000Z,690.355,314.0,398.0,65.821,0.0,0.0,0.0,63.0,1.178833,0.0,0.0,0.0
2020-08-24T13:07:32.876999Z,2020-08-24T13:07:33.198000Z,747.646,321.0,398.0,69.014,0.0,0.0,0.0,63.0,0.215206,0.0,0.0,0.0
2020-08-24T13:07:34.879000Z,2020-08-24T13:07:35.187000Z,619.413,308.0,398.0,68.052,0.0,0.0,0.0,63.0,0.923829,0.0,0.0,0.0
2020-08-24T13:07:36.880000Z,2020-08-24T13:07:37.160000Z,679.366,280.0,377.0,71.659,0.0,0.0,0.0,63.0,0.107877,0.0,0.0,0.0
2020-08-24T13:07:38.880000Z,2020-08-24T13:07:39.150000Z,754.301,270.0,382.0,67.778,0.0,0.0,0.0,63.0,1.953844,0.0,0.0,0.0
2020-08-24T13:07:40.893000Z,2020-08-24T13:07:41.217999Z,877.177,325.0,382.0,78.734,0.0,0.0,0.0,63.0,3.930974,0.0,0.0,0.0
2020-08-24T13:07:42.886000Z,2020-08-24T13:07:43.171000Z,784.766,285.0,382.0,67.274,0.0,0.0,0.0,63.0,2.505105,0.0,0.0,0.0
2020-08-24T13:07:44.884000Z,2020-08-24T13:07:45.168000Z,706.956,284.0,388.0,66.898,0.0,0.0,0.0,63.0,3.928251,0.0,0.0,0.0
2020-08-24T13:07:46.887000Z,2020-08-24T13:07:47.143000Z,697.013,256.0,386.0,70.039,0.0,0.0,0.0,63.0,2.307783,0.0,0.0,0.0
2020-08-24T13:07:48.886000Z,2020-08-24T13:07:49.220000Z,671.886,334.0,386.0,67.563,0.0,0.0,0.0,63.0,3.656144,0.0,0.0,0.0
2020-08-24T13:07:50.887000Z,2020-08-24T13:07:51.193000Z,713.855,306.0,414.0,64.93,0.0,0.0,0.0,63.0,0.562382,0.0,0.0,0.0
2020-08-24T13:07:52.888000Z,2020-08-24T13:07:53.190000Z,755.95,302.0,419.0,65.439,0.0,0.0,0.0,63.0,1.120674,0.0,0.0,0.0
2020-08-24T13:07:54.894000Z,2020-08-24T13:07:55.190000Z,731.319,296.0,419.0,73.808,0.0,0.0,0.0,63.0,2.83373,0.0,0.0,0.0
2020-08-24T13:07:56.895000Z,2020-08-24T13:07:57.196000Z,664.731,301.0,420.0,78.457,0.0,0.0,0.0,63.0,2.13151,0.0,0.0,0.0
2020-08-24T13:07:58.896999Z,2020-08-24T13:07:59.200000Z,602.88,303.0,400.0,66.938,0.0,0.0,0.0,63.0,0.950017,0.0,0.0,0.0
2020-08-24T13:08:00.901000Z,2020-08-24T13:08:01.167000Z,584.281,266.0,400.0,67.176,0.0,0.0,0.0,63.0,0.201738,0.0,0.0,0.0
2020-08-24T13:08:02.902000Z,2020-08-24T13:08:03.209999Z,671.25,308.0,390.0,67.627,0.0,0.0,0.0,63.0,1.257156,0.0,0.0,0.0
2020-08-24T13:08:04.903000Z,2020-08-24T13:08:05.172000Z,658.487,269.0,373.0,70.967,0.0,0.0,0.0,63.0,0.484593,0.0,0.0,0.0
2020-08-24T13:08:06.904000Z,2020-08-24T13:08:07.158000Z,667.045,254.0,372.0,68.909,0.0,0.0,0.0,63.0,2.278006,0.0,0.0,0.0
2020-08-24T13:08:08.905000Z,2020-08-24T13:08:09.201999Z,639.68,297.0,372.0,66.524,0.0,0.0,0.0,63.0,3.31687,0.0,0.0,0.0
2020-08-24T13:08:10.907000Z,2020-08-24T13:08:11.136000Z,579.551,229.0,4.0,66.875,0.0,0.0,0.0,63.0,0.580901,0.0,0.0,0.0
2020-08-24T13:08:12.907000Z,2020-08-24T13:08:13.195000Z,614.635,288.0,392.0,67.322,0.0,0.0,0.0,63.0,4.001115,0.0,0.0,0.0
2020-08-24T13:08:14.908000Z,2020-08-24T13:08:15.147000Z,635.033,239.0,384.0,66.237,0.0,0.0,0.0,63.0,0.61777,0.0,0.0,0.0
2020-08-24T13:08:16.909000Z,2020-08-24T13:08:17.168000Z,671.712,259.0,386.0,80.581,0.0,0.0,0.0,63.0,3.947139,0.0,0.0,0.0
2020-08-24T13:08:18.910000Z,2020-08-24T13:08:19.197000Z,629.281,287.0,390.0,78.863,0.0,0.0,0.0,63.0,4.00463,0.0,0.0,0.0
2020-08-24T13:08:20.911000Z,2020-08-24T13:08:21.216000Z,669.721,305.0,387.0,65.022,0.0,0.0,0.0,63.0,1.299574,0.0,0.0,0.0
2020-08-24T13:08:22.911000Z,2020-08-24T13:08:23.193999Z,632.238,283.0,414.0,68.317,0.0,0.0,0.0,63.0,0.931145,0.0,0.0,0.0
2020-08-24T13:08:24.912000Z,2020-08-24T13:08:25.225999Z,620.427,314.0,414.0,65.257,0.0,0.0,0.0,63.0,1.092533,0.0,0.0,0.0
2020-08-24T13:08:26.913999Z,2020-08-24T13:08:27.192000Z,684.89,278.0,378.0,66.562,0.0,0.0,0.0,63.0,0.947925,0.0,0.0,0.0
2020-08-24T13:08:28.915000Z,2020-08-24T13:08:29.179000Z,694.014,264.0,374.0,67.879,0.0,0.0,0.0,63.0,2.195092,0.0,0.0,0.0
2020-08-24T13:08:30.916000Z,2020-08-24T13:08:31.168000Z,684.151,252.0,374.0,88.192,0.0,0.0,0.0,63.0,3.313757,0.0,0.0,0.0
2020-08-24T13:08:32.916000Z,2020-08-24T13:08:33.207000Z,557.132,291.0,382.0,67.626,0.0,0.0,0.0,63.0,3.996817,0.0,0.0,0.0
2020-08-24T13:08:35.031000Z,2020-08-24T13:08:35.814000Z,563.301,783.0,380.0,66.177,0.0,0.0,0.0,63.0,0.285311,0.0,0.0,0.0
2020-08-24T13:08:36.919000Z,2020-08-24T13:08:37.195000Z,665.862,276.0,382.0,135.9,0.0,0.0,0.0,63.0,0.534565,0.0,0.0,0.0
2020-08-24T13:08:38.920000Z,2020-08-24T13:08:39.173000Z,682.218,253.0,370.0,64.874,0.0,0.0,0.0,63.0,1.85408,0.0,0.0,0.0
2020-08-24T13:08:40.921000Z,2020-08-24T13:08:41.249999Z,720.855,329.0,376.0,76.035,0.0,0.0,0.0,63.0,3.993958,0.0,0.0,0.0
2020-08-24T13:08:42.926000Z,2020-08-24T13:08:43.246000Z,711.156,320.0,382.0,66.799,0.0,0.0,0.0,63.0,0.71629,0.0,0.0,0.0
2020-08-24T13:08:44.926000Z,2020-08-24T13:08:45.206000Z,662.711,280.0,382.0,76.378,0.0,0.0,0.0,63.0,0.269038,0.0,0.0,0.0
2020-08-24T13:08:46.928000Z,2020-08-24T13:08:47.216000Z,574.324,288.0,394.0,87.932,0.0,0.0,0.0,63.0,1.578545,0.0,0.0,0.0
2020-08-24T13:08:48.929000Z,2020-08-24T13:08:49.211000Z,621.368,282.0,4.0,73.033,0.0,0.0,0.0,63.0,0.143773,0.0,0.0,0.0
2020-08-24T13:08:50.929999Z,2020-08-24T13:08:51.206000Z,516.795,276.0,400.0,67.176,0.0,0.0,0.0,63.0,0.940826,0.0,0.0,0.0
2020-08-24T13:08:52.929999Z,2020-08-24T13:08:53.219000Z,552.048,289.0,377.0,76.739,0.0,0.0,0.0,63.0,0.035771,0.0,0.0,0.0
2020-08-24T13:08:54.931000Z,2020-08-24T13:08:55.158000Z,585.915,227.0,370.0,69.09,0.0,0.0,0.0,63.0,0.261357,0.0,0.0,0.0
2020-08-24T13:08:57.182000Z,2020-08-24T13:08:57.467000Z,601.537,285.0,376.0,67.065,0.0,0.0,0.0,63.0,3.983952,0.0,0.0,0.0
2020-08-24T13:08:58.932999Z,2020-08-24T13:08:59.241999Z,602.154,309.0,382.0,66.115,0.0,0.0,0.0,63.0,0.42411,0.0,0.0,0.0
2020-08-24T13:09:01.185000Z,2020-08-24T13:09:01.457999Z,712.343,273.0,396.0,69.007,0.0,0.0,0.0,63.0,0.927665,0.0,0.0,0.0
2020-08-24T13:09:02.936000Z,2020-08-24T13:09:03.261000Z,733.693,325.0,393.0,66.239,0.0,0.0,0.0,63.0,2.759645,0.0,0.0,0.0
2020-08-24T13:09:05.024000Z,2020-08-24T13:09:05.289999Z,717.478,266.0,388.0,67.124,0.0,0.0,0.0,63.0,0.946045,0.0,0.0,0.0
2020-08-24T13:09:06.937000Z,2020-08-24T13:09:07.169000Z,602.488,232.0,382.0,67.811,0.0,0.0,0.0,63.0,3.171042,0.0,0.0,0.0
2020-08-24T13:09:08.939000Z,2020-08-24T13:09:09.176000Z,612.606,237.0,382.0,77.025,0.0,0.0,0.0,63.0,3.925547,0.0,0.0,0.0
2020-08-24T13:09:10.940000Z,2020-08-24T13:09:11.201999Z,664.774,262.0,384.0,68.934,0.0,0.0,0.0,63.0,4.056329,0.0,0.0,0.0
2020-08-24T13:09:12.944000Z,2020-08-24T13:09:13.187000Z,635.032,243.0,382.0,67.136,0.0,0.0,0.0,63.0,2.699041,0.0,0.0,0.0
2020-08-24T13:09:14.945000Z,2020-08-24T13:09:15.233000Z,614.186,288.0,382.0,70.449,0.0,0.0,0.0,63.0,4.082023,0.0,0.0,0.0
2020-08-24T13:09:17.196000Z,2020-08-24T13:09:17.443000Z,644.946,247.0,382.0,66.065,0.0,0.0,0.0,63.0,0.502615,0.0,0.0,0.0
2020-08-24T13:09:18.952999Z,2020-08-24T13:09:19.195000Z,642.898,242.0,380.0,81.306,0.0,0.0,0.0,63.0,4.040398,0.0,0.0,0.0
2020-08-24T13:09:21.204000Z,2020-08-24T13:09:21.446000Z,618.115,242.0,382.0,67.245,0.0,0.0,0.0,63.0,3.92942,0.0,0.0,0.0
2020-08-24T13:09:22.955000Z,2020-08-24T13:09:23.261000Z,703.048,306.0,418.0,72.107,0.0,0.0,0.0,63.0,3.711352,0.0,0.0,0.0
2020-08-24T13:09:24.956000Z,2020-08-24T13:09:25.249999Z,701.129,294.0,422.0,67.796,0.0,0.0,0.0,63.0,0.93957,0.0,0.0,0.0
2020-08-24T13:09:26.957000Z,2020-08-24T13:09:27.256000Z,699.391,299.0,417.0,67.842,0.0,0.0,0.0,63.0,1.496763,0.0,0.0,0.0
2020-08-24T13:09:28.958000Z,2020-08-24T13:09:29.241999Z,676.453,284.0,406.0,65.736,0.0,0.0,0.0,63.0,1.079659,0.0,0.0,0.0
2020-08-24T13:09:30.960000Z,2020-08-24T13:09:31.241999Z,583.63,282.0,405.0,71.349,0.0,0.0,0.0,63.0,2.851924,0.0,0.0,0.0
2020-08-24T13:09:33.211000Z,2020-08-24T13:09:33.486000Z,662.035,275.0,406.0,69.366,0.0,0.0,0.0,63.0,0.327737,0.0,0.0,0.0
2020-08-24T13:09:34.962000Z,2020-08-24T13:09:35.267000Z,640.732,305.0,406.0,70.258,0.0,0.0,0.0,63.0,1.911221,0.0,0.0,0.0
2020-08-24T13:09:37.214000Z,2020-08-24T13:09:37.491000Z,600.782,277.0,381.0,66.433,0.0,0.0,0.0,63.0,0.321377,0.0,0.0,0.0
2020-08-24T13:09:38.966000Z,2020-08-24T13:09:39.259000Z,625.527,293.0,418.0,68.708,0.0,0.0,0.0,63.0,0.983821,0.0,0.0,0.0
2020-08-24T13:09:41.216000Z,2020-08-24T13:09:41.507000Z,620.959,291.0,419.0,64.894,0.0,0.0,0.0,63.0,0.520514,0.0,0.0,0.0
2020-08-24T13:09:42.968000Z,2020-08-24T13:09:43.255000Z,611.67,287.0,418.0,65.956,0.0,0.0,0.0,63.0,0.736459,0.0,0.0,0.0
2020-08-24T13:09:44.968000Z,2020-08-24T13:09:45.241000Z,620.639,273.0,400.0,67.692,0.0,0.0,0.0,63.0,0.933755,0.0,0.0,0.0
2020-08-24T13:09:46.968999Z,2020-08-24T13:09:47.267000Z,583.071,298.0,401.0,66.218,0.0,0.0,0.0,63.0,1.721345,0.0,0.0,0.0
2020-08-24T13:09:49.227000Z,2020-08-24T13:09:49.494000Z,617.739,267.0,422.0,71.136,0.0,0.0,0.0,63.0,0.896666,0.0,0.0,0.0
2020-08-24T13:09:51.228000Z,2020-08-24T13:09:51.494000Z,504.905,266.0,418.0,65.484,0.0,0.0,0.0,63.0,1.591136,0.0,0.0,0.0
2020-08-24T13:09:52.979000Z,2020-08-24T13:09:53.200000Z,491.426,221.0,386.0,68.736,0.0,0.0,0.0,63.0,0.22517,0.0,0.0,0.0
2020-08-24T13:09:54.981000Z,2020-08-24T13:09:55.251000Z,608.101,270.0,396.0,77.851,0.0,0.0,0.0,63.0,4.06896,0.0,0.0,0.0
2020-08-24T13:09:57.232000Z,2020-08-24T13:09:57.515000Z,586.434,283.0,396.0,66.569,0.0,0.0,0.0,63.0,1.390172,0.0,0.0,0.0
2020-08-24T13:09:58.990000Z,2020-08-24T13:09:59.262000Z,606.196,272.0,396.0,67.137,0.0,0.0,0.0,63.0,0.947813,0.0,0.0,0.0
2020-08-24T13:10:01.236000Z,2020-08-24T13:10:01.547000Z,603.58,311.0,396.0,66.585,0.0,0.0,0.0,63.0,1.475102,0.0,0.0,0.0
2020-08-24T13:10:02.985999Z,2020-08-24T13:10:03.257999Z,597.017,272.0,404.0,68.159,0.0,0.0,0.0,63.0,0.930425,0.0,0.0,0.0
2020-08-24T13:10:05.241999Z,2020-08-24T13:10:05.534000Z,568.759,292.0,404.0,65.108,0.0,0.0,0.0,63.0,1.375968,0.0,0.0,0.0
2020-08-24T13:10:06.993000Z,2020-08-24T13:10:07.260000Z,568.729,267.0,404.0,70.032,0.0,0.0,0.0,63.0,0.210541,0.0,0.0,0.0
2020-08-24T13:10:09.244000Z,2020-08-24T13:10:09.473000Z,589.94,229.0,378.0,67.208,0.0,0.0,0.0,63.0,0.972224,0.0,0.0,0.0
2020-08-24T13:10:10.995000Z,2020-08-24T13:10:11.285000Z,596.327,290.0,382.0,76.501,0.0,0.0,0.0,63.0,3.971196,0.0,0.0,0.0
2020-08-24T13:10:12.996000Z,2020-08-24T13:10:13.227000Z,599.543,231.0,386.0,67.339,0.0,0.0,0.0,63.0,0.926083,0.0,0.0,0.0
2020-08-24T13:10:15.251000Z,2020-08-24T13:10:15.532000Z,627.304,281.0,400.0,79.861,0.0,0.0,0.0,63.0,3.398365,0.0,0.0,0.0
2020-08-24T13:10:17.001000Z,2020-08-24T13:10:17.323000Z,626.777,322.0,400.0,66.672,0.0,0.0,0.0,63.0,1.274511,0.0,0.0,0.0
2020-08-24T13:10:19.253000Z,2020-08-24T13:10:19.533000Z,638.35,280.0,400.0,66.385,0.0,0.0,0.0,63.0,0.305864,0.0,0.0,0.0
2020-08-24T13:10:21.004000Z,2020-08-24T13:10:21.329000Z,667.82,325.0,400.0,67.927,0.0,0.0,0.0,63.0,1.537503,0.0,0.0,0.0
2020-08-24T13:10:23.254000Z,2020-08-24T13:10:23.526000Z,623.084,272.0,400.0,68.151,0.0,0.0,0.0,63.0,0.921912,0.0,0.0,0.0
2020-08-24T13:10:25.005000Z,2020-08-24T13:10:25.229000Z,571.803,224.0,388.0,66.326,0.0,0.0,0.0,63.0,1.517911,0.0,0.0,0.0
2020-08-24T13:10:27.006000Z,2020-08-24T13:10:27.305000Z,621.572,299.0,388.0,91.536,0.0,0.0,0.0,63.0,4.008405,0.0,0.0,0.0
2020-08-24T13:10:29.257000Z,2020-08-24T13:10:29.489999Z,597.969,233.0,378.0,66.108,0.0,0.0,0.0,63.0,0.776175,0.0,0.0,0.0
2020-08-24T13:10:31.008000Z,2020-08-24T13:10:31.251000Z,645.139,243.0,378.0,78.43,0.0,0.0,0.0,63.0,3.893849,0.0,0.0,0.0
2020-08-24T13:10:33.333000Z,2020-08-24T13:10:34.081000Z,619.951,748.0,392.0,70.87,0.0,0.0,0.0,63.0,3.568997,0.0,0.0,0.0
2020-08-24T13:10:35.352000Z,2020-08-24T13:10:35.984000Z,598.807,632.0,388.0,165.198,0.0,0.0,0.0,63.0,0.136733,0.0,0.0,0.0
2020-08-24T13:10:37.261000Z,2020-08-24T13:10:37.473999Z,543.968,213.0,388.0,89.859,0.0,0.0,0.0,63.0,0.740926,0.0,0.0,0.0
2020-08-24T13:10:39.262000Z,2020-08-24T13:10:39.483000Z,552.97,221.0,376.0,78.334,0.0,0.0,0.0,63.0,3.486461,0.0,0.0,0.0
2020-08-24T13:10:41.100999Z,2020-08-24T13:10:41.425000Z,612.562,324.0,404.0,67.348,0.0,0.0,0.0,63.0,4.005936,0.0,0.0,0.0
2020-08-24T13:10:43.264999Z,2020-08-24T13:10:43.505000Z,621.581,240.0,402.0,69.001,0.0,0.0,0.0,63.0,0.145144,0.0,0.0,0.0
