start_time,end_time,size,trans_time,cwnd,rtt,rto,ssthresh,last_snd,min_rtt,delivery_rate,bytes_sent,bytes_retrans,client_trans_time
2020-08-24T21:14:24.459000Z,2020-08-24T21:14:26.171000Z,56.723,1712.0,144.0,260.394,0.0,0.0,0.0,180.434,0.059520375,0.0,0.0,0.0
2020-08-24T21:14:26.171000Z,2020-08-24T21:14:26.775000Z,42.488,604.0,156.0,318.049,0.0,0.0,0.0,180.434,0.05523575,0.0,0.0,0.0
2020-08-24T21:14:26.775000Z,2020-08-24T21:14:27.044000Z,40.671,269.0,156.0,234.774,0.0,0.0,0.0,180.434,0.05523575,0.0,0.0,0.0
2020-08-24T21:14:27.044999Z,2020-08-24T21:14:27.420000Z,99.876,375.0,156.0,194.419,0.0,0.0,0.0,180.434,0.05523575,0.0,0.0,0.0
2020-08-24T21:14:27.421000Z,2020-08-24T21:14:27.948000Z,159.12,527.0,156.0,226.738,0.0,0.0,0.0,180.434,0.05523575,0.0,0.0,0.0
2020-08-24T21:14:27.948000Z,2020-08-24T21:14:28.557000Z,167.022,609.0,156.0,254.614,0.0,0.0,0.0,180.434,0.059471125,0.0,0.0,0.0
2020-08-24T21:14:28.558000Z,2020-08-24T21:14:29.286000Z,253.38,728.0,148.0,285.583,0.0,0.0,0.0,180.434,0.04375175,0.0,0.0,0.0
2020-08-24T21:14:29.286000Z,2020-08-24T21:14:30.025999Z,257.85,740.0,148.0,255.648,0.0,0.0,0.0,180.434,0.05741075,0.0,0.0,0.0
2020-08-24T21:14:30.025999Z,2020-08-24T21:14:30.965000Z,117.671,939.0,148.0,246.004,0.0,0.0,0.0,180.434,0.05807025,0.0,0.0,0.0
