start_time,end_time,size,trans_time,cwnd,rtt,rto,ssthresh,last_snd,min_rtt,delivery_rate,bytes_sent,bytes_retrans,client_trans_time
2020-08-25T01:10:44.695000Z,2020-08-25T01:10:44.905000Z,17.099,210.0,110.0,125.692,0.0,0.0,0.0,65.502,0.12516475,0.0,0.0,0.0
2020-08-25T01:10:44.905000Z,2020-08-25T01:10:45.015000Z,32.044,110.0,110.0,130.75,0.0,0.0,0.0,65.502,0.0309,0.0,0.0,0.0
2020-08-25T01:10:45.015000Z,2020-08-25T01:10:45.205000Z,29.055,190.0,110.0,104.002,0.0,0.0,0.0,65.502,0.044580375,0.0,0.0,0.0
2020-08-25T01:10:45.205000Z,2020-08-25T01:10:45.455000Z,19.23,250.0,4.0,84.236,0.0,0.0,0.0,65.502,0.051147875,0.0,0.0,0.0
2020-08-25T01:10:45.456000Z,2020-08-25T01:10:45.695000Z,70.429,239.0,120.0,84.82,0.0,0.0,0.0,65.502,0.051147875,0.0,0.0,0.0
2020-08-25T01:10:45.695000Z,2020-08-25T01:10:45.904000Z,145.483,209.0,118.0,144.493,0.0,0.0,0.0,65.502,0.06394525,0.0,0.0,0.0
2020-08-25T01:10:45.905000Z,2020-08-25T01:10:46.304000Z,267.754,399.0,116.0,93.603,0.0,0.0,0.0,65.502,0.147135375,0.0,0.0,0.0
2020-08-25T01:10:46.307000Z,2020-08-25T01:10:48.005000Z,1456.067,1698.0,116.0,136.83,0.0,0.0,0.0,65.502,0.128524375,0.0,0.0,0.0
2020-08-25T01:10:48.006000Z,2020-08-25T01:10:49.061000Z,898.574,1055.0,112.0,129.071,0.0,0.0,0.0,65.502,0.124361875,0.0,0.0,0.0
