start_time,end_time,size,trans_time,cwnd,rtt,rto,ssthresh,last_snd,min_rtt,delivery_rate,bytes_sent,bytes_retrans,client_trans_time
2020-08-24T23:40:05.688000Z,2020-08-24T23:40:07.429000Z,252.687,1741.0,14.0,305.833,0.0,0.0,0.0,194.364,0.001196875,0.0,0.0,0.0
2020-08-24T23:40:07.430000Z,2020-08-24T23:40:08.798000Z,280.714,1368.0,122.0,495.27,0.0,0.0,0.0,194.364,0.034046375,0.0,0.0,0.0
2020-08-24T23:40:08.799000Z,2020-08-24T23:40:10.384000Z,309.761,1585.0,122.0,704.182,0.0,0.0,0.0,194.364,0.0341105,0.0,0.0,0.0
2020-08-24T23:40:10.385000Z,2020-08-24T23:40:11.607000Z,222.997,1222.0,88.0,615.912,0.0,0.0,0.0,194.364,0.01142925,0.0,0.0,0.0
2020-08-24T23:40:11.608000Z,2020-08-24T23:40:12.324000Z,105.749,716.0,88.0,412.678,0.0,0.0,0.0,194.364,0.027696375,0.0,0.0,0.0
2020-08-24T23:40:12.324000Z,2020-08-24T23:40:12.927000Z,94.055,603.0,88.0,328.066,0.0,0.0,0.0,194.364,0.0243995,0.0,0.0,0.0
2020-08-24T23:40:12.928000Z,2020-08-24T23:40:14.681000Z,364.922,1753.0,88.0,341.443,0.0,0.0,0.0,194.364,0.0243995,0.0,0.0,0.0
2020-08-24T23:40:14.682000Z,2020-08-24T23:40:16.824000Z,337.493,2142.0,98.0,551.389,0.0,0.0,0.0,194.364,0.02705875,0.0,0.0,0.0
2020-08-24T23:40:16.826000Z,2020-08-24T23:40:21.593000Z,1080.457,4767.0,98.0,392.886,0.0,0.0,0.0,194.364,0.025301875,0.0,0.0,0.0
