start_time,end_time,size,trans_time,cwnd,rtt,rto,ssthresh,last_snd,min_rtt,delivery_rate,bytes_sent,bytes_retrans,client_trans_time
2020-08-24T23:32:26.405000Z,2020-08-24T23:32:27.453000Z,21.962,1048.0,144.0,148.845,0.0,0.0,0.0,63.949,0.104687375,0.0,0.0,0.0
2020-08-24T23:32:27.452999Z,2020-08-24T23:32:27.544000Z,29.209,91.0,142.0,95.317,0.0,0.0,0.0,63.949,0.028449,0.0,0.0,0.0
2020-08-24T23:32:27.544999Z,2020-08-24T23:32:27.789000Z,62.167,244.0,142.0,71.492,0.0,0.0,0.0,63.949,0.04362725,0.0,0.0,0.0
2020-08-24T23:32:27.790000Z,2020-08-24T23:32:28.121000Z,63.345,331.0,142.0,118.315,0.0,0.0,0.0,63.949,0.06418475,0.0,0.0,0.0
2020-08-24T23:32:28.121000Z,2020-08-24T23:32:28.768000Z,71.282,647.0,142.0,72.64,0.0,0.0,0.0,63.949,0.001587,0.0,0.0,0.0
2020-08-24T23:32:28.769000Z,2020-08-24T23:32:28.998000Z,98.121,229.0,140.0,569.259,0.0,0.0,0.0,63.949,0.011995125,0.0,0.0,0.0
2020-08-24T23:32:28.999000Z,2020-08-24T23:32:30.110000Z,183.425,1111.0,140.0,176.928,0.0,0.0,0.0,63.949,0.05415025,0.0,0.0,0.0
2020-08-24T23:32:30.112000Z,2020-08-24T23:32:31.304000Z,422.616,1192.0,26.0,987.642,0.0,0.0,0.0,63.949,0.0220795,0.0,0.0,0.0
2020-08-24T23:32:31.305999Z,2020-08-24T23:32:33.460000Z,1375.237,2154.0,70.0,71.497,0.0,0.0,0.0,63.949,0.07004075,0.0,0.0,0.0
