start_time,end_time,size,trans_time,cwnd,rtt,rto,ssthresh,last_snd,min_rtt,delivery_rate,bytes_sent,bytes_retrans,client_trans_time
2020-08-25T04:27:32.067000Z,2020-08-25T04:27:32.395000Z,70.578,328.0,780.0,156.315,0.0,0.0,0.0,149.154,3.398199,0.0,0.0,0.0
2020-08-25T04:27:32.395000Z,2020-08-25T04:27:32.579000Z,77.194,184.0,781.0,159.362,0.0,0.0,0.0,149.154,2.783694,0.0,0.0,0.0
2020-08-25T04:27:32.579000Z,2020-08-25T04:27:32.788000Z,200.196,209.0,784.0,158.06,0.0,0.0,0.0,149.154,2.783694,0.0,0.0,0.0
2020-08-25T04:27:32.788000Z,2020-08-25T04:27:33.137000Z,148.929,349.0,784.0,163.862,0.0,0.0,0.0,149.154,2.783694,0.0,0.0,0.0
2020-08-25T04:27:33.136999Z,2020-08-25T04:27:33.337999Z,110.406,201.0,780.0,155.908,0.0,0.0,0.0,149.154,0.578572,0.0,0.0,0.0
2020-08-25T04:27:33.337999Z,2020-08-25T04:27:33.502000Z,26.369,164.0,780.0,160.679,0.0,0.0,0.0,149.154,0.578572,0.0,0.0,0.0
2020-08-25T04:27:33.502000Z,2020-08-25T04:27:33.697999Z,81.872,196.0,780.0,156.758,0.0,0.0,0.0,149.154,0.578572,0.0,0.0,0.0
2020-08-25T04:27:33.699000Z,2020-08-25T04:27:33.963000Z,359.344,264.0,780.0,158.283,0.0,0.0,0.0,149.154,0.6376,0.0,0.0,0.0
2020-08-25T04:27:33.964000Z,2020-08-25T04:27:34.253000Z,435.671,289.0,780.0,154.694,0.0,0.0,0.0,149.154,1.407124,0.0,0.0,0.0
2020-08-25T04:27:35.950000Z,2020-08-25T04:27:36.200000Z,318.657,250.0,784.0,157.682,0.0,0.0,0.0,149.154,1.555027,0.0,0.0,0.0
2020-08-25T04:27:38.036000Z,2020-08-25T04:27:38.228000Z,71.434,192.0,784.0,158.714,0.0,0.0,0.0,149.154,1.555027,0.0,0.0,0.0
2020-08-25T04:27:40.111000Z,2020-08-25T04:27:40.375000Z,311.591,264.0,802.0,157.757,0.0,0.0,0.0,149.154,1.555027,0.0,0.0,0.0
2020-08-25T04:27:41.939000Z,2020-08-25T04:27:42.187000Z,300.823,248.0,798.0,165.745,0.0,0.0,0.0,149.154,1.555027,0.0,0.0,0.0
2020-08-25T04:27:44.030000Z,2020-08-25T04:27:44.244000Z,187.523,214.0,798.0,161.359,0.0,0.0,0.0,149.154,1.555027,0.0,0.0,0.0
2020-08-25T04:27:46.080000Z,2020-08-25T04:27:46.273000Z,111.391,193.0,796.0,157.196,0.0,0.0,0.0,149.154,1.555027,0.0,0.0,0.0
2020-08-25T04:27:47.887000Z,2020-08-25T04:27:48.096000Z,167.708,209.0,796.0,159.514,0.0,0.0,0.0,149.154,1.555027,0.0,0.0,0.0
2020-08-25T04:27:49.942000Z,2020-08-25T04:27:50.225999Z,401.518,284.0,796.0,158.951,0.0,0.0,0.0,149.154,1.555027,0.0,0.0,0.0
2020-08-25T04:27:51.966000Z,2020-08-25T04:27:52.155000Z,101.494,189.0,792.0,157.963,0.0,0.0,0.0,149.154,1.555027,0.0,0.0,0.0
2020-08-25T04:27:53.935000Z,2020-08-25T04:27:54.156000Z,216.766,221.0,792.0,163.111,0.0,0.0,0.0,149.154,1.555027,0.0,0.0,0.0
2020-08-25T04:27:56.066000Z,2020-08-25T04:27:56.293000Z,226.102,227.0,792.0,156.617,0.0,0.0,0.0,149.154,1.555027,0.0,0.0,0.0
2020-08-25T04:27:57.906000Z,2020-08-25T04:27:58.149000Z,279.787,243.0,792.0,156.96,0.0,0.0,0.0,149.154,1.555027,0.0,0.0,0.0
2020-08-25T04:27:59.965000Z,2020-08-25T04:28:00.291000Z,551.632,326.0,792.0,159.088,0.0,0.0,0.0,149.154,1.555027,0.0,0.0,0.0
2020-08-25T04:28:02.031000Z,2020-08-25T04:28:02.436000Z,811.664,405.0,752.0,161.521,0.0,0.0,0.0,149.154,3.349647,0.0,0.0,0.0
2020-08-25T04:28:04.100999Z,2020-08-25T04:28:04.281000Z,42.201,180.0,834.0,158.332,0.0,0.0,0.0,149.154,3.267738,0.0,0.0,0.0
2020-08-25T04:28:06.149000Z,2020-08-25T04:28:06.329000Z,69.491,180.0,834.0,162.6,0.0,0.0,0.0,149.154,3.267738,0.0,0.0,0.0
2020-08-25T04:28:07.968999Z,2020-08-25T04:28:08.405000Z,974.677,436.0,834.0,158.179,0.0,0.0,0.0,149.154,3.267738,0.0,0.0,0.0
2020-08-25T04:28:10.021000Z,2020-08-25T04:28:10.433999Z,1048.179,413.0,944.0,166.883,0.0,0.0,0.0,149.154,3.817388,0.0,0.0,0.0
2020-08-25T04:28:12.126000Z,2020-08-25T04:28:12.517000Z,1000.114,391.0,1012.0,160.626,0.0,0.0,0.0,149.154,4.061287,0.0,0.0,0.0
2020-08-25T04:28:13.924000Z,2020-08-25T04:28:14.321000Z,1066.041,397.0,1074.0,178.527,0.0,0.0,0.0,149.154,4.714115,0.0,0.0,0.0
2020-08-25T04:28:16.022000Z,2020-08-25T04:28:16.379000Z,901.054,357.0,1116.0,166.179,0.0,0.0,0.0,149.154,4.884585,0.0,0.0,0.0
2020-08-25T04:28:18.121000Z,2020-08-25T04:28:18.304000Z,132.176,183.0,1128.0,163.475,0.0,0.0,0.0,149.154,4.965783,0.0,0.0,0.0
2020-08-25T04:28:19.928000Z,2020-08-25T04:28:20.259000Z,820.219,331.0,1128.0,157.025,0.0,0.0,0.0,149.154,4.965783,0.0,0.0,0.0
2020-08-25T04:28:21.965000Z,2020-08-25T04:28:22.389000Z,530.567,424.0,4.0,158.716,0.0,0.0,0.0,149.154,4.963686,0.0,0.0,0.0
2020-08-25T04:28:24.037000Z,2020-08-25T04:28:24.355000Z,705.436,318.0,1150.0,158.734,0.0,0.0,0.0,149.154,0.459736,0.0,0.0,0.0
2020-08-25T04:28:26.080000Z,2020-08-25T04:28:26.291000Z,240.827,211.0,1150.0,160.542,0.0,0.0,0.0,149.154,2.356678,0.0,0.0,0.0
2020-08-25T04:28:28.149000Z,2020-08-25T04:28:28.320000Z,43.45,171.0,1132.0,157.192,0.0,0.0,0.0,149.154,2.356678,0.0,0.0,0.0
2020-08-25T04:28:29.966000Z,2020-08-25T04:28:30.133000Z,55.362,167.0,1132.0,160.877,0.0,0.0,0.0,149.154,2.356678,0.0,0.0,0.0
2020-08-25T04:28:32.025999Z,2020-08-25T04:28:32.219000Z,142.974,193.0,1132.0,156.638,0.0,0.0,0.0,149.154,2.356678,0.0,0.0,0.0
2020-08-25T04:28:34.122000Z,2020-08-25T04:28:34.312000Z,138.446,190.0,1132.0,159.128,0.0,0.0,0.0,149.154,2.356678,0.0,0.0,0.0
2020-08-25T04:28:36.172999Z,2020-08-25T04:28:36.363000Z,151.022,190.0,1132.0,156.785,0.0,0.0,0.0,149.154,2.356678,0.0,0.0,0.0
2020-08-25T04:28:38.012000Z,2020-08-25T04:28:38.201999Z,144.692,190.0,1144.0,157.832,0.0,0.0,0.0,149.154,2.356678,0.0,0.0,0.0
2020-08-25T04:28:40.085000Z,2020-08-25T04:28:40.283000Z,123.885,198.0,1140.0,158.446,0.0,0.0,0.0,149.154,2.356678,0.0,0.0,0.0
2020-08-25T04:28:42.160000Z,2020-08-25T04:28:42.351000Z,118.231,191.0,1140.0,158.013,0.0,0.0,0.0,149.154,2.356678,0.0,0.0,0.0
2020-08-25T04:28:43.991000Z,2020-08-25T04:28:44.413000Z,1319.017,422.0,1140.0,164.367,0.0,0.0,0.0,150.511,2.356678,0.0,0.0,0.0
2020-08-25T04:28:46.028000Z,2020-08-25T04:28:46.299000Z,575.626,271.0,1264.0,167.249,0.0,0.0,0.0,150.511,5.251714,0.0,0.0,0.0
2020-08-25T04:28:48.123000Z,2020-08-25T04:28:48.409000Z,628.285,286.0,1264.0,164.999,0.0,0.0,0.0,150.511,5.251714,0.0,0.0,0.0
2020-08-25T04:28:50.201000Z,2020-08-25T04:28:50.510000Z,762.076,309.0,1288.0,165.058,0.0,0.0,0.0,150.511,5.251714,0.0,0.0,0.0
2020-08-25T04:28:51.985000Z,2020-08-25T04:28:52.457000Z,1744.717,472.0,1278.0,168.681,0.0,0.0,0.0,150.511,5.251714,0.0,0.0,0.0
2020-08-25T04:28:54.044999Z,2020-08-25T04:28:54.487000Z,1001.567,442.0,1486.0,164.97,0.0,0.0,0.0,150.511,6.255528,0.0,0.0,0.0
2020-08-25T04:28:56.119000Z,2020-08-25T04:28:56.435000Z,816.969,316.0,1474.0,157.068,0.0,0.0,0.0,150.511,2.320128,0.0,0.0,0.0
2020-08-25T04:28:57.944000Z,2020-08-25T04:28:58.144000Z,222.262,200.0,1474.0,158.665,0.0,0.0,0.0,150.511,4.588551,0.0,0.0,0.0
2020-08-25T04:29:00.011000Z,2020-08-25T04:29:00.195000Z,120.33,184.0,1468.0,159.28,0.0,0.0,0.0,150.511,4.588551,0.0,0.0,0.0
2020-08-25T04:29:02.093000Z,2020-08-25T04:29:02.284000Z,151.243,191.0,1470.0,169.399,0.0,0.0,0.0,150.511,4.588551,0.0,0.0,0.0
2020-08-25T04:29:04.208000Z,2020-08-25T04:29:04.406000Z,249.002,198.0,1470.0,166.33,0.0,0.0,0.0,150.511,4.588551,0.0,0.0,0.0
2020-08-25T04:29:06.022000Z,2020-08-25T04:29:06.233000Z,312.152,211.0,1470.0,171.466,0.0,0.0,0.0,150.511,4.588551,0.0,0.0,0.0
2020-08-25T04:29:08.125000Z,2020-08-25T04:29:08.589000Z,1538.998,464.0,1470.0,157.482,0.0,0.0,0.0,150.511,4.588551,0.0,0.0,0.0
2020-08-25T04:29:10.197000Z,2020-08-25T04:29:10.804000Z,1838.073,607.0,1566.0,174.458,0.0,0.0,0.0,150.511,6.19816,0.0,0.0,0.0
2020-08-25T04:29:12.040000Z,2020-08-25T04:29:12.957000Z,1555.545,917.0,1562.0,170.044,0.0,0.0,0.0,150.511,3.612054,0.0,0.0,0.0
2020-08-25T04:29:14.095000Z,2020-08-25T04:29:14.409999Z,870.958,315.0,1582.0,167.001,0.0,0.0,0.0,150.511,6.318437,0.0,0.0,0.0
2020-08-25T04:29:16.003000Z,2020-08-25T04:29:16.185999Z,154.339,183.0,1584.0,162.064,0.0,0.0,0.0,150.511,6.318437,0.0,0.0,0.0
2020-08-25T04:29:18.071000Z,2020-08-25T04:29:18.256000Z,127.895,185.0,1584.0,161.086,0.0,0.0,0.0,150.511,6.318437,0.0,0.0,0.0
2020-08-25T04:29:20.111000Z,2020-08-25T04:29:20.465000Z,278.541,354.0,1584.0,162.993,0.0,0.0,0.0,150.511,6.318437,0.0,0.0,0.0
2020-08-25T04:29:22.164000Z,2020-08-25T04:29:22.599000Z,1695.79,435.0,1534.0,161.316,0.0,0.0,0.0,150.511,1.233949,0.0,0.0,0.0
2020-08-25T04:29:24.211000Z,2020-08-25T04:29:24.692000Z,1518.175,481.0,1566.0,163.774,0.0,0.0,0.0,150.511,6.507324,0.0,0.0,0.0
2020-08-25T04:29:26.033000Z,2020-08-25T04:29:26.585000Z,1515.509,552.0,1568.0,164.488,0.0,0.0,0.0,150.511,4.13838,0.0,0.0,0.0
2020-08-25T04:29:28.193999Z,2020-08-25T04:29:28.377999Z,148.736,184.0,1568.0,339.092,0.0,0.0,0.0,150.511,3.840945,0.0,0.0,0.0
2020-08-25T04:29:30.024999Z,2020-08-25T04:29:30.217999Z,47.266,193.0,1568.0,159.585,0.0,0.0,0.0,150.511,3.840945,0.0,0.0,0.0
2020-08-25T04:29:32.075000Z,2020-08-25T04:29:32.253000Z,93.008,178.0,1556.0,159.147,0.0,0.0,0.0,150.511,3.840945,0.0,0.0,0.0
2020-08-25T04:29:34.156999Z,2020-08-25T04:29:34.335000Z,105.117,178.0,1556.0,160.698,0.0,0.0,0.0,150.511,3.840945,0.0,0.0,0.0
2020-08-25T04:29:36.209999Z,2020-08-25T04:29:36.387000Z,98.587,177.0,1556.0,162.39,0.0,0.0,0.0,150.511,3.840945,0.0,0.0,0.0
2020-08-25T04:29:38.047000Z,2020-08-25T04:29:38.225999Z,96.094,179.0,1556.0,159.454,0.0,0.0,0.0,150.511,3.840945,0.0,0.0,0.0
2020-08-25T04:29:40.121000Z,2020-08-25T04:29:40.358000Z,449.176,237.0,1556.0,159.405,0.0,0.0,0.0,150.511,3.840945,0.0,0.0,0.0
2020-08-25T04:29:42.300000Z,2020-08-25T04:29:42.529000Z,409.569,229.0,1572.0,163.083,0.0,0.0,0.0,150.511,3.840945,0.0,0.0,0.0
2020-08-25T04:29:44.258000Z,2020-08-25T04:29:44.465000Z,216.517,207.0,1564.0,161.141,0.0,0.0,0.0,150.511,3.840945,0.0,0.0,0.0
2020-08-25T04:29:46.040000Z,2020-08-25T04:29:46.235000Z,216.999,195.0,1564.0,160.562,0.0,0.0,0.0,150.511,3.840945,0.0,0.0,0.0
2020-08-25T04:29:48.075000Z,2020-08-25T04:29:48.264000Z,208.361,189.0,1564.0,159.684,0.0,0.0,0.0,150.511,3.840945,0.0,0.0,0.0
2020-08-25T04:29:50.143000Z,2020-08-25T04:29:50.343000Z,237.985,200.0,1564.0,163.216,0.0,0.0,0.0,150.511,3.840945,0.0,0.0,0.0
2020-08-25T04:29:52.346000Z,2020-08-25T04:29:52.543000Z,246.039,197.0,1564.0,162.173,0.0,0.0,0.0,150.511,3.840945,0.0,0.0,0.0
2020-08-25T04:29:54.029000Z,2020-08-25T04:29:54.224000Z,198.956,195.0,1584.0,167.081,0.0,0.0,0.0,150.511,3.840945,0.0,0.0,0.0
2020-08-25T04:29:56.103000Z,2020-08-25T04:29:56.296000Z,200.045,193.0,1580.0,160.108,0.0,0.0,0.0,150.511,3.840945,0.0,0.0,0.0
2020-08-25T04:29:58.188000Z,2020-08-25T04:29:58.419000Z,490.948,231.0,1580.0,164.019,0.0,0.0,0.0,150.511,3.840945,0.0,0.0,0.0
2020-08-25T04:30:00.249999Z,2020-08-25T04:30:00.479000Z,419.424,229.0,1578.0,165.029,0.0,0.0,0.0,150.511,3.840945,0.0,0.0,0.0
2020-08-25T04:30:02.106000Z,2020-08-25T04:30:02.337999Z,410.495,232.0,1578.0,160.611,0.0,0.0,0.0,150.511,3.840945,0.0,0.0,0.0
2020-08-25T04:30:04.169000Z,2020-08-25T04:30:04.516000Z,1102.302,347.0,1578.0,159.034,0.0,0.0,0.0,150.511,3.840945,0.0,0.0,0.0
2020-08-25T04:30:06.245000Z,2020-08-25T04:30:06.553000Z,840.939,308.0,1515.0,160.772,0.0,0.0,0.0,150.511,6.581281,0.0,0.0,0.0
2020-08-25T04:30:08.041999Z,2020-08-25T04:30:08.295000Z,416.916,253.0,1522.0,169.902,0.0,0.0,0.0,150.511,6.581281,0.0,0.0,0.0
2020-08-25T04:30:10.136000Z,2020-08-25T04:30:10.375000Z,428.368,239.0,1520.0,171.165,0.0,0.0,0.0,150.511,6.581281,0.0,0.0,0.0
2020-08-25T04:30:12.177000Z,2020-08-25T04:30:12.388000Z,331.277,211.0,1520.0,165.728,0.0,0.0,0.0,150.511,6.581281,0.0,0.0,0.0
2020-08-25T04:30:14.241999Z,2020-08-25T04:30:14.411000Z,62.146,169.0,1506.0,158.943,0.0,0.0,0.0,150.511,6.581281,0.0,0.0,0.0
2020-08-25T04:30:16.037000Z,2020-08-25T04:30:16.205000Z,63.707,168.0,1506.0,158.392,0.0,0.0,0.0,150.511,6.581281,0.0,0.0,0.0
2020-08-25T04:30:18.106000Z,2020-08-25T04:30:18.309000Z,274.751,203.0,1506.0,162.204,0.0,0.0,0.0,150.511,6.581281,0.0,0.0,0.0
2020-08-25T04:30:20.168000Z,2020-08-25T04:30:20.401000Z,433.141,233.0,1506.0,157.891,0.0,0.0,0.0,150.511,6.581281,0.0,0.0,0.0
2020-08-25T04:30:22.204000Z,2020-08-25T04:30:22.491000Z,754.059,287.0,1506.0,160.502,0.0,0.0,0.0,150.511,6.581281,0.0,0.0,0.0
2020-08-25T04:30:24.259000Z,2020-08-25T04:30:24.444000Z,140.176,185.0,1506.0,159.969,0.0,0.0,0.0,150.511,6.581281,0.0,0.0,0.0
2020-08-25T04:30:26.284999Z,2020-08-25T04:30:26.456000Z,90.086,171.0,1534.0,163.432,0.0,0.0,0.0,150.511,6.581281,0.0,0.0,0.0
2020-08-25T04:30:28.089000Z,2020-08-25T04:30:28.446000Z,820.821,357.0,1522.0,167.86,0.0,0.0,0.0,150.511,6.581281,0.0,0.0,0.0
2020-08-25T04:30:30.489999Z,2020-08-25T04:30:30.691000Z,234.837,201.0,1522.0,236.485,0.0,0.0,0.0,150.511,6.581281,0.0,0.0,0.0
2020-08-25T04:30:32.176000Z,2020-08-25T04:30:32.384000Z,330.472,208.0,1500.0,158.416,0.0,0.0,0.0,150.511,6.581281,0.0,0.0,0.0
2020-08-25T04:30:34.069000Z,2020-08-25T04:30:34.267000Z,234.959,198.0,1500.0,158.339,0.0,0.0,0.0,150.511,6.581281,0.0,0.0,0.0
2020-08-25T04:30:36.147000Z,2020-08-25T04:30:36.328000Z,113.377,181.0,1500.0,162.928,0.0,0.0,0.0,150.511,6.581281,0.0,0.0,0.0
2020-08-25T04:30:38.192000Z,2020-08-25T04:30:38.579000Z,808.523,387.0,1500.0,162.692,0.0,0.0,0.0,150.511,6.581281,0.0,0.0,0.0
2020-08-25T04:30:40.275000Z,2020-08-25T04:30:40.609000Z,1030.492,334.0,1500.0,266.056,0.0,0.0,0.0,150.511,6.581281,0.0,0.0,0.0
2020-08-25T04:30:42.052000Z,2020-08-25T04:30:42.491000Z,1041.152,439.0,1500.0,167.046,0.0,0.0,0.0,150.511,6.581281,0.0,0.0,0.0
2020-08-25T04:30:44.149000Z,2020-08-25T04:30:44.481000Z,875.685,332.0,1540.0,306.295,0.0,0.0,0.0,150.511,6.581281,0.0,0.0,0.0
2020-08-25T04:30:46.177000Z,2020-08-25T04:30:46.526000Z,1065.871,349.0,1526.0,191.778,0.0,0.0,0.0,150.511,6.581281,0.0,0.0,0.0
2020-08-25T04:30:48.264000Z,2020-08-25T04:30:48.632000Z,1113.228,368.0,1516.0,326.032,0.0,0.0,0.0,150.511,6.581281,0.0,0.0,0.0
2020-08-25T04:30:50.080000Z,2020-08-25T04:30:50.510000Z,929.756,430.0,1185.0,204.749,0.0,0.0,0.0,150.511,5.175347,0.0,0.0,0.0
2020-08-25T04:30:52.161000Z,2020-08-25T04:30:52.371000Z,241.565,210.0,1186.0,167.031,0.0,0.0,0.0,150.511,3.349711,0.0,0.0,0.0
2020-08-25T04:30:54.207000Z,2020-08-25T04:30:54.383000Z,79.159,176.0,1186.0,163.653,0.0,0.0,0.0,150.511,3.349711,0.0,0.0,0.0
2020-08-25T04:30:56.231000Z,2020-08-25T04:30:56.557000Z,768.093,326.0,1186.0,169.7,0.0,0.0,0.0,150.511,3.349711,0.0,0.0,0.0
2020-08-25T04:30:58.109000Z,2020-08-25T04:30:58.473000Z,977.891,364.0,1186.0,178.687,0.0,0.0,0.0,150.511,3.349711,0.0,0.0,0.0
2020-08-25T04:31:00.314000Z,2020-08-25T04:31:00.647000Z,845.383,333.0,4.0,171.6,0.0,0.0,0.0,150.511,4.965206,0.0,0.0,0.0
2020-08-25T04:31:02.144000Z,2020-08-25T04:31:02.478000Z,631.722,334.0,1206.0,163.292,0.0,0.0,0.0,150.511,5.056689,0.0,0.0,0.0
2020-08-25T04:31:04.257000Z,2020-08-25T04:31:04.443000Z,74.195,186.0,1206.0,168.352,0.0,0.0,0.0,150.511,5.056689,0.0,0.0,0.0
2020-08-25T04:31:06.391000Z,2020-08-25T04:31:06.655000Z,427.551,264.0,1206.0,162.34,0.0,0.0,0.0,150.511,5.056689,0.0,0.0,0.0
2020-08-25T04:31:08.223000Z,2020-08-25T04:31:08.529999Z,755.458,307.0,1206.0,172.238,0.0,0.0,0.0,150.511,5.056689,0.0,0.0,0.0
2020-08-25T04:31:10.292000Z,2020-08-25T04:31:10.619000Z,794.907,327.0,1206.0,165.891,0.0,0.0,0.0,150.511,5.056689,0.0,0.0,0.0
2020-08-25T04:31:12.352000Z,2020-08-25T04:31:12.693000Z,906.874,341.0,1216.0,172.537,0.0,0.0,0.0,150.511,5.056689,0.0,0.0,0.0
2020-08-25T04:31:14.412000Z,2020-08-25T04:31:14.597000Z,130.233,185.0,1166.0,160.565,0.0,0.0,0.0,150.511,5.247161,0.0,0.0,0.0
2020-08-25T04:31:16.265999Z,2020-08-25T04:31:16.473999Z,120.317,208.0,1208.0,159.135,0.0,0.0,0.0,150.511,5.247161,0.0,0.0,0.0
2020-08-25T04:31:18.359000Z,2020-08-25T04:31:18.700000Z,833.824,341.0,1208.0,174.357,0.0,0.0,0.0,150.511,5.247161,0.0,0.0,0.0
2020-08-25T04:31:20.205000Z,2020-08-25T04:31:20.559000Z,823.26,354.0,1208.0,165.237,0.0,0.0,0.0,150.511,4.880147,0.0,0.0,0.0
2020-08-25T04:31:22.291000Z,2020-08-25T04:31:22.671000Z,920.806,380.0,1208.0,168.443,0.0,0.0,0.0,150.511,4.898313,0.0,0.0,0.0
2020-08-25T04:31:24.374000Z,2020-08-25T04:31:24.739000Z,886.067,365.0,1204.0,162.982,0.0,0.0,0.0,150.511,4.822839,0.0,0.0,0.0
2020-08-25T04:31:26.448000Z,2020-08-25T04:31:26.828000Z,1000.109,380.0,1182.0,165.543,0.0,0.0,0.0,150.511,5.046687,0.0,0.0,0.0
2020-08-25T04:31:28.251000Z,2020-08-25T04:31:28.472000Z,283.172,221.0,1186.0,159.09,0.0,0.0,0.0,150.511,4.994028,0.0,0.0,0.0
2020-08-25T04:31:30.372000Z,2020-08-25T04:31:30.639000Z,403.847,267.0,1184.0,160.538,0.0,0.0,0.0,150.511,4.994028,0.0,0.0,0.0
2020-08-25T04:31:32.465000Z,2020-08-25T04:31:32.633000Z,51.188,168.0,1184.0,172.195,0.0,0.0,0.0,150.511,4.994028,0.0,0.0,0.0
2020-08-25T04:31:34.260000Z,2020-08-25T04:31:34.887000Z,1263.114,627.0,1184.0,159.19,0.0,0.0,0.0,150.511,4.994028,0.0,0.0,0.0
2020-08-25T04:31:36.327000Z,2020-08-25T04:31:36.955000Z,1278.065,628.0,1162.0,342.988,0.0,0.0,0.0,150.511,3.394319,0.0,0.0,0.0
2020-08-25T04:31:38.524999Z,2020-08-25T04:31:38.711000Z,111.275,186.0,1224.0,188.113,0.0,0.0,0.0,150.511,4.982413,0.0,0.0,0.0
2020-08-25T04:31:40.379000Z,2020-08-25T04:31:41.103000Z,792.143,724.0,1226.0,166.591,0.0,0.0,0.0,150.511,4.982413,0.0,0.0,0.0
2020-08-25T04:31:42.692000Z,2020-08-25T04:31:43.056000Z,777.088,364.0,1226.0,540.273,0.0,0.0,0.0,150.511,4.982413,0.0,0.0,0.0
2020-08-25T04:31:44.616999Z,2020-08-25T04:31:44.889999Z,117.904,273.0,1226.0,215.416,0.0,0.0,0.0,150.511,4.982413,0.0,0.0,0.0
2020-08-25T04:31:46.738000Z,2020-08-25T04:31:46.950000Z,219.102,212.0,1226.0,173.142,0.0,0.0,0.0,150.511,4.982413,0.0,0.0,0.0
2020-08-25T04:31:48.803000Z,2020-08-25T04:31:48.998000Z,171.849,195.0,1226.0,166.694,0.0,0.0,0.0,150.511,4.982413,0.0,0.0,0.0
2020-08-25T04:31:50.719000Z,2020-08-25T04:31:50.929999Z,201.591,211.0,1228.0,164.861,0.0,0.0,0.0,150.511,4.982413,0.0,0.0,0.0
2020-08-25T04:31:52.773000Z,2020-08-25T04:31:52.961999Z,140.04,189.0,1228.0,170.898,0.0,0.0,0.0,150.511,4.982413,0.0,0.0,0.0
2020-08-25T04:31:54.609000Z,2020-08-25T04:31:54.809999Z,182.598,201.0,1220.0,168.726,0.0,0.0,0.0,150.511,4.982413,0.0,0.0,0.0
2020-08-25T04:31:56.679000Z,2020-08-25T04:31:56.908000Z,324.186,229.0,1220.0,159.561,0.0,0.0,0.0,150.511,4.982413,0.0,0.0,0.0
2020-08-25T04:31:58.774000Z,2020-08-25T04:31:58.959000Z,125.967,185.0,1220.0,164.23,0.0,0.0,0.0,150.511,4.982413,0.0,0.0,0.0
2020-08-25T04:32:00.846000Z,2020-08-25T04:32:01.027000Z,111.72,181.0,1220.0,167.878,0.0,0.0,0.0,150.511,4.982413,0.0,0.0,0.0
2020-08-25T04:32:02.651000Z,2020-08-25T04:32:02.845000Z,135.537,194.0,1220.0,157.752,0.0,0.0,0.0,150.511,4.982413,0.0,0.0,0.0
2020-08-25T04:32:04.731000Z,2020-08-25T04:32:04.917000Z,108.334,186.0,1260.0,165.818,0.0,0.0,0.0,150.511,4.982413,0.0,0.0,0.0
2020-08-25T04:32:06.792000Z,2020-08-25T04:32:06.982000Z,105.097,190.0,1232.0,163.132,0.0,0.0,0.0,150.511,4.982413,0.0,0.0,0.0
2020-08-25T04:32:08.763000Z,2020-08-25T04:32:08.949000Z,101.137,186.0,1224.0,158.336,0.0,0.0,0.0,150.511,4.982413,0.0,0.0,0.0
2020-08-25T04:32:10.632000Z,2020-08-25T04:32:10.801000Z,74.275,169.0,1224.0,161.61,0.0,0.0,0.0,150.511,4.982413,0.0,0.0,0.0
2020-08-25T04:32:12.701000Z,2020-08-25T04:32:12.897999Z,94.896,197.0,1224.0,157.779,0.0,0.0,0.0,150.511,4.982413,0.0,0.0,0.0
2020-08-25T04:32:14.748999Z,2020-08-25T04:32:14.925000Z,77.295,176.0,1224.0,161.245,0.0,0.0,0.0,150.511,4.982413,0.0,0.0,0.0
2020-08-25T04:32:16.792000Z,2020-08-25T04:32:16.966000Z,78.465,174.0,1186.0,161.341,0.0,0.0,0.0,149.068,4.982413,0.0,0.0,0.0
2020-08-25T04:32:18.825000Z,2020-08-25T04:32:19.013000Z,133.955,188.0,1186.0,157.514,0.0,0.0,0.0,149.068,4.982413,0.0,0.0,0.0
2020-08-25T04:32:20.882000Z,2020-08-25T04:32:21.071000Z,105.567,189.0,1186.0,163.199,0.0,0.0,0.0,149.068,4.982413,0.0,0.0,0.0
2020-08-25T04:32:22.701000Z,2020-08-25T04:32:22.880000Z,107.502,179.0,1186.0,164.028,0.0,0.0,0.0,149.068,4.982413,0.0,0.0,0.0
2020-08-25T04:32:24.790000Z,2020-08-25T04:32:24.969000Z,114.799,179.0,1186.0,158.56,0.0,0.0,0.0,149.068,4.982413,0.0,0.0,0.0
2020-08-25T04:32:26.878000Z,2020-08-25T04:32:27.057000Z,98.92,179.0,1218.0,157.511,0.0,0.0,0.0,149.068,4.982413,0.0,0.0,0.0
2020-08-25T04:32:28.712999Z,2020-08-25T04:32:28.913000Z,167.491,200.0,1218.0,160.426,0.0,0.0,0.0,149.068,4.982413,0.0,0.0,0.0
2020-08-25T04:32:30.799000Z,2020-08-25T04:32:30.993000Z,175.23,194.0,1218.0,162.419,0.0,0.0,0.0,149.068,4.982413,0.0,0.0,0.0
2020-08-25T04:32:32.622000Z,2020-08-25T04:32:32.825999Z,159.655,204.0,1218.0,156.904,0.0,0.0,0.0,149.068,4.982413,0.0,0.0,0.0
2020-08-25T04:32:34.698000Z,2020-08-25T04:32:34.887000Z,161.663,189.0,1218.0,160.144,0.0,0.0,0.0,149.068,4.982413,0.0,0.0,0.0
2020-08-25T04:32:36.796000Z,2020-08-25T04:32:36.991000Z,178.93,195.0,1218.0,161.118,0.0,0.0,0.0,149.068,4.982413,0.0,0.0,0.0
2020-08-25T04:32:38.886000Z,2020-08-25T04:32:39.067000Z,102.826,181.0,1230.0,157.828,0.0,0.0,0.0,149.068,4.982413,0.0,0.0,0.0
2020-08-25T04:32:40.725000Z,2020-08-25T04:32:41.015000Z,648.738,290.0,1230.0,157.454,0.0,0.0,0.0,149.068,4.982413,0.0,0.0,0.0
2020-08-25T04:32:42.799000Z,2020-08-25T04:32:43.062000Z,530.344,263.0,1212.0,157.978,0.0,0.0,0.0,149.068,4.982413,0.0,0.0,0.0
2020-08-25T04:32:44.642000Z,2020-08-25T04:32:44.923000Z,614.75,281.0,1212.0,155.508,0.0,0.0,0.0,149.068,4.982413,0.0,0.0,0.0
2020-08-25T04:32:46.733000Z,2020-08-25T04:32:47.067000Z,872.358,334.0,1212.0,160.994,0.0,0.0,0.0,149.068,4.982413,0.0,0.0,0.0
2020-08-25T04:32:48.808000Z,2020-08-25T04:32:49.013000Z,115.592,205.0,1194.0,157.457,0.0,0.0,0.0,149.068,4.923363,0.0,0.0,0.0
2020-08-25T04:32:50.864000Z,2020-08-25T04:32:51.092000Z,334.015,228.0,1194.0,157.088,0.0,0.0,0.0,149.068,4.923363,0.0,0.0,0.0
2020-08-25T04:32:52.666000Z,2020-08-25T04:32:52.895000Z,322.903,229.0,1200.0,165.28,0.0,0.0,0.0,149.068,4.923363,0.0,0.0,0.0
2020-08-25T04:32:54.724000Z,2020-08-25T04:32:55.271000Z,1920.871,547.0,1200.0,167.302,0.0,0.0,0.0,149.068,4.923363,0.0,0.0,0.0
2020-08-25T04:32:56.681000Z,2020-08-25T04:32:57.049000Z,1167.531,368.0,1384.0,163.491,0.0,0.0,0.0,149.068,5.10832,0.0,0.0,0.0
2020-08-25T04:32:58.848000Z,2020-08-25T04:32:59.091000Z,482.187,243.0,1416.0,166.719,0.0,0.0,0.0,149.068,5.551336,0.0,0.0,0.0
2020-08-25T04:33:00.896000Z,2020-08-25T04:33:01.153000Z,558.341,257.0,1416.0,160.224,0.0,0.0,0.0,149.068,5.551336,0.0,0.0,0.0
2020-08-25T04:33:02.700000Z,2020-08-25T04:33:03.043000Z,1072.802,343.0,1422.0,156.621,0.0,0.0,0.0,149.068,5.551336,0.0,0.0,0.0
2020-08-25T04:33:04.750000Z,2020-08-25T04:33:05.153000Z,1539.425,403.0,1442.0,164.063,0.0,0.0,0.0,149.068,5.739572,0.0,0.0,0.0
2020-08-25T04:33:06.798000Z,2020-08-25T04:33:07.175000Z,1357.559,377.0,1620.0,163.226,0.0,0.0,0.0,149.068,7.076151,0.0,0.0,0.0
2020-08-25T04:33:08.883000Z,2020-08-25T04:33:09.243000Z,1436.006,360.0,1646.0,173.202,0.0,0.0,0.0,149.068,6.854297,0.0,0.0,0.0
2020-08-25T04:33:10.719000Z,2020-08-25T04:33:11.063000Z,1344.769,344.0,1732.0,164.906,0.0,0.0,0.0,149.068,7.251488,0.0,0.0,0.0
2020-08-25T04:33:12.782000Z,2020-08-25T04:33:13.089000Z,1061.226,307.0,4.0,159.409,0.0,0.0,0.0,149.068,7.712813,0.0,0.0,0.0
2020-08-25T04:33:14.864000Z,2020-08-25T04:33:15.075000Z,309.372,211.0,1766.0,170.195,0.0,0.0,0.0,149.068,7.712813,0.0,0.0,0.0
2020-08-25T04:33:16.694000Z,2020-08-25T04:33:16.975000Z,657.592,281.0,1766.0,160.896,0.0,0.0,0.0,149.068,7.712813,0.0,0.0,0.0
2020-08-25T04:33:18.792000Z,2020-08-25T04:33:18.981000Z,189.445,189.0,1756.0,187.149,0.0,0.0,0.0,149.068,7.712813,0.0,0.0,0.0
2020-08-25T04:33:20.795000Z,2020-08-25T04:33:20.991000Z,289.025,196.0,1762.0,160.016,0.0,0.0,0.0,149.068,7.712813,0.0,0.0,0.0
2020-08-25T04:33:22.716000Z,2020-08-25T04:33:22.917000Z,315.046,201.0,1762.0,158.951,0.0,0.0,0.0,149.068,7.712813,0.0,0.0,0.0
2020-08-25T04:33:24.784999Z,2020-08-25T04:33:24.973000Z,217.404,188.0,1762.0,160.414,0.0,0.0,0.0,149.068,7.712813,0.0,0.0,0.0
2020-08-25T04:33:26.880000Z,2020-08-25T04:33:27.127000Z,631.621,247.0,1762.0,158.466,0.0,0.0,0.0,149.068,7.712813,0.0,0.0,0.0
2020-08-25T04:33:28.726000Z,2020-08-25T04:33:29.091000Z,1083.663,365.0,1774.0,162.162,0.0,0.0,0.0,149.068,7.712813,0.0,0.0,0.0
2020-08-25T04:33:30.823000Z,2020-08-25T04:33:31.121000Z,965.746,298.0,1774.0,169.801,0.0,0.0,0.0,149.068,7.712813,0.0,0.0,0.0
2020-08-25T04:33:32.920000Z,2020-08-25T04:33:33.209000Z,911.551,289.0,1774.0,171.429,0.0,0.0,0.0,149.068,7.712813,0.0,0.0,0.0
2020-08-25T04:33:34.733000Z,2020-08-25T04:33:35.035000Z,919.029,302.0,1774.0,166.725,0.0,0.0,0.0,149.068,7.712813,0.0,0.0,0.0
