start_time,end_time,size,trans_time,cwnd,rtt,rto,ssthresh,last_snd,min_rtt,delivery_rate,bytes_sent,bytes_retrans,client_trans_time
2020-08-25T01:02:02.633999Z,2020-08-25T01:02:04.324000Z,118.965,1690.0,124.0,935.059,0.0,0.0,0.0,24.521,0.119941,0.0,0.0,0.0
2020-08-25T01:02:04.324000Z,2020-08-25T01:02:05.621000Z,276.241,1297.0,124.0,1164.839,0.0,0.0,0.0,24.521,0.134434,0.0,0.0,0.0
2020-08-25T01:02:05.621000Z,2020-08-25T01:02:06.760000Z,270.511,1139.0,124.0,464.678,0.0,0.0,0.0,24.521,0.274824,0.0,0.0,0.0
2020-08-25T01:02:06.761000Z,2020-08-25T01:02:09.651000Z,277.55,2890.0,128.0,355.746,0.0,0.0,0.0,24.521,0.338063,0.0,0.0,0.0
2020-08-25T01:02:09.652000Z,2020-08-25T01:02:13.237000Z,269.491,3585.0,68.0,1235.598,0.0,0.0,0.0,24.521,0.078239,0.0,0.0,0.0
2020-08-25T01:02:13.238000Z,2020-08-25T01:02:15.845000Z,257.061,2607.0,68.0,1056.41,0.0,0.0,0.0,24.521,0.066803,0.0,0.0,0.0
2020-08-25T01:02:15.846000Z,2020-08-25T01:02:18.536000Z,271.135,2690.0,68.0,684.737,0.0,0.0,0.0,24.521,0.112812,0.0,0.0,0.0
2020-08-25T01:02:18.536000Z,2020-08-25T01:02:20.707000Z,263.204,2171.0,58.0,330.325,0.0,0.0,0.0,24.521,0.135159,0.0,0.0,0.0
2020-08-25T01:02:20.707000Z,2020-08-25T01:02:23.111000Z,279.382,2404.0,74.0,564.69,0.0,0.0,0.0,24.521,0.14512,0.0,0.0,0.0
2020-08-25T01:02:23.111000Z,2020-08-25T01:02:26.317000Z,289.897,3206.0,74.0,726.676,0.0,0.0,0.0,24.685,0.111997,0.0,0.0,0.0
2020-08-25T01:02:26.317000Z,2020-08-25T01:02:27.889999Z,267.145,1573.0,74.0,1020.823,0.0,0.0,0.0,24.685,0.076279,0.0,0.0,0.0
2020-08-25T01:02:27.889999Z,2020-08-25T01:02:28.856000Z,265.467,966.0,18.0,52.208,0.0,0.0,0.0,24.685,0.159996,0.0,0.0,0.0
2020-08-25T01:02:28.856000Z,2020-08-25T01:02:31.000000Z,291.843,2144.0,28.0,94.146,0.0,0.0,0.0,24.685,0.121076,0.0,0.0,0.0
2020-08-25T01:02:31.000000Z,2020-08-25T01:02:31.404000Z,41.639,404.0,22.0,365.625,0.0,0.0,0.0,24.685,0.106577,0.0,0.0,0.0
2020-08-25T01:02:31.404000Z,2020-08-25T01:02:32.041000Z,39.248,637.0,20.0,182.776,0.0,0.0,0.0,24.685,0.128352,0.0,0.0,0.0
2020-08-25T01:02:32.041000Z,2020-08-25T01:02:32.659000Z,55.674,618.0,20.0,306.405,0.0,0.0,0.0,24.685,0.060569,0.0,0.0,0.0
2020-08-25T01:02:32.659000Z,2020-08-25T01:02:33.561999Z,57.545,903.0,20.0,243.7,0.0,0.0,0.0,24.685,0.092581,0.0,0.0,0.0
2020-08-25T01:02:33.561999Z,2020-08-25T01:02:33.965000Z,56.2,403.0,12.0,192.863,0.0,0.0,0.0,24.685,0.078009,0.0,0.0,0.0
2020-08-25T01:02:33.965000Z,2020-08-25T01:02:34.649000Z,71.022,684.0,16.0,64.014,0.0,0.0,0.0,24.685,0.087025,0.0,0.0,0.0
2020-08-25T01:02:34.649000Z,2020-08-25T01:02:35.077000Z,83.142,428.0,18.0,147.479,0.0,0.0,0.0,24.685,0.123068,0.0,0.0,0.0
2020-08-25T01:02:35.078000Z,2020-08-25T01:02:35.965000Z,88.609,887.0,18.0,75.447,0.0,0.0,0.0,24.685,0.194061,0.0,0.0,0.0
2020-08-25T01:02:35.965000Z,2020-08-25T01:02:36.768000Z,114.398,803.0,18.0,248.789,0.0,0.0,0.0,24.685,0.07412,0.0,0.0,0.0
2020-08-25T01:02:37.346000Z,2020-08-25T01:02:38.097999Z,104.941,752.0,18.0,79.722,0.0,0.0,0.0,24.685,0.148556,0.0,0.0,0.0
2020-08-25T01:02:39.316000Z,2020-08-25T01:02:40.425999Z,111.645,1110.0,20.0,330.802,0.0,0.0,0.0,24.685,0.068206,0.0,0.0,0.0
2020-08-25T01:02:41.336000Z,2020-08-25T01:02:45.173000Z,942.934,3837.0,20.0,159.814,0.0,0.0,0.0,24.685,0.238672,0.0,0.0,0.0
2020-08-25T01:02:45.175000Z,2020-08-25T01:02:48.525000Z,1123.559,3350.0,38.0,133.229,0.0,0.0,0.0,24.685,0.421445,0.0,0.0,0.0
2020-08-25T01:02:48.526000Z,2020-08-25T01:02:51.070000Z,918.873,2544.0,34.0,89.47,0.0,0.0,0.0,24.685,0.208464,0.0,0.0,0.0
2020-08-25T01:02:51.072000Z,2020-08-25T01:02:53.824000Z,1134.756,2752.0,38.0,206.907,0.0,0.0,0.0,24.685,0.181307,0.0,0.0,0.0
2020-08-25T01:02:53.826000Z,2020-08-25T01:02:56.436000Z,1250.109,2610.0,28.0,89.702,0.0,0.0,0.0,24.685,0.490065,0.0,0.0,0.0
2020-08-25T01:02:56.438000Z,2020-08-25T01:03:03.307000Z,1014.226,6869.0,44.0,240.029,0.0,0.0,0.0,24.685,0.294108,0.0,0.0,0.0
2020-08-25T01:03:03.308000Z,2020-08-25T01:03:06.025999Z,337.391,2718.0,18.0,365.465,0.0,0.0,0.0,24.685,0.06241,0.0,0.0,0.0
2020-08-25T01:03:06.027000Z,2020-08-25T01:03:08.206000Z,357.681,2179.0,20.0,104.924,0.0,0.0,0.0,24.685,0.143541,0.0,0.0,0.0
2020-08-25T01:03:08.206000Z,2020-08-25T01:03:11.665000Z,364.547,3459.0,22.0,188.534,0.0,0.0,0.0,24.685,0.087506,0.0,0.0,0.0
2020-08-25T01:03:11.666000Z,2020-08-25T01:03:14.265000Z,363.087,2599.0,18.0,196.305,0.0,0.0,0.0,24.685,0.114654,0.0,0.0,0.0
2020-08-25T01:03:14.264999Z,2020-08-25T01:03:16.680000Z,370.405,2415.0,20.0,200.571,0.0,0.0,0.0,24.685,0.116369,0.0,0.0,0.0
2020-08-25T01:03:16.681000Z,2020-08-25T01:03:17.486000Z,133.694,805.0,52.0,267.245,0.0,0.0,0.0,24.685,0.163777,0.0,0.0,0.0
2020-08-25T01:03:17.486000Z,2020-08-25T01:03:19.148000Z,345.255,1662.0,56.0,237.508,0.0,0.0,0.0,24.685,0.21856,0.0,0.0,0.0
2020-08-25T01:03:19.149000Z,2020-08-25T01:03:20.982000Z,292.957,1833.0,58.0,300.495,0.0,0.0,0.0,24.685,0.209254,0.0,0.0,0.0
2020-08-25T01:03:20.982000Z,2020-08-25T01:03:24.468000Z,313.897,3486.0,58.0,564.008,0.0,0.0,0.0,24.685,0.132485,0.0,0.0,0.0
2020-08-25T01:03:24.468999Z,2020-08-25T01:03:27.953000Z,341.197,3484.0,52.0,735.828,0.0,0.0,0.0,24.685,0.034787,0.0,0.0,0.0
2020-08-25T01:03:27.952999Z,2020-08-25T01:03:28.868000Z,137.449,915.0,18.0,82.456,0.0,0.0,0.0,24.685,0.168277,0.0,0.0,0.0
2020-08-25T01:03:28.868000Z,2020-08-25T01:03:30.823000Z,339.033,1955.0,18.0,69.443,0.0,0.0,0.0,24.685,0.185561,0.0,0.0,0.0
2020-08-25T01:03:30.824000Z,2020-08-25T01:03:32.979000Z,306.281,2155.0,22.0,207.208,0.0,0.0,0.0,24.685,0.105886,0.0,0.0,0.0
2020-08-25T01:03:32.979000Z,2020-08-25T01:03:34.207000Z,292.985,1228.0,22.0,180.478,0.0,0.0,0.0,24.685,0.110771,0.0,0.0,0.0
2020-08-25T01:03:34.207000Z,2020-08-25T01:03:35.305999Z,255.001,1099.0,26.0,67.655,0.0,0.0,0.0,24.685,0.377046,0.0,0.0,0.0
2020-08-25T01:03:35.305999Z,2020-08-25T01:03:36.565000Z,302.677,1259.0,26.0,101.508,0.0,0.0,0.0,24.685,0.154646,0.0,0.0,0.0
2020-08-25T01:03:36.566000Z,2020-08-25T01:03:37.392000Z,276.815,826.0,26.0,213.536,0.0,0.0,0.0,24.685,0.120139,0.0,0.0,0.0
2020-08-25T01:03:37.393000Z,2020-08-25T01:03:38.591000Z,462.662,1198.0,30.0,79.334,0.0,0.0,0.0,24.685,0.291526,0.0,0.0,0.0
2020-08-25T01:03:38.591000Z,2020-08-25T01:03:39.915000Z,466.87,1324.0,36.0,89.275,0.0,0.0,0.0,24.685,0.327657,0.0,0.0,0.0
2020-08-25T01:03:39.916000Z,2020-08-25T01:03:41.572000Z,582.708,1656.0,36.0,150.771,0.0,0.0,0.0,24.685,0.288396,0.0,0.0,0.0
2020-08-25T01:03:41.573000Z,2020-08-25T01:03:42.580000Z,635.122,1006.9999999999999,32.0,84.125,0.0,0.0,0.0,24.685,0.26225,0.0,0.0,0.0
2020-08-25T01:03:42.582000Z,2020-08-25T01:03:46.293000Z,1095.344,3711.0,42.0,55.318,0.0,0.0,0.0,24.685,0.502439,0.0,0.0,0.0
2020-08-25T01:03:46.293000Z,2020-08-25T01:03:47.843000Z,439.77,1550.0,20.0,56.028,0.0,0.0,0.0,24.685,0.24527,0.0,0.0,0.0
2020-08-25T01:03:47.844000Z,2020-08-25T01:03:49.857999Z,666.458,2013.9999999999998,26.0,63.877,0.0,0.0,0.0,24.685,0.361138,0.0,0.0,0.0
2020-08-25T01:03:49.859000Z,2020-08-25T01:03:50.785999Z,640.569,927.0,40.0,93.94,0.0,0.0,0.0,24.685,0.318071,0.0,0.0,0.0
2020-08-25T01:03:50.788000Z,2020-08-25T01:03:52.019000Z,903.859,1231.0,52.0,40.589,0.0,0.0,0.0,24.685,0.861792,0.0,0.0,0.0
2020-08-25T01:03:52.021000Z,2020-08-25T01:03:53.064000Z,929.184,1043.0,56.0,51.387,0.0,0.0,0.0,24.606,1.164738,0.0,0.0,0.0
2020-08-25T01:03:53.066000Z,2020-08-25T01:03:54.300000Z,887.114,1234.0,68.0,129.305,0.0,0.0,0.0,24.606,0.450551,0.0,0.0,0.0
2020-08-25T01:03:54.301000Z,2020-08-25T01:03:56.624000Z,1013.353,2323.0,52.0,140.741,0.0,0.0,0.0,24.606,0.389491,0.0,0.0,0.0
2020-08-25T01:03:56.625000Z,2020-08-25T01:04:01.009999Z,862.247,4385.0,30.0,74.058,0.0,0.0,0.0,24.606,0.429963,0.0,0.0,0.0
2020-08-25T01:04:01.010000Z,2020-08-25T01:04:05.249999Z,949.681,4240.0,20.0,126.697,0.0,0.0,0.0,24.606,0.141783,0.0,0.0,0.0
2020-08-25T01:04:05.251000Z,2020-08-25T01:04:08.507000Z,504.731,3256.0,24.0,59.498,0.0,0.0,0.0,24.606,0.340571,0.0,0.0,0.0
2020-08-25T01:04:08.508000Z,2020-08-25T01:04:10.857000Z,311.179,2349.0,36.0,1106.239,0.0,0.0,0.0,24.606,0.030192,0.0,0.0,0.0
2020-08-25T01:04:10.856999Z,2020-08-25T01:04:12.320000Z,213.836,1463.0,36.0,187.125,0.0,0.0,0.0,24.606,0.17152,0.0,0.0,0.0
2020-08-25T01:04:12.320999Z,2020-08-25T01:04:13.837000Z,217.465,1516.0,18.0,83.546,0.0,0.0,0.0,24.606,0.196793,0.0,0.0,0.0
2020-08-25T01:04:13.838000Z,2020-08-25T01:04:15.600000Z,374.537,1762.0,16.0,120.46,0.0,0.0,0.0,24.606,0.117013,0.0,0.0,0.0
2020-08-25T01:04:15.600999Z,2020-08-25T01:04:18.736000Z,623.618,3135.0,22.0,197.423,0.0,0.0,0.0,24.606,0.091301,0.0,0.0,0.0
2020-08-25T01:04:18.737000Z,2020-08-25T01:04:19.761000Z,359.99,1024.0,78.0,241.902,0.0,0.0,0.0,24.606,0.29322,0.0,0.0,0.0
2020-08-25T01:04:19.761999Z,2020-08-25T01:04:20.897000Z,524.217,1135.0,46.0,108.806,0.0,0.0,0.0,24.606,0.433723,0.0,0.0,0.0
2020-08-25T01:04:20.899000Z,2020-08-25T01:04:27.121000Z,957.544,6222.0,36.0,77.036,0.0,0.0,0.0,24.606,0.177833,0.0,0.0,0.0
2020-08-25T01:04:27.122000Z,2020-08-25T01:04:29.584000Z,508.806,2462.0,18.0,112.49,0.0,0.0,0.0,24.606,0.068398,0.0,0.0,0.0
2020-08-25T01:04:29.585000Z,2020-08-25T01:04:33.459000Z,533.686,3874.0,26.0,121.428,0.0,0.0,0.0,24.606,0.246354,0.0,0.0,0.0
2020-08-25T01:04:33.460000Z,2020-08-25T01:04:35.228000Z,513.508,1768.0,148.0,299.032,0.0,0.0,0.0,24.606,0.340568,0.0,0.0,0.0
2020-08-25T01:04:35.230000Z,2020-08-25T01:04:37.784000Z,711.242,2554.0,96.0,363.958,0.0,0.0,0.0,24.606,0.23481,0.0,0.0,0.0
2020-08-25T01:04:37.784999Z,2020-08-25T01:04:39.755000Z,611.42,1970.0,102.0,408.635,0.0,0.0,0.0,24.606,0.341788,0.0,0.0,0.0
2020-08-25T01:04:39.757000Z,2020-08-25T01:04:43.345999Z,618.035,3589.0,76.0,173.13,0.0,0.0,0.0,24.606,0.318995,0.0,0.0,0.0
2020-08-25T01:04:43.347000Z,2020-08-25T01:04:45.161000Z,592.461,1814.0,74.0,519.901,0.0,0.0,0.0,24.606,0.164979,0.0,0.0,0.0
2020-08-25T01:04:45.162000Z,2020-08-25T01:04:46.908000Z,544.499,1746.0,74.0,184.838,0.0,0.0,0.0,24.606,0.327146,0.0,0.0,0.0
2020-08-25T01:04:46.909000Z,2020-08-25T01:04:48.358000Z,555.159,1449.0,68.0,137.19,0.0,0.0,0.0,24.606,0.363728,0.0,0.0,0.0
2020-08-25T01:04:48.359000Z,2020-08-25T01:04:49.860000Z,504.157,1501.0,72.0,187.983,0.0,0.0,0.0,24.606,0.331818,0.0,0.0,0.0
2020-08-25T01:04:49.860999Z,2020-08-25T01:04:50.785999Z,382.087,925.0,72.0,291.847,0.0,0.0,0.0,24.606,0.306397,0.0,0.0,0.0
2020-08-25T01:04:50.787000Z,2020-08-25T01:04:51.711000Z,374.959,924.0,56.0,125.735,0.0,0.0,0.0,24.606,0.255607,0.0,0.0,0.0
2020-08-25T01:04:51.711000Z,2020-08-25T01:04:52.608000Z,394.587,897.0,56.0,107.415,0.0,0.0,0.0,24.606,0.022722,0.0,0.0,0.0
2020-08-25T01:04:52.609000Z,2020-08-25T01:04:54.046000Z,561.269,1437.0,44.0,93.631,0.0,0.0,0.0,24.606,0.632321,0.0,0.0,0.0
2020-08-25T01:04:54.048000Z,2020-08-25T01:04:56.134000Z,882.425,2086.0,32.0,90.809,0.0,0.0,0.0,24.606,0.133518,0.0,0.0,0.0
2020-08-25T01:04:56.136000Z,2020-08-25T01:04:58.483000Z,854.049,2347.0,34.0,100.712,0.0,0.0,0.0,24.606,0.424865,0.0,0.0,0.0
2020-08-25T01:04:58.484000Z,2020-08-25T01:04:59.884000Z,724.393,1400.0,24.0,88.773,0.0,0.0,0.0,24.606,0.330059,0.0,0.0,0.0
2020-08-25T01:04:59.885000Z,2020-08-25T01:05:03.574000Z,858.702,3689.0,38.0,49.277,0.0,0.0,0.0,24.606,0.325447,0.0,0.0,0.0
2020-08-25T01:05:03.575000Z,2020-08-25T01:05:05.853000Z,621.232,2278.0,38.0,223.72,0.0,0.0,0.0,24.606,0.173185,0.0,0.0,0.0
2020-08-25T01:05:05.854000Z,2020-08-25T01:05:07.387000Z,605.054,1533.0,30.0,166.638,0.0,0.0,0.0,24.606,0.177306,0.0,0.0,0.0
2020-08-25T01:05:07.388000Z,2020-08-25T01:05:08.913999Z,527.468,1526.0,38.0,56.565,0.0,0.0,0.0,24.606,0.557728,0.0,0.0,0.0
2020-08-25T01:05:08.915000Z,2020-08-25T01:05:09.833000Z,674.279,918.0,42.0,110.039,0.0,0.0,0.0,24.606,0.075646,0.0,0.0,0.0
2020-08-25T01:05:09.833999Z,2020-08-25T01:05:11.598000Z,554.387,1764.0,52.0,35.926,0.0,0.0,0.0,24.606,1.161229,0.0,0.0,0.0
2020-08-25T01:05:11.600000Z,2020-08-25T01:05:14.435000Z,877.953,2835.0,38.0,246.227,0.0,0.0,0.0,24.606,0.219192,0.0,0.0,0.0
2020-08-25T01:05:14.436000Z,2020-08-25T01:05:15.985000Z,705.549,1549.0,36.0,277.64,0.0,0.0,0.0,24.606,0.165552,0.0,0.0,0.0
2020-08-25T01:05:15.985999Z,2020-08-25T01:05:18.249999Z,795.807,2264.0,36.0,41.21,0.0,0.0,0.0,24.606,0.691442,0.0,0.0,0.0
2020-08-25T01:05:18.251000Z,2020-08-25T01:05:19.593000Z,906.99,1342.0,38.0,188.778,0.0,0.0,0.0,24.606,0.238598,0.0,0.0,0.0
2020-08-25T01:05:19.596000Z,2020-08-25T01:05:22.976000Z,1484.633,3380.0,48.0,72.651,0.0,0.0,0.0,24.606,0.688377,0.0,0.0,0.0
2020-08-25T01:05:22.977000Z,2020-08-25T01:05:23.855000Z,628.421,878.0,58.0,173.347,0.0,0.0,0.0,24.606,0.305993,0.0,0.0,0.0
2020-08-25T01:05:23.856999Z,2020-08-25T01:05:26.350000Z,1345.547,2493.0,58.0,89.954,0.0,0.0,0.0,24.606,0.545277,0.0,0.0,0.0
2020-08-25T01:05:26.352000Z,2020-08-25T01:05:29.271000Z,1051.435,2919.0,44.0,54.982,0.0,0.0,0.0,24.606,0.933522,0.0,0.0,0.0
2020-08-25T01:05:29.273000Z,2020-08-25T01:05:32.351000Z,1055.291,3078.0,62.0,118.008,0.0,0.0,0.0,24.606,0.315157,0.0,0.0,0.0
2020-08-25T01:05:32.352000Z,2020-08-25T01:05:33.832000Z,594.087,1480.0,30.0,47.369,0.0,0.0,0.0,24.606,0.249185,0.0,0.0,0.0
2020-08-25T01:05:33.833000Z,2020-08-25T01:05:35.465999Z,442.944,1633.0,30.0,67.614,0.0,0.0,0.0,24.606,0.060562,0.0,0.0,0.0
2020-08-25T01:05:35.467000Z,2020-08-25T01:05:37.574000Z,515.189,2107.0,28.0,121.935,0.0,0.0,0.0,24.606,0.28919,0.0,0.0,0.0
2020-08-25T01:05:37.575000Z,2020-08-25T01:05:41.174000Z,569.682,3599.0,28.0,139.362,0.0,0.0,0.0,24.606,0.110295,0.0,0.0,0.0
2020-08-25T01:05:41.175000Z,2020-08-25T01:05:44.868000Z,627.486,3693.0,16.0,132.699,0.0,0.0,0.0,24.606,0.107192,0.0,0.0,0.0
2020-08-25T01:05:44.869000Z,2020-08-25T01:05:46.299000Z,484.904,1430.0,24.0,54.272,0.0,0.0,0.0,24.606,0.41802,0.0,0.0,0.0
2020-08-25T01:05:46.299000Z,2020-08-25T01:05:47.347000Z,468.703,1048.0,4.0,76.842,0.0,0.0,0.0,24.606,0.302415,0.0,0.0,0.0
2020-08-25T01:05:47.348000Z,2020-08-25T01:05:48.350000Z,454.015,1002.0,40.0,87.285,0.0,0.0,0.0,24.606,0.530727,0.0,0.0,0.0
2020-08-25T01:05:48.351000Z,2020-08-25T01:05:49.348000Z,499.073,997.0,40.0,52.511,0.0,0.0,0.0,24.606,0.084293,0.0,0.0,0.0
2020-08-25T01:05:49.349000Z,2020-08-25T01:05:50.469000Z,528.33,1120.0,46.0,45.361,0.0,0.0,0.0,24.606,1.101206,0.0,0.0,0.0
2020-08-25T01:05:50.471000Z,2020-08-25T01:05:52.227000Z,840.558,1756.0,46.0,117.947,0.0,0.0,0.0,24.606,0.674438,0.0,0.0,0.0
2020-08-25T01:05:52.228000Z,2020-08-25T01:05:53.883000Z,831.611,1655.0,50.0,162.599,0.0,0.0,0.0,24.606,0.23674,0.0,0.0,0.0
2020-08-25T01:05:53.885000Z,2020-08-25T01:05:56.132000Z,871.579,2247.0,48.0,109.115,0.0,0.0,0.0,24.606,0.588773,0.0,0.0,0.0
2020-08-25T01:05:56.134000Z,2020-08-25T01:05:58.901000Z,888.955,2767.0,38.0,154.583,0.0,0.0,0.0,24.606,0.264464,0.0,0.0,0.0
2020-08-25T01:05:58.902000Z,2020-08-25T01:06:00.347000Z,610.46,1445.0,38.0,142.91,0.0,0.0,0.0,24.606,0.332715,0.0,0.0,0.0
2020-08-25T01:06:00.348000Z,2020-08-25T01:06:02.382000Z,840.929,2033.9999999999998,34.0,140.547,0.0,0.0,0.0,24.606,0.207931,0.0,0.0,0.0
2020-08-25T01:06:02.384000Z,2020-08-25T01:06:04.295000Z,659.796,1911.0,32.0,53.123,0.0,0.0,0.0,24.606,0.334142,0.0,0.0,0.0
2020-08-25T01:06:04.295000Z,2020-08-25T01:06:05.239000Z,402.396,944.0,32.0,55.139,0.0,0.0,0.0,24.606,0.665203,0.0,0.0,0.0
2020-08-25T01:06:05.240000Z,2020-08-25T01:06:07.497999Z,871.46,2258.0,30.0,49.129,0.0,0.0,0.0,24.606,0.433294,0.0,0.0,0.0
2020-08-25T01:06:07.499000Z,2020-08-25T01:06:10.134000Z,724.529,2635.0,34.0,240.48,0.0,0.0,0.0,24.606,0.179102,0.0,0.0,0.0
2020-08-25T01:06:10.136000Z,2020-08-25T01:06:11.612000Z,676.433,1476.0,26.0,75.939,0.0,0.0,0.0,24.606,0.118267,0.0,0.0,0.0
2020-08-25T01:06:11.613000Z,2020-08-25T01:06:12.945000Z,491.065,1332.0,44.0,131.513,0.0,0.0,0.0,24.606,0.306843,0.0,0.0,0.0
2020-08-25T01:06:12.945999Z,2020-08-25T01:06:15.358000Z,774.058,2412.0,42.0,121.508,0.0,0.0,0.0,24.606,0.267308,0.0,0.0,0.0
2020-08-25T01:06:15.359000Z,2020-08-25T01:06:18.231000Z,690.718,2872.0,28.0,241.124,0.0,0.0,0.0,24.606,0.11616,0.0,0.0,0.0
2020-08-25T01:06:18.232000Z,2020-08-25T01:06:19.661000Z,496.546,1429.0,24.0,43.228,0.0,0.0,0.0,24.606,0.42054,0.0,0.0,0.0
2020-08-25T01:06:19.662000Z,2020-08-25T01:06:20.795000Z,450.525,1133.0,32.0,194.356,0.0,0.0,0.0,24.606,0.175562,0.0,0.0,0.0
2020-08-25T01:06:20.796000Z,2020-08-25T01:06:22.443000Z,662.978,1647.0,34.0,134.641,0.0,0.0,0.0,24.606,0.156234,0.0,0.0,0.0
2020-08-25T01:06:22.444000Z,2020-08-25T01:06:24.567000Z,962.063,2123.0,42.0,106.189,0.0,0.0,0.0,24.606,0.470954,0.0,0.0,0.0
2020-08-25T01:06:24.568000Z,2020-08-25T01:06:25.945999Z,637.923,1378.0,34.0,78.455,0.0,0.0,0.0,24.606,0.353887,0.0,0.0,0.0
2020-08-25T01:06:25.947000Z,2020-08-25T01:06:26.933000Z,888.777,986.0,44.0,185.0,0.0,0.0,0.0,24.606,0.345381,0.0,0.0,0.0
2020-08-25T01:06:26.934000Z,2020-08-25T01:06:30.828000Z,903.929,3894.0,58.0,41.287,0.0,0.0,0.0,24.606,0.624448,0.0,0.0,0.0
2020-08-25T01:06:30.830000Z,2020-08-25T01:06:41.984000Z,1000.457,11154.0,28.0,636.35,0.0,0.0,0.0,24.606,0.124019,0.0,0.0,0.0
2020-08-25T01:06:41.985000Z,2020-08-25T01:06:44.758000Z,171.421,2773.0,34.0,352.667,0.0,0.0,0.0,24.606,0.090812,0.0,0.0,0.0
2020-08-25T01:06:44.758000Z,2020-08-25T01:06:46.897000Z,152.612,2139.0,34.0,605.875,0.0,0.0,0.0,24.606,0.055845,0.0,0.0,0.0
2020-08-25T01:06:46.896999Z,2020-08-25T01:06:49.294000Z,168.574,2397.0,28.0,506.903,0.0,0.0,0.0,24.606,0.059243,0.0,0.0,0.0
2020-08-25T01:06:49.295000Z,2020-08-25T01:06:51.705000Z,169.104,2410.0,24.0,377.862,0.0,0.0,0.0,24.606,0.069366,0.0,0.0,0.0
2020-08-25T01:06:51.705000Z,2020-08-25T01:06:53.377000Z,149.335,1672.0,54.0,292.053,0.0,0.0,0.0,24.606,0.12496,0.0,0.0,0.0
2020-08-25T01:06:53.376999Z,2020-08-25T01:06:54.689000Z,116.282,1312.0,58.0,642.208,0.0,0.0,0.0,24.606,0.115949,0.0,0.0,0.0
2020-08-25T01:06:54.689999Z,2020-08-25T01:06:57.296000Z,321.566,2606.0,58.0,473.599,0.0,0.0,0.0,24.606,0.120143,0.0,0.0,0.0
2020-08-25T01:06:57.296000Z,2020-08-25T01:06:58.901000Z,346.356,1605.0,58.0,501.243,0.0,0.0,0.0,24.606,0.14169,0.0,0.0,0.0
2020-08-25T01:06:58.901000Z,2020-08-25T01:07:00.743000Z,299.576,1842.0,22.0,77.155,0.0,0.0,0.0,24.606,0.209229,0.0,0.0,0.0
2020-08-25T01:07:00.743000Z,2020-08-25T01:07:02.659000Z,345.05,1916.0,18.0,199.456,0.0,0.0,0.0,24.606,0.099453,0.0,0.0,0.0
2020-08-25T01:07:02.660000Z,2020-08-25T01:07:04.451000Z,380.811,1791.0,20.0,96.931,0.0,0.0,0.0,24.606,0.221366,0.0,0.0,0.0
2020-08-25T01:07:04.452000Z,2020-08-25T01:07:05.855000Z,365.615,1403.0,24.0,124.819,0.0,0.0,0.0,24.606,0.237025,0.0,0.0,0.0
2020-08-25T01:07:05.856000Z,2020-08-25T01:07:07.513999Z,372.149,1658.0,26.0,113.93,0.0,0.0,0.0,24.606,0.249406,0.0,0.0,0.0
2020-08-25T01:07:07.515000Z,2020-08-25T01:07:09.737999Z,447.767,2223.0,22.0,108.833,0.0,0.0,0.0,24.606,0.123909,0.0,0.0,0.0
2020-08-25T01:07:09.738000Z,2020-08-25T01:07:12.119000Z,482.543,2381.0,18.0,115.682,0.0,0.0,0.0,24.606,0.179242,0.0,0.0,0.0
2020-08-25T01:07:12.120000Z,2020-08-25T01:07:14.751000Z,315.047,2631.0,24.0,133.175,0.0,0.0,0.0,24.606,0.199475,0.0,0.0,0.0
2020-08-25T01:07:14.752000Z,2020-08-25T01:07:17.161000Z,413.121,2409.0,16.0,151.383,0.0,0.0,0.0,24.606,0.105424,0.0,0.0,0.0
2020-08-25T01:07:17.161000Z,2020-08-25T01:07:18.376000Z,309.402,1215.0,22.0,94.085,0.0,0.0,0.0,24.606,0.282967,0.0,0.0,0.0
2020-08-25T01:07:18.376999Z,2020-08-25T01:07:19.689999Z,370.332,1313.0,28.0,180.879,0.0,0.0,0.0,24.606,0.154972,0.0,0.0,0.0
2020-08-25T01:07:19.691000Z,2020-08-25T01:07:20.585000Z,300.401,894.0,28.0,48.937,0.0,0.0,0.0,24.606,0.284996,0.0,0.0,0.0
2020-08-25T01:07:20.585000Z,2020-08-25T01:07:21.318000Z,220.119,733.0,26.0,58.709,0.0,0.0,0.0,24.606,0.324756,0.0,0.0,0.0
2020-08-25T01:07:21.319000Z,2020-08-25T01:07:22.157000Z,305.833,838.0,26.0,62.29,0.0,0.0,0.0,24.606,0.504555,0.0,0.0,0.0
2020-08-25T01:07:22.156999Z,2020-08-25T01:07:23.485000Z,414.315,1328.0,30.0,146.399,0.0,0.0,0.0,24.606,0.208172,0.0,0.0,0.0
2020-08-25T01:07:23.486000Z,2020-08-25T01:07:24.985000Z,346.233,1499.0,24.0,72.638,0.0,0.0,0.0,24.606,0.194614,0.0,0.0,0.0
2020-08-25T01:07:24.985999Z,2020-08-25T01:07:27.062000Z,558.347,2076.0,24.0,46.355,0.0,0.0,0.0,24.606,0.215596,0.0,0.0,0.0
2020-08-25T01:07:27.063000Z,2020-08-25T01:07:29.532000Z,563.897,2469.0,26.0,68.473,0.0,0.0,0.0,24.606,0.417193,0.0,0.0,0.0
2020-08-25T01:07:29.534000Z,2020-08-25T01:07:31.457000Z,639.322,1923.0,26.0,195.173,0.0,0.0,0.0,24.606,0.164236,0.0,0.0,0.0
2020-08-25T01:07:31.458000Z,2020-08-25T01:07:32.918000Z,434.869,1460.0,30.0,82.015,0.0,0.0,0.0,24.606,0.419637,0.0,0.0,0.0
2020-08-25T01:07:32.919000Z,2020-08-25T01:07:37.806000Z,709.896,4887.0,32.0,303.925,0.0,0.0,0.0,24.606,0.152586,0.0,0.0,0.0
2020-08-25T01:07:37.807000Z,2020-08-25T01:07:39.014000Z,365.477,1207.0,51.0,133.246,0.0,0.0,0.0,24.606,0.229959,0.0,0.0,0.0
2020-08-25T01:07:39.015000Z,2020-08-25T01:07:39.853000Z,349.581,838.0,32.0,132.675,0.0,0.0,0.0,24.606,0.221748,0.0,0.0,0.0
2020-08-25T01:07:39.854000Z,2020-08-25T01:07:40.992000Z,445.296,1138.0,30.0,64.514,0.0,0.0,0.0,24.606,0.104523,0.0,0.0,0.0
2020-08-25T01:07:40.993000Z,2020-08-25T01:07:43.006000Z,677.137,2013.0,34.0,113.105,0.0,0.0,0.0,24.606,0.439839,0.0,0.0,0.0
2020-08-25T01:07:43.007000Z,2020-08-25T01:07:45.393000Z,707.894,2386.0,26.0,121.158,0.0,0.0,0.0,24.606,0.221964,0.0,0.0,0.0
2020-08-25T01:07:45.393999Z,2020-08-25T01:07:47.161000Z,768.779,1767.0,26.0,57.03,0.0,0.0,0.0,24.606,0.224828,0.0,0.0,0.0
2020-08-25T01:07:47.162000Z,2020-08-25T01:07:48.359000Z,459.064,1197.0,34.0,79.592,0.0,0.0,0.0,24.606,0.395156,0.0,0.0,0.0
2020-08-25T01:07:48.360000Z,2020-08-25T01:07:50.855000Z,964.799,2495.0,32.0,104.099,0.0,0.0,0.0,24.606,0.403749,0.0,0.0,0.0
2020-08-25T01:07:50.856000Z,2020-08-25T01:07:52.453000Z,649.882,1597.0,30.0,94.548,0.0,0.0,0.0,24.606,0.419821,0.0,0.0,0.0
2020-08-25T01:07:52.455000Z,2020-08-25T01:07:56.445000Z,1201.182,3990.0,32.0,124.806,0.0,0.0,0.0,24.606,0.231578,0.0,0.0,0.0
2020-08-25T01:07:56.445000Z,2020-08-25T01:07:57.179000Z,217.185,734.0,24.0,154.021,0.0,0.0,0.0,24.606,0.172894,0.0,0.0,0.0
2020-08-25T01:07:57.180000Z,2020-08-25T01:07:58.809000Z,350.288,1629.0,22.0,50.359,0.0,0.0,0.0,24.606,0.360344,0.0,0.0,0.0
2020-08-25T01:07:58.810000Z,2020-08-25T01:08:01.761000Z,797.606,2951.0,26.0,333.558,0.0,0.0,0.0,24.606,0.096031,0.0,0.0,0.0
2020-08-25T01:08:01.761000Z,2020-08-25T01:08:03.291000Z,501.084,1530.0,28.0,90.823,0.0,0.0,0.0,24.606,0.304109,0.0,0.0,0.0
2020-08-25T01:08:03.293000Z,2020-08-25T01:08:07.189000Z,1214.152,3896.0,26.0,70.245,0.0,0.0,0.0,24.606,0.382033,0.0,0.0,0.0
2020-08-25T01:08:07.190000Z,2020-08-25T01:08:09.537000Z,822.464,2347.0,30.0,95.599,0.0,0.0,0.0,24.606,0.204362,0.0,0.0,0.0
2020-08-25T01:08:09.537000Z,2020-08-25T01:08:11.208000Z,569.674,1671.0,24.0,88.386,0.0,0.0,0.0,24.606,0.224929,0.0,0.0,0.0
2020-08-25T01:08:11.208999Z,2020-08-25T01:08:13.110000Z,655.502,1901.0,24.0,93.285,0.0,0.0,0.0,24.606,0.327277,0.0,0.0,0.0
2020-08-25T01:08:13.111000Z,2020-08-25T01:08:14.769999Z,571.454,1659.0,30.0,82.361,0.0,0.0,0.0,24.606,0.390538,0.0,0.0,0.0
2020-08-25T01:08:14.771000Z,2020-08-25T01:08:16.999000Z,920.65,2228.0,28.0,217.59,0.0,0.0,0.0,24.606,0.104725,0.0,0.0,0.0
2020-08-25T01:08:17.000000Z,2020-08-25T01:08:19.469000Z,784.149,2469.0,28.0,46.857,0.0,0.0,0.0,24.606,0.539249,0.0,0.0,0.0
2020-08-25T01:08:19.470000Z,2020-08-25T01:08:21.517000Z,678.439,2047.0000000000002,36.0,130.965,0.0,0.0,0.0,24.606,0.43457,0.0,0.0,0.0
2020-08-25T01:08:21.518000Z,2020-08-25T01:08:22.976000Z,658.652,1458.0,30.0,61.781,0.0,0.0,0.0,24.606,0.406148,0.0,0.0,0.0
2020-08-25T01:08:22.977000Z,2020-08-25T01:08:23.920000Z,597.936,943.0,42.0,63.142,0.0,0.0,0.0,24.606,0.755516,0.0,0.0,0.0
2020-08-25T01:08:23.921000Z,2020-08-25T01:08:24.992000Z,933.201,1071.0,54.0,148.011,0.0,0.0,0.0,24.606,0.490568,0.0,0.0,0.0
2020-08-25T01:08:24.994000Z,2020-08-25T01:08:26.428000Z,1209.147,1434.0,60.0,44.962,0.0,0.0,0.0,24.606,1.139226,0.0,0.0,0.0
2020-08-25T01:08:26.430000Z,2020-08-25T01:08:27.860000Z,1183.999,1430.0,62.0,81.382,0.0,0.0,0.0,24.447,0.728931,0.0,0.0,0.0
2020-08-25T01:08:27.860999Z,2020-08-25T01:08:29.953000Z,1078.642,2092.0,66.0,37.355,0.0,0.0,0.0,24.447,1.021313,0.0,0.0,0.0
2020-08-25T01:08:29.953999Z,2020-08-25T01:08:32.372000Z,1110.092,2418.0,30.0,55.083,0.0,0.0,0.0,24.447,0.597536,0.0,0.0,0.0
2020-08-25T01:08:32.373000Z,2020-08-25T01:08:33.959000Z,605.462,1586.0,40.0,77.675,0.0,0.0,0.0,24.447,0.59922,0.0,0.0,0.0
2020-08-25T01:08:33.959000Z,2020-08-25T01:08:34.761000Z,347.321,802.0,36.0,67.08,0.0,0.0,0.0,24.447,0.65704,0.0,0.0,0.0
2020-08-25T01:08:34.761000Z,2020-08-25T01:08:36.188000Z,618.186,1427.0,32.0,75.806,0.0,0.0,0.0,24.447,0.427829,0.0,0.0,0.0
2020-08-25T01:08:36.189000Z,2020-08-25T01:08:37.297999Z,698.022,1109.0,40.0,56.246,0.0,0.0,0.0,24.447,0.742152,0.0,0.0,0.0
2020-08-25T01:08:37.299000Z,2020-08-25T01:08:38.249000Z,725.525,950.0,42.0,55.229,0.0,0.0,0.0,24.447,0.546442,0.0,0.0,0.0
2020-08-25T01:08:38.249999Z,2020-08-25T01:08:39.641000Z,758.956,1391.0,40.0,60.785,0.0,0.0,0.0,24.447,0.805363,0.0,0.0,0.0
2020-08-25T01:08:39.642000Z,2020-08-25T01:08:41.174000Z,812.614,1532.0,44.0,126.109,0.0,0.0,0.0,24.447,0.462311,0.0,0.0,0.0
2020-08-25T01:08:41.176000Z,2020-08-25T01:08:43.057999Z,1115.874,1882.0,42.0,40.685,0.0,0.0,0.0,24.447,0.350331,0.0,0.0,0.0
2020-08-25T01:08:43.059000Z,2020-08-25T01:08:44.559000Z,879.15,1500.0,52.0,49.433,0.0,0.0,0.0,24.447,0.542121,0.0,0.0,0.0
2020-08-25T01:08:45.084000Z,2020-08-25T01:08:46.017000Z,585.845,933.0,46.0,120.946,0.0,0.0,0.0,24.447,0.269363,0.0,0.0,0.0
2020-08-25T01:08:47.021000Z,2020-08-25T01:08:47.748000Z,552.566,727.0,44.0,55.757,0.0,0.0,0.0,24.447,0.795595,0.0,0.0,0.0
2020-08-25T01:08:49.074000Z,2020-08-25T01:08:50.087000Z,734.411,1012.9999999999999,56.0,39.547,0.0,0.0,0.0,24.447,1.169322,0.0,0.0,0.0
2020-08-25T01:08:51.044000Z,2020-08-25T01:08:52.038000Z,902.31,994.0,58.0,72.511,0.0,0.0,0.0,24.447,0.23543,0.0,0.0,0.0
2020-08-25T01:08:53.076000Z,2020-08-25T01:08:54.091000Z,855.284,1014.9999999999999,70.0,79.365,0.0,0.0,0.0,24.447,1.001814,0.0,0.0,0.0
2020-08-25T01:08:55.049000Z,2020-08-25T01:08:55.816000Z,798.037,767.0,82.0,172.196,0.0,0.0,0.0,24.447,0.553691,0.0,0.0,0.0
2020-08-25T01:08:57.049000Z,2020-08-25T01:08:57.659000Z,665.912,610.0,86.0,60.14,0.0,0.0,0.0,24.447,1.0194,0.0,0.0,0.0
2020-08-25T01:08:59.094000Z,2020-08-25T01:08:59.752000Z,713.567,658.0,76.0,89.72,0.0,0.0,0.0,24.447,1.097707,0.0,0.0,0.0
2020-08-25T01:09:01.057999Z,2020-08-25T01:09:01.979000Z,905.033,921.0,74.0,93.645,0.0,0.0,0.0,24.447,0.653148,0.0,0.0,0.0
2020-08-25T01:09:03.091000Z,2020-08-25T01:09:04.452000Z,929.827,1361.0,76.0,64.05,0.0,0.0,0.0,24.447,0.934758,0.0,0.0,0.0
2020-08-25T01:09:05.088000Z,2020-08-25T01:09:06.568000Z,913.274,1480.0,54.0,80.098,0.0,0.0,0.0,24.447,0.606273,0.0,0.0,0.0
2020-08-25T01:09:07.089000Z,2020-08-25T01:09:08.229000Z,911.785,1140.0,4.0,136.218,0.0,0.0,0.0,24.447,0.35291,0.0,0.0,0.0
2020-08-25T01:09:09.091000Z,2020-08-25T01:09:09.847000Z,585.622,756.0,56.0,68.292,0.0,0.0,0.0,24.447,0.069915,0.0,0.0,0.0
2020-08-25T01:09:11.104000Z,2020-08-25T01:09:11.701000Z,448.535,597.0,58.0,113.319,0.0,0.0,0.0,24.447,0.45206,0.0,0.0,0.0
2020-08-25T01:09:13.128000Z,2020-08-25T01:09:14.304000Z,797.134,1176.0,56.0,61.619,0.0,0.0,0.0,24.447,0.422656,0.0,0.0,0.0
2020-08-25T01:09:15.100000Z,2020-08-25T01:09:16.315000Z,748.504,1215.0,50.0,79.669,0.0,0.0,0.0,24.447,0.098994,0.0,0.0,0.0
2020-08-25T01:09:17.120000Z,2020-08-25T01:09:18.857000Z,948.709,1737.0,44.0,64.736,0.0,0.0,0.0,24.447,0.583122,0.0,0.0,0.0
2020-08-25T01:09:19.174000Z,2020-08-25T01:09:20.944000Z,1036.964,1770.0,58.0,193.193,0.0,0.0,0.0,24.447,0.278659,0.0,0.0,0.0
2020-08-25T01:09:20.945000Z,2020-08-25T01:09:22.545999Z,951.939,1601.0,50.0,131.745,0.0,0.0,0.0,24.447,0.686703,0.0,0.0,0.0
2020-08-25T01:09:23.167000Z,2020-08-25T01:09:25.031000Z,973.471,1864.0,44.0,102.381,0.0,0.0,0.0,24.447,0.494065,0.0,0.0,0.0
2020-08-25T01:09:25.032000Z,2020-08-25T01:09:26.840000Z,783.055,1808.0,46.0,172.191,0.0,0.0,0.0,24.447,0.155768,0.0,0.0,0.0
2020-08-25T01:09:26.876000Z,2020-08-25T01:09:28.742000Z,922.096,1866.0,32.0,106.97,0.0,0.0,0.0,24.447,0.347397,0.0,0.0,0.0
2020-08-25T01:09:29.136999Z,2020-08-25T01:09:30.878000Z,934.662,1741.0,36.0,95.358,0.0,0.0,0.0,24.447,0.355859,0.0,0.0,0.0
2020-08-25T01:09:30.993000Z,2020-08-25T01:09:32.839000Z,880.281,1846.0,30.0,82.29,0.0,0.0,0.0,24.447,0.318286,0.0,0.0,0.0
2020-08-25T01:09:32.897999Z,2020-08-25T01:09:35.889000Z,930.03,2991.0,34.0,109.536,0.0,0.0,0.0,24.447,0.353806,0.0,0.0,0.0
2020-08-25T01:09:35.889999Z,2020-08-25T01:09:38.949000Z,887.848,3059.0,28.0,99.378,0.0,0.0,0.0,24.447,0.539817,0.0,0.0,0.0
2020-08-25T01:09:38.951000Z,2020-08-25T01:09:41.109000Z,926.245,2158.0,28.0,52.153,0.0,0.0,0.0,24.447,0.515483,0.0,0.0,0.0
2020-08-25T01:09:41.111000Z,2020-08-25T01:09:44.165000Z,1054.486,3054.0,36.0,96.487,0.0,0.0,0.0,24.447,0.29285,0.0,0.0,0.0
2020-08-25T01:09:44.166000Z,2020-08-25T01:09:46.923000Z,857.679,2757.0,32.0,139.462,0.0,0.0,0.0,24.447,0.233169,0.0,0.0,0.0
2020-08-25T01:09:46.925000Z,2020-08-25T01:09:50.556000Z,854.712,3631.0,32.0,246.158,0.0,0.0,0.0,24.447,0.153608,0.0,0.0,0.0
2020-08-25T01:09:50.557000Z,2020-08-25T01:09:54.020000Z,937.98,3463.0,20.0,88.19,0.0,0.0,0.0,24.447,0.267521,0.0,0.0,0.0
2020-08-25T01:09:54.022000Z,2020-08-25T01:09:55.936000Z,672.118,1914.0,30.0,82.956,0.0,0.0,0.0,24.447,0.215897,0.0,0.0,0.0
2020-08-25T01:09:55.937000Z,2020-08-25T01:09:57.662000Z,775.784,1725.0,30.0,56.667,0.0,0.0,0.0,24.447,0.265871,0.0,0.0,0.0
2020-08-25T01:09:57.663000Z,2020-08-25T01:09:59.920000Z,839.714,2257.0,38.0,62.42,0.0,0.0,0.0,24.364,0.574529,0.0,0.0,0.0
2020-08-25T01:09:59.921000Z,2020-08-25T01:10:01.453000Z,655.492,1532.0,30.0,120.76,0.0,0.0,0.0,24.364,0.237635,0.0,0.0,0.0
2020-08-25T01:10:01.454000Z,2020-08-25T01:10:02.500000Z,608.727,1046.0,34.0,86.203,0.0,0.0,0.0,24.364,0.243872,0.0,0.0,0.0
2020-08-25T01:10:02.502000Z,2020-08-25T01:10:04.649000Z,915.806,2147.0,40.0,52.344,0.0,0.0,0.0,24.364,0.493279,0.0,0.0,0.0
2020-08-25T01:10:04.649999Z,2020-08-25T01:10:07.723000Z,923.136,3073.0,28.0,62.853,0.0,0.0,0.0,24.364,0.275868,0.0,0.0,0.0
2020-08-25T01:10:07.724000Z,2020-08-25T01:10:09.043000Z,682.248,1319.0,80.0,96.169,0.0,0.0,0.0,24.364,0.516083,0.0,0.0,0.0
2020-08-25T01:10:09.044000Z,2020-08-25T01:10:10.486000Z,953.912,1442.0,98.0,239.369,0.0,0.0,0.0,24.364,0.456213,0.0,0.0,0.0
2020-08-25T01:10:10.488000Z,2020-08-25T01:10:11.907000Z,944.39,1419.0,62.0,113.446,0.0,0.0,0.0,24.364,0.577236,0.0,0.0,0.0
2020-08-25T01:10:11.909000Z,2020-08-25T01:10:13.447000Z,860.939,1538.0,40.0,60.322,0.0,0.0,0.0,24.364,0.498915,0.0,0.0,0.0
2020-08-25T01:10:13.448000Z,2020-08-25T01:10:15.225000Z,924.381,1777.0,42.0,125.714,0.0,0.0,0.0,24.364,0.338423,0.0,0.0,0.0
2020-08-25T01:10:15.225999Z,2020-08-25T01:10:16.849999Z,958.024,1624.0,36.0,54.857,0.0,0.0,0.0,24.364,0.330326,0.0,0.0,0.0
2020-08-25T01:10:16.852000Z,2020-08-25T01:10:18.265000Z,954.371,1413.0,38.0,50.543,0.0,0.0,0.0,24.364,0.842083,0.0,0.0,0.0
2020-08-25T01:10:18.265999Z,2020-08-25T01:10:19.799000Z,971.228,1533.0,40.0,60.855,0.0,0.0,0.0,24.133,0.549003,0.0,0.0,0.0
2020-08-25T01:10:19.801000Z,2020-08-25T01:10:21.351000Z,987.408,1550.0,40.0,45.337,0.0,0.0,0.0,24.133,0.764493,0.0,0.0,0.0
2020-08-25T01:10:21.352000Z,2020-08-25T01:10:22.671000Z,1007.2,1319.0,46.0,51.87,0.0,0.0,0.0,24.133,0.421356,0.0,0.0,0.0
2020-08-25T01:10:22.672999Z,2020-08-25T01:10:24.118000Z,1042.021,1445.0,52.0,78.371,0.0,0.0,0.0,24.133,0.547471,0.0,0.0,0.0
2020-08-25T01:10:24.120000Z,2020-08-25T01:10:25.640000Z,1018.56,1520.0,54.0,96.67,0.0,0.0,0.0,24.133,0.778609,0.0,0.0,0.0
2020-08-25T01:10:25.642000Z,2020-08-25T01:10:27.197000Z,909.574,1555.0,38.0,43.592,0.0,0.0,0.0,23.821,0.613971,0.0,0.0,0.0
2020-08-25T01:10:27.199000Z,2020-08-25T01:10:29.853000Z,973.63,2654.0,38.0,38.027,0.0,0.0,0.0,23.821,0.814799,0.0,0.0,0.0
2020-08-25T01:10:29.855000Z,2020-08-25T01:10:33.407000Z,1032.785,3552.0,28.0,44.839,0.0,0.0,0.0,23.821,0.463459,0.0,0.0,0.0
2020-08-25T01:10:33.409000Z,2020-08-25T01:10:37.735000Z,980.8,4326.0,20.0,104.277,0.0,0.0,0.0,23.821,0.180361,0.0,0.0,0.0
2020-08-25T01:10:37.737000Z,2020-08-25T01:10:42.935000Z,1108.373,5198.0,22.0,117.794,0.0,0.0,0.0,23.821,0.133361,0.0,0.0,0.0
2020-08-25T01:10:42.936000Z,2020-08-25T01:10:46.540000Z,515.984,3604.0,26.0,184.839,0.0,0.0,0.0,23.821,0.138643,0.0,0.0,0.0
2020-08-25T01:10:46.540000Z,2020-08-25T01:10:48.827000Z,345.93,2287.0,24.0,153.577,0.0,0.0,0.0,23.821,0.199552,0.0,0.0,0.0
2020-08-25T01:10:48.827000Z,2020-08-25T01:10:52.757000Z,343.859,3930.0,22.0,156.519,0.0,0.0,0.0,23.821,0.158182,0.0,0.0,0.0
2020-08-25T01:10:52.758000Z,2020-08-25T01:10:57.417000Z,315.014,4659.0,20.0,303.13,0.0,0.0,0.0,23.821,0.074444,0.0,0.0,0.0
2020-08-25T01:10:57.416999Z,2020-08-25T01:10:59.140000Z,304.397,1723.0,12.0,121.192,0.0,0.0,0.0,23.821,0.101265,0.0,0.0,0.0
2020-08-25T01:10:59.141000Z,2020-08-25T01:10:59.956000Z,326.537,815.0,24.0,46.273,0.0,0.0,0.0,23.821,0.239069,0.0,0.0,0.0
2020-08-25T01:10:59.957000Z,2020-08-25T01:11:00.577999Z,320.538,621.0,34.0,65.243,0.0,0.0,0.0,23.821,0.544801,0.0,0.0,0.0
2020-08-25T01:11:00.577999Z,2020-08-25T01:11:02.748000Z,336.967,2170.0,38.0,59.662,0.0,0.0,0.0,23.821,0.570907,0.0,0.0,0.0
2020-08-25T01:11:02.748999Z,2020-08-25T01:11:04.745000Z,375.567,1996.0,28.0,133.191,0.0,0.0,0.0,23.821,0.204153,0.0,0.0,0.0
2020-08-25T01:11:04.745999Z,2020-08-25T01:11:06.582000Z,387.404,1836.0,20.0,93.978,0.0,0.0,0.0,23.821,0.230047,0.0,0.0,0.0
2020-08-25T01:11:06.582000Z,2020-08-25T01:11:08.347000Z,366.788,1765.0,20.0,88.862,0.0,0.0,0.0,23.821,0.047648,0.0,0.0,0.0
2020-08-25T01:11:08.348000Z,2020-08-25T01:11:10.180000Z,407.649,1832.0,20.0,93.261,0.0,0.0,0.0,23.821,0.14396,0.0,0.0,0.0
2020-08-25T01:11:10.181000Z,2020-08-25T01:11:11.286000Z,325.963,1105.0,24.0,70.775,0.0,0.0,0.0,23.821,0.306158,0.0,0.0,0.0
2020-08-25T01:11:11.287000Z,2020-08-25T01:11:12.206000Z,307.108,919.0,26.0,66.358,0.0,0.0,0.0,23.821,0.060933,0.0,0.0,0.0
2020-08-25T01:11:12.207000Z,2020-08-25T01:11:13.385000Z,482.67,1178.0,26.0,69.584,0.0,0.0,0.0,23.821,0.153971,0.0,0.0,0.0
2020-08-25T01:11:13.386000Z,2020-08-25T01:11:14.724000Z,727.322,1338.0,28.0,67.364,0.0,0.0,0.0,23.821,0.374092,0.0,0.0,0.0
2020-08-25T01:11:14.726000Z,2020-08-25T01:11:17.080000Z,1287.264,2354.0,38.0,57.826,0.0,0.0,0.0,23.821,0.583082,0.0,0.0,0.0
2020-08-25T01:11:17.081999Z,2020-08-25T01:11:19.417999Z,1220.166,2336.0,40.0,56.393,0.0,0.0,0.0,23.821,0.711543,0.0,0.0,0.0
2020-08-25T01:11:19.420000Z,2020-08-25T01:11:20.523000Z,757.693,1103.0,40.0,69.657,0.0,0.0,0.0,23.821,0.262408,0.0,0.0,0.0
2020-08-25T01:11:20.524000Z,2020-08-25T01:11:22.039000Z,1163.185,1515.0,48.0,37.298,0.0,0.0,0.0,23.821,0.485157,0.0,0.0,0.0
2020-08-25T01:11:22.041000Z,2020-08-25T01:11:23.429000Z,1118.37,1388.0,62.0,42.14,0.0,0.0,0.0,23.821,0.751178,0.0,0.0,0.0
2020-08-25T01:11:23.431000Z,2020-08-25T01:11:25.261000Z,1178.096,1830.0,58.0,92.209,0.0,0.0,0.0,23.821,0.889579,0.0,0.0,0.0
2020-08-25T01:11:25.262000Z,2020-08-25T01:11:27.100000Z,1187.442,1838.0,44.0,104.278,0.0,0.0,0.0,23.821,0.299814,0.0,0.0,0.0
2020-08-25T01:11:27.102000Z,2020-08-25T01:11:30.129000Z,1174.403,3027.0,44.0,56.457,0.0,0.0,0.0,23.821,0.644274,0.0,0.0,0.0
2020-08-25T01:11:30.132000Z,2020-08-25T01:11:41.511000Z,1329.663,11379.0,34.0,220.707,0.0,0.0,0.0,23.821,0.215581,0.0,0.0,0.0
2020-08-25T01:11:41.512000Z,2020-08-25T01:11:43.559000Z,229.774,2047.0000000000002,102.0,556.185,0.0,0.0,0.0,23.821,0.171351,0.0,0.0,0.0
2020-08-25T01:11:43.560000Z,2020-08-25T01:11:45.225999Z,216.397,1666.0,102.0,771.742,0.0,0.0,0.0,23.821,0.17288,0.0,0.0,0.0
2020-08-25T01:11:45.227000Z,2020-08-25T01:11:48.902000Z,554.005,3675.0,4.0,506.739,0.0,0.0,0.0,23.821,0.177822,0.0,0.0,0.0
2020-08-25T01:11:48.903000Z,2020-08-25T01:11:52.308000Z,739.622,3405.0,122.0,609.405,0.0,0.0,0.0,23.821,0.200249,0.0,0.0,0.0
2020-08-25T01:11:52.309000Z,2020-08-25T01:11:54.013000Z,278.993,1704.0,154.0,663.474,0.0,0.0,0.0,23.821,0.279867,0.0,0.0,0.0
2020-08-25T01:11:54.013000Z,2020-08-25T01:11:54.961999Z,107.911,949.0,154.0,653.965,0.0,0.0,0.0,23.821,0.211073,0.0,0.0,0.0
2020-08-25T01:11:54.962000Z,2020-08-25T01:11:55.763000Z,70.182,801.0,154.0,600.283,0.0,0.0,0.0,23.821,0.211426,0.0,0.0,0.0
2020-08-25T01:11:55.763000Z,2020-08-25T01:11:57.016000Z,100.424,1253.0,154.0,567.511,0.0,0.0,0.0,23.821,0.211426,0.0,0.0,0.0
2020-08-25T01:11:57.016000Z,2020-08-25T01:11:59.649999Z,95.705,2634.0,4.0,951.226,0.0,0.0,0.0,23.821,0.211426,0.0,0.0,0.0
2020-08-25T01:11:59.649999Z,2020-08-25T01:12:00.252000Z,92.006,602.0,82.0,558.321,0.0,0.0,0.0,23.821,0.149503,0.0,0.0,0.0
2020-08-25T01:12:00.252000Z,2020-08-25T01:12:01.297000Z,211.153,1045.0,18.0,148.229,0.0,0.0,0.0,23.821,0.131902,0.0,0.0,0.0
2020-08-25T01:12:01.297999Z,2020-08-25T01:12:02.622000Z,362.908,1324.0,20.0,52.438,0.0,0.0,0.0,23.821,0.198242,0.0,0.0,0.0
2020-08-25T01:12:02.622000Z,2020-08-25T01:12:03.224000Z,199.793,602.0,26.0,62.981,0.0,0.0,0.0,23.821,0.333457,0.0,0.0,0.0
2020-08-25T01:12:03.225000Z,2020-08-25T01:12:04.665999Z,495.531,1441.0,28.0,65.944,0.0,0.0,0.0,23.821,0.332441,0.0,0.0,0.0
2020-08-25T01:12:04.667000Z,2020-08-25T01:12:05.585000Z,353.442,918.0,26.0,68.205,0.0,0.0,0.0,23.821,0.422486,0.0,0.0,0.0
2020-08-25T01:12:05.586000Z,2020-08-25T01:12:06.608000Z,449.75,1022.0,28.0,53.431,0.0,0.0,0.0,23.821,0.593978,0.0,0.0,0.0
2020-08-25T01:12:06.610000Z,2020-08-25T01:12:07.719000Z,702.414,1109.0,34.0,82.574,0.0,0.0,0.0,23.821,0.342342,0.0,0.0,0.0
2020-08-25T01:12:07.720000Z,2020-08-25T01:12:09.169000Z,620.3,1449.0,46.0,64.01,0.0,0.0,0.0,23.821,0.636604,0.0,0.0,0.0
2020-08-25T01:12:09.169999Z,2020-08-25T01:12:10.820000Z,666.792,1650.0,32.0,72.411,0.0,0.0,0.0,23.821,0.368017,0.0,0.0,0.0
2020-08-25T01:12:10.820999Z,2020-08-25T01:12:12.429000Z,678.335,1608.0,28.0,135.945,0.0,0.0,0.0,23.821,0.118243,0.0,0.0,0.0
2020-08-25T01:12:12.431000Z,2020-08-25T01:12:14.303000Z,904.533,1872.0,30.0,50.399,0.0,0.0,0.0,23.821,0.527476,0.0,0.0,0.0
2020-08-25T01:12:14.304999Z,2020-08-25T01:12:15.751000Z,906.088,1446.0,40.0,59.237,0.0,0.0,0.0,23.821,0.386915,0.0,0.0,0.0
2020-08-25T01:12:15.752000Z,2020-08-25T01:12:17.435000Z,892.427,1683.0,44.0,37.126,0.0,0.0,0.0,23.821,0.970445,0.0,0.0,0.0
2020-08-25T01:12:17.436000Z,2020-08-25T01:12:19.408000Z,904.7,1972.0,34.0,82.118,0.0,0.0,0.0,23.821,0.329634,0.0,0.0,0.0
2020-08-25T01:12:19.409000Z,2020-08-25T01:12:21.228000Z,883.44,1819.0,34.0,100.556,0.0,0.0,0.0,23.821,0.501311,0.0,0.0,0.0
2020-08-25T01:12:21.662000Z,2020-08-25T01:12:24.964000Z,1047.389,3302.0,32.0,73.26,0.0,0.0,0.0,23.821,0.659094,0.0,0.0,0.0
2020-08-25T01:12:24.966000Z,2020-08-25T01:12:28.743000Z,1153.055,3777.0,24.0,44.024,0.0,0.0,0.0,23.821,0.459369,0.0,0.0,0.0
2020-08-25T01:12:28.745999Z,2020-08-25T01:12:35.358000Z,1664.906,6612.0,28.0,202.493,0.0,0.0,0.0,23.821,0.196851,0.0,0.0,0.0
2020-08-25T01:12:35.360000Z,2020-08-25T01:12:38.656000Z,959.599,3296.0,26.0,70.17,0.0,0.0,0.0,23.821,0.20786,0.0,0.0,0.0
2020-08-25T01:12:38.656999Z,2020-08-25T01:12:40.094000Z,572.5,1437.0,28.0,165.576,0.0,0.0,0.0,23.821,0.249705,0.0,0.0,0.0
2020-08-25T01:12:40.096000Z,2020-08-25T01:12:41.721000Z,651.225,1625.0,32.0,52.721,0.0,0.0,0.0,23.821,0.371073,0.0,0.0,0.0
2020-08-25T01:12:41.723000Z,2020-08-25T01:12:45.208000Z,925.222,3485.0,36.0,147.733,0.0,0.0,0.0,23.821,0.230807,0.0,0.0,0.0
2020-08-25T01:12:45.208000Z,2020-08-25T01:12:46.437000Z,469.942,1229.0,24.0,55.554,0.0,0.0,0.0,23.821,0.225992,0.0,0.0,0.0
2020-08-25T01:12:46.437000Z,2020-08-25T01:12:47.374000Z,463.411,937.0,28.0,92.018,0.0,0.0,0.0,23.821,0.263227,0.0,0.0,0.0
2020-08-25T01:12:47.375000Z,2020-08-25T01:12:48.606000Z,521.788,1231.0,32.0,59.082,0.0,0.0,0.0,23.821,0.665821,0.0,0.0,0.0
2020-08-25T01:12:48.607000Z,2020-08-25T01:12:50.049000Z,790.389,1442.0,36.0,127.08,0.0,0.0,0.0,23.821,0.183604,0.0,0.0,0.0
2020-08-25T01:12:50.051000Z,2020-08-25T01:12:52.419000Z,1194.269,2368.0,38.0,71.498,0.0,0.0,0.0,23.821,0.548286,0.0,0.0,0.0
2020-08-25T01:12:52.421000Z,2020-08-25T01:12:55.961000Z,1429.696,3540.0,36.0,95.858,0.0,0.0,0.0,23.821,0.521972,0.0,0.0,0.0
2020-08-25T01:12:55.962000Z,2020-08-25T01:12:58.089999Z,643.495,2128.0,34.0,58.145,0.0,0.0,0.0,23.821,0.201605,0.0,0.0,0.0
2020-08-25T01:12:58.092000Z,2020-08-25T01:13:00.894000Z,733.161,2802.0,24.0,112.069,0.0,0.0,0.0,23.821,0.212637,0.0,0.0,0.0
2020-08-25T01:13:00.895000Z,2020-08-25T01:13:02.699000Z,518.41,1804.0,26.0,60.241,0.0,0.0,0.0,23.821,0.437232,0.0,0.0,0.0
2020-08-25T01:13:02.700000Z,2020-08-25T01:13:04.548000Z,492.67,1848.0,30.0,164.295,0.0,0.0,0.0,23.821,0.243209,0.0,0.0,0.0
2020-08-25T01:13:04.549000Z,2020-08-25T01:13:05.392000Z,401.514,843.0,26.0,131.562,0.0,0.0,0.0,23.821,0.185104,0.0,0.0,0.0
2020-08-25T01:13:05.392000Z,2020-08-25T01:13:07.439000Z,555.924,2047.0000000000002,32.0,52.476,0.0,0.0,0.0,23.821,0.626091,0.0,0.0,0.0
2020-08-25T01:13:07.439000Z,2020-08-25T01:13:10.073000Z,688.792,2634.0,20.0,63.31,0.0,0.0,0.0,23.821,0.28944,0.0,0.0,0.0
2020-08-25T01:13:10.074000Z,2020-08-25T01:13:12.334000Z,578.963,2260.0,22.0,95.929,0.0,0.0,0.0,23.821,0.274516,0.0,0.0,0.0
2020-08-25T01:13:12.335000Z,2020-08-25T01:13:14.081000Z,582.911,1746.0,24.0,92.814,0.0,0.0,0.0,23.821,0.248334,0.0,0.0,0.0
2020-08-25T01:13:14.081999Z,2020-08-25T01:13:15.345999Z,572.621,1264.0,28.0,115.564,0.0,0.0,0.0,23.821,0.177693,0.0,0.0,0.0
2020-08-25T01:13:15.347000Z,2020-08-25T01:13:16.227000Z,520.209,880.0,32.0,43.895,0.0,0.0,0.0,23.821,0.489339,0.0,0.0,0.0
2020-08-25T01:13:16.228999Z,2020-08-25T01:13:18.173000Z,1071.384,1944.0,40.0,53.223,0.0,0.0,0.0,23.821,0.386156,0.0,0.0,0.0
2020-08-25T01:13:18.175000Z,2020-08-25T01:13:20.422000Z,1020.315,2247.0,34.0,49.121,0.0,0.0,0.0,23.821,0.143157,0.0,0.0,0.0
2020-08-25T01:13:20.423000Z,2020-08-25T01:13:21.963000Z,721.339,1540.0,30.0,92.041,0.0,0.0,0.0,23.821,0.122848,0.0,0.0,0.0
2020-08-25T01:13:21.964000Z,2020-08-25T01:13:23.965000Z,1005.358,2001.0,36.0,73.039,0.0,0.0,0.0,23.821,0.115221,0.0,0.0,0.0
2020-08-25T01:13:23.967000Z,2020-08-25T01:13:26.921000Z,1061.2,2954.0,38.0,107.602,0.0,0.0,0.0,23.821,0.386119,0.0,0.0,0.0
2020-08-25T01:13:26.922000Z,2020-08-25T01:13:29.221000Z,742.747,2299.0,42.0,110.754,0.0,0.0,0.0,23.821,0.266675,0.0,0.0,0.0
2020-08-25T01:13:29.222000Z,2020-08-25T01:13:30.790000Z,486.166,1568.0,30.0,137.703,0.0,0.0,0.0,23.821,0.240715,0.0,0.0,0.0
2020-08-25T01:13:30.792000Z,2020-08-25T01:13:33.467000Z,751.097,2675.0,30.0,51.81,0.0,0.0,0.0,23.821,0.489289,0.0,0.0,0.0
2020-08-25T01:13:33.468000Z,2020-08-25T01:13:34.966000Z,530.89,1498.0,28.0,79.005,0.0,0.0,0.0,23.821,0.086961,0.0,0.0,0.0
2020-08-25T01:13:34.967000Z,2020-08-25T01:13:36.297999Z,881.735,1331.0,30.0,85.297,0.0,0.0,0.0,23.821,0.594995,0.0,0.0,0.0
2020-08-25T01:13:36.300000Z,2020-08-25T01:13:37.981000Z,1116.31,1681.0,52.0,51.982,0.0,0.0,0.0,23.821,0.743907,0.0,0.0,0.0
2020-08-25T01:13:37.983000Z,2020-08-25T01:13:39.888000Z,1081.317,1905.0,48.0,57.063,0.0,0.0,0.0,23.821,0.269732,0.0,0.0,0.0
2020-08-25T01:13:39.889999Z,2020-08-25T01:13:41.839000Z,1120.149,1949.0,48.0,59.613,0.0,0.0,0.0,23.821,0.722309,0.0,0.0,0.0
2020-08-25T01:13:41.840999Z,2020-08-25T01:13:43.990000Z,1057.178,2149.0,66.0,93.506,0.0,0.0,0.0,23.821,0.249298,0.0,0.0,0.0
2020-08-25T01:13:43.992000Z,2020-08-25T01:13:45.809999Z,1121.909,1818.0,54.0,185.004,0.0,0.0,0.0,23.821,0.333818,0.0,0.0,0.0
2020-08-25T01:13:45.812000Z,2020-08-25T01:13:49.137000Z,1065.059,3325.0,36.0,76.583,0.0,0.0,0.0,23.821,0.323073,0.0,0.0,0.0
2020-08-25T01:13:49.139000Z,2020-08-25T01:13:51.496000Z,719.059,2357.0,22.0,75.837,0.0,0.0,0.0,23.821,0.074835,0.0,0.0,0.0
2020-08-25T01:13:51.497000Z,2020-08-25T01:13:52.575000Z,438.953,1078.0,24.0,72.738,0.0,0.0,0.0,23.821,0.3852,0.0,0.0,0.0
2020-08-25T01:13:52.576000Z,2020-08-25T01:13:54.831000Z,702.954,2255.0,30.0,62.103,0.0,0.0,0.0,23.821,0.330548,0.0,0.0,0.0
2020-08-25T01:13:54.832000Z,2020-08-25T01:13:56.883000Z,703.623,2051.0,26.0,89.865,0.0,0.0,0.0,23.821,0.350663,0.0,0.0,0.0
2020-08-25T01:13:56.885000Z,2020-08-25T01:13:59.228000Z,1109.518,2343.0,32.0,84.097,0.0,0.0,0.0,23.821,0.287385,0.0,0.0,0.0
2020-08-25T01:13:59.228999Z,2020-08-25T01:14:01.894000Z,851.053,2665.0,38.0,71.35,0.0,0.0,0.0,23.821,0.529589,0.0,0.0,0.0
2020-08-25T01:14:01.895000Z,2020-08-25T01:14:03.757000Z,594.49,1862.0,28.0,71.118,0.0,0.0,0.0,23.821,0.286147,0.0,0.0,0.0
2020-08-25T01:14:03.758000Z,2020-08-25T01:14:05.223000Z,584.052,1465.0,28.0,101.778,0.0,0.0,0.0,23.821,0.358285,0.0,0.0,0.0
2020-08-25T01:14:05.224000Z,2020-08-25T01:14:08.044000Z,883.114,2820.0,36.0,41.941,0.0,0.0,0.0,23.821,0.342859,0.0,0.0,0.0
2020-08-25T01:14:08.044999Z,2020-08-25T01:14:11.142000Z,657.333,3097.0,28.0,135.092,0.0,0.0,0.0,23.821,0.234815,0.0,0.0,0.0
2020-08-25T01:14:11.142000Z,2020-08-25T01:14:13.169000Z,399.983,2027.0000000000002,22.0,170.836,0.0,0.0,0.0,23.821,0.152536,0.0,0.0,0.0
2020-08-25T01:14:13.169999Z,2020-08-25T01:14:14.807000Z,382.802,1637.0,20.0,83.099,0.0,0.0,0.0,23.821,0.134632,0.0,0.0,0.0
2020-08-25T01:14:14.808000Z,2020-08-25T01:14:16.141000Z,361.138,1333.0,20.0,63.542,0.0,0.0,0.0,23.821,0.201005,0.0,0.0,0.0
2020-08-25T01:14:16.142000Z,2020-08-25T01:14:17.509000Z,522.179,1367.0,24.0,90.221,0.0,0.0,0.0,23.821,0.241806,0.0,0.0,0.0
2020-08-25T01:14:17.510000Z,2020-08-25T01:14:18.793999Z,556.357,1284.0,28.0,52.428,0.0,0.0,0.0,23.821,0.483172,0.0,0.0,0.0
2020-08-25T01:14:18.795000Z,2020-08-25T01:14:21.055000Z,1198.758,2260.0,34.0,96.567,0.0,0.0,0.0,23.821,0.334404,0.0,0.0,0.0
2020-08-25T01:14:21.056000Z,2020-08-25T01:14:22.105999Z,877.24,1050.0,52.0,118.782,0.0,0.0,0.0,23.821,0.230047,0.0,0.0,0.0
2020-08-25T01:14:22.108000Z,2020-08-25T01:14:23.928000Z,1101.944,1820.0,64.0,92.638,0.0,0.0,0.0,23.821,0.470087,0.0,0.0,0.0
2020-08-25T01:14:23.929999Z,2020-08-25T01:14:26.881999Z,1180.112,2952.0,52.0,98.104,0.0,0.0,0.0,23.821,0.207095,0.0,0.0,0.0
2020-08-25T01:14:26.884000Z,2020-08-25T01:14:30.665999Z,1159.321,3782.0,28.0,148.803,0.0,0.0,0.0,23.821,0.0998,0.0,0.0,0.0
2020-08-25T01:14:30.667000Z,2020-08-25T01:14:31.745000Z,395.476,1078.0,36.0,79.237,0.0,0.0,0.0,23.821,0.348204,0.0,0.0,0.0
2020-08-25T01:14:31.745999Z,2020-08-25T01:14:33.139000Z,602.869,1393.0,40.0,131.426,0.0,0.0,0.0,23.821,0.329601,0.0,0.0,0.0
2020-08-25T01:14:33.140000Z,2020-08-25T01:14:37.531000Z,808.626,4391.0,34.0,113.484,0.0,0.0,0.0,23.821,0.456691,0.0,0.0,0.0
2020-08-25T01:14:37.532000Z,2020-08-25T01:14:40.022000Z,386.556,2490.0,20.0,90.441,0.0,0.0,0.0,23.821,0.122033,0.0,0.0,0.0
2020-08-25T01:14:40.023000Z,2020-08-25T01:14:41.887000Z,450.083,1864.0,20.0,64.235,0.0,0.0,0.0,23.821,0.266925,0.0,0.0,0.0
2020-08-25T01:14:41.888000Z,2020-08-25T01:14:43.053000Z,418.541,1165.0,28.0,79.076,0.0,0.0,0.0,23.821,0.431393,0.0,0.0,0.0
2020-08-25T01:14:43.053000Z,2020-08-25T01:14:44.127000Z,383.35,1074.0,30.0,92.196,0.0,0.0,0.0,23.821,0.316742,0.0,0.0,0.0
2020-08-25T01:14:44.128000Z,2020-08-25T01:14:45.424000Z,595.398,1296.0,34.0,64.401,0.0,0.0,0.0,23.821,0.41955,0.0,0.0,0.0
2020-08-25T01:14:45.425000Z,2020-08-25T01:14:46.333000Z,530.471,908.0,42.0,66.077,0.0,0.0,0.0,23.821,0.441725,0.0,0.0,0.0
2020-08-25T01:14:46.335000Z,2020-08-25T01:14:48.592000Z,1071.191,2257.0,44.0,114.818,0.0,0.0,0.0,23.821,0.398909,0.0,0.0,0.0
2020-08-25T01:14:48.593999Z,2020-08-25T01:14:50.127000Z,760.011,1533.0,46.0,236.246,0.0,0.0,0.0,23.821,0.203394,0.0,0.0,0.0
2020-08-25T01:14:50.128000Z,2020-08-25T01:14:52.809999Z,1046.201,2682.0,46.0,92.638,0.0,0.0,0.0,23.821,0.325984,0.0,0.0,0.0
2020-08-25T01:14:52.813000Z,2020-08-25T01:14:55.500000Z,1104.839,2687.0,32.0,82.931,0.0,0.0,0.0,23.821,0.354555,0.0,0.0,0.0
2020-08-25T01:14:55.502000Z,2020-08-25T01:14:57.520000Z,798.465,2017.9999999999998,38.0,53.078,0.0,0.0,0.0,23.821,0.499409,0.0,0.0,0.0
2020-08-25T01:14:57.521999Z,2020-08-25T01:14:59.688000Z,806.199,2166.0,38.0,55.841,0.0,0.0,0.0,23.821,0.564804,0.0,0.0,0.0
2020-08-25T01:14:59.689999Z,2020-08-25T01:15:00.977000Z,607.662,1287.0,38.0,97.519,0.0,0.0,0.0,23.821,0.152068,0.0,0.0,0.0
2020-08-25T01:15:00.978000Z,2020-08-25T01:15:02.568000Z,795.622,1590.0,40.0,76.984,0.0,0.0,0.0,23.821,0.237518,0.0,0.0,0.0
2020-08-25T01:15:02.570000Z,2020-08-25T01:15:05.081000Z,1102.462,2511.0,40.0,144.618,0.0,0.0,0.0,23.821,0.480219,0.0,0.0,0.0
2020-08-25T01:15:05.081999Z,2020-08-25T01:15:06.652000Z,802.192,1570.0,38.0,94.467,0.0,0.0,0.0,23.821,0.250334,0.0,0.0,0.0
2020-08-25T01:15:06.654000Z,2020-08-25T01:15:12.461000Z,1101.545,5807.0,42.0,54.364,0.0,0.0,0.0,23.821,0.354639,0.0,0.0,0.0
2020-08-25T01:15:12.462000Z,2020-08-25T01:15:14.631000Z,364.786,2169.0,18.0,84.406,0.0,0.0,0.0,23.821,0.158679,0.0,0.0,0.0
2020-08-25T01:15:14.632000Z,2020-08-25T01:15:16.585000Z,394.587,1953.0,18.0,62.279,0.0,0.0,0.0,23.821,0.280652,0.0,0.0,0.0
2020-08-25T01:15:16.586000Z,2020-08-25T01:15:18.009000Z,395.762,1423.0,26.0,62.359,0.0,0.0,0.0,23.821,0.318065,0.0,0.0,0.0
2020-08-25T01:15:18.010000Z,2020-08-25T01:15:19.233000Z,375.725,1223.0,22.0,67.23,0.0,0.0,0.0,23.821,0.221305,0.0,0.0,0.0
2020-08-25T01:15:19.234000Z,2020-08-25T01:15:20.129000Z,367.112,895.0,30.0,58.12,0.0,0.0,0.0,23.821,0.505912,0.0,0.0,0.0
2020-08-25T01:15:20.130000Z,2020-08-25T01:15:21.408000Z,597.206,1278.0,32.0,73.988,0.0,0.0,0.0,23.821,0.228322,0.0,0.0,0.0
2020-08-25T01:15:21.409000Z,2020-08-25T01:15:23.444000Z,897.22,2035.0000000000002,36.0,74.421,0.0,0.0,0.0,23.821,0.214581,0.0,0.0,0.0
2020-08-25T01:15:23.446000Z,2020-08-25T01:15:25.760000Z,887.089,2314.0,34.0,161.663,0.0,0.0,0.0,23.821,0.170592,0.0,0.0,0.0
2020-08-25T01:15:25.761999Z,2020-08-25T01:15:27.305999Z,559.954,1544.0,28.0,70.399,0.0,0.0,0.0,24.075,0.269136,0.0,0.0,0.0
2020-08-25T01:15:27.307000Z,2020-08-25T01:15:30.616000Z,754.617,3309.0,30.0,54.057,0.0,0.0,0.0,24.075,0.136168,0.0,0.0,0.0
2020-08-25T01:15:30.616999Z,2020-08-25T01:15:32.070000Z,347.346,1453.0,22.0,154.986,0.0,0.0,0.0,24.075,0.075079,0.0,0.0,0.0
2020-08-25T01:15:32.071000Z,2020-08-25T01:15:33.963000Z,471.559,1892.0,26.0,48.852,0.0,0.0,0.0,24.075,0.361988,0.0,0.0,0.0
2020-08-25T01:15:33.964000Z,2020-08-25T01:15:35.389000Z,549.879,1425.0,28.0,167.461,0.0,0.0,0.0,24.075,0.16004,0.0,0.0,0.0
2020-08-25T01:15:35.390000Z,2020-08-25T01:15:36.620000Z,557.281,1230.0,30.0,46.356,0.0,0.0,0.0,24.075,0.317437,0.0,0.0,0.0
2020-08-25T01:15:36.621000Z,2020-08-25T01:15:37.863000Z,699.301,1242.0,38.0,39.615,0.0,0.0,0.0,24.075,0.38092,0.0,0.0,0.0
2020-08-25T01:15:37.865000Z,2020-08-25T01:15:41.544000Z,1298.348,3679.0,38.0,73.776,0.0,0.0,0.0,24.075,0.377492,0.0,0.0,0.0
2020-08-25T01:15:41.544999Z,2020-08-25T01:15:43.224000Z,560.579,1679.0,24.0,90.155,0.0,0.0,0.0,24.075,0.352189,0.0,0.0,0.0
2020-08-25T01:15:43.225000Z,2020-08-25T01:15:44.704000Z,547.689,1479.0,28.0,64.903,0.0,0.0,0.0,24.075,0.189681,0.0,0.0,0.0
2020-08-25T01:15:44.705999Z,2020-08-25T01:15:46.449000Z,809.329,1743.0,28.0,65.154,0.0,0.0,0.0,24.075,0.326273,0.0,0.0,0.0
2020-08-25T01:15:46.451000Z,2020-08-25T01:15:48.601000Z,1215.279,2150.0,38.0,101.818,0.0,0.0,0.0,24.075,0.467621,0.0,0.0,0.0
2020-08-25T01:15:48.603000Z,2020-08-25T01:15:50.649000Z,1023.33,2045.9999999999998,38.0,47.168,0.0,0.0,0.0,24.075,0.39595,0.0,0.0,0.0
2020-08-25T01:15:50.651000Z,2020-08-25T01:15:53.027000Z,1171.212,2376.0,30.0,47.433,0.0,0.0,0.0,24.075,0.516421,0.0,0.0,0.0
2020-08-25T01:15:53.028000Z,2020-08-25T01:15:55.252000Z,801.082,2224.0,48.0,274.016,0.0,0.0,0.0,24.075,0.171153,0.0,0.0,0.0
2020-08-25T01:15:55.254000Z,2020-08-25T01:15:57.214000Z,842.348,1960.0,36.0,119.021,0.0,0.0,0.0,24.075,0.250812,0.0,0.0,0.0
2020-08-25T01:15:57.215000Z,2020-08-25T01:15:59.999000Z,777.261,2784.0,40.0,64.439,0.0,0.0,0.0,24.075,0.244951,0.0,0.0,0.0
2020-08-25T01:16:00.001000Z,2020-08-25T01:16:02.224000Z,505.766,2223.0,24.0,70.019,0.0,0.0,0.0,24.075,0.299347,0.0,0.0,0.0
2020-08-25T01:16:02.225999Z,2020-08-25T01:16:05.848000Z,1074.333,3622.0,24.0,113.897,0.0,0.0,0.0,24.075,0.07893,0.0,0.0,0.0
2020-08-25T01:16:05.849000Z,2020-08-25T01:16:07.175000Z,512.141,1326.0,28.0,57.202,0.0,0.0,0.0,24.075,0.267998,0.0,0.0,0.0
2020-08-25T01:16:07.176000Z,2020-08-25T01:16:08.259000Z,385.335,1083.0,32.0,55.023,0.0,0.0,0.0,24.075,0.550386,0.0,0.0,0.0
2020-08-25T01:16:08.260000Z,2020-08-25T01:16:09.638000Z,492.733,1378.0,34.0,152.94,0.0,0.0,0.0,24.075,0.183503,0.0,0.0,0.0
2020-08-25T01:16:09.640000Z,2020-08-25T01:16:11.116000Z,758.449,1476.0,32.0,42.397,0.0,0.0,0.0,24.075,0.550305,0.0,0.0,0.0
2020-08-25T01:16:11.118000Z,2020-08-25T01:16:12.351000Z,734.59,1233.0,34.0,33.413,0.0,0.0,0.0,24.075,0.505656,0.0,0.0,0.0
2020-08-25T01:16:12.353000Z,2020-08-25T01:16:14.856000Z,1444.604,2503.0,42.0,54.403,0.0,0.0,0.0,24.075,0.732669,0.0,0.0,0.0
2020-08-25T01:16:14.857999Z,2020-08-25T01:16:16.685000Z,1223.044,1827.0,54.0,54.74,0.0,0.0,0.0,24.075,1.318377,0.0,0.0,0.0
2020-08-25T01:16:16.687000Z,2020-08-25T01:16:18.345999Z,1198.338,1659.0,56.0,187.647,0.0,0.0,0.0,24.075,0.361818,0.0,0.0,0.0
2020-08-25T01:16:18.349000Z,2020-08-25T01:16:20.892000Z,1479.769,2543.0,58.0,87.436,0.0,0.0,0.0,24.075,0.303226,0.0,0.0,0.0
2020-08-25T01:16:20.894000Z,2020-08-25T01:16:23.036000Z,968.615,2142.0,62.0,71.343,0.0,0.0,0.0,24.075,0.471423,0.0,0.0,0.0
2020-08-25T01:16:23.038000Z,2020-08-25T01:16:25.080000Z,1034.917,2041.9999999999998,34.0,114.18,0.0,0.0,0.0,24.075,0.167094,0.0,0.0,0.0
