start_time,end_time,size,trans_time,cwnd,rtt,rto,ssthresh,last_snd,min_rtt,delivery_rate,bytes_sent,bytes_retrans,client_trans_time
2020-08-25T05:18:02.627000Z,2020-08-25T05:18:03.493000Z,24.223,866.0,22.0,136.248,0.0,0.0,0.0,26.202,0.240455,0.0,0.0,0.0
2020-08-25T05:18:03.493000Z,2020-08-25T05:18:03.673999Z,23.316,181.0,18.0,99.176,0.0,0.0,0.0,26.202,0.230692,0.0,0.0,0.0
2020-08-25T05:18:03.673999Z,2020-08-25T05:18:03.816000Z,33.457,142.0,18.0,90.537,0.0,0.0,0.0,26.202,0.236782,0.0,0.0,0.0
2020-08-25T05:18:03.816000Z,2020-08-25T05:18:04.166000Z,42.954,350.0,20.0,40.185,0.0,0.0,0.0,26.202,0.328145,0.0,0.0,0.0
2020-08-25T05:18:04.167000Z,2020-08-25T05:18:07.191000Z,719.569,3024.0,22.0,112.98,0.0,0.0,0.0,26.202,0.236037,0.0,0.0,0.0
2020-08-25T05:18:07.192000Z,2020-08-25T05:18:10.957000Z,900.247,3765.0,18.0,106.378,0.0,0.0,0.0,26.202,0.241741,0.0,0.0,0.0
2020-08-25T05:18:10.958000Z,2020-08-25T05:18:13.525000Z,557.262,2567.0,18.0,99.282,0.0,0.0,0.0,26.202,0.221158,0.0,0.0,0.0
2020-08-25T05:18:13.526000Z,2020-08-25T05:18:13.790000Z,61.714,264.0,18.0,106.38,0.0,0.0,0.0,26.202,0.240533,0.0,0.0,0.0
2020-08-25T05:18:13.790000Z,2020-08-25T05:18:14.044000Z,38.895,254.0,20.0,37.482,0.0,0.0,0.0,26.202,0.258599,0.0,0.0,0.0
2020-08-25T05:18:14.044000Z,2020-08-25T05:18:14.192000Z,38.84,148.0,20.0,104.965,0.0,0.0,0.0,26.202,0.213364,0.0,0.0,0.0
2020-08-25T05:18:14.192000Z,2020-08-25T05:18:14.533000Z,80.132,341.0,24.0,40.119,0.0,0.0,0.0,26.202,0.249033,0.0,0.0,0.0
2020-08-25T05:18:14.533000Z,2020-08-25T05:18:15.017999Z,75.578,485.0,24.0,128.644,0.0,0.0,0.0,26.202,0.239847,0.0,0.0,0.0
2020-08-25T05:18:15.019000Z,2020-08-25T05:18:16.199000Z,281.053,1180.0,24.0,144.88,0.0,0.0,0.0,26.202,0.23514,0.0,0.0,0.0
2020-08-25T05:18:16.200000Z,2020-08-25T05:18:17.665000Z,271.213,1465.0,24.0,144.886,0.0,0.0,0.0,26.202,0.230429,0.0,0.0,0.0
2020-08-25T05:18:17.666000Z,2020-08-25T05:18:20.849000Z,760.003,3183.0,18.0,108.192,0.0,0.0,0.0,26.202,0.241306,0.0,0.0,0.0
2020-08-25T05:18:20.851000Z,2020-08-25T05:18:26.459000Z,1260.155,5608.0,18.0,107.321,0.0,0.0,0.0,26.202,0.227168,0.0,0.0,0.0
2020-08-25T05:18:26.460000Z,2020-08-25T05:18:28.757000Z,549.116,2297.0,18.0,106.534,0.0,0.0,0.0,26.202,0.224348,0.0,0.0,0.0
2020-08-25T05:18:28.759000Z,2020-08-25T05:18:31.367000Z,623.51,2608.0,18.0,108.074,0.0,0.0,0.0,26.202,0.219437,0.0,0.0,0.0
2020-08-25T05:18:31.368000Z,2020-08-25T05:18:33.577000Z,483.898,2209.0,18.0,101.427,0.0,0.0,0.0,26.202,0.241917,0.0,0.0,0.0
2020-08-25T05:18:33.577999Z,2020-08-25T05:18:34.699000Z,270.61,1121.0,18.0,112.927,0.0,0.0,0.0,26.202,0.220571,0.0,0.0,0.0
2020-08-25T05:18:34.700000Z,2020-08-25T05:18:35.462000Z,141.029,762.0,22.0,103.816,0.0,0.0,0.0,26.202,0.241413,0.0,0.0,0.0
2020-08-25T05:18:35.464000Z,2020-08-25T05:18:38.729000Z,778.231,3265.0,22.0,133.716,0.0,0.0,0.0,26.202,0.233394,0.0,0.0,0.0
2020-08-25T05:18:38.728999Z,2020-08-25T05:18:39.649000Z,217.018,920.0,18.0,107.95,0.0,0.0,0.0,26.202,0.22073,0.0,0.0,0.0
2020-08-25T05:18:39.651000Z,2020-08-25T05:18:43.063000Z,772.528,3412.0,22.0,135.151,0.0,0.0,0.0,26.202,0.219753,0.0,0.0,0.0
2020-08-25T05:18:43.064000Z,2020-08-25T05:18:43.912000Z,203.741,848.0,18.0,104.876,0.0,0.0,0.0,26.202,0.240985,0.0,0.0,0.0
2020-08-25T05:18:43.913999Z,2020-08-25T05:18:49.069000Z,1182.527,5155.0,22.0,134.302,0.0,0.0,0.0,26.202,0.23018,0.0,0.0,0.0
2020-08-25T05:18:49.070000Z,2020-08-25T05:18:49.948000Z,210.467,878.0,18.0,105.29,0.0,0.0,0.0,26.202,0.212474,0.0,0.0,0.0
2020-08-25T05:18:49.949000Z,2020-08-25T05:18:50.963000Z,203.078,1014.0,22.0,136.738,0.0,0.0,0.0,26.202,0.229076,0.0,0.0,0.0
2020-08-25T05:18:50.964000Z,2020-08-25T05:18:52.845000Z,447.497,1881.0,18.0,107.73,0.0,0.0,0.0,26.202,0.239215,0.0,0.0,0.0
2020-08-25T05:18:52.845000Z,2020-08-25T05:18:54.959000Z,499.232,2114.0,18.0,104.393,0.0,0.0,0.0,26.202,0.241081,0.0,0.0,0.0
2020-08-25T05:18:54.959000Z,2020-08-25T05:18:56.910000Z,431.833,1951.0,4.0,47.543,0.0,0.0,0.0,26.202,0.234364,0.0,0.0,0.0
2020-08-25T05:18:56.910000Z,2020-08-25T05:18:57.985999Z,255.544,1076.0,18.0,105.561,0.0,0.0,0.0,26.202,0.236949,0.0,0.0,0.0
2020-08-25T05:18:57.985999Z,2020-08-25T05:18:59.829000Z,399.85,1843.0,22.0,134.043,0.0,0.0,0.0,26.202,0.238936,0.0,0.0,0.0
2020-08-25T05:18:59.829000Z,2020-08-25T05:19:00.206000Z,89.628,377.0,18.0,109.709,0.0,0.0,0.0,26.202,0.239,0.0,0.0,0.0
2020-08-25T05:19:00.207000Z,2020-08-25T05:19:01.079000Z,207.331,872.0,20.0,97.003,0.0,0.0,0.0,26.202,0.241253,0.0,0.0,0.0
2020-08-25T05:19:01.080000Z,2020-08-25T05:19:04.157000Z,694.473,3077.0,20.0,121.622,0.0,0.0,0.0,26.202,0.240139,0.0,0.0,0.0
2020-08-25T05:19:04.159000Z,2020-08-25T05:19:07.007000Z,678.938,2848.0,18.0,106.937,0.0,0.0,0.0,26.202,0.227802,0.0,0.0,0.0
2020-08-25T05:19:07.008999Z,2020-08-25T05:19:12.955000Z,1379.439,5946.0,18.0,106.011,0.0,0.0,0.0,26.202,0.232582,0.0,0.0,0.0
2020-08-25T05:19:12.956000Z,2020-08-25T05:19:14.877000Z,458.966,1921.0,18.0,102.578,0.0,0.0,0.0,26.202,0.241568,0.0,0.0,0.0
2020-08-25T05:19:14.876999Z,2020-08-25T05:19:16.908000Z,445.897,2031.0000000000002,18.0,109.665,0.0,0.0,0.0,26.202,0.232029,0.0,0.0,0.0
2020-08-25T05:19:16.909000Z,2020-08-25T05:19:18.739000Z,437.538,1830.0,22.0,134.433,0.0,0.0,0.0,26.202,0.23116,0.0,0.0,0.0
2020-08-25T05:19:18.740000Z,2020-08-25T05:19:20.537000Z,429.891,1797.0,18.0,101.657,0.0,0.0,0.0,26.202,0.22415,0.0,0.0,0.0
2020-08-25T05:19:20.537999Z,2020-08-25T05:19:23.335000Z,627.682,2797.0,18.0,106.364,0.0,0.0,0.0,26.202,0.229846,0.0,0.0,0.0
2020-08-25T05:19:23.336000Z,2020-08-25T05:19:27.611000Z,1020.815,4275.0,18.0,95.958,0.0,0.0,0.0,26.202,0.233126,0.0,0.0,0.0
2020-08-25T05:19:27.612000Z,2020-08-25T05:19:31.827000Z,963.551,4215.0,18.0,136.862,0.0,0.0,0.0,26.202,0.238892,0.0,0.0,0.0
2020-08-25T05:19:31.828000Z,2020-08-25T05:19:33.212000Z,332.698,1384.0,18.0,109.282,0.0,0.0,0.0,26.202,0.217989,0.0,0.0,0.0
2020-08-25T05:19:33.212000Z,2020-08-25T05:19:34.111000Z,214.622,899.0,22.0,130.895,0.0,0.0,0.0,26.202,0.220241,0.0,0.0,0.0
2020-08-25T05:19:34.112000Z,2020-08-25T05:19:37.405000Z,764.603,3293.0,22.0,134.206,0.0,0.0,0.0,26.202,0.240013,0.0,0.0,0.0
2020-08-25T05:19:37.406000Z,2020-08-25T05:19:39.358000Z,465.966,1952.0,22.0,134.83,0.0,0.0,0.0,26.202,0.228514,0.0,0.0,0.0
2020-08-25T05:19:39.359000Z,2020-08-25T05:19:40.284000Z,201.576,925.0,18.0,105.351,0.0,0.0,0.0,26.338,0.233791,0.0,0.0,0.0
2020-08-25T05:19:40.284999Z,2020-08-25T05:19:41.436000Z,272.21,1151.0,18.0,104.711,0.0,0.0,0.0,26.338,0.227126,0.0,0.0,0.0
2020-08-25T05:19:41.437000Z,2020-08-25T05:19:44.158000Z,628.78,2721.0,22.0,133.641,0.0,0.0,0.0,26.338,0.23918,0.0,0.0,0.0
2020-08-25T05:19:44.159000Z,2020-08-25T05:19:45.499000Z,319.606,1340.0,18.0,102.573,0.0,0.0,0.0,26.338,0.220849,0.0,0.0,0.0
2020-08-25T05:19:45.501000Z,2020-08-25T05:19:48.944000Z,812.752,3443.0,22.0,131.335,0.0,0.0,0.0,26.338,0.229466,0.0,0.0,0.0
2020-08-25T05:19:48.945000Z,2020-08-25T05:19:50.444000Z,335.966,1499.0,18.0,98.816,0.0,0.0,0.0,26.338,0.20938,0.0,0.0,0.0
2020-08-25T05:19:50.445000Z,2020-08-25T05:19:52.353999Z,452.061,1909.0,4.0,99.119,0.0,0.0,0.0,26.338,0.220335,0.0,0.0,0.0
2020-08-25T05:19:52.355000Z,2020-08-25T05:19:53.147000Z,168.069,792.0,18.0,113.773,0.0,0.0,0.0,26.338,0.234842,0.0,0.0,0.0
2020-08-25T05:19:53.148000Z,2020-08-25T05:19:55.145000Z,479.108,1997.0,18.0,107.31,0.0,0.0,0.0,26.338,0.224869,0.0,0.0,0.0
2020-08-25T05:19:55.146000Z,2020-08-25T05:19:57.159000Z,480.64,2013.0,18.0,109.247,0.0,0.0,0.0,26.338,0.241085,0.0,0.0,0.0
2020-08-25T05:19:57.159000Z,2020-08-25T05:19:58.041999Z,188.387,883.0,18.0,102.125,0.0,0.0,0.0,26.338,0.242598,0.0,0.0,0.0
2020-08-25T05:19:58.043000Z,2020-08-25T05:20:00.107000Z,493.405,2064.0,18.0,110.712,0.0,0.0,0.0,26.338,0.230084,0.0,0.0,0.0
2020-08-25T05:20:00.108000Z,2020-08-25T05:20:02.656000Z,565.613,2548.0,18.0,109.075,0.0,0.0,0.0,26.338,0.227397,0.0,0.0,0.0
2020-08-25T05:20:02.656999Z,2020-08-25T05:20:04.532000Z,450.933,1875.0,18.0,114.751,0.0,0.0,0.0,26.338,0.215878,0.0,0.0,0.0
2020-08-25T05:20:04.533000Z,2020-08-25T05:20:06.787000Z,498.096,2254.0,18.0,109.561,0.0,0.0,0.0,26.338,0.238978,0.0,0.0,0.0
2020-08-25T05:20:06.788000Z,2020-08-25T05:20:08.935000Z,512.567,2147.0,18.0,108.353,0.0,0.0,0.0,26.338,0.240665,0.0,0.0,0.0
2020-08-25T05:20:08.936000Z,2020-08-25T05:20:10.983000Z,489.459,2047.0000000000002,18.0,101.898,0.0,0.0,0.0,26.338,0.216303,0.0,0.0,0.0
2020-08-25T05:20:10.984000Z,2020-08-25T05:20:13.208000Z,510.809,2224.0,18.0,103.932,0.0,0.0,0.0,26.338,0.23427,0.0,0.0,0.0
2020-08-25T05:20:13.208000Z,2020-08-25T05:20:14.103000Z,213.073,895.0,18.0,100.224,0.0,0.0,0.0,26.338,0.226012,0.0,0.0,0.0
2020-08-25T05:20:14.104000Z,2020-08-25T05:20:16.533000Z,540.034,2429.0,22.0,133.215,0.0,0.0,0.0,26.338,0.240471,0.0,0.0,0.0
2020-08-25T05:20:16.535000Z,2020-08-25T05:20:21.284000Z,1133.676,4749.0,18.0,101.464,0.0,0.0,0.0,26.338,0.238296,0.0,0.0,0.0
2020-08-25T05:20:21.284999Z,2020-08-25T05:20:22.100000Z,194.55,815.0,18.0,101.351,0.0,0.0,0.0,26.338,0.222706,0.0,0.0,0.0
2020-08-25T05:20:22.100999Z,2020-08-25T05:20:24.323000Z,508.628,2222.0,22.0,136.924,0.0,0.0,0.0,26.338,0.23658,0.0,0.0,0.0
2020-08-25T05:20:24.324000Z,2020-08-25T05:20:26.961999Z,622.203,2638.0,18.0,105.016,0.0,0.0,0.0,26.338,0.230409,0.0,0.0,0.0
2020-08-25T05:20:26.963000Z,2020-08-25T05:20:28.924000Z,455.333,1961.0,18.0,37.969,0.0,0.0,0.0,26.338,0.233206,0.0,0.0,0.0
2020-08-25T05:20:28.925000Z,2020-08-25T05:20:31.382000Z,586.987,2457.0,18.0,104.891,0.0,0.0,0.0,26.338,0.242908,0.0,0.0,0.0
2020-08-25T05:20:31.383000Z,2020-08-25T05:20:33.353999Z,449.197,1971.0,18.0,109.51,0.0,0.0,0.0,26.338,0.237234,0.0,0.0,0.0
2020-08-25T05:20:33.353999Z,2020-08-25T05:20:34.017000Z,158.568,663.0,18.0,105.088,0.0,0.0,0.0,26.338,0.230025,0.0,0.0,0.0
2020-08-25T05:20:34.018000Z,2020-08-25T05:20:36.486000Z,589.506,2468.0,20.0,122.49,0.0,0.0,0.0,26.29,0.237579,0.0,0.0,0.0
2020-08-25T05:20:36.487000Z,2020-08-25T05:20:37.915000Z,320.147,1428.0,18.0,106.747,0.0,0.0,0.0,26.29,0.241515,0.0,0.0,0.0
2020-08-25T05:20:37.916000Z,2020-08-25T05:20:38.813000Z,211.647,897.0,18.0,101.061,0.0,0.0,0.0,26.29,0.223182,0.0,0.0,0.0
2020-08-25T05:20:38.813000Z,2020-08-25T05:20:40.535000Z,392.023,1722.0,20.0,120.953,0.0,0.0,0.0,26.29,0.239205,0.0,0.0,0.0
2020-08-25T05:20:40.536000Z,2020-08-25T05:20:42.393000Z,443.39,1857.0,18.0,107.641,0.0,0.0,0.0,26.29,0.23149,0.0,0.0,0.0
2020-08-25T05:20:42.393999Z,2020-08-25T05:20:44.372000Z,472.559,1978.0,18.0,102.789,0.0,0.0,0.0,26.29,0.240955,0.0,0.0,0.0
2020-08-25T05:20:44.373000Z,2020-08-25T05:20:46.663000Z,526.555,2290.0,22.0,138.64,0.0,0.0,0.0,26.29,0.239538,0.0,0.0,0.0
2020-08-25T05:20:46.664000Z,2020-08-25T05:20:48.652000Z,465.065,1988.0,18.0,101.727,0.0,0.0,0.0,26.29,0.239482,0.0,0.0,0.0
2020-08-25T05:20:48.653000Z,2020-08-25T05:20:50.651000Z,438.603,1998.0,18.0,107.269,0.0,0.0,0.0,26.29,0.223478,0.0,0.0,0.0
2020-08-25T05:20:50.652000Z,2020-08-25T05:20:52.553999Z,454.997,1902.0,18.0,100.868,0.0,0.0,0.0,26.29,0.227545,0.0,0.0,0.0
2020-08-25T05:20:52.555000Z,2020-08-25T05:20:54.689000Z,469.036,2134.0,18.0,109.484,0.0,0.0,0.0,26.29,0.223454,0.0,0.0,0.0
2020-08-25T05:20:54.689999Z,2020-08-25T05:20:56.631000Z,463.908,1941.0,22.0,133.902,0.0,0.0,0.0,26.29,0.238569,0.0,0.0,0.0
2020-08-25T05:20:56.633999Z,2020-08-25T05:21:02.149000Z,1314.962,5515.0,18.0,108.863,0.0,0.0,0.0,26.29,0.223448,0.0,0.0,0.0
2020-08-25T05:21:02.150000Z,2020-08-25T05:21:02.403000Z,41.839,253.0,18.0,105.025,0.0,0.0,0.0,26.29,0.225118,0.0,0.0,0.0
2020-08-25T05:21:02.403000Z,2020-08-25T05:21:03.049999Z,154.044,647.0,18.0,83.168,0.0,0.0,0.0,26.29,0.240356,0.0,0.0,0.0
2020-08-25T05:21:03.051000Z,2020-08-25T05:21:04.893000Z,417.841,1842.0,20.0,119.056,0.0,0.0,0.0,26.29,0.234242,0.0,0.0,0.0
2020-08-25T05:21:04.894000Z,2020-08-25T05:21:06.643000Z,418.747,1749.0,18.0,106.981,0.0,0.0,0.0,26.29,0.223537,0.0,0.0,0.0
2020-08-25T05:21:06.645000Z,2020-08-25T05:21:09.732000Z,733.013,3087.0,18.0,113.355,0.0,0.0,0.0,26.29,0.226871,0.0,0.0,0.0
2020-08-25T05:21:09.733000Z,2020-08-25T05:21:11.443000Z,387.419,1710.0,18.0,106.791,0.0,0.0,0.0,26.29,0.237488,0.0,0.0,0.0
2020-08-25T05:21:11.445000Z,2020-08-25T05:21:15.128000Z,876.626,3683.0,18.0,98.325,0.0,0.0,0.0,26.29,0.207576,0.0,0.0,0.0
2020-08-25T05:21:15.129000Z,2020-08-25T05:21:16.305000Z,263.38,1176.0,18.0,103.532,0.0,0.0,0.0,26.29,0.237241,0.0,0.0,0.0
2020-08-25T05:21:16.305999Z,2020-08-25T05:21:18.388000Z,495.933,2082.0,18.0,108.765,0.0,0.0,0.0,26.29,0.239331,0.0,0.0,0.0
2020-08-25T05:21:18.389000Z,2020-08-25T05:21:19.369999Z,214.388,981.0,20.0,123.698,0.0,0.0,0.0,26.29,0.239208,0.0,0.0,0.0
2020-08-25T05:21:19.371000Z,2020-08-25T05:21:21.494000Z,505.355,2123.0,18.0,105.762,0.0,0.0,0.0,26.29,0.232313,0.0,0.0,0.0
2020-08-25T05:21:21.496000Z,2020-08-25T05:21:24.525000Z,724.444,3029.0,18.0,100.223,0.0,0.0,0.0,26.29,0.241094,0.0,0.0,0.0
2020-08-25T05:21:24.526000Z,2020-08-25T05:21:25.596000Z,233.08,1070.0,18.0,99.763,0.0,0.0,0.0,26.29,0.239175,0.0,0.0,0.0
2020-08-25T05:21:25.597000Z,2020-08-25T05:21:27.888000Z,548.884,2291.0,18.0,102.229,0.0,0.0,0.0,26.29,0.227962,0.0,0.0,0.0
2020-08-25T05:21:27.888000Z,2020-08-25T05:21:29.803000Z,435.529,1915.0,22.0,39.253,0.0,0.0,0.0,26.29,0.255969,0.0,0.0,0.0
2020-08-25T05:21:29.804000Z,2020-08-25T05:21:31.696000Z,453.117,1892.0,18.0,107.458,0.0,0.0,0.0,26.29,0.226612,0.0,0.0,0.0
2020-08-25T05:21:31.697000Z,2020-08-25T05:21:33.697000Z,476.728,2000.0,18.0,107.203,0.0,0.0,0.0,26.29,0.238393,0.0,0.0,0.0
2020-08-25T05:21:33.698000Z,2020-08-25T05:21:35.760000Z,473.799,2062.0,18.0,103.388,0.0,0.0,0.0,26.29,0.239109,0.0,0.0,0.0
2020-08-25T05:21:35.761000Z,2020-08-25T05:21:37.613000Z,437.026,1852.0,18.0,106.59,0.0,0.0,0.0,26.29,0.239813,0.0,0.0,0.0
2020-08-25T05:21:37.614000Z,2020-08-25T05:21:38.621000Z,224.72,1006.9999999999999,4.0,109.02,0.0,0.0,0.0,26.29,0.236839,0.0,0.0,0.0
2020-08-25T05:21:38.622000Z,2020-08-25T05:21:39.657000Z,246.073,1035.0,22.0,133.225,0.0,0.0,0.0,26.29,0.238093,0.0,0.0,0.0
2020-08-25T05:21:39.657999Z,2020-08-25T05:21:41.078000Z,297.551,1420.0,22.0,134.114,0.0,0.0,0.0,26.29,0.239878,0.0,0.0,0.0
2020-08-25T05:21:41.078000Z,2020-08-25T05:21:42.326000Z,299.749,1248.0,18.0,101.832,0.0,0.0,0.0,26.29,0.243361,0.0,0.0,0.0
2020-08-25T05:21:42.327000Z,2020-08-25T05:21:43.608000Z,303.603,1281.0,22.0,134.798,0.0,0.0,0.0,26.29,0.240611,0.0,0.0,0.0
2020-08-25T05:21:43.609000Z,2020-08-25T05:21:45.037000Z,302.941,1428.0,22.0,136.737,0.0,0.0,0.0,26.29,0.238293,0.0,0.0,0.0
2020-08-25T05:21:45.037000Z,2020-08-25T05:21:46.281999Z,297.154,1245.0,18.0,102.014,0.0,0.0,0.0,26.29,0.240602,0.0,0.0,0.0
2020-08-25T05:21:46.283000Z,2020-08-25T05:21:47.710000Z,300.933,1427.0,22.0,133.396,0.0,0.0,0.0,26.29,0.239381,0.0,0.0,0.0
2020-08-25T05:21:47.710000Z,2020-08-25T05:21:49.289999Z,371.184,1580.0,18.0,105.318,0.0,0.0,0.0,26.29,0.218146,0.0,0.0,0.0
2020-08-25T05:21:49.291000Z,2020-08-25T05:21:51.505999Z,526.775,2215.0,18.0,121.009,0.0,0.0,0.0,26.29,0.214465,0.0,0.0,0.0
2020-08-25T05:21:51.507000Z,2020-08-25T05:21:53.612000Z,462.666,2105.0,18.0,98.568,0.0,0.0,0.0,26.29,0.229098,0.0,0.0,0.0
2020-08-25T05:21:53.613000Z,2020-08-25T05:21:55.519000Z,447.065,1906.0,18.0,102.148,0.0,0.0,0.0,26.29,0.230525,0.0,0.0,0.0
2020-08-25T05:21:55.520000Z,2020-08-25T05:21:57.724000Z,495.858,2204.0,18.0,31.584,0.0,0.0,0.0,26.222,0.246434,0.0,0.0,0.0
2020-08-25T05:21:57.725000Z,2020-08-25T05:21:59.181000Z,345.586,1456.0,18.0,101.119,0.0,0.0,0.0,26.222,0.225994,0.0,0.0,0.0
2020-08-25T05:21:59.181000Z,2020-08-25T05:22:00.318000Z,231.684,1137.0,18.0,113.024,0.0,0.0,0.0,26.222,0.215111,0.0,0.0,0.0
2020-08-25T05:22:00.318000Z,2020-08-25T05:22:01.229000Z,218.072,911.0,18.0,99.644,0.0,0.0,0.0,26.222,0.232982,0.0,0.0,0.0
2020-08-25T05:22:01.230000Z,2020-08-25T05:22:02.878000Z,392.061,1648.0,22.0,132.675,0.0,0.0,0.0,26.222,0.229358,0.0,0.0,0.0
2020-08-25T05:22:02.879000Z,2020-08-25T05:22:04.665999Z,387.88,1787.0,18.0,120.467,0.0,0.0,0.0,26.222,0.198926,0.0,0.0,0.0
2020-08-25T05:22:04.666000Z,2020-08-25T05:22:06.280000Z,385.326,1614.0,18.0,108.155,0.0,0.0,0.0,26.222,0.233762,0.0,0.0,0.0
2020-08-25T05:22:06.281000Z,2020-08-25T05:22:08.140000Z,365.992,1859.0,24.0,145.27,0.0,0.0,0.0,26.222,0.230571,0.0,0.0,0.0
2020-08-25T05:22:08.141000Z,2020-08-25T05:22:09.593000Z,344.835,1452.0,18.0,105.808,0.0,0.0,0.0,26.222,0.215725,0.0,0.0,0.0
2020-08-25T05:22:09.593999Z,2020-08-25T05:22:11.648000Z,492.006,2054.0,18.0,113.941,0.0,0.0,0.0,26.222,0.214165,0.0,0.0,0.0
