start_time,end_time,size,trans_time,cwnd,rtt,rto,ssthresh,last_snd,min_rtt,delivery_rate,bytes_sent,bytes_retrans,client_trans_time
2020-08-24T13:04:35.353999Z,2020-08-24T13:04:35.717000Z,27.629,363.0,13.0,117.587,0.0,0.0,0.0,110.2,0.012024,0.0,0.0,0.0
2020-08-24T13:04:35.717000Z,2020-08-24T13:04:36.073999Z,148.277,357.0,52.0,126.169,0.0,0.0,0.0,110.2,0.193681,0.0,0.0,0.0
2020-08-24T13:04:36.074000Z,2020-08-24T13:04:36.257000Z,83.774,183.0,156.0,130.303,0.0,0.0,0.0,110.2,0.638833,0.0,0.0,0.0
2020-08-24T13:04:36.257000Z,2020-08-24T13:04:36.447000Z,79.238,190.0,164.0,136.545,0.0,0.0,0.0,110.2,0.638833,0.0,0.0,0.0
2020-08-24T13:04:36.448000Z,2020-08-24T13:04:36.731000Z,226.603,283.0,164.0,128.153,0.0,0.0,0.0,110.2,0.638833,0.0,0.0,0.0
2020-08-24T13:04:36.732000Z,2020-08-24T13:04:37.073999Z,600.696,342.0,230.0,126.494,0.0,0.0,0.0,110.2,1.625648,0.0,0.0,0.0
2020-08-24T13:04:37.075000Z,2020-08-24T13:04:37.540000Z,923.62,465.0,617.0,129.514,0.0,0.0,0.0,110.2,2.533356,0.0,0.0,0.0
2020-08-24T13:04:37.541000Z,2020-08-24T13:04:37.837000Z,702.98,296.0,717.0,196.246,0.0,0.0,0.0,110.2,4.37609,0.0,0.0,0.0
2020-08-24T13:04:37.838000Z,2020-08-24T13:04:38.190000Z,595.483,352.0,1060.0,240.52,0.0,0.0,0.0,110.2,4.37609,0.0,0.0,0.0
2020-08-24T13:04:39.021000Z,2020-08-24T13:04:39.468000Z,1385.42,447.0,1060.0,254.68,0.0,0.0,0.0,110.2,4.37609,0.0,0.0,0.0
2020-08-24T13:04:41.037000Z,2020-08-24T13:04:41.508000Z,1242.419,471.0,1060.0,326.186,0.0,0.0,0.0,110.2,4.37609,0.0,0.0,0.0
2020-08-24T13:04:43.029000Z,2020-08-24T13:04:43.313000Z,639.984,284.0,1060.0,262.428,0.0,0.0,0.0,110.2,0.336176,0.0,0.0,0.0
2020-08-24T13:04:45.029000Z,2020-08-24T13:04:45.308000Z,587.295,279.0,1060.0,221.57,0.0,0.0,0.0,110.2,2.357135,0.0,0.0,0.0
2020-08-24T13:04:47.049000Z,2020-08-24T13:04:47.377000Z,671.719,328.0,1152.0,162.12,0.0,0.0,0.0,110.2,2.377929,0.0,0.0,0.0
2020-08-24T13:04:49.031000Z,2020-08-24T13:04:49.401000Z,923.238,370.0,1152.0,238.302,0.0,0.0,0.0,110.2,2.377929,0.0,0.0,0.0
2020-08-24T13:04:50.988000Z,2020-08-24T13:04:51.609000Z,903.476,621.0,1152.0,186.47,0.0,0.0,0.0,110.2,2.807358,0.0,0.0,0.0
2020-08-24T13:04:53.027000Z,2020-08-24T13:04:53.297999Z,413.37,271.0,1152.0,544.944,0.0,0.0,0.0,110.2,2.807358,0.0,0.0,0.0
2020-08-24T13:04:55.029000Z,2020-08-24T13:04:55.292000Z,429.558,263.0,1152.0,208.516,0.0,0.0,0.0,110.2,2.807358,0.0,0.0,0.0
2020-08-24T13:04:57.019000Z,2020-08-24T13:04:57.438000Z,714.771,419.0,1308.0,173.434,0.0,0.0,0.0,110.2,2.807358,0.0,0.0,0.0
2020-08-24T13:04:59.030000Z,2020-08-24T13:04:59.406000Z,618.006,376.0,1308.0,316.06,0.0,0.0,0.0,110.2,2.807358,0.0,0.0,0.0
2020-08-24T13:05:01.018000Z,2020-08-24T13:05:01.360000Z,723.786,342.0,1308.0,207.829,0.0,0.0,0.0,110.2,2.807358,0.0,0.0,0.0
2020-08-24T13:05:03.021000Z,2020-08-24T13:05:03.409999Z,859.887,389.0,1308.0,253.226,0.0,0.0,0.0,110.2,2.807358,0.0,0.0,0.0
2020-08-24T13:05:05.032000Z,2020-08-24T13:05:05.467000Z,982.028,435.0,1308.0,276.086,0.0,0.0,0.0,110.2,2.807358,0.0,0.0,0.0
2020-08-24T13:05:07.022000Z,2020-08-24T13:05:07.457999Z,988.673,436.0,1308.0,237.518,0.0,0.0,0.0,110.2,0.248329,0.0,0.0,0.0
2020-08-24T13:05:09.023000Z,2020-08-24T13:05:09.547000Z,935.782,524.0,1308.0,324.27,0.0,0.0,0.0,110.2,2.427182,0.0,0.0,0.0
2020-08-24T13:05:11.022000Z,2020-08-24T13:05:11.653000Z,914.84,631.0,1308.0,231.039,0.0,0.0,0.0,110.2,2.427182,0.0,0.0,0.0
2020-08-24T13:05:13.014000Z,2020-08-24T13:05:13.765000Z,763.482,751.0,1308.0,511.277,0.0,0.0,0.0,110.2,2.427182,0.0,0.0,0.0
2020-08-24T13:05:14.947000Z,2020-08-24T13:05:15.267000Z,886.189,320.0,1308.0,324.053,0.0,0.0,0.0,110.2,2.427182,0.0,0.0,0.0
2020-08-24T13:05:17.039000Z,2020-08-24T13:05:17.500000Z,912.743,461.0,1308.0,216.01,0.0,0.0,0.0,110.2,3.086893,0.0,0.0,0.0
2020-08-24T13:05:19.018000Z,2020-08-24T13:05:19.412000Z,488.028,394.0,1308.0,347.969,0.0,0.0,0.0,110.2,3.086893,0.0,0.0,0.0
2020-08-24T13:05:21.018000Z,2020-08-24T13:05:21.317000Z,491.237,299.0,1308.0,203.803,0.0,0.0,0.0,110.2,3.086893,0.0,0.0,0.0
2020-08-24T13:05:23.030000Z,2020-08-24T13:05:23.317000Z,565.316,287.0,1308.0,249.967,0.0,0.0,0.0,110.2,3.086893,0.0,0.0,0.0
2020-08-24T13:05:25.017000Z,2020-08-24T13:05:25.297000Z,471.929,280.0,1308.0,158.263,0.0,0.0,0.0,110.2,3.086893,0.0,0.0,0.0
2020-08-24T13:05:27.028000Z,2020-08-24T13:05:27.217000Z,269.208,189.0,1308.0,204.264,0.0,0.0,0.0,110.2,3.086893,0.0,0.0,0.0
2020-08-24T13:05:29.020000Z,2020-08-24T13:05:30.377999Z,1468.174,1358.0,1308.0,164.266,0.0,0.0,0.0,110.2,3.086893,0.0,0.0,0.0
2020-08-24T13:05:31.036000Z,2020-08-24T13:05:31.548000Z,790.544,512.0,1308.0,292.001,0.0,0.0,0.0,110.2,0.044258,0.0,0.0,0.0
2020-08-24T13:05:33.019000Z,2020-08-24T13:05:33.572000Z,867.559,553.0,1308.0,411.387,0.0,0.0,0.0,110.2,1.6446,0.0,0.0,0.0
2020-08-24T13:05:35.030000Z,2020-08-24T13:05:35.408000Z,846.731,378.0,1308.0,183.26,0.0,0.0,0.0,110.2,1.733083,0.0,0.0,0.0
2020-08-24T13:05:37.012000Z,2020-08-24T13:05:37.358000Z,814.527,346.0,1308.0,270.439,0.0,0.0,0.0,110.2,2.47367,0.0,0.0,0.0
2020-08-24T13:05:38.952000Z,2020-08-24T13:05:39.255000Z,789.157,303.0,1308.0,175.794,0.0,0.0,0.0,110.2,2.532485,0.0,0.0,0.0
2020-08-24T13:05:41.031000Z,2020-08-24T13:05:41.433000Z,829.163,402.0,1308.0,234.897,0.0,0.0,0.0,110.2,2.635537,0.0,0.0,0.0
2020-08-24T13:05:43.036000Z,2020-08-24T13:05:43.428000Z,695.843,392.0,1308.0,300.413,0.0,0.0,0.0,110.2,2.635537,0.0,0.0,0.0
2020-08-24T13:05:45.028000Z,2020-08-24T13:05:45.299000Z,653.674,271.0,1308.0,188.726,0.0,0.0,0.0,110.2,2.635537,0.0,0.0,0.0
2020-08-24T13:05:47.029000Z,2020-08-24T13:05:47.503000Z,639.485,474.0,1308.0,220.503,0.0,0.0,0.0,110.2,2.635537,0.0,0.0,0.0
2020-08-24T13:05:49.018000Z,2020-08-24T13:05:49.293000Z,651.149,275.0,1308.0,247.686,0.0,0.0,0.0,110.2,2.635537,0.0,0.0,0.0
2020-08-24T13:05:51.018000Z,2020-08-24T13:05:51.417000Z,692.365,399.0,1308.0,197.302,0.0,0.0,0.0,110.2,2.635537,0.0,0.0,0.0
2020-08-24T13:05:53.018000Z,2020-08-24T13:05:54.060000Z,774.234,1042.0,1308.0,303.334,0.0,0.0,0.0,110.2,2.635537,0.0,0.0,0.0
2020-08-24T13:05:55.029000Z,2020-08-24T13:05:55.488000Z,698.351,459.0,1308.0,211.151,0.0,0.0,0.0,110.2,2.635537,0.0,0.0,0.0
2020-08-24T13:05:57.029000Z,2020-08-24T13:05:57.316000Z,666.147,287.0,1308.0,343.596,0.0,0.0,0.0,110.2,2.635537,0.0,0.0,0.0
2020-08-24T13:05:59.049000Z,2020-08-24T13:05:59.440000Z,822.961,391.0,1308.0,158.385,0.0,0.0,0.0,110.2,2.716746,0.0,0.0,0.0
2020-08-24T13:06:01.037000Z,2020-08-24T13:06:01.468000Z,891.745,431.0,1308.0,294.941,0.0,0.0,0.0,110.2,2.716746,0.0,0.0,0.0
2020-08-24T13:06:03.024000Z,2020-08-24T13:06:03.609000Z,879.188,585.0,1308.0,236.617,0.0,0.0,0.0,110.2,2.716746,0.0,0.0,0.0
2020-08-24T13:06:05.038000Z,2020-08-24T13:06:05.621000Z,856.197,583.0,1308.0,440.07,0.0,0.0,0.0,110.2,2.716746,0.0,0.0,0.0
2020-08-24T13:06:07.024999Z,2020-08-24T13:06:07.385000Z,819.1,360.0,1308.0,451.422,0.0,0.0,0.0,110.2,2.716746,0.0,0.0,0.0
2020-08-24T13:06:09.018000Z,2020-08-24T13:06:09.382000Z,799.304,364.0,1308.0,194.932,0.0,0.0,0.0,110.2,2.716746,0.0,0.0,0.0
2020-08-24T13:06:11.028000Z,2020-08-24T13:06:11.409000Z,715.245,381.0,1308.0,251.629,0.0,0.0,0.0,110.2,2.716746,0.0,0.0,0.0
2020-08-24T13:06:13.029000Z,2020-08-24T13:06:13.630000Z,1089.154,601.0,1308.0,195.309,0.0,0.0,0.0,110.2,2.716746,0.0,0.0,0.0
2020-08-24T13:06:15.029000Z,2020-08-24T13:06:15.313999Z,653.403,285.0,1308.0,440.408,0.0,0.0,0.0,110.2,2.716746,0.0,0.0,0.0
2020-08-24T13:06:17.021000Z,2020-08-24T13:06:17.415000Z,557.962,394.0,1308.0,215.452,0.0,0.0,0.0,110.2,2.716746,0.0,0.0,0.0
2020-08-24T13:06:19.030000Z,2020-08-24T13:06:20.195000Z,554.673,1165.0,94.0,221.717,0.0,0.0,0.0,110.2,0.475345,0.0,0.0,0.0
2020-08-24T13:06:21.030000Z,2020-08-24T13:06:21.958000Z,596.971,928.0,118.0,134.347,0.0,0.0,0.0,108.35,0.527625,0.0,0.0,0.0
2020-08-24T13:06:23.018000Z,2020-08-24T13:06:23.828000Z,696.337,810.0,156.0,132.018,0.0,0.0,0.0,108.184,0.799824,0.0,0.0,0.0
2020-08-24T13:06:25.029000Z,2020-08-24T13:06:25.653000Z,599.36,624.0,200.0,131.498,0.0,0.0,0.0,108.184,1.19062,0.0,0.0,0.0
2020-08-24T13:06:26.971000Z,2020-08-24T13:06:27.569000Z,610.582,598.0,258.0,138.337,0.0,0.0,0.0,108.184,1.017213,0.0,0.0,0.0
2020-08-24T13:06:29.027000Z,2020-08-24T13:06:30.233000Z,597.447,1206.0,270.0,160.892,0.0,0.0,0.0,108.184,1.31409,0.0,0.0,0.0
2020-08-24T13:06:31.019000Z,2020-08-24T13:06:31.980000Z,645.321,961.0,270.0,498.155,0.0,0.0,0.0,108.184,0.041144,0.0,0.0,0.0
2020-08-24T13:06:33.018000Z,2020-08-24T13:06:33.553999Z,621.299,536.0,298.0,170.977,0.0,0.0,0.0,108.184,0.837899,0.0,0.0,0.0
2020-08-24T13:06:35.011000Z,2020-08-24T13:06:35.537000Z,671.169,526.0,292.0,154.084,0.0,0.0,0.0,108.184,1.289309,0.0,0.0,0.0
2020-08-24T13:06:37.029000Z,2020-08-24T13:06:37.728000Z,705.181,699.0,346.0,150.197,0.0,0.0,0.0,108.184,1.596294,0.0,0.0,0.0
2020-08-24T13:06:39.029000Z,2020-08-24T13:06:39.587000Z,678.982,558.0,346.0,332.35,0.0,0.0,0.0,108.184,1.190419,0.0,0.0,0.0
2020-08-24T13:06:41.022000Z,2020-08-24T13:06:41.536000Z,786.22,514.0,346.0,184.821,0.0,0.0,0.0,108.184,1.730676,0.0,0.0,0.0
2020-08-24T13:06:43.029000Z,2020-08-24T13:06:43.657000Z,729.83,628.0,374.0,151.408,0.0,0.0,0.0,108.184,1.649729,0.0,0.0,0.0
2020-08-24T13:06:45.028000Z,2020-08-24T13:06:45.550000Z,638.972,522.0,374.0,270.142,0.0,0.0,0.0,108.184,1.150709,0.0,0.0,0.0
2020-08-24T13:06:47.019000Z,2020-08-24T13:06:47.766000Z,1456.521,747.0,406.0,154.244,0.0,0.0,0.0,108.184,1.7165,0.0,0.0,0.0
2020-08-24T13:06:49.028000Z,2020-08-24T13:06:49.707000Z,1109.456,679.0,474.0,127.409,0.0,0.0,0.0,107.105,2.254163,0.0,0.0,0.0
2020-08-24T13:06:50.990000Z,2020-08-24T13:06:51.559000Z,1088.971,569.0,474.0,178.946,0.0,0.0,0.0,107.105,1.857419,0.0,0.0,0.0
2020-08-24T13:06:53.027000Z,2020-08-24T13:06:53.846000Z,1128.0,819.0,482.0,150.0,0.0,0.0,0.0,107.105,2.330491,0.0,0.0,0.0
2020-08-24T13:06:55.018000Z,2020-08-24T13:06:55.465000Z,891.443,447.0,506.0,425.45,0.0,0.0,0.0,107.105,1.194332,0.0,0.0,0.0
2020-08-24T13:06:57.019000Z,2020-08-24T13:06:57.398000Z,750.411,379.0,506.0,143.257,0.0,0.0,0.0,107.105,2.78165,0.0,0.0,0.0
2020-08-24T13:06:59.030000Z,2020-08-24T13:06:59.511000Z,678.916,481.0,536.0,127.565,0.0,0.0,0.0,107.105,3.172003,0.0,0.0,0.0
2020-08-24T13:07:01.018000Z,2020-08-24T13:07:01.337000Z,548.161,319.0,634.0,179.098,0.0,0.0,0.0,107.105,1.961101,0.0,0.0,0.0
2020-08-24T13:07:03.019000Z,2020-08-24T13:07:03.443000Z,810.628,424.0,620.0,151.341,0.0,0.0,0.0,107.105,2.963547,0.0,0.0,0.0
2020-08-24T13:07:05.018000Z,2020-08-24T13:07:05.429000Z,904.655,411.0,587.0,156.915,0.0,0.0,0.0,107.105,2.200041,0.0,0.0,0.0
2020-08-24T13:07:07.031000Z,2020-08-24T13:07:07.585999Z,1188.313,555.0,614.0,143.042,0.0,0.0,0.0,107.105,3.592397,0.0,0.0,0.0
2020-08-24T13:07:09.029000Z,2020-08-24T13:07:09.590000Z,1253.427,561.0,636.0,230.653,0.0,0.0,0.0,107.105,2.427784,0.0,0.0,0.0
2020-08-24T13:07:11.013000Z,2020-08-24T13:07:11.425000Z,992.175,412.0,632.0,152.714,0.0,0.0,0.0,107.105,2.886164,0.0,0.0,0.0
2020-08-24T13:07:13.029000Z,2020-08-24T13:07:13.412000Z,742.203,383.0,660.0,131.917,0.0,0.0,0.0,107.105,3.732752,0.0,0.0,0.0
2020-08-24T13:07:15.020000Z,2020-08-24T13:07:15.342000Z,670.087,322.0,715.0,141.867,0.0,0.0,0.0,107.105,3.259655,0.0,0.0,0.0
2020-08-24T13:07:17.029000Z,2020-08-24T13:07:17.364000Z,641.481,335.0,694.0,133.9,0.0,0.0,0.0,107.105,3.339904,0.0,0.0,0.0
2020-08-24T13:07:19.028000Z,2020-08-24T13:07:19.640000Z,612.865,612.0,694.0,167.512,0.0,0.0,0.0,107.105,2.945988,0.0,0.0,0.0
2020-08-24T13:07:21.029000Z,2020-08-24T13:07:21.361000Z,711.904,332.0,694.0,188.841,0.0,0.0,0.0,107.105,1.368877,0.0,0.0,0.0
2020-08-24T13:07:23.031000Z,2020-08-24T13:07:23.597000Z,833.823,566.0,702.0,129.401,0.0,0.0,0.0,107.105,4.104388,0.0,0.0,0.0
2020-08-24T13:07:25.036000Z,2020-08-24T13:07:25.349000Z,744.923,313.0,706.0,222.518,0.0,0.0,0.0,107.105,1.573577,0.0,0.0,0.0
2020-08-24T13:07:27.023000Z,2020-08-24T13:07:27.348000Z,630.581,325.0,744.0,130.683,0.0,0.0,0.0,107.105,4.435045,0.0,0.0,0.0
2020-08-24T13:07:29.029000Z,2020-08-24T13:07:29.365000Z,738.845,336.0,744.0,154.849,0.0,0.0,0.0,107.105,3.534197,0.0,0.0,0.0
2020-08-24T13:07:31.021000Z,2020-08-24T13:07:31.487000Z,690.355,466.0,758.0,137.742,0.0,0.0,0.0,107.105,4.376191,0.0,0.0,0.0
2020-08-24T13:07:33.030000Z,2020-08-24T13:07:33.477000Z,747.646,447.0,4.0,162.573,0.0,0.0,0.0,107.105,3.857556,0.0,0.0,0.0
2020-08-24T13:07:35.012000Z,2020-08-24T13:07:35.319000Z,619.413,307.0,850.0,172.522,0.0,0.0,0.0,107.105,2.230489,0.0,0.0,0.0
2020-08-24T13:07:37.023000Z,2020-08-24T13:07:37.452000Z,679.366,429.0,800.0,135.499,0.0,0.0,0.0,107.105,4.076922,0.0,0.0,0.0
2020-08-24T13:07:39.012000Z,2020-08-24T13:07:39.355000Z,754.301,343.0,746.0,165.347,0.0,0.0,0.0,107.105,2.405549,0.0,0.0,0.0
2020-08-24T13:07:41.031000Z,2020-08-24T13:07:41.368000Z,877.177,337.0,778.0,143.904,0.0,0.0,0.0,107.105,4.698494,0.0,0.0,0.0
2020-08-24T13:07:43.022000Z,2020-08-24T13:07:43.385999Z,784.766,364.0,806.0,128.302,0.0,0.0,0.0,107.105,4.709184,0.0,0.0,0.0
2020-08-24T13:07:45.038000Z,2020-08-24T13:07:45.315000Z,706.956,277.0,810.0,152.423,0.0,0.0,0.0,107.105,2.986856,0.0,0.0,0.0
2020-08-24T13:07:47.030000Z,2020-08-24T13:07:47.297999Z,697.013,268.0,846.0,130.39,0.0,0.0,0.0,107.105,4.662131,0.0,0.0,0.0
2020-08-24T13:07:49.017000Z,2020-08-24T13:07:49.325000Z,671.886,308.0,874.0,124.921,0.0,0.0,0.0,107.105,4.897986,0.0,0.0,0.0
2020-08-24T13:07:51.278000Z,2020-08-24T13:07:51.559000Z,713.855,281.0,876.0,164.734,0.0,0.0,0.0,107.105,3.603304,0.0,0.0,0.0
2020-08-24T13:07:53.268000Z,2020-08-24T13:07:53.567000Z,755.95,299.0,888.0,131.004,0.0,0.0,0.0,107.105,4.87048,0.0,0.0,0.0
2020-08-24T13:07:55.270000Z,2020-08-24T13:07:55.614000Z,731.319,344.0,888.0,139.739,0.0,0.0,0.0,107.105,4.829283,0.0,0.0,0.0
2020-08-24T13:07:57.269000Z,2020-08-24T13:07:57.558000Z,664.731,289.0,888.0,182.063,0.0,0.0,0.0,107.105,3.312878,0.0,0.0,0.0
2020-08-24T13:07:59.277000Z,2020-08-24T13:07:59.616000Z,602.88,339.0,886.0,133.378,0.0,0.0,0.0,107.105,3.965323,0.0,0.0,0.0
2020-08-24T13:08:01.261000Z,2020-08-24T13:08:01.541000Z,584.281,280.0,886.0,202.967,0.0,0.0,0.0,107.105,3.965323,0.0,0.0,0.0
2020-08-24T13:08:03.268000Z,2020-08-24T13:08:03.577000Z,671.25,309.0,886.0,144.757,0.0,0.0,0.0,107.105,3.965323,0.0,0.0,0.0
2020-08-24T13:08:05.268000Z,2020-08-24T13:08:05.597000Z,658.487,329.0,870.0,152.163,0.0,0.0,0.0,107.105,3.965323,0.0,0.0,0.0
2020-08-24T13:08:07.278000Z,2020-08-24T13:08:07.617999Z,667.045,340.0,870.0,196.405,0.0,0.0,0.0,107.105,3.965323,0.0,0.0,0.0
2020-08-24T13:08:09.268000Z,2020-08-24T13:08:09.529999Z,639.68,262.0,870.0,164.161,0.0,0.0,0.0,107.105,3.965323,0.0,0.0,0.0
2020-08-24T13:08:11.277000Z,2020-08-24T13:08:11.677000Z,579.551,400.0,870.0,141.196,0.0,0.0,0.0,107.105,3.965323,0.0,0.0,0.0
2020-08-24T13:08:13.277000Z,2020-08-24T13:08:13.667000Z,614.635,390.0,870.0,221.381,0.0,0.0,0.0,107.105,3.965323,0.0,0.0,0.0
2020-08-24T13:08:15.271000Z,2020-08-24T13:08:15.657999Z,635.033,387.0,4.0,213.112,0.0,0.0,0.0,107.105,3.965323,0.0,0.0,0.0
2020-08-24T13:08:17.268000Z,2020-08-24T13:08:17.561000Z,671.712,293.0,1006.0,219.873,0.0,0.0,0.0,107.105,3.965323,0.0,0.0,0.0
2020-08-24T13:08:19.269000Z,2020-08-24T13:08:19.627000Z,629.281,358.0,968.0,130.544,0.0,0.0,0.0,107.105,3.965323,0.0,0.0,0.0
2020-08-24T13:08:21.267000Z,2020-08-24T13:08:21.531000Z,669.721,264.0,972.0,211.691,0.0,0.0,0.0,107.105,3.965323,0.0,0.0,0.0
2020-08-24T13:08:23.276000Z,2020-08-24T13:08:23.709000Z,632.238,433.0,886.0,127.972,0.0,0.0,0.0,107.105,3.965323,0.0,0.0,0.0
2020-08-24T13:08:25.261000Z,2020-08-24T13:08:25.577000Z,620.427,316.0,886.0,285.563,0.0,0.0,0.0,107.105,3.965323,0.0,0.0,0.0
2020-08-24T13:08:27.268000Z,2020-08-24T13:08:27.640000Z,684.89,372.0,886.0,152.427,0.0,0.0,0.0,107.105,3.965323,0.0,0.0,0.0
2020-08-24T13:08:29.277000Z,2020-08-24T13:08:29.572000Z,694.014,295.0,886.0,225.214,0.0,0.0,0.0,107.105,3.965323,0.0,0.0,0.0
2020-08-24T13:08:31.268000Z,2020-08-24T13:08:31.648000Z,684.151,380.0,907.0,135.158,0.0,0.0,0.0,107.105,4.204621,0.0,0.0,0.0
2020-08-24T13:08:33.268000Z,2020-08-24T13:08:33.584000Z,557.132,316.0,967.0,149.582,0.0,0.0,0.0,107.105,4.204621,0.0,0.0,0.0
2020-08-24T13:08:35.271000Z,2020-08-24T13:08:35.641000Z,563.301,370.0,996.0,188.046,0.0,0.0,0.0,107.105,4.204621,0.0,0.0,0.0
2020-08-24T13:08:37.269000Z,2020-08-24T13:08:37.534000Z,665.862,265.0,980.0,160.772,0.0,0.0,0.0,107.105,4.204621,0.0,0.0,0.0
2020-08-24T13:08:39.269000Z,2020-08-24T13:08:39.688000Z,682.218,419.0,960.0,139.657,0.0,0.0,0.0,107.105,4.204621,0.0,0.0,0.0
2020-08-24T13:08:41.273000Z,2020-08-24T13:08:41.598000Z,720.855,325.0,960.0,263.261,0.0,0.0,0.0,107.105,4.204621,0.0,0.0,0.0
2020-08-24T13:08:43.271000Z,2020-08-24T13:08:43.705000Z,711.156,434.0,936.0,143.82,0.0,0.0,0.0,107.105,4.204621,0.0,0.0,0.0
2020-08-24T13:08:45.268000Z,2020-08-24T13:08:45.596000Z,662.711,328.0,936.0,234.605,0.0,0.0,0.0,107.105,4.204621,0.0,0.0,0.0
2020-08-24T13:08:47.262000Z,2020-08-24T13:08:47.521999Z,574.324,260.0,936.0,147.529,0.0,0.0,0.0,107.105,4.204621,0.0,0.0,0.0
2020-08-24T13:08:49.268000Z,2020-08-24T13:08:49.548000Z,621.368,280.0,936.0,134.279,0.0,0.0,0.0,107.105,4.204621,0.0,0.0,0.0
2020-08-24T13:08:51.260000Z,2020-08-24T13:08:51.536000Z,516.795,276.0,936.0,143.025,0.0,0.0,0.0,107.105,4.204621,0.0,0.0,0.0
2020-08-24T13:08:53.272000Z,2020-08-24T13:08:53.571000Z,552.048,299.0,4.0,157.578,0.0,0.0,0.0,107.105,4.204621,0.0,0.0,0.0
2020-08-24T13:08:55.276000Z,2020-08-24T13:08:55.550000Z,585.915,274.0,946.0,167.607,0.0,0.0,0.0,107.105,4.204621,0.0,0.0,0.0
2020-08-24T13:08:57.276000Z,2020-08-24T13:08:57.657000Z,601.537,381.0,932.0,139.434,0.0,0.0,0.0,107.105,4.204621,0.0,0.0,0.0
2020-08-24T13:08:59.269000Z,2020-08-24T13:08:59.584000Z,602.154,315.0,932.0,245.159,0.0,0.0,0.0,107.105,4.204621,0.0,0.0,0.0
2020-08-24T13:09:01.276000Z,2020-08-24T13:09:01.567000Z,712.343,291.0,932.0,154.168,0.0,0.0,0.0,107.105,4.204621,0.0,0.0,0.0
2020-08-24T13:09:03.268000Z,2020-08-24T13:09:03.723000Z,733.693,455.0,884.0,136.811,0.0,0.0,0.0,107.105,4.729317,0.0,0.0,0.0
2020-08-24T13:09:05.276000Z,2020-08-24T13:09:05.740000Z,717.478,464.0,884.0,270.95,0.0,0.0,0.0,107.105,2.218202,0.0,0.0,0.0
2020-08-24T13:09:07.272000Z,2020-08-24T13:09:07.565000Z,602.488,293.0,884.0,261.423,0.0,0.0,0.0,107.105,2.55295,0.0,0.0,0.0
2020-08-24T13:09:09.269000Z,2020-08-24T13:09:09.645000Z,612.606,376.0,884.0,165.555,0.0,0.0,0.0,107.105,2.55295,0.0,0.0,0.0
2020-08-24T13:09:11.279000Z,2020-08-24T13:09:11.607000Z,664.774,328.0,884.0,145.963,0.0,0.0,0.0,107.105,2.55295,0.0,0.0,0.0
2020-08-24T13:09:13.267000Z,2020-08-24T13:09:13.697999Z,635.032,431.0,978.0,172.376,0.0,0.0,0.0,107.105,2.55295,0.0,0.0,0.0
2020-08-24T13:09:15.269000Z,2020-08-24T13:09:15.721999Z,614.186,453.0,972.0,167.816,0.0,0.0,0.0,107.105,2.55295,0.0,0.0,0.0
2020-08-24T13:09:17.268000Z,2020-08-24T13:09:17.547000Z,644.946,279.0,972.0,295.396,0.0,0.0,0.0,107.105,2.55295,0.0,0.0,0.0
2020-08-24T13:09:19.295000Z,2020-08-24T13:09:19.693000Z,642.898,398.0,876.0,132.01,0.0,0.0,0.0,107.105,2.633637,0.0,0.0,0.0
2020-08-24T13:09:21.270000Z,2020-08-24T13:09:22.337000Z,618.115,1067.0,104.0,173.089,0.0,0.0,0.0,107.105,0.567981,0.0,0.0,0.0
2020-08-24T13:09:23.274000Z,2020-08-24T13:09:24.297000Z,703.048,1022.9999999999999,130.0,128.147,0.0,0.0,0.0,107.105,0.730674,0.0,0.0,0.0
2020-08-24T13:09:25.278000Z,2020-08-24T13:09:26.155000Z,701.129,877.0,150.0,137.001,0.0,0.0,0.0,107.105,0.806776,0.0,0.0,0.0
2020-08-24T13:09:27.269000Z,2020-08-24T13:09:28.030000Z,699.391,761.0,176.0,128.138,0.0,0.0,0.0,107.105,0.943362,0.0,0.0,0.0
2020-08-24T13:09:29.272000Z,2020-08-24T13:09:29.917000Z,676.453,645.0,230.0,128.671,0.0,0.0,0.0,107.105,1.117966,0.0,0.0,0.0
2020-08-24T13:09:31.269000Z,2020-08-24T13:09:31.756000Z,583.63,487.0,300.0,127.853,0.0,0.0,0.0,107.105,1.740767,0.0,0.0,0.0
2020-08-24T13:09:33.270000Z,2020-08-24T13:09:33.758000Z,662.035,488.0,314.0,132.789,0.0,0.0,0.0,107.105,1.53568,0.0,0.0,0.0
2020-08-24T13:09:35.268000Z,2020-08-24T13:09:35.719000Z,640.732,451.0,393.0,143.085,0.0,0.0,0.0,107.105,1.940857,0.0,0.0,0.0
2020-08-24T13:09:37.267000Z,2020-08-24T13:09:37.688000Z,600.782,421.0,368.0,127.872,0.0,0.0,0.0,107.105,2.015139,0.0,0.0,0.0
2020-08-24T13:09:39.270000Z,2020-08-24T13:09:39.657999Z,625.527,388.0,388.0,146.798,0.0,0.0,0.0,107.105,2.289319,0.0,0.0,0.0
2020-08-24T13:09:41.271000Z,2020-08-24T13:09:41.700000Z,620.959,429.0,456.0,134.136,0.0,0.0,0.0,107.105,2.787659,0.0,0.0,0.0
2020-08-24T13:09:43.269000Z,2020-08-24T13:09:43.656000Z,611.67,387.0,456.0,175.95,0.0,0.0,0.0,107.105,1.861454,0.0,0.0,0.0
2020-08-24T13:09:45.276000Z,2020-08-24T13:09:45.646000Z,620.639,370.0,466.0,135.548,0.0,0.0,0.0,107.105,2.349362,0.0,0.0,0.0
2020-08-24T13:09:47.275000Z,2020-08-24T13:09:47.606000Z,583.071,331.0,484.0,123.553,0.0,0.0,0.0,107.105,2.143757,0.0,0.0,0.0
2020-08-24T13:09:49.280000Z,2020-08-24T13:09:49.628000Z,617.739,348.0,506.0,138.555,0.0,0.0,0.0,107.105,2.520504,0.0,0.0,0.0
2020-08-24T13:09:51.268000Z,2020-08-24T13:09:51.697999Z,504.905,430.0,4.0,130.647,0.0,0.0,0.0,107.105,2.791274,0.0,0.0,0.0
2020-08-24T13:09:53.268000Z,2020-08-24T13:09:53.621000Z,491.426,353.0,562.0,249.501,0.0,0.0,0.0,107.105,1.774388,0.0,0.0,0.0
2020-08-24T13:09:55.272000Z,2020-08-24T13:09:55.630000Z,608.101,358.0,564.0,150.262,0.0,0.0,0.0,107.105,3.141294,0.0,0.0,0.0
2020-08-24T13:09:57.276000Z,2020-08-24T13:09:57.644000Z,586.434,368.0,574.0,132.099,0.0,0.0,0.0,107.105,3.258776,0.0,0.0,0.0
2020-08-24T13:09:59.278000Z,2020-08-24T13:09:59.675000Z,606.196,397.0,574.0,161.249,0.0,0.0,0.0,107.105,2.294354,0.0,0.0,0.0
2020-08-24T13:10:01.261000Z,2020-08-24T13:10:01.577999Z,603.58,317.0,578.0,195.948,0.0,0.0,0.0,107.105,2.165408,0.0,0.0,0.0
2020-08-24T13:10:03.276000Z,2020-08-24T13:10:03.613000Z,597.017,337.0,618.0,129.791,0.0,0.0,0.0,107.105,3.146743,0.0,0.0,0.0
2020-08-24T13:10:05.277000Z,2020-08-24T13:10:05.577000Z,568.759,300.0,618.0,178.933,0.0,0.0,0.0,107.105,2.838589,0.0,0.0,0.0
2020-08-24T13:10:07.260000Z,2020-08-24T13:10:07.577000Z,568.729,317.0,4.0,125.704,0.0,0.0,0.0,107.105,3.73082,0.0,0.0,0.0
2020-08-24T13:10:09.270000Z,2020-08-24T13:10:09.637000Z,589.94,367.0,636.0,129.903,0.0,0.0,0.0,107.105,3.272221,0.0,0.0,0.0
2020-08-24T13:10:11.262000Z,2020-08-24T13:10:11.575000Z,596.327,313.0,632.0,189.197,0.0,0.0,0.0,107.105,2.669936,0.0,0.0,0.0
2020-08-24T13:10:13.269000Z,2020-08-24T13:10:13.589000Z,599.543,320.0,632.0,139.345,0.0,0.0,0.0,107.105,3.639842,0.0,0.0,0.0
2020-08-24T13:10:15.268000Z,2020-08-24T13:10:15.750000Z,627.304,482.0,636.0,139.173,0.0,0.0,0.0,107.105,3.413235,0.0,0.0,0.0
2020-08-24T13:10:17.271000Z,2020-08-24T13:10:17.867000Z,626.777,596.0,622.0,272.536,0.0,0.0,0.0,107.105,1.799667,0.0,0.0,0.0
2020-08-24T13:10:19.275000Z,2020-08-24T13:10:19.577999Z,638.35,303.0,696.0,365.273,0.0,0.0,0.0,107.105,1.560296,0.0,0.0,0.0
2020-08-24T13:10:21.270000Z,2020-08-24T13:10:21.582000Z,667.82,312.0,702.0,126.236,0.0,0.0,0.0,107.105,3.861569,0.0,0.0,0.0
2020-08-24T13:10:23.271000Z,2020-08-24T13:10:23.574000Z,623.084,303.0,752.0,139.479,0.0,0.0,0.0,107.105,4.360963,0.0,0.0,0.0
2020-08-24T13:10:25.268000Z,2020-08-24T13:10:25.707000Z,571.803,439.0,752.0,132.583,0.0,0.0,0.0,107.105,3.806235,0.0,0.0,0.0
2020-08-24T13:10:27.271000Z,2020-08-24T13:10:27.668000Z,621.572,397.0,752.0,215.984,0.0,0.0,0.0,107.105,3.806235,0.0,0.0,0.0
2020-08-24T13:10:29.269000Z,2020-08-24T13:10:29.641000Z,597.969,372.0,752.0,221.063,0.0,0.0,0.0,107.105,2.580879,0.0,0.0,0.0
2020-08-24T13:10:31.279000Z,2020-08-24T13:10:31.748000Z,645.139,469.0,4.0,218.198,0.0,0.0,0.0,107.105,2.598198,0.0,0.0,0.0
2020-08-24T13:10:33.267000Z,2020-08-24T13:10:33.631000Z,619.951,364.0,916.0,235.272,0.0,0.0,0.0,107.105,0.348933,0.0,0.0,0.0
2020-08-24T13:10:35.268000Z,2020-08-24T13:10:35.575000Z,598.807,307.0,680.0,180.354,0.0,0.0,0.0,107.105,3.479426,0.0,0.0,0.0
2020-08-24T13:10:37.279000Z,2020-08-24T13:10:37.647000Z,543.968,368.0,644.0,130.79,0.0,0.0,0.0,107.105,3.715265,0.0,0.0,0.0
2020-08-24T13:10:39.268000Z,2020-08-24T13:10:39.587000Z,552.97,319.0,644.0,191.858,0.0,0.0,0.0,107.105,2.721116,0.0,0.0,0.0
2020-08-24T13:10:41.279000Z,2020-08-24T13:10:41.630000Z,612.562,351.0,644.0,158.69,0.0,0.0,0.0,107.105,3.373739,0.0,0.0,0.0
2020-08-24T13:10:43.268000Z,2020-08-24T13:10:43.601000Z,621.581,333.0,676.0,127.188,0.0,0.0,0.0,107.105,3.590234,0.0,0.0,0.0
2020-08-24T13:10:45.270000Z,2020-08-24T13:10:45.598000Z,590.543,328.0,676.0,151.752,0.0,0.0,0.0,107.105,3.507579,0.0,0.0,0.0
2020-08-24T13:10:47.281999Z,2020-08-24T13:10:47.669000Z,671.899,387.0,676.0,149.264,0.0,0.0,0.0,107.105,3.559304,0.0,0.0,0.0
2020-08-24T13:10:49.264999Z,2020-08-24T13:10:49.605000Z,696.269,340.0,676.0,193.305,0.0,0.0,0.0,107.105,3.559304,0.0,0.0,0.0
2020-08-24T13:10:51.269000Z,2020-08-24T13:10:51.576000Z,569.451,307.0,698.0,135.898,0.0,0.0,0.0,107.105,3.280508,0.0,0.0,0.0
2020-08-24T13:10:53.272000Z,2020-08-24T13:10:53.623000Z,664.984,351.0,4.0,144.717,0.0,0.0,0.0,107.105,3.17349,0.0,0.0,0.0
2020-08-24T13:10:55.268000Z,2020-08-24T13:10:55.680000Z,647.824,412.0,716.0,154.238,0.0,0.0,0.0,107.105,3.0754,0.0,0.0,0.0
2020-08-24T13:10:57.270000Z,2020-08-24T13:10:57.617000Z,691.207,347.0,716.0,166.567,0.0,0.0,0.0,107.105,2.662312,0.0,0.0,0.0
2020-08-24T13:10:59.268000Z,2020-08-24T13:10:59.575000Z,677.46,307.0,716.0,153.369,0.0,0.0,0.0,107.105,3.615994,0.0,0.0,0.0
2020-08-24T13:11:01.270000Z,2020-08-24T13:11:01.603000Z,672.428,333.0,718.0,131.682,0.0,0.0,0.0,107.105,4.315005,0.0,0.0,0.0
2020-08-24T13:11:03.269000Z,2020-08-24T13:11:03.627000Z,659.713,358.0,716.0,153.351,0.0,0.0,0.0,107.105,3.561446,0.0,0.0,0.0
2020-08-24T13:11:05.262000Z,2020-08-24T13:11:05.609999Z,646.434,348.0,716.0,182.088,0.0,0.0,0.0,107.105,3.516986,0.0,0.0,0.0
2020-08-24T13:11:07.269000Z,2020-08-24T13:11:07.649000Z,626.952,380.0,716.0,168.493,0.0,0.0,0.0,107.105,3.888304,0.0,0.0,0.0
2020-08-24T13:11:09.268000Z,2020-08-24T13:11:09.569000Z,658.507,301.0,718.0,206.805,0.0,0.0,0.0,107.105,2.747691,0.0,0.0,0.0
2020-08-24T13:11:11.286000Z,2020-08-24T13:11:11.670000Z,638.643,384.0,722.0,152.694,0.0,0.0,0.0,107.105,4.371062,0.0,0.0,0.0
2020-08-24T13:11:13.269000Z,2020-08-24T13:11:13.615000Z,590.949,346.0,722.0,202.808,0.0,0.0,0.0,107.105,2.698566,0.0,0.0,0.0
2020-08-24T13:11:15.267000Z,2020-08-24T13:11:15.678000Z,713.323,411.0,724.0,147.056,0.0,0.0,0.0,107.105,2.698566,0.0,0.0,0.0
2020-08-24T13:11:17.268000Z,2020-08-24T13:11:17.660000Z,650.492,392.0,722.0,207.419,0.0,0.0,0.0,107.105,2.316658,0.0,0.0,0.0
2020-08-24T13:11:19.269000Z,2020-08-24T13:11:19.598000Z,675.55,329.0,722.0,205.73,0.0,0.0,0.0,107.105,2.806599,0.0,0.0,0.0
2020-08-24T13:11:21.269000Z,2020-08-24T13:11:21.649999Z,663.221,381.0,4.0,166.127,0.0,0.0,0.0,107.105,3.394841,0.0,0.0,0.0
2020-08-24T13:11:23.268000Z,2020-08-24T13:11:23.627000Z,569.776,359.0,820.0,190.464,0.0,0.0,0.0,107.105,3.226923,0.0,0.0,0.0
2020-08-24T13:11:25.268000Z,2020-08-24T13:11:25.625000Z,580.056,357.0,778.0,152.15,0.0,0.0,0.0,107.105,3.226923,0.0,0.0,0.0
2020-08-24T13:11:27.268000Z,2020-08-24T13:11:27.648000Z,608.604,380.0,768.0,212.885,0.0,0.0,0.0,107.105,2.559946,0.0,0.0,0.0
2020-08-24T13:11:29.268000Z,2020-08-24T13:11:29.678000Z,657.415,410.0,768.0,201.715,0.0,0.0,0.0,107.105,2.691307,0.0,0.0,0.0
2020-08-24T13:11:31.268000Z,2020-08-24T13:11:31.707000Z,660.942,439.0,564.0,225.688,0.0,0.0,0.0,107.105,2.772961,0.0,0.0,0.0
2020-08-24T13:11:33.268000Z,2020-08-24T13:11:33.608000Z,607.852,340.0,564.0,195.892,0.0,0.0,0.0,107.105,2.375705,0.0,0.0,0.0
2020-08-24T13:11:35.267000Z,2020-08-24T13:11:35.657999Z,585.5,391.0,594.0,134.092,0.0,0.0,0.0,107.105,3.287854,0.0,0.0,0.0
2020-08-24T13:11:37.267000Z,2020-08-24T13:11:37.637000Z,561.141,370.0,582.0,208.146,0.0,0.0,0.0,107.105,2.628545,0.0,0.0,0.0
2020-08-24T13:11:39.269000Z,2020-08-24T13:11:39.708000Z,569.965,439.0,582.0,158.093,0.0,0.0,0.0,107.105,2.502289,0.0,0.0,0.0
2020-08-24T13:11:41.270000Z,2020-08-24T13:11:41.598000Z,593.34,328.0,584.0,240.269,0.0,0.0,0.0,107.105,1.905105,0.0,0.0,0.0
2020-08-24T13:11:43.270000Z,2020-08-24T13:11:43.766000Z,894.709,496.0,606.0,121.71,0.0,0.0,0.0,107.105,3.529024,0.0,0.0,0.0
2020-08-24T13:11:45.269000Z,2020-08-24T13:11:46.408000Z,968.963,1139.0,607.0,235.546,0.0,0.0,0.0,107.105,0.304924,0.0,0.0,0.0
2020-08-24T13:11:47.269000Z,2020-08-24T13:11:48.014000Z,884.672,745.0,607.0,440.611,0.0,0.0,0.0,107.105,0.010911,0.0,0.0,0.0
2020-08-24T13:11:49.269000Z,2020-08-24T13:11:49.776000Z,644.731,507.0,606.0,253.088,0.0,0.0,0.0,107.947,1.480327,0.0,0.0,0.0
2020-08-24T13:11:51.268000Z,2020-08-24T13:11:52.257000Z,862.964,989.0,306.0,316.684,0.0,0.0,0.0,107.947,1.640742,0.0,0.0,0.0
2020-08-24T13:11:53.271000Z,2020-08-24T13:11:53.988000Z,1001.167,717.0,336.0,129.993,0.0,0.0,0.0,107.947,1.684647,0.0,0.0,0.0
2020-08-24T13:11:55.261000Z,2020-08-24T13:11:55.808000Z,854.359,547.0,356.0,135.692,0.0,0.0,0.0,107.947,1.630126,0.0,0.0,0.0
2020-08-24T13:11:57.268000Z,2020-08-24T13:11:57.748000Z,695.035,480.0,370.0,133.792,0.0,0.0,0.0,107.947,2.185479,0.0,0.0,0.0
2020-08-24T13:11:59.519000Z,2020-08-24T13:12:00.059000Z,711.669,540.0,370.0,161.281,0.0,0.0,0.0,107.947,1.953796,0.0,0.0,0.0
2020-08-24T13:12:01.276000Z,2020-08-24T13:12:01.807000Z,762.009,531.0,370.0,205.19,0.0,0.0,0.0,107.947,1.833005,0.0,0.0,0.0
2020-08-24T13:12:03.521000Z,2020-08-24T13:12:04.120000Z,973.458,599.0,388.0,130.219,0.0,0.0,0.0,107.947,1.418391,0.0,0.0,0.0
2020-08-24T13:12:05.587000Z,2020-08-24T13:12:06.173000Z,1013.178,586.0,404.0,178.069,0.0,0.0,0.0,107.947,1.86456,0.0,0.0,0.0
2020-08-24T13:12:07.519000Z,2020-08-24T13:12:08.687000Z,978.149,1168.0,442.0,152.111,0.0,0.0,0.0,107.947,1.952715,0.0,0.0,0.0
2020-08-24T13:12:09.513000Z,2020-08-24T13:12:10.022000Z,1014.058,509.0,494.0,428.956,0.0,0.0,0.0,107.947,1.138691,0.0,0.0,0.0
2020-08-24T13:12:11.519000Z,2020-08-24T13:12:11.937999Z,911.967,419.0,540.0,126.058,0.0,0.0,0.0,107.947,2.252483,0.0,0.0,0.0
2020-08-24T13:12:13.530000Z,2020-08-24T13:12:13.927000Z,858.224,397.0,556.0,144.026,0.0,0.0,0.0,107.947,3.293369,0.0,0.0,0.0
2020-08-24T13:12:15.512000Z,2020-08-24T13:12:15.894000Z,719.822,382.0,658.0,144.528,0.0,0.0,0.0,107.947,3.678777,0.0,0.0,0.0
2020-08-24T13:12:17.446000Z,2020-08-24T13:12:17.820000Z,687.871,374.0,680.0,135.932,0.0,0.0,0.0,107.947,3.099945,0.0,0.0,0.0
2020-08-24T13:12:19.528000Z,2020-08-24T13:12:19.883000Z,827.52,355.0,680.0,168.883,0.0,0.0,0.0,107.947,3.503761,0.0,0.0,0.0
2020-08-24T13:12:21.528000Z,2020-08-24T13:12:21.868000Z,818.002,340.0,732.0,146.906,0.0,0.0,0.0,107.947,3.845785,0.0,0.0,0.0
2020-08-24T13:12:23.519000Z,2020-08-24T13:12:23.876000Z,839.514,357.0,787.0,131.911,0.0,0.0,0.0,107.947,4.385738,0.0,0.0,0.0
2020-08-24T13:12:25.537999Z,2020-08-24T13:12:25.888000Z,758.144,350.0,866.0,131.127,0.0,0.0,0.0,107.947,4.336011,0.0,0.0,0.0
2020-08-24T13:12:27.530000Z,2020-08-24T13:12:28.078000Z,903.364,548.0,866.0,155.376,0.0,0.0,0.0,107.947,3.824001,0.0,0.0,0.0
2020-08-24T13:12:29.531000Z,2020-08-24T13:12:29.996000Z,843.659,465.0,868.0,324.135,0.0,0.0,0.0,107.947,2.398063,0.0,0.0,0.0
2020-08-24T13:12:31.519000Z,2020-08-24T13:12:31.860000Z,806.297,341.0,866.0,254.7,0.0,0.0,0.0,107.947,2.896264,0.0,0.0,0.0
2020-08-24T13:12:33.523000Z,2020-08-24T13:12:33.878000Z,767.022,355.0,908.0,132.125,0.0,0.0,0.0,107.947,5.154117,0.0,0.0,0.0
2020-08-24T13:12:35.526000Z,2020-08-24T13:12:35.871000Z,832.754,345.0,910.0,168.099,0.0,0.0,0.0,107.947,3.974155,0.0,0.0,0.0
2020-08-24T13:12:37.536000Z,2020-08-24T13:12:37.887000Z,803.87,351.0,908.0,147.609,0.0,0.0,0.0,107.947,4.991447,0.0,0.0,0.0
2020-08-24T13:12:39.521000Z,2020-08-24T13:12:39.838000Z,803.561,317.0,908.0,174.364,0.0,0.0,0.0,107.947,4.414988,0.0,0.0,0.0
2020-08-24T13:12:41.430000Z,2020-08-24T13:12:41.780000Z,830.888,350.0,926.0,134.619,0.0,0.0,0.0,107.947,4.801857,0.0,0.0,0.0
2020-08-24T13:12:43.518000Z,2020-08-24T13:12:43.828000Z,784.935,310.0,969.0,139.713,0.0,0.0,0.0,107.947,3.995109,0.0,0.0,0.0
2020-08-24T13:12:45.512000Z,2020-08-24T13:12:45.867000Z,842.501,355.0,978.0,146.316,0.0,0.0,0.0,107.947,5.421074,0.0,0.0,0.0
2020-08-24T13:12:47.511000Z,2020-08-24T13:12:47.848000Z,672.721,337.0,978.0,160.831,0.0,0.0,0.0,107.947,3.927569,0.0,0.0,0.0
2020-08-24T13:12:49.512000Z,2020-08-24T13:12:49.837000Z,752.061,325.0,978.0,187.808,0.0,0.0,0.0,107.947,3.927569,0.0,0.0,0.0
2020-08-24T13:12:51.519000Z,2020-08-24T13:12:51.817000Z,718.873,298.0,978.0,150.332,0.0,0.0,0.0,107.947,4.323946,0.0,0.0,0.0
2020-08-24T13:12:53.512000Z,2020-08-24T13:12:53.937999Z,831.577,426.0,4.0,136.79,0.0,0.0,0.0,107.947,4.912445,0.0,0.0,0.0
2020-08-24T13:12:55.524999Z,2020-08-24T13:12:56.131000Z,783.918,606.0,838.0,230.311,0.0,0.0,0.0,107.947,3.069731,0.0,0.0,0.0
2020-08-24T13:12:57.518000Z,2020-08-24T13:12:58.078000Z,809.373,560.0,836.0,349.033,0.0,0.0,0.0,107.947,1.843525,0.0,0.0,0.0
2020-08-24T13:12:59.527000Z,2020-08-24T13:12:59.988000Z,804.062,461.0,838.0,339.909,0.0,0.0,0.0,107.947,1.888043,0.0,0.0,0.0
2020-08-24T13:13:01.513000Z,2020-08-24T13:13:02.092000Z,748.989,579.0,836.0,182.363,0.0,0.0,0.0,107.947,2.834812,0.0,0.0,0.0
2020-08-24T13:13:03.518000Z,2020-08-24T13:13:03.958000Z,732.243,440.0,492.0,388.421,0.0,0.0,0.0,107.947,1.759083,0.0,0.0,0.0
2020-08-24T13:13:05.470000Z,2020-08-24T13:13:05.848000Z,675.129,378.0,492.0,145.645,0.0,0.0,0.0,107.947,2.391655,0.0,0.0,0.0
2020-08-24T13:13:07.514000Z,2020-08-24T13:13:07.887000Z,680.782,373.0,500.0,121.684,0.0,0.0,0.0,107.947,2.717701,0.0,0.0,0.0
2020-08-24T13:13:09.521000Z,2020-08-24T13:13:09.988000Z,722.074,467.0,532.0,125.136,0.0,0.0,0.0,107.947,3.129793,0.0,0.0,0.0
2020-08-24T13:13:11.530000Z,2020-08-24T13:13:12.159000Z,742.118,629.0,530.0,156.93,0.0,0.0,0.0,107.947,2.112058,0.0,0.0,0.0
2020-08-24T13:13:13.510000Z,2020-08-24T13:13:13.907000Z,745.544,397.0,532.0,349.91,0.0,0.0,0.0,107.947,1.575509,0.0,0.0,0.0
2020-08-24T13:13:15.518000Z,2020-08-24T13:13:15.971000Z,714.378,453.0,564.0,138.307,0.0,0.0,0.0,107.947,2.381809,0.0,0.0,0.0
2020-08-24T13:13:17.518000Z,2020-08-24T13:13:17.897000Z,855.734,379.0,564.0,220.114,0.0,0.0,0.0,107.947,2.470107,0.0,0.0,0.0
2020-08-24T13:13:19.517000Z,2020-08-24T13:13:19.817000Z,688.766,300.0,686.0,129.84,0.0,0.0,0.0,107.947,4.038929,0.0,0.0,0.0
2020-08-24T13:13:21.511000Z,2020-08-24T13:13:21.868000Z,684.854,357.0,752.0,127.952,0.0,0.0,0.0,107.947,4.582349,0.0,0.0,0.0
