start_time,end_time,size,trans_time,cwnd,rtt,rto,ssthresh,last_snd,min_rtt,delivery_rate,bytes_sent,bytes_retrans,client_trans_time
2020-08-24T13:36:20.171000Z,2020-08-24T13:36:20.243000Z,27.025,72.0,126.0,45.089,0.0,0.0,0.0,24.584,2.567853,0.0,0.0,0.0
2020-08-24T13:36:20.243000Z,2020-08-24T13:36:20.327000Z,47.563,84.0,126.0,40.909,0.0,0.0,0.0,24.584,1.191984,0.0,0.0,0.0
2020-08-24T13:36:20.327000Z,2020-08-24T13:36:20.385999Z,61.484,59.0,126.0,44.123,0.0,0.0,0.0,24.584,1.295857,0.0,0.0,0.0
2020-08-24T13:36:20.386000Z,2020-08-24T13:36:20.483000Z,101.355,97.0,126.0,41.051,0.0,0.0,0.0,24.584,1.295857,0.0,0.0,0.0
2020-08-24T13:36:20.483000Z,2020-08-24T13:36:20.550000Z,109.931,67.0,126.0,49.405,0.0,0.0,0.0,24.584,1.17667,0.0,0.0,0.0
2020-08-24T13:36:20.550000Z,2020-08-24T13:36:20.632000Z,146.632,82.0,112.0,31.786,0.0,0.0,0.0,24.584,2.85927,0.0,0.0,0.0
2020-08-24T13:36:20.632000Z,2020-08-24T13:36:20.767000Z,311.147,135.0,112.0,28.299,0.0,0.0,0.0,24.584,2.922062,0.0,0.0,0.0
2020-08-24T13:36:20.767000Z,2020-08-24T13:36:20.900000Z,301.743,133.0,120.0,33.734,0.0,0.0,0.0,24.584,2.925059,0.0,0.0,0.0
2020-08-24T13:36:21.462000Z,2020-08-24T13:36:21.604000Z,335.735,142.0,122.0,42.313,0.0,0.0,0.0,24.584,2.742642,0.0,0.0,0.0
2020-08-24T13:36:23.462000Z,2020-08-24T13:36:23.652000Z,376.809,190.0,122.0,38.027,0.0,0.0,0.0,24.584,2.954698,0.0,0.0,0.0
2020-08-24T13:36:25.462000Z,2020-08-24T13:36:25.649000Z,379.719,187.0,124.0,48.52,0.0,0.0,0.0,24.584,1.650671,0.0,0.0,0.0
2020-08-24T13:36:27.463000Z,2020-08-24T13:36:27.617999Z,350.767,155.0,122.0,48.765,0.0,0.0,0.0,24.584,2.893954,0.0,0.0,0.0
2020-08-24T13:36:29.462000Z,2020-08-24T13:36:29.707000Z,630.22,245.0,122.0,44.717,0.0,0.0,0.0,24.584,2.834079,0.0,0.0,0.0
2020-08-24T13:36:31.462000Z,2020-08-24T13:36:31.630000Z,399.986,168.0,122.0,35.866,0.0,0.0,0.0,24.584,2.608296,0.0,0.0,0.0
2020-08-24T13:36:33.463000Z,2020-08-24T13:36:33.628000Z,393.164,165.0,120.0,44.628,0.0,0.0,0.0,24.584,2.98759,0.0,0.0,0.0
2020-08-24T13:36:35.463000Z,2020-08-24T13:36:35.839000Z,351.655,376.0,120.0,31.187,0.0,0.0,0.0,24.584,2.890828,0.0,0.0,0.0
2020-08-24T13:36:37.461000Z,2020-08-24T13:36:37.623000Z,395.448,162.0,120.0,33.49,0.0,0.0,0.0,24.584,2.983418,0.0,0.0,0.0
2020-08-24T13:36:39.463000Z,2020-08-24T13:36:39.633999Z,392.56,171.0,120.0,42.227,0.0,0.0,0.0,24.584,2.797386,0.0,0.0,0.0
2020-08-24T13:36:41.462000Z,2020-08-24T13:36:41.620000Z,383.908,158.0,120.0,30.0,0.0,0.0,0.0,24.584,2.860361,0.0,0.0,0.0
2020-08-24T13:36:43.462000Z,2020-08-24T13:36:43.672000Z,402.654,210.0,120.0,36.646,0.0,0.0,0.0,24.584,2.771169,0.0,0.0,0.0
2020-08-24T13:36:45.461000Z,2020-08-24T13:36:45.664000Z,496.291,203.0,120.0,31.641,0.0,0.0,0.0,24.584,2.649978,0.0,0.0,0.0
2020-08-24T13:36:47.462000Z,2020-08-24T13:36:47.726000Z,674.849,264.0,124.0,42.988,0.0,0.0,0.0,24.584,2.806079,0.0,0.0,0.0
2020-08-24T13:36:49.571000Z,2020-08-24T13:36:49.864000Z,683.52,293.0,126.0,54.53,0.0,0.0,0.0,24.584,2.951026,0.0,0.0,0.0
2020-08-24T13:36:51.463000Z,2020-08-24T13:36:51.886000Z,997.027,423.0,126.0,59.864,0.0,0.0,0.0,24.584,2.857422,0.0,0.0,0.0
2020-08-24T13:36:53.463000Z,2020-08-24T13:36:53.910000Z,1205.361,447.0,126.0,59.214,0.0,0.0,0.0,24.584,0.017152,0.0,0.0,0.0
2020-08-24T13:36:55.463000Z,2020-08-24T13:36:55.761999Z,642.835,299.0,122.0,30.066,0.0,0.0,0.0,24.584,2.511546,0.0,0.0,0.0
2020-08-24T13:36:57.461000Z,2020-08-24T13:36:57.664000Z,505.295,203.0,122.0,63.665,0.0,0.0,0.0,24.584,0.624079,0.0,0.0,0.0
2020-08-24T13:36:59.462000Z,2020-08-24T13:36:59.638000Z,432.879,176.0,122.0,30.0,0.0,0.0,0.0,24.584,2.903181,0.0,0.0,0.0
2020-08-24T13:37:01.462000Z,2020-08-24T13:37:01.695000Z,577.912,233.0,122.0,39.215,0.0,0.0,0.0,24.584,3.09057,0.0,0.0,0.0
2020-08-24T13:37:03.462000Z,2020-08-24T13:37:03.679000Z,490.045,217.0,122.0,47.598,0.0,0.0,0.0,24.584,2.691217,0.0,0.0,0.0
2020-08-24T13:37:05.462000Z,2020-08-24T13:37:05.736000Z,460.279,274.0,122.0,33.136,0.0,0.0,0.0,24.584,2.13649,0.0,0.0,0.0
2020-08-24T13:37:07.461000Z,2020-08-24T13:37:07.861000Z,400.02,400.0,118.0,60.727,0.0,0.0,0.0,24.584,0.241146,0.0,0.0,0.0
2020-08-24T13:37:09.463000Z,2020-08-24T13:37:09.645000Z,379.489,182.0,118.0,29.229,0.0,0.0,0.0,24.584,2.691845,0.0,0.0,0.0
2020-08-24T13:37:11.463000Z,2020-08-24T13:37:11.636000Z,422.266,173.0,120.0,39.855,0.0,0.0,0.0,24.584,0.14414,0.0,0.0,0.0
2020-08-24T13:37:13.463000Z,2020-08-24T13:37:13.668000Z,404.446,205.0,122.0,42.417,0.0,0.0,0.0,24.584,2.8888,0.0,0.0,0.0
2020-08-24T13:37:15.463000Z,2020-08-24T13:37:15.620000Z,380.697,157.0,122.0,54.077,0.0,0.0,0.0,24.584,2.458082,0.0,0.0,0.0
2020-08-24T13:37:17.464000Z,2020-08-24T13:37:18.301000Z,1878.721,837.0,130.0,40.939,0.0,0.0,0.0,24.584,2.81036,0.0,0.0,0.0
2020-08-24T13:37:19.464000Z,2020-08-24T13:37:20.219000Z,1950.595,755.0,112.0,48.744,0.0,0.0,0.0,24.584,0.304808,0.0,0.0,0.0
2020-08-24T13:37:21.464000Z,2020-08-24T13:37:22.095000Z,1748.048,631.0,120.0,49.403,0.0,0.0,0.0,24.584,0.426838,0.0,0.0,0.0
2020-08-24T13:37:23.463000Z,2020-08-24T13:37:23.935000Z,1276.626,472.0,120.0,37.893,0.0,0.0,0.0,24.584,1.632448,0.0,0.0,0.0
2020-08-24T13:37:25.464000Z,2020-08-24T13:37:25.971000Z,1295.903,507.0,122.0,35.817,0.0,0.0,0.0,24.584,1.245975,0.0,0.0,0.0
2020-08-24T13:37:27.463000Z,2020-08-24T13:37:27.851000Z,1016.794,388.0,128.0,56.188,0.0,0.0,0.0,24.584,0.287391,0.0,0.0,0.0
2020-08-24T13:37:29.465000Z,2020-08-24T13:37:29.733000Z,674.021,268.0,118.0,53.58,0.0,0.0,0.0,24.584,2.784304,0.0,0.0,0.0
2020-08-24T13:37:31.463000Z,2020-08-24T13:37:32.230000Z,1311.905,767.0,130.0,53.286,0.0,0.0,0.0,24.584,2.629731,0.0,0.0,0.0
2020-08-24T13:37:33.488000Z,2020-08-24T13:37:34.785000Z,2928.385,1297.0,118.0,56.769,0.0,0.0,0.0,24.584,1.515974,0.0,0.0,0.0
2020-08-24T13:37:35.483000Z,2020-08-24T13:37:36.481000Z,2713.75,998.0,128.0,48.538,0.0,0.0,0.0,24.584,0.67139,0.0,0.0,0.0
2020-08-24T13:37:37.465000Z,2020-08-24T13:37:38.483000Z,2407.068,1018.0,120.0,48.837,0.0,0.0,0.0,24.584,0.48893,0.0,0.0,0.0
2020-08-24T13:37:39.714000Z,2020-08-24T13:37:40.281999Z,1577.953,568.0,108.0,49.598,0.0,0.0,0.0,24.584,1.140758,0.0,0.0,0.0
2020-08-24T13:37:41.464000Z,2020-08-24T13:37:41.595000Z,301.722,131.0,120.0,49.537,0.0,0.0,0.0,24.584,2.119202,0.0,0.0,0.0
2020-08-24T13:37:43.463000Z,2020-08-24T13:37:43.609000Z,318.935,146.0,120.0,30.4,0.0,0.0,0.0,24.584,2.855084,0.0,0.0,0.0
2020-08-24T13:37:45.464000Z,2020-08-24T13:37:45.686000Z,327.397,222.0,120.0,30.869,0.0,0.0,0.0,24.584,2.958146,0.0,0.0,0.0
2020-08-24T13:37:47.463000Z,2020-08-24T13:37:47.828000Z,329.354,365.0,126.0,30.319,0.0,0.0,0.0,24.584,3.114127,0.0,0.0,0.0
2020-08-24T13:37:49.463000Z,2020-08-24T13:37:49.601999Z,330.224,139.0,116.0,33.321,0.0,0.0,0.0,24.584,2.860794,0.0,0.0,0.0
2020-08-24T13:37:51.464000Z,2020-08-24T13:37:51.599000Z,316.96,135.0,118.0,32.668,0.0,0.0,0.0,24.584,2.750456,0.0,0.0,0.0
2020-08-24T13:37:53.463000Z,2020-08-24T13:37:53.609999Z,340.685,147.0,122.0,30.53,0.0,0.0,0.0,24.584,2.828453,0.0,0.0,0.0
2020-08-24T13:37:55.464000Z,2020-08-24T13:37:55.608000Z,338.629,144.0,122.0,29.679,0.0,0.0,0.0,24.584,1.926516,0.0,0.0,0.0
2020-08-24T13:37:57.464000Z,2020-08-24T13:37:57.585000Z,271.285,121.0,118.0,29.887,0.0,0.0,0.0,24.584,2.86585,0.0,0.0,0.0
2020-08-24T13:37:59.464000Z,2020-08-24T13:37:59.614000Z,359.635,150.0,124.0,32.528,0.0,0.0,0.0,24.584,2.726732,0.0,0.0,0.0
2020-08-24T13:38:01.464000Z,2020-08-24T13:38:01.710000Z,527.077,246.0,124.0,39.611,0.0,0.0,0.0,24.584,2.975305,0.0,0.0,0.0
2020-08-24T13:38:03.464000Z,2020-08-24T13:38:03.710000Z,626.242,246.0,120.0,55.138,0.0,0.0,0.0,24.584,2.560505,0.0,0.0,0.0
2020-08-24T13:38:05.465999Z,2020-08-24T13:38:05.691000Z,569.962,225.0,122.0,33.941,0.0,0.0,0.0,24.584,2.681214,0.0,0.0,0.0
2020-08-24T13:38:07.714000Z,2020-08-24T13:38:07.915000Z,509.599,201.0,124.0,32.444,0.0,0.0,0.0,24.584,2.75482,0.0,0.0,0.0
2020-08-24T13:38:09.715000Z,2020-08-24T13:38:09.918000Z,505.714,203.0,124.0,44.31,0.0,0.0,0.0,24.584,2.753023,0.0,0.0,0.0
2020-08-24T13:38:11.715000Z,2020-08-24T13:38:11.949000Z,608.344,234.0,122.0,31.818,0.0,0.0,0.0,24.584,2.734029,0.0,0.0,0.0
2020-08-24T13:38:13.714000Z,2020-08-24T13:38:13.793000Z,148.404,79.0,120.0,46.693,0.0,0.0,0.0,24.584,2.897192,0.0,0.0,0.0
2020-08-24T13:38:15.714000Z,2020-08-24T13:38:15.793000Z,147.155,79.0,120.0,34.622,0.0,0.0,0.0,24.584,2.899189,0.0,0.0,0.0
2020-08-24T13:38:17.714000Z,2020-08-24T13:38:17.793999Z,148.625,80.0,120.0,33.127,0.0,0.0,0.0,24.584,2.823689,0.0,0.0,0.0
2020-08-24T13:38:19.717000Z,2020-08-24T13:38:19.851000Z,316.069,134.0,120.0,35.065,0.0,0.0,0.0,24.584,2.84494,0.0,0.0,0.0
2020-08-24T13:38:21.714000Z,2020-08-24T13:38:21.847000Z,305.409,133.0,120.0,29.953,0.0,0.0,0.0,24.584,2.768647,0.0,0.0,0.0
2020-08-24T13:38:23.715000Z,2020-08-24T13:38:23.913999Z,434.394,199.0,126.0,40.282,0.0,0.0,0.0,24.584,2.95185,0.0,0.0,0.0
2020-08-24T13:38:25.524999Z,2020-08-24T13:38:25.710000Z,444.847,185.0,126.0,33.752,0.0,0.0,0.0,24.584,1.892097,0.0,0.0,0.0
2020-08-24T13:38:27.714000Z,2020-08-24T13:38:27.840000Z,282.781,126.0,126.0,50.724,0.0,0.0,0.0,24.584,3.082517,0.0,0.0,0.0
2020-08-24T13:38:29.715000Z,2020-08-24T13:38:29.839000Z,272.576,124.0,126.0,43.014,0.0,0.0,0.0,24.584,2.652594,0.0,0.0,0.0
2020-08-24T13:38:31.716000Z,2020-08-24T13:38:31.878000Z,400.344,162.0,122.0,30.677,0.0,0.0,0.0,24.584,2.880569,0.0,0.0,0.0
2020-08-24T13:38:33.725000Z,2020-08-24T13:38:33.827000Z,217.561,102.0,122.0,40.498,0.0,0.0,0.0,24.584,3.27426,0.0,0.0,0.0
2020-08-24T13:38:35.715000Z,2020-08-24T13:38:35.775000Z,84.416,60.0,122.0,30.28,0.0,0.0,0.0,24.584,2.748969,0.0,0.0,0.0
2020-08-24T13:38:37.716000Z,2020-08-24T13:38:37.788000Z,123.918,72.0,122.0,31.76,0.0,0.0,0.0,24.584,2.748969,0.0,0.0,0.0
2020-08-24T13:38:39.715000Z,2020-08-24T13:38:39.790000Z,132.624,75.0,122.0,31.709,0.0,0.0,0.0,24.584,2.570355,0.0,0.0,0.0
2020-08-24T13:38:41.717000Z,2020-08-24T13:38:41.793000Z,139.634,76.0,126.0,33.778,0.0,0.0,0.0,24.584,2.603059,0.0,0.0,0.0
2020-08-24T13:38:43.715000Z,2020-08-24T13:38:43.796000Z,140.422,81.0,118.0,34.468,0.0,0.0,0.0,24.584,2.84616,0.0,0.0,0.0
2020-08-24T13:38:45.717000Z,2020-08-24T13:38:45.840000Z,264.295,123.0,116.0,29.695,0.0,0.0,0.0,24.584,2.84616,0.0,0.0,0.0
2020-08-24T13:38:47.716000Z,2020-08-24T13:38:47.792000Z,132.871,76.0,124.0,34.031,0.0,0.0,0.0,24.584,2.56912,0.0,0.0,0.0
2020-08-24T13:38:49.521000Z,2020-08-24T13:38:49.640000Z,264.382,119.0,124.0,29.672,0.0,0.0,0.0,24.584,2.59269,0.0,0.0,0.0
2020-08-24T13:38:51.715000Z,2020-08-24T13:38:51.815000Z,208.898,100.0,124.0,35.647,0.0,0.0,0.0,24.584,2.849208,0.0,0.0,0.0
2020-08-24T13:38:53.716000Z,2020-08-24T13:38:53.815000Z,199.17,99.0,124.0,34.97,0.0,0.0,0.0,24.584,2.76371,0.0,0.0,0.0
2020-08-24T13:38:55.716000Z,2020-08-24T13:38:55.824000Z,236.105,108.0,124.0,31.936,0.0,0.0,0.0,24.584,2.575722,0.0,0.0,0.0
2020-08-24T13:38:57.719000Z,2020-08-24T13:38:57.872000Z,365.306,153.0,124.0,35.428,0.0,0.0,0.0,24.584,2.804552,0.0,0.0,0.0
2020-08-24T13:38:59.715000Z,2020-08-24T13:38:59.869000Z,361.461,154.0,122.0,30.468,0.0,0.0,0.0,24.584,2.81512,0.0,0.0,0.0
2020-08-24T13:39:01.719000Z,2020-08-24T13:39:01.859000Z,329.924,140.0,124.0,38.687,0.0,0.0,0.0,24.584,2.899554,0.0,0.0,0.0
2020-08-24T13:39:03.718000Z,2020-08-24T13:39:03.893000Z,372.095,175.0,124.0,40.517,0.0,0.0,0.0,24.584,2.977447,0.0,0.0,0.0
2020-08-24T13:39:05.716000Z,2020-08-24T13:39:06.127000Z,448.607,411.0,124.0,33.492,0.0,0.0,0.0,24.584,2.219198,0.0,0.0,0.0
2020-08-24T13:39:07.720000Z,2020-08-24T13:39:07.955000Z,609.308,235.0,128.0,38.436,0.0,0.0,0.0,24.584,3.046155,0.0,0.0,0.0
2020-08-24T13:39:09.719000Z,2020-08-24T13:39:09.928000Z,533.439,209.0,126.0,33.147,0.0,0.0,0.0,24.584,2.855481,0.0,0.0,0.0
2020-08-24T13:39:11.719000Z,2020-08-24T13:39:11.928000Z,530.613,209.0,118.0,49.292,0.0,0.0,0.0,24.584,2.7345,0.0,0.0,0.0
2020-08-24T13:39:13.718000Z,2020-08-24T13:39:13.891000Z,403.025,173.0,124.0,31.553,0.0,0.0,0.0,24.584,2.823744,0.0,0.0,0.0
2020-08-24T13:39:15.719000Z,2020-08-24T13:39:15.972000Z,653.324,253.0,124.0,49.686,0.0,0.0,0.0,24.584,2.403476,0.0,0.0,0.0
2020-08-24T13:39:17.719000Z,2020-08-24T13:39:17.908000Z,468.492,189.0,116.0,50.77,0.0,0.0,0.0,24.584,2.615735,0.0,0.0,0.0
2020-08-24T13:39:19.719000Z,2020-08-24T13:39:19.909000Z,477.138,190.0,126.0,31.941,0.0,0.0,0.0,24.584,2.629994,0.0,0.0,0.0
2020-08-24T13:39:21.719000Z,2020-08-24T13:39:22.153000Z,505.516,434.0,130.0,50.063,0.0,0.0,0.0,24.584,2.773382,0.0,0.0,0.0
2020-08-24T13:39:23.719000Z,2020-08-24T13:39:24.307000Z,1536.933,588.0,130.0,31.209,0.0,0.0,0.0,24.584,2.828069,0.0,0.0,0.0
2020-08-24T13:39:25.721000Z,2020-08-24T13:39:26.710000Z,2677.062,989.0,124.0,59.424,0.0,0.0,0.0,24.584,0.049591,0.0,0.0,0.0
2020-08-24T13:39:27.721000Z,2020-08-24T13:39:28.309000Z,1558.805,588.0,122.0,47.97,0.0,0.0,0.0,24.584,0.261196,0.0,0.0,0.0
2020-08-24T13:39:29.719000Z,2020-08-24T13:39:29.796000Z,135.887,77.0,126.0,52.37,0.0,0.0,0.0,24.584,2.686796,0.0,0.0,0.0
2020-08-24T13:39:31.719000Z,2020-08-24T13:39:31.929999Z,539.83,211.0,126.0,36.361,0.0,0.0,0.0,24.584,2.546775,0.0,0.0,0.0
2020-08-24T13:39:33.719000Z,2020-08-24T13:39:34.492000Z,1508.498,773.0,126.0,31.156,0.0,0.0,0.0,24.584,2.894073,0.0,0.0,0.0
2020-08-24T13:39:35.720000Z,2020-08-24T13:39:36.464000Z,1998.372,744.0,124.0,55.566,0.0,0.0,0.0,24.584,2.640352,0.0,0.0,0.0
2020-08-24T13:39:37.718000Z,2020-08-24T13:39:38.421000Z,1911.233,703.0,122.0,33.537,0.0,0.0,0.0,24.584,2.831083,0.0,0.0,0.0
2020-08-24T13:39:39.719000Z,2020-08-24T13:39:40.389000Z,1828.184,670.0,118.0,50.622,0.0,0.0,0.0,24.584,0.409914,0.0,0.0,0.0
2020-08-24T13:39:41.720000Z,2020-08-24T13:39:42.396000Z,1793.521,676.0,122.0,50.539,0.0,0.0,0.0,24.584,0.930621,0.0,0.0,0.0
2020-08-24T13:39:43.720000Z,2020-08-24T13:39:44.579000Z,1763.281,859.0,120.0,50.613,0.0,0.0,0.0,24.584,0.411615,0.0,0.0,0.0
2020-08-24T13:39:45.719000Z,2020-08-24T13:39:46.331000Z,1714.27,612.0,118.0,33.656,0.0,0.0,0.0,24.584,3.046883,0.0,0.0,0.0
2020-08-24T13:39:47.720000Z,2020-08-24T13:39:48.563000Z,1792.412,843.0,122.0,30.061,0.0,0.0,0.0,24.584,2.909303,0.0,0.0,0.0
2020-08-24T13:39:49.719000Z,2020-08-24T13:39:50.409000Z,1891.939,690.0,126.0,35.652,0.0,0.0,0.0,24.584,3.019057,0.0,0.0,0.0
2020-08-24T13:39:51.720000Z,2020-08-24T13:39:52.390000Z,1795.665,670.0,128.0,51.321,0.0,0.0,0.0,24.584,0.875089,0.0,0.0,0.0
2020-08-24T13:39:53.721000Z,2020-08-24T13:39:54.328000Z,1703.854,607.0,120.0,51.699,0.0,0.0,0.0,24.584,0.537409,0.0,0.0,0.0
2020-08-24T13:39:55.720000Z,2020-08-24T13:39:56.324000Z,1638.603,604.0,126.0,50.019,0.0,0.0,0.0,24.584,2.654835,0.0,0.0,0.0
2020-08-24T13:39:57.720000Z,2020-08-24T13:39:58.344000Z,1650.276,624.0,126.0,30.571,0.0,0.0,0.0,24.584,1.519016,0.0,0.0,0.0
2020-08-24T13:39:59.721000Z,2020-08-24T13:40:00.555000Z,1656.6,834.0,128.0,53.132,0.0,0.0,0.0,24.584,0.364463,0.0,0.0,0.0
2020-08-24T13:40:01.719000Z,2020-08-24T13:40:01.937000Z,553.871,218.0,120.0,32.959,0.0,0.0,0.0,24.584,1.512302,0.0,0.0,0.0
2020-08-24T13:40:03.719000Z,2020-08-24T13:40:03.960000Z,601.785,241.0,122.0,38.728,0.0,0.0,0.0,24.584,2.479049,0.0,0.0,0.0
2020-08-24T13:40:05.718000Z,2020-08-24T13:40:05.905000Z,470.919,187.0,124.0,45.672,0.0,0.0,0.0,24.584,2.817606,0.0,0.0,0.0
2020-08-24T13:40:07.718000Z,2020-08-24T13:40:08.105000Z,1039.733,387.0,124.0,30.865,0.0,0.0,0.0,24.584,2.949631,0.0,0.0,0.0
2020-08-24T13:40:09.719000Z,2020-08-24T13:40:10.236000Z,1355.959,517.0,126.0,59.445,0.0,0.0,0.0,24.584,2.636579,0.0,0.0,0.0
2020-08-24T13:40:11.718000Z,2020-08-24T13:40:11.971000Z,646.47,253.0,120.0,31.997,0.0,0.0,0.0,24.584,1.529033,0.0,0.0,0.0
2020-08-24T13:40:13.718000Z,2020-08-24T13:40:13.921999Z,518.719,204.0,118.0,42.18,0.0,0.0,0.0,24.584,2.581622,0.0,0.0,0.0
2020-08-24T13:40:15.719000Z,2020-08-24T13:40:15.941000Z,545.185,222.0,120.0,38.982,0.0,0.0,0.0,24.584,2.888627,0.0,0.0,0.0
2020-08-24T13:40:17.718000Z,2020-08-24T13:40:17.923000Z,519.289,205.0,122.0,46.685,0.0,0.0,0.0,24.584,2.945048,0.0,0.0,0.0
2020-08-24T13:40:19.719000Z,2020-08-24T13:40:19.917000Z,490.806,198.0,124.0,44.776,0.0,0.0,0.0,24.584,2.811137,0.0,0.0,0.0
2020-08-24T13:40:21.719000Z,2020-08-24T13:40:21.923000Z,513.459,204.0,124.0,32.012,0.0,0.0,0.0,24.584,2.985094,0.0,0.0,0.0
2020-08-24T13:40:23.718000Z,2020-08-24T13:40:23.872000Z,366.572,154.0,148.0,54.157,0.0,0.0,0.0,24.584,2.970657,0.0,0.0,0.0
2020-08-24T13:40:25.719000Z,2020-08-24T13:40:25.958000Z,601.478,239.0,148.0,36.822,0.0,0.0,0.0,24.584,2.916745,0.0,0.0,0.0
2020-08-24T13:40:27.720000Z,2020-08-24T13:40:27.935000Z,544.625,215.0,148.0,61.775,0.0,0.0,0.0,24.584,2.745595,0.0,0.0,0.0
2020-08-24T13:40:29.719000Z,2020-08-24T13:40:29.876000Z,376.43,157.0,126.0,57.322,0.0,0.0,0.0,24.584,2.677304,0.0,0.0,0.0
2020-08-24T13:40:31.719000Z,2020-08-24T13:40:31.939000Z,562.903,220.0,126.0,30.166,0.0,0.0,0.0,24.584,2.730447,0.0,0.0,0.0
2020-08-24T13:40:33.720000Z,2020-08-24T13:40:33.883000Z,381.793,163.0,126.0,46.347,0.0,0.0,0.0,24.584,2.700768,0.0,0.0,0.0
2020-08-24T13:40:35.720000Z,2020-08-24T13:40:35.902000Z,436.293,182.0,126.0,31.248,0.0,0.0,0.0,25.044,2.918351,0.0,0.0,0.0
2020-08-24T13:40:37.720000Z,2020-08-24T13:40:37.901000Z,444.682,181.0,122.0,44.161,0.0,0.0,0.0,25.044,2.832321,0.0,0.0,0.0
2020-08-24T13:40:39.718000Z,2020-08-24T13:40:39.884000Z,397.74,166.0,124.0,43.66,0.0,0.0,0.0,25.044,2.978184,0.0,0.0,0.0
2020-08-24T13:40:41.719000Z,2020-08-24T13:40:41.867000Z,336.912,148.0,124.0,42.248,0.0,0.0,0.0,25.044,2.891698,0.0,0.0,0.0
2020-08-24T13:40:43.721000Z,2020-08-24T13:40:43.865999Z,336.16,145.0,124.0,38.973,0.0,0.0,0.0,25.044,2.781086,0.0,0.0,0.0
2020-08-24T13:40:45.720000Z,2020-08-24T13:40:45.888000Z,409.224,168.0,124.0,30.598,0.0,0.0,0.0,25.044,2.565448,0.0,0.0,0.0
2020-08-24T13:40:47.719000Z,2020-08-24T13:40:47.934000Z,536.929,215.0,122.0,39.037,0.0,0.0,0.0,25.044,2.934928,0.0,0.0,0.0
2020-08-24T13:40:49.720000Z,2020-08-24T13:40:49.942000Z,560.581,222.0,122.0,31.933,0.0,0.0,0.0,25.044,2.744064,0.0,0.0,0.0
2020-08-24T13:40:51.721000Z,2020-08-24T13:40:51.907000Z,464.675,186.0,122.0,47.7,0.0,0.0,0.0,25.044,2.856909,0.0,0.0,0.0
2020-08-24T13:40:53.721000Z,2020-08-24T13:40:54.299000Z,910.232,578.0,128.0,41.727,0.0,0.0,0.0,25.044,2.861265,0.0,0.0,0.0
2020-08-24T13:40:55.721000Z,2020-08-24T13:40:56.247000Z,1418.357,526.0,124.0,58.086,0.0,0.0,0.0,25.044,2.86017,0.0,0.0,0.0
2020-08-24T13:40:57.721000Z,2020-08-24T13:40:58.257999Z,1375.627,537.0,126.0,53.812,0.0,0.0,0.0,25.044,0.852272,0.0,0.0,0.0
2020-08-24T13:40:59.720000Z,2020-08-24T13:41:00.229000Z,1372.474,509.0,124.0,31.664,0.0,0.0,0.0,25.044,1.502229,0.0,0.0,0.0
2020-08-24T13:41:01.722000Z,2020-08-24T13:41:02.456000Z,1362.24,734.0,124.0,55.729,0.0,0.0,0.0,25.044,1.638608,0.0,0.0,0.0
2020-08-24T13:41:03.721000Z,2020-08-24T13:41:04.438000Z,1351.817,717.0,126.0,104.371,0.0,0.0,0.0,25.044,0.308909,0.0,0.0,0.0
2020-08-24T13:41:05.722000Z,2020-08-24T13:41:06.436000Z,2008.23,714.0,132.0,54.457,0.0,0.0,0.0,25.044,2.686612,0.0,0.0,0.0
2020-08-24T13:41:07.721000Z,2020-08-24T13:41:08.373000Z,1836.995,652.0,118.0,45.886,0.0,0.0,0.0,25.044,2.504195,0.0,0.0,0.0
2020-08-24T13:41:09.721000Z,2020-08-24T13:41:09.897999Z,430.954,177.0,122.0,31.842,0.0,0.0,0.0,25.044,2.602542,0.0,0.0,0.0
2020-08-24T13:41:11.722000Z,2020-08-24T13:41:11.901000Z,430.835,179.0,122.0,39.466,0.0,0.0,0.0,25.044,2.593135,0.0,0.0,0.0
2020-08-24T13:41:13.722000Z,2020-08-24T13:41:14.312000Z,1586.869,590.0,122.0,31.074,0.0,0.0,0.0,25.044,2.677774,0.0,0.0,0.0
2020-08-24T13:41:15.721000Z,2020-08-24T13:41:16.107000Z,1044.502,386.0,126.0,53.609,0.0,0.0,0.0,25.044,0.613535,0.0,0.0,0.0
2020-08-24T13:41:17.722000Z,2020-08-24T13:41:18.105999Z,1044.587,384.0,118.0,57.645,0.0,0.0,0.0,25.044,2.714684,0.0,0.0,0.0
2020-08-24T13:41:19.721000Z,2020-08-24T13:41:20.206000Z,1213.521,485.0,122.0,34.257,0.0,0.0,0.0,25.044,2.722423,0.0,0.0,0.0
2020-08-24T13:41:21.721000Z,2020-08-24T13:41:22.283000Z,1507.967,562.0,126.0,56.872,0.0,0.0,0.0,25.044,0.210609,0.0,0.0,0.0
2020-08-24T13:41:23.721000Z,2020-08-24T13:41:24.232000Z,736.205,511.0,124.0,31.854,0.0,0.0,0.0,25.044,1.55032,0.0,0.0,0.0
2020-08-24T13:41:25.722000Z,2020-08-24T13:41:25.965000Z,621.509,243.0,120.0,44.081,0.0,0.0,0.0,25.044,2.887363,0.0,0.0,0.0
2020-08-24T13:41:27.721000Z,2020-08-24T13:41:27.899000Z,439.145,178.0,120.0,44.971,0.0,0.0,0.0,25.044,2.537754,0.0,0.0,0.0
2020-08-24T13:41:29.723000Z,2020-08-24T13:41:30.115000Z,998.881,392.0,120.0,40.248,0.0,0.0,0.0,25.044,2.712809,0.0,0.0,0.0
2020-08-24T13:41:31.721000Z,2020-08-24T13:41:31.918000Z,485.272,197.0,122.0,58.118,0.0,0.0,0.0,25.044,0.262292,0.0,0.0,0.0
2020-08-24T13:41:33.722000Z,2020-08-24T13:41:33.899000Z,439.627,177.0,122.0,31.878,0.0,0.0,0.0,25.044,2.535927,0.0,0.0,0.0
2020-08-24T13:41:35.722000Z,2020-08-24T13:41:35.899000Z,438.035,177.0,122.0,42.153,0.0,0.0,0.0,25.044,2.848515,0.0,0.0,0.0
2020-08-24T13:41:37.722000Z,2020-08-24T13:41:38.031000Z,815.435,309.0,122.0,31.832,0.0,0.0,0.0,25.044,2.917615,0.0,0.0,0.0
2020-08-24T13:41:39.723000Z,2020-08-24T13:41:40.081999Z,923.989,359.0,124.0,58.686,0.0,0.0,0.0,25.044,2.573763,0.0,0.0,0.0
2020-08-24T13:41:41.723000Z,2020-08-24T13:41:42.249999Z,805.323,527.0,124.0,57.97,0.0,0.0,0.0,25.044,0.791877,0.0,0.0,0.0
2020-08-24T13:41:43.722000Z,2020-08-24T13:41:44.032000Z,832.028,310.0,120.0,54.063,0.0,0.0,0.0,25.007,2.674389,0.0,0.0,0.0
2020-08-24T13:41:45.722000Z,2020-08-24T13:41:46.065999Z,925.506,344.0,120.0,54.025,0.0,0.0,0.0,25.007,2.867112,0.0,0.0,0.0
2020-08-24T13:41:47.723000Z,2020-08-24T13:41:48.457000Z,1991.892,734.0,122.0,31.64,0.0,0.0,0.0,25.007,2.780952,0.0,0.0,0.0
2020-08-24T13:41:49.722000Z,2020-08-24T13:41:49.979000Z,675.109,257.0,124.0,50.092,0.0,0.0,0.0,25.007,0.513677,0.0,0.0,0.0
2020-08-24T13:41:51.722000Z,2020-08-24T13:41:51.879000Z,375.255,157.0,124.0,53.164,0.0,0.0,0.0,25.007,2.860925,0.0,0.0,0.0
2020-08-24T13:41:53.721000Z,2020-08-24T13:41:53.896000Z,426.686,175.0,124.0,51.569,0.0,0.0,0.0,25.007,2.752639,0.0,0.0,0.0
2020-08-24T13:41:55.724000Z,2020-08-24T13:41:56.211000Z,1270.498,487.0,132.0,44.303,0.0,0.0,0.0,25.007,2.810781,0.0,0.0,0.0
2020-08-24T13:41:57.723000Z,2020-08-24T13:41:57.979000Z,660.918,256.0,126.0,33.062,0.0,0.0,0.0,25.007,1.47908,0.0,0.0,0.0
2020-08-24T13:41:59.722000Z,2020-08-24T13:41:59.924000Z,438.834,202.0,124.0,51.821,0.0,0.0,0.0,24.984,2.612335,0.0,0.0,0.0
2020-08-24T13:42:01.723000Z,2020-08-24T13:42:01.885000Z,392.608,162.0,124.0,31.454,0.0,0.0,0.0,24.984,1.512576,0.0,0.0,0.0
2020-08-24T13:42:03.722000Z,2020-08-24T13:42:03.934000Z,536.354,212.0,116.0,42.257,0.0,0.0,0.0,24.984,2.71829,0.0,0.0,0.0
2020-08-24T13:42:05.725000Z,2020-08-24T13:42:05.947000Z,548.83,222.0,122.0,43.495,0.0,0.0,0.0,24.984,2.86161,0.0,0.0,0.0
2020-08-24T13:42:07.722000Z,2020-08-24T13:42:08.155000Z,517.624,433.0,122.0,32.236,0.0,0.0,0.0,24.984,2.748995,0.0,0.0,0.0
2020-08-24T13:42:09.726000Z,2020-08-24T13:42:09.896000Z,416.33,170.0,122.0,36.17,0.0,0.0,0.0,24.984,2.883426,0.0,0.0,0.0
2020-08-24T13:42:11.723000Z,2020-08-24T13:42:11.913000Z,461.204,190.0,118.0,29.972,0.0,0.0,0.0,24.984,2.804857,0.0,0.0,0.0
2020-08-24T13:42:13.723000Z,2020-08-24T13:42:14.137999Z,1113.934,415.0,118.0,43.577,0.0,0.0,0.0,24.984,2.574739,0.0,0.0,0.0
2020-08-24T13:42:15.726000Z,2020-08-24T13:42:16.558000Z,2225.358,832.0,118.0,54.292,0.0,0.0,0.0,24.984,2.736415,0.0,0.0,0.0
2020-08-24T13:42:17.975000Z,2020-08-24T13:42:18.269000Z,762.484,294.0,118.0,46.222,0.0,0.0,0.0,24.984,2.450853,0.0,0.0,0.0
2020-08-24T13:42:19.977000Z,2020-08-24T13:42:20.296000Z,852.074,319.0,122.0,51.04,0.0,0.0,0.0,24.984,2.520567,0.0,0.0,0.0
2020-08-24T13:42:21.975000Z,2020-08-24T13:42:22.529000Z,1471.3,554.0,124.0,37.699,0.0,0.0,0.0,24.984,2.935185,0.0,0.0,0.0
2020-08-24T13:42:23.976000Z,2020-08-24T13:42:24.276000Z,783.788,300.0,124.0,55.007,0.0,0.0,0.0,24.984,0.246793,0.0,0.0,0.0
2020-08-24T13:42:25.975000Z,2020-08-24T13:42:26.087000Z,248.665,112.0,126.0,52.349,0.0,0.0,0.0,24.984,2.539473,0.0,0.0,0.0
2020-08-24T13:42:28.068000Z,2020-08-24T13:42:28.188000Z,265.619,120.0,126.0,39.008,0.0,0.0,0.0,24.984,2.838405,0.0,0.0,0.0
2020-08-24T13:42:29.978000Z,2020-08-24T13:42:30.096000Z,248.626,118.0,124.0,37.944,0.0,0.0,0.0,24.984,2.70489,0.0,0.0,0.0
2020-08-24T13:42:31.976000Z,2020-08-24T13:42:32.094000Z,259.68,118.0,126.0,32.145,0.0,0.0,0.0,24.984,2.908671,0.0,0.0,0.0
2020-08-24T13:42:33.975000Z,2020-08-24T13:42:34.093000Z,257.461,118.0,126.0,38.935,0.0,0.0,0.0,24.984,2.744687,0.0,0.0,0.0
2020-08-24T13:42:35.975000Z,2020-08-24T13:42:36.093000Z,260.786,118.0,126.0,34.042,0.0,0.0,0.0,24.984,2.49141,0.0,0.0,0.0
2020-08-24T13:42:37.974000Z,2020-08-24T13:42:38.093000Z,261.063,119.0,126.0,38.365,0.0,0.0,0.0,24.984,3.067985,0.0,0.0,0.0
2020-08-24T13:42:39.783000Z,2020-08-24T13:42:40.001000Z,554.66,218.0,126.0,31.579,0.0,0.0,0.0,24.984,2.706109,0.0,0.0,0.0
2020-08-24T13:42:41.977000Z,2020-08-24T13:42:42.176000Z,493.47,199.0,126.0,53.283,0.0,0.0,0.0,24.984,2.822545,0.0,0.0,0.0
2020-08-24T13:42:43.975000Z,2020-08-24T13:42:44.348000Z,924.121,373.0,132.0,51.743,0.0,0.0,0.0,24.984,2.656247,0.0,0.0,0.0
2020-08-24T13:42:45.976000Z,2020-08-24T13:42:46.486000Z,1256.066,510.0,122.0,31.378,0.0,0.0,0.0,24.984,1.498346,0.0,0.0,0.0
2020-08-24T13:42:47.977000Z,2020-08-24T13:42:48.901000Z,2496.813,924.0,120.0,56.272,0.0,0.0,0.0,24.984,0.14094,0.0,0.0,0.0
2020-08-24T13:42:49.975000Z,2020-08-24T13:42:50.246000Z,697.478,271.0,132.0,33.073,0.0,0.0,0.0,24.984,1.489401,0.0,0.0,0.0
2020-08-24T13:42:51.975000Z,2020-08-24T13:42:52.198000Z,545.007,223.0,118.0,51.085,0.0,0.0,0.0,24.984,2.702586,0.0,0.0,0.0
2020-08-24T13:42:53.976000Z,2020-08-24T13:42:54.196000Z,558.844,220.0,122.0,46.89,0.0,0.0,0.0,24.984,2.482245,0.0,0.0,0.0
2020-08-24T13:42:55.975000Z,2020-08-24T13:42:56.189000Z,537.956,214.0,124.0,48.684,0.0,0.0,0.0,24.984,2.969247,0.0,0.0,0.0
2020-08-24T13:42:57.976000Z,2020-08-24T13:42:58.851000Z,2383.95,875.0,126.0,47.15,0.0,0.0,0.0,24.984,2.582468,0.0,0.0,0.0
2020-08-24T13:42:59.975000Z,2020-08-24T13:43:00.185999Z,531.937,211.0,120.0,31.195,0.0,0.0,0.0,24.984,1.509795,0.0,0.0,0.0
2020-08-24T13:43:01.976000Z,2020-08-24T13:43:02.159000Z,445.656,183.0,126.0,46.374,0.0,0.0,0.0,24.984,2.642737,0.0,0.0,0.0
2020-08-24T13:43:03.780000Z,2020-08-24T13:43:03.960000Z,443.579,180.0,126.0,32.406,0.0,0.0,0.0,24.984,2.65469,0.0,0.0,0.0
