start_time,end_time,size,trans_time,cwnd,rtt,rto,ssthresh,last_snd,min_rtt,delivery_rate,bytes_sent,bytes_retrans,client_trans_time
2020-08-24T18:46:14.196000Z,2020-08-24T18:46:14.343000Z,80.176,147.0,122.0,59.669,0.0,0.0,0.0,51.0,1.028684,0.0,0.0,0.0
2020-08-24T18:46:14.343000Z,2020-08-24T18:46:14.511000Z,140.091,168.0,124.0,57.702,0.0,0.0,0.0,51.0,1.10946,0.0,0.0,0.0
2020-08-24T18:46:14.512000Z,2020-08-24T18:46:14.876000Z,155.932,364.0,150.0,56.812,0.0,0.0,0.0,51.0,1.013824,0.0,0.0,0.0
2020-08-24T18:46:14.876999Z,2020-08-24T18:46:15.123000Z,299.394,246.0,152.0,57.892,0.0,0.0,0.0,51.0,0.155071,0.0,0.0,0.0
2020-08-24T18:46:15.124000Z,2020-08-24T18:46:16.067000Z,443.742,943.0,178.0,56.452,0.0,0.0,0.0,51.0,1.747344,0.0,0.0,0.0
2020-08-24T18:46:16.069000Z,2020-08-24T18:46:16.975000Z,896.423,906.0,199.0,126.445,0.0,0.0,0.0,51.0,0.00193,0.0,0.0,0.0
2020-08-24T18:46:16.977000Z,2020-08-24T18:46:17.867000Z,1060.223,890.0,264.0,64.284,0.0,0.0,0.0,51.0,0.068422,0.0,0.0,0.0
2020-08-24T18:46:17.869000Z,2020-08-24T18:46:18.311000Z,1152.624,442.0,354.0,58.454,0.0,0.0,0.0,51.0,0.057605,0.0,0.0,0.0
2020-08-24T18:46:18.312000Z,2020-08-24T18:46:18.677000Z,863.714,365.0,411.0,55.487,0.0,0.0,0.0,51.0,3.615183,0.0,0.0,0.0
2020-08-24T18:46:18.679000Z,2020-08-24T18:46:19.191000Z,1312.65,512.0,438.0,58.883,0.0,0.0,0.0,51.0,0.020274,0.0,0.0,0.0
2020-08-24T18:46:19.640000Z,2020-08-24T18:46:19.991000Z,1071.02,351.0,486.0,56.716,0.0,0.0,0.0,51.0,0.466152,0.0,0.0,0.0
2020-08-24T18:46:21.643000Z,2020-08-24T18:46:21.921000Z,1121.871,278.0,486.0,57.554,0.0,0.0,0.0,51.0,1.087486,0.0,0.0,0.0
2020-08-24T18:46:23.756000Z,2020-08-24T18:46:24.004000Z,1088.791,248.0,540.0,58.851,0.0,0.0,0.0,51.0,5.234009,0.0,0.0,0.0
2020-08-24T18:46:25.643000Z,2020-08-24T18:46:25.929999Z,1184.961,287.0,640.0,58.119,0.0,0.0,0.0,51.0,6.088226,0.0,0.0,0.0
2020-08-24T18:46:27.643000Z,2020-08-24T18:46:27.829000Z,915.173,186.0,659.0,58.129,0.0,0.0,0.0,51.0,2.861981,0.0,0.0,0.0
2020-08-24T18:46:29.643000Z,2020-08-24T18:46:29.806000Z,774.823,163.0,724.0,57.351,0.0,0.0,0.0,51.0,6.976651,0.0,0.0,0.0
2020-08-24T18:46:31.643000Z,2020-08-24T18:46:31.829000Z,847.92,186.0,752.0,58.74,0.0,0.0,0.0,51.0,7.093697,0.0,0.0,0.0
2020-08-24T18:46:33.642000Z,2020-08-24T18:46:33.814000Z,958.842,172.0,760.0,56.892,0.0,0.0,0.0,51.0,5.530241,0.0,0.0,0.0
2020-08-24T18:46:35.642000Z,2020-08-24T18:46:35.889000Z,1811.58,247.0,868.0,58.807,0.0,0.0,0.0,51.0,8.637962,0.0,0.0,0.0
2020-08-24T18:46:37.641000Z,2020-08-24T18:46:37.773000Z,735.569,132.0,1114.0,59.878,0.0,0.0,0.0,51.0,9.254676,0.0,0.0,0.0
2020-08-24T18:46:39.642000Z,2020-08-24T18:46:39.761000Z,736.048,119.0,1188.0,58.979,0.0,0.0,0.0,51.0,10.260445,0.0,0.0,0.0
2020-08-24T18:46:41.642000Z,2020-08-24T18:46:42.195000Z,758.014,553.0,1205.0,58.839,0.0,0.0,0.0,51.0,11.61975,0.0,0.0,0.0
2020-08-24T18:46:43.642000Z,2020-08-24T18:46:43.780000Z,191.482,138.0,1182.0,61.453,0.0,0.0,0.0,51.0,3.172906,0.0,0.0,0.0
2020-08-24T18:46:45.640000Z,2020-08-24T18:46:45.727000Z,365.818,87.0,1182.0,61.062,0.0,0.0,0.0,51.0,3.172906,0.0,0.0,0.0
2020-08-24T18:46:47.647000Z,2020-08-24T18:46:47.768000Z,719.965,121.0,1182.0,58.004,0.0,0.0,0.0,51.0,4.273248,0.0,0.0,0.0
2020-08-24T18:46:49.656000Z,2020-08-24T18:46:49.779000Z,788.443,123.0,1206.0,59.951,0.0,0.0,0.0,51.0,10.814307,0.0,0.0,0.0
2020-08-24T18:46:51.641000Z,2020-08-24T18:46:52.104000Z,956.619,463.0,1234.0,60.098,0.0,0.0,0.0,51.0,11.614818,0.0,0.0,0.0
2020-08-24T18:46:53.645000Z,2020-08-24T18:46:53.783000Z,1117.937,138.0,1322.0,58.873,0.0,0.0,0.0,51.0,0.003266,0.0,0.0,0.0
2020-08-24T18:46:55.642000Z,2020-08-24T18:46:55.766000Z,741.716,124.0,1492.0,57.987,0.0,0.0,0.0,51.0,14.83972,0.0,0.0,0.0
2020-08-24T18:46:57.642000Z,2020-08-24T18:46:57.761999Z,704.28,120.0,1496.0,61.896,0.0,0.0,0.0,51.0,14.83972,0.0,0.0,0.0
2020-08-24T18:46:59.647000Z,2020-08-24T18:46:59.792000Z,1115.554,145.0,1496.0,65.035,0.0,0.0,0.0,51.0,11.593056,0.0,0.0,0.0
2020-08-24T18:47:01.645000Z,2020-08-24T18:47:01.821000Z,1617.936,176.0,1496.0,74.616,0.0,0.0,0.0,51.0,13.523658,0.0,0.0,0.0
2020-08-24T18:47:03.537999Z,2020-08-24T18:47:03.747000Z,1666.955,209.0,1514.0,68.258,0.0,0.0,0.0,51.0,13.492866,0.0,0.0,0.0
2020-08-24T18:47:05.540000Z,2020-08-24T18:47:05.672000Z,1087.619,132.0,1514.0,91.714,0.0,0.0,0.0,51.0,9.915254,0.0,0.0,0.0
2020-08-24T18:47:07.544000Z,2020-08-24T18:47:07.676000Z,1033.636,132.0,1524.0,60.351,0.0,0.0,0.0,51.0,14.886535,0.0,0.0,0.0
2020-08-24T18:47:09.537000Z,2020-08-24T18:47:09.652000Z,743.797,115.0,1530.0,65.075,0.0,0.0,0.0,51.0,15.152905,0.0,0.0,0.0
2020-08-24T18:47:11.537999Z,2020-08-24T18:47:11.661000Z,972.364,123.0,1530.0,59.769,0.0,0.0,0.0,51.0,12.506385,0.0,0.0,0.0
2020-08-24T18:47:13.536000Z,2020-08-24T18:47:13.670000Z,916.773,134.0,1538.0,59.482,0.0,0.0,0.0,51.0,14.546331,0.0,0.0,0.0
2020-08-24T18:47:15.537999Z,2020-08-24T18:47:15.657000Z,725.507,119.0,1538.0,67.356,0.0,0.0,0.0,51.0,12.682597,0.0,0.0,0.0
2020-08-24T18:47:19.024000Z,2020-08-24T18:47:19.380000Z,1142.148,356.0,1538.0,61.999,0.0,0.0,0.0,51.0,11.947243,0.0,0.0,0.0
2020-08-24T18:47:19.537999Z,2020-08-24T18:47:19.679000Z,1141.744,141.0,1678.0,239.831,0.0,0.0,0.0,51.0,3.445089,0.0,0.0,0.0
2020-08-24T18:47:21.537000Z,2020-08-24T18:47:21.648000Z,808.031,111.0,1622.0,65.348,0.0,0.0,0.0,51.0,15.079797,0.0,0.0,0.0
2020-08-24T18:47:23.536000Z,2020-08-24T18:47:23.655000Z,675.686,119.0,1588.0,67.295,0.0,0.0,0.0,51.0,15.079797,0.0,0.0,0.0
2020-08-24T18:47:25.537000Z,2020-08-24T18:47:25.654000Z,903.75,117.0,1588.0,65.012,0.0,0.0,0.0,51.0,15.079797,0.0,0.0,0.0
2020-08-24T18:47:27.535000Z,2020-08-24T18:47:27.654000Z,562.366,119.0,1588.0,60.284,0.0,0.0,0.0,51.0,15.079797,0.0,0.0,0.0
2020-08-24T18:47:29.533000Z,2020-08-24T18:47:29.652000Z,50.02,119.0,1588.0,62.189,0.0,0.0,0.0,51.0,15.079797,0.0,0.0,0.0
2020-08-24T18:47:31.537999Z,2020-08-24T18:47:32.633000Z,874.461,1095.0,66.0,66.569,0.0,0.0,0.0,51.0,0.589324,0.0,0.0,0.0
2020-08-24T18:47:33.537000Z,2020-08-24T18:47:34.029000Z,819.413,492.0,166.0,60.021,0.0,0.0,0.0,51.0,1.61129,0.0,0.0,0.0
2020-08-24T18:47:35.537000Z,2020-08-24T18:47:35.797000Z,460.055,260.0,216.0,59.856,0.0,0.0,0.0,51.0,1.939354,0.0,0.0,0.0
2020-08-24T18:47:37.539000Z,2020-08-24T18:47:37.673999Z,113.6,135.0,252.0,59.261,0.0,0.0,0.0,51.0,2.372555,0.0,0.0,0.0
2020-08-24T18:47:39.537000Z,2020-08-24T18:47:39.718000Z,113.698,181.0,264.0,58.116,0.0,0.0,0.0,51.0,2.412173,0.0,0.0,0.0
2020-08-24T18:47:41.535000Z,2020-08-24T18:47:41.605000Z,30.254,70.0,265.0,67.234,0.0,0.0,0.0,51.0,0.054381,0.0,0.0,0.0
2020-08-24T18:47:43.533000Z,2020-08-24T18:47:44.054000Z,552.61,521.0,268.0,59.805,0.0,0.0,0.0,51.0,0.895383,0.0,0.0,0.0
2020-08-24T18:47:45.536000Z,2020-08-24T18:47:45.897999Z,1087.661,362.0,316.0,59.02,0.0,0.0,0.0,51.0,2.938739,0.0,0.0,0.0
2020-08-24T18:47:47.642000Z,2020-08-24T18:47:47.897000Z,909.53,255.0,428.0,58.188,0.0,0.0,0.0,51.0,3.921005,0.0,0.0,0.0
2020-08-24T18:47:49.640000Z,2020-08-24T18:47:49.863000Z,893.012,223.0,522.0,57.936,0.0,0.0,0.0,51.0,4.830392,0.0,0.0,0.0
