start_time,end_time,size,trans_time,cwnd,rtt,rto,ssthresh,last_snd,min_rtt,delivery_rate,bytes_sent,bytes_retrans,client_trans_time
2020-08-24T22:54:07.308000Z,2020-08-24T22:54:07.548000Z,50.946,240.0,14.0,151.071,0.0,0.0,0.0,96.592,0.03023,0.0,0.0,0.0
2020-08-24T22:54:07.548000Z,2020-08-24T22:54:07.809999Z,43.25,262.0,52.0,63.808,0.0,0.0,0.0,39.961,0.557964,0.0,0.0,0.0
2020-08-24T22:54:07.810000Z,2020-08-24T22:54:07.957000Z,53.02,147.0,52.0,98.388,0.0,0.0,0.0,39.859,0.557964,0.0,0.0,0.0
2020-08-24T22:54:07.958000Z,2020-08-24T22:54:08.348000Z,157.362,390.0,52.0,93.195,0.0,0.0,0.0,39.859,0.557964,0.0,0.0,0.0
2020-08-24T22:54:08.348000Z,2020-08-24T22:54:08.888000Z,242.404,540.0,52.0,141.099,0.0,0.0,0.0,39.859,0.467106,0.0,0.0,0.0
2020-08-24T22:54:08.889000Z,2020-08-24T22:54:09.745999Z,416.81,857.0,38.0,91.614,0.0,0.0,0.0,39.859,0.388811,0.0,0.0,0.0
2020-08-24T22:54:09.747000Z,2020-08-24T22:54:11.273999Z,750.327,1527.0,40.0,98.376,0.0,0.0,0.0,39.859,0.537026,0.0,0.0,0.0
2020-08-24T22:54:11.277000Z,2020-08-24T22:54:15.056000Z,1713.24,3779.0,40.0,112.312,0.0,0.0,0.0,39.859,0.368391,0.0,0.0,0.0
2020-08-24T22:54:15.057000Z,2020-08-24T22:54:15.900000Z,422.888,843.0,40.0,108.525,0.0,0.0,0.0,39.859,0.428916,0.0,0.0,0.0
2020-08-24T22:54:15.901000Z,2020-08-24T22:54:16.697000Z,396.88,796.0,40.0,103.486,0.0,0.0,0.0,39.859,0.537367,0.0,0.0,0.0
2020-08-24T22:54:16.698000Z,2020-08-24T22:54:17.665999Z,484.3,968.0,40.0,89.575,0.0,0.0,0.0,39.859,0.516413,0.0,0.0,0.0
2020-08-24T22:54:17.667000Z,2020-08-24T22:54:19.321000Z,667.469,1654.0,4.0,108.48,0.0,0.0,0.0,39.859,0.512015,0.0,0.0,0.0
2020-08-24T22:54:19.320999Z,2020-08-24T22:54:20.193999Z,413.707,873.0,40.0,126.125,0.0,0.0,0.0,39.735,0.405164,0.0,0.0,0.0
2020-08-24T22:54:20.195000Z,2020-08-24T22:54:21.409999Z,524.684,1215.0,40.0,97.198,0.0,0.0,0.0,39.735,0.531279,0.0,0.0,0.0
2020-08-24T22:54:21.412000Z,2020-08-24T22:54:23.846000Z,1170.015,2434.0,40.0,100.761,0.0,0.0,0.0,39.735,0.445739,0.0,0.0,0.0
2020-08-24T22:54:23.848000Z,2020-08-24T22:54:27.004000Z,1357.606,3156.0,38.0,143.195,0.0,0.0,0.0,39.735,0.362633,0.0,0.0,0.0
2020-08-24T22:54:27.006000Z,2020-08-24T22:54:30.387000Z,1154.995,3381.0,38.0,141.591,0.0,0.0,0.0,39.735,0.351475,0.0,0.0,0.0
2020-08-24T22:54:30.389000Z,2020-08-24T22:54:33.468000Z,1252.726,3079.0,32.0,103.041,0.0,0.0,0.0,39.735,0.358282,0.0,0.0,0.0
2020-08-24T22:54:33.470000Z,2020-08-24T22:54:35.989000Z,1020.021,2519.0,40.0,141.289,0.0,0.0,0.0,39.735,0.321082,0.0,0.0,0.0
2020-08-24T22:54:35.991000Z,2020-08-24T22:54:38.449999Z,884.956,2459.0,40.0,72.374,0.0,0.0,0.0,39.735,0.468699,0.0,0.0,0.0
2020-08-24T22:54:38.452000Z,2020-08-24T22:54:40.371000Z,937.742,1919.0,44.0,46.371,0.0,0.0,0.0,39.735,0.588802,0.0,0.0,0.0
2020-08-24T22:54:40.371000Z,2020-08-24T22:54:40.925000Z,269.702,554.0,40.0,107.535,0.0,0.0,0.0,39.735,0.538674,0.0,0.0,0.0
2020-08-24T22:54:40.926000Z,2020-08-24T22:54:41.883000Z,483.17,957.0,40.0,88.427,0.0,0.0,0.0,39.735,0.511274,0.0,0.0,0.0
2020-08-24T22:54:41.884000Z,2020-08-24T22:54:42.872000Z,485.215,988.0,40.0,104.934,0.0,0.0,0.0,39.735,0.504868,0.0,0.0,0.0
2020-08-24T22:54:42.873999Z,2020-08-24T22:54:47.249000Z,1229.261,4375.0,40.0,107.914,0.0,0.0,0.0,39.735,0.499439,0.0,0.0,0.0
2020-08-24T22:54:47.248999Z,2020-08-24T22:54:47.988000Z,159.157,739.0,26.0,149.02,0.0,0.0,0.0,39.735,0.237423,0.0,0.0,0.0
2020-08-24T22:54:47.988999Z,2020-08-24T22:54:48.353000Z,112.074,364.0,28.0,71.822,0.0,0.0,0.0,39.735,0.32492,0.0,0.0,0.0
2020-08-24T22:54:48.353999Z,2020-08-24T22:54:49.871000Z,440.646,1517.0,31.0,55.025,0.0,0.0,0.0,39.735,0.412676,0.0,0.0,0.0
2020-08-24T22:54:49.872000Z,2020-08-24T22:54:50.929999Z,429.948,1058.0,30.0,136.94,0.0,0.0,0.0,39.735,0.33698,0.0,0.0,0.0
2020-08-24T22:54:51.460000Z,2020-08-24T22:54:52.305999Z,417.489,846.0,40.0,73.547,0.0,0.0,0.0,39.735,0.488018,0.0,0.0,0.0
2020-08-24T22:54:53.462000Z,2020-08-24T22:54:54.353999Z,316.696,892.0,40.0,81.776,0.0,0.0,0.0,39.735,0.549354,0.0,0.0,0.0
2020-08-24T22:54:55.460000Z,2020-08-24T22:54:56.173000Z,223.329,713.0,40.0,149.886,0.0,0.0,0.0,39.735,0.23881,0.0,0.0,0.0
2020-08-24T22:54:57.463000Z,2020-08-24T22:54:57.705999Z,73.162,243.0,40.0,64.524,0.0,0.0,0.0,39.735,0.549484,0.0,0.0,0.0
2020-08-24T22:54:59.460000Z,2020-08-24T22:55:01.780000Z,380.093,2320.0,40.0,96.521,0.0,0.0,0.0,39.735,0.36525,0.0,0.0,0.0
2020-08-24T22:55:01.783000Z,2020-08-24T22:55:05.231000Z,1452.586,3448.0,38.0,49.116,0.0,0.0,0.0,39.554,0.508608,0.0,0.0,0.0
2020-08-24T22:55:05.234000Z,2020-08-24T22:55:08.731000Z,1553.919,3497.0,38.0,109.352,0.0,0.0,0.0,39.554,0.474767,0.0,0.0,0.0
2020-08-24T22:55:08.733000Z,2020-08-24T22:55:09.880000Z,553.494,1147.0,40.0,107.124,0.0,0.0,0.0,39.554,0.541809,0.0,0.0,0.0
2020-08-24T22:55:09.880000Z,2020-08-24T22:55:10.131000Z,96.855,251.0,38.0,68.269,0.0,0.0,0.0,39.554,0.530071,0.0,0.0,0.0
2020-08-24T22:55:10.132000Z,2020-08-24T22:55:10.684000Z,224.55,552.0,40.0,74.546,0.0,0.0,0.0,39.554,0.529454,0.0,0.0,0.0
2020-08-24T22:55:11.414000Z,2020-08-24T22:55:11.497999Z,19.485,84.0,40.0,69.554,0.0,0.0,0.0,39.554,0.468916,0.0,0.0,0.0
2020-08-24T22:55:13.462000Z,2020-08-24T22:55:13.977999Z,125.551,516.0,40.0,48.371,0.0,0.0,0.0,39.554,0.468916,0.0,0.0,0.0
2020-08-24T22:55:15.462000Z,2020-08-24T22:55:16.751000Z,441.933,1289.0,60.0,81.559,0.0,0.0,0.0,39.554,0.467305,0.0,0.0,0.0
2020-08-24T22:55:17.462000Z,2020-08-24T22:55:18.065000Z,271.654,603.0,60.0,157.36,0.0,0.0,0.0,39.554,0.11435,0.0,0.0,0.0
2020-08-24T22:55:19.461000Z,2020-08-24T22:55:21.075000Z,656.356,1614.0,42.0,114.555,0.0,0.0,0.0,39.554,0.47016,0.0,0.0,0.0
2020-08-24T22:55:21.468999Z,2020-08-24T22:55:23.708000Z,1125.887,2239.0,44.0,117.039,0.0,0.0,0.0,39.554,0.409172,0.0,0.0,0.0
2020-08-24T22:55:23.708999Z,2020-08-24T22:55:24.741000Z,522.291,1032.0,42.0,131.185,0.0,0.0,0.0,39.554,0.36763,0.0,0.0,0.0
2020-08-24T22:55:25.462000Z,2020-08-24T22:55:26.888000Z,731.58,1426.0,42.0,102.073,0.0,0.0,0.0,39.554,0.548026,0.0,0.0,0.0
2020-08-24T22:55:27.460000Z,2020-08-24T22:55:27.865000Z,188.218,405.0,40.0,113.662,0.0,0.0,0.0,39.554,0.495789,0.0,0.0,0.0
2020-08-24T22:55:29.460000Z,2020-08-24T22:55:29.527000Z,12.092,67.0,40.0,68.924,0.0,0.0,0.0,39.554,0.530454,0.0,0.0,0.0
2020-08-24T22:55:31.459000Z,2020-08-24T22:55:31.532000Z,15.697,73.0,40.0,49.146,0.0,0.0,0.0,39.554,0.565891,0.0,0.0,0.0
2020-08-24T22:55:33.461000Z,2020-08-24T22:55:34.852000Z,714.482,1391.0,40.0,46.168,0.0,0.0,0.0,39.554,0.565891,0.0,0.0,0.0
2020-08-24T22:55:35.461000Z,2020-08-24T22:55:37.660000Z,1140.923,2199.0,40.0,62.766,0.0,0.0,0.0,39.554,0.551517,0.0,0.0,0.0
2020-08-24T22:55:37.663000Z,2020-08-24T22:55:39.881999Z,1148.878,2219.0,40.0,110.084,0.0,0.0,0.0,39.554,0.520244,0.0,0.0,0.0
2020-08-24T22:55:39.892000Z,2020-08-24T22:55:54.115000Z,7344.596,14223.0,40.0,109.14,0.0,0.0,0.0,39.554,0.483491,0.0,0.0,0.0
2020-08-24T22:55:54.118000Z,2020-08-24T22:55:57.376000Z,1587.245,3258.0,40.0,110.151,0.0,0.0,0.0,39.554,0.521037,0.0,0.0,0.0
2020-08-24T22:55:57.377999Z,2020-08-24T22:55:59.704000Z,1210.517,2326.0,40.0,107.093,0.0,0.0,0.0,39.554,0.547221,0.0,0.0,0.0
2020-08-24T22:55:59.705999Z,2020-08-24T22:56:01.668000Z,1013.226,1962.0,38.0,99.248,0.0,0.0,0.0,39.554,0.4996,0.0,0.0,0.0
2020-08-24T22:56:01.668000Z,2020-08-24T22:56:02.220000Z,269.602,552.0,38.0,109.952,0.0,0.0,0.0,39.135,0.470336,0.0,0.0,0.0
2020-08-24T22:56:02.220000Z,2020-08-24T22:56:02.481000Z,115.652,261.0,38.0,74.183,0.0,0.0,0.0,39.135,0.504006,0.0,0.0,0.0
2020-08-24T22:56:02.481999Z,2020-08-24T22:56:02.973000Z,222.27,491.0,38.0,64.204,0.0,0.0,0.0,39.135,0.502162,0.0,0.0,0.0
2020-08-24T22:56:02.975000Z,2020-08-24T22:56:05.457999Z,1283.215,2483.0,38.0,75.591,0.0,0.0,0.0,39.135,0.494083,0.0,0.0,0.0
2020-08-24T22:56:05.464000Z,2020-08-24T22:56:06.032000Z,268.687,568.0,40.0,103.896,0.0,0.0,0.0,39.135,0.502618,0.0,0.0,0.0
2020-08-24T22:56:06.034000Z,2020-08-24T22:56:07.756000Z,885.782,1722.0,38.0,91.664,0.0,0.0,0.0,39.135,0.513781,0.0,0.0,0.0
2020-08-24T22:56:07.761000Z,2020-08-24T22:56:12.741000Z,2328.492,4980.0,38.0,102.363,0.0,0.0,0.0,39.135,0.534401,0.0,0.0,0.0
2020-08-24T22:56:12.743000Z,2020-08-24T22:56:15.993999Z,1382.418,3251.0,40.0,109.466,0.0,0.0,0.0,39.135,0.470557,0.0,0.0,0.0
2020-08-24T22:56:15.994000Z,2020-08-24T22:56:16.512000Z,116.309,518.0,40.0,158.162,0.0,0.0,0.0,39.135,0.10443,0.0,0.0,0.0
2020-08-24T22:56:16.513000Z,2020-08-24T22:56:17.740000Z,269.523,1227.0,38.0,136.125,0.0,0.0,0.0,39.135,0.222546,0.0,0.0,0.0
2020-08-24T22:56:17.740000Z,2020-08-24T22:56:18.955000Z,393.529,1215.0,24.0,149.275,0.0,0.0,0.0,39.135,0.217873,0.0,0.0,0.0
2020-08-24T22:56:18.956000Z,2020-08-24T22:56:20.876000Z,671.633,1920.0,42.0,157.511,0.0,0.0,0.0,39.135,0.292405,0.0,0.0,0.0
2020-08-24T22:56:20.876999Z,2020-08-24T22:56:22.219000Z,515.434,1342.0,32.0,100.624,0.0,0.0,0.0,39.135,0.406807,0.0,0.0,0.0
2020-08-24T22:56:22.219000Z,2020-08-24T22:56:22.536000Z,123.469,317.0,38.0,124.956,0.0,0.0,0.0,39.135,0.405607,0.0,0.0,0.0
2020-08-24T22:56:22.537000Z,2020-08-24T22:56:22.801999Z,117.38,265.0,38.0,46.927,0.0,0.0,0.0,39.135,0.494142,0.0,0.0,0.0
2020-08-24T22:56:22.804999Z,2020-08-24T22:56:25.835000Z,1432.039,3030.0,38.0,70.75,0.0,0.0,0.0,39.135,0.504741,0.0,0.0,0.0
2020-08-24T22:56:25.837000Z,2020-08-24T22:56:27.584000Z,899.46,1747.0,40.0,72.658,0.0,0.0,0.0,39.135,0.240227,0.0,0.0,0.0
2020-08-24T22:56:27.586000Z,2020-08-24T22:56:29.481999Z,975.484,1896.0,40.0,96.159,0.0,0.0,0.0,39.135,0.542081,0.0,0.0,0.0
2020-08-24T22:56:29.484000Z,2020-08-24T22:56:32.280000Z,1007.306,2796.0,38.0,95.389,0.0,0.0,0.0,39.135,0.532208,0.0,0.0,0.0
2020-08-24T22:56:32.281000Z,2020-08-24T22:56:33.736000Z,747.484,1455.0,88.0,146.915,0.0,0.0,0.0,39.135,0.503642,0.0,0.0,0.0
2020-08-24T22:56:33.738000Z,2020-08-24T22:56:34.952000Z,619.839,1214.0,42.0,112.621,0.0,0.0,0.0,39.135,0.49498,0.0,0.0,0.0
2020-08-24T22:56:34.955000Z,2020-08-24T22:56:37.827000Z,1468.84,2872.0,42.0,97.488,0.0,0.0,0.0,39.135,0.535343,0.0,0.0,0.0
2020-08-24T22:56:37.828000Z,2020-08-24T22:56:39.459000Z,828.137,1631.0,40.0,108.777,0.0,0.0,0.0,39.135,0.523552,0.0,0.0,0.0
2020-08-24T22:56:39.460000Z,2020-08-24T22:56:40.797000Z,669.263,1337.0,40.0,107.056,0.0,0.0,0.0,39.135,0.506827,0.0,0.0,0.0
2020-08-24T22:56:40.799000Z,2020-08-24T22:56:42.223000Z,710.766,1424.0,42.0,113.849,0.0,0.0,0.0,39.135,0.491637,0.0,0.0,0.0
2020-08-24T22:56:42.224000Z,2020-08-24T22:56:44.507000Z,698.163,2283.0,40.0,112.21,0.0,0.0,0.0,39.135,0.5,0.0,0.0,0.0
2020-08-24T22:56:44.508999Z,2020-08-24T22:56:46.590000Z,715.741,2081.0,38.0,161.82,0.0,0.0,0.0,39.135,0.182912,0.0,0.0,0.0
2020-08-24T22:56:46.591000Z,2020-08-24T22:56:47.885000Z,662.829,1294.0,40.0,85.669,0.0,0.0,0.0,39.135,0.536381,0.0,0.0,0.0
2020-08-24T22:56:47.887000Z,2020-08-24T22:56:49.219000Z,667.123,1332.0,40.0,104.135,0.0,0.0,0.0,39.135,0.515005,0.0,0.0,0.0
2020-08-24T22:56:49.220000Z,2020-08-24T22:56:50.791000Z,799.949,1571.0,38.0,97.115,0.0,0.0,0.0,39.135,0.487758,0.0,0.0,0.0
2020-08-24T22:56:50.792000Z,2020-08-24T22:56:51.593000Z,396.161,801.0,38.0,101.1,0.0,0.0,0.0,39.135,0.535652,0.0,0.0,0.0
2020-08-24T22:56:51.593999Z,2020-08-24T22:56:52.600000Z,506.217,1006.0,40.0,88.961,0.0,0.0,0.0,39.135,0.463739,0.0,0.0,0.0
2020-08-24T22:56:52.600000Z,2020-08-24T22:56:52.657000Z,3.626,57.0,38.0,108.888,0.0,0.0,0.0,39.135,0.534838,0.0,0.0,0.0
2020-08-24T22:56:53.712999Z,2020-08-24T22:56:56.799000Z,1511.806,3086.0,38.0,50.535,0.0,0.0,0.0,39.135,0.535223,0.0,0.0,0.0
2020-08-24T22:56:56.800000Z,2020-08-24T22:56:58.312000Z,757.719,1512.0,40.0,105.915,0.0,0.0,0.0,39.135,0.543393,0.0,0.0,0.0
2020-08-24T22:56:58.314000Z,2020-08-24T22:56:59.591000Z,622.283,1277.0,40.0,104.972,0.0,0.0,0.0,39.135,0.523369,0.0,0.0,0.0
2020-08-24T22:56:59.711000Z,2020-08-24T22:57:00.991000Z,655.832,1280.0,40.0,102.178,0.0,0.0,0.0,39.135,0.492438,0.0,0.0,0.0
2020-08-24T22:57:01.712000Z,2020-08-24T22:57:03.281000Z,725.889,1569.0,40.0,106.668,0.0,0.0,0.0,39.135,0.528872,0.0,0.0,0.0
2020-08-24T22:57:03.711000Z,2020-08-24T22:57:05.067000Z,694.413,1356.0,40.0,107.932,0.0,0.0,0.0,39.135,0.551052,0.0,0.0,0.0
2020-08-24T22:57:05.735000Z,2020-08-24T22:57:07.529999Z,818.478,1795.0,40.0,109.418,0.0,0.0,0.0,39.135,0.485715,0.0,0.0,0.0
2020-08-24T22:57:07.680000Z,2020-08-24T22:57:08.765000Z,536.848,1085.0,40.0,107.812,0.0,0.0,0.0,39.135,0.538205,0.0,0.0,0.0
2020-08-24T22:57:09.711000Z,2020-08-24T22:57:10.893000Z,593.887,1182.0,42.0,111.842,0.0,0.0,0.0,39.135,0.401473,0.0,0.0,0.0
2020-08-24T22:57:11.710000Z,2020-08-24T22:57:12.837000Z,571.644,1127.0,40.0,61.454,0.0,0.0,0.0,39.135,0.503649,0.0,0.0,0.0
2020-08-24T22:57:13.712999Z,2020-08-24T22:57:17.661000Z,1504.191,3948.0,40.0,116.594,0.0,0.0,0.0,39.135,0.504221,0.0,0.0,0.0
2020-08-24T22:57:17.663000Z,2020-08-24T22:57:20.085000Z,1190.018,2422.0,38.0,76.491,0.0,0.0,0.0,39.135,0.493964,0.0,0.0,0.0
2020-08-24T22:57:20.087000Z,2020-08-24T22:57:22.480000Z,1231.552,2393.0,38.0,99.557,0.0,0.0,0.0,39.135,0.499019,0.0,0.0,0.0
2020-08-24T22:57:22.481000Z,2020-08-24T22:57:23.606000Z,573.065,1125.0,38.0,100.169,0.0,0.0,0.0,39.135,0.506934,0.0,0.0,0.0
2020-08-24T22:57:23.608000Z,2020-08-24T22:57:25.275000Z,846.173,1667.0,38.0,99.182,0.0,0.0,0.0,39.135,0.519722,0.0,0.0,0.0
2020-08-24T22:57:25.276000Z,2020-08-24T22:57:26.899000Z,732.547,1623.0,38.0,98.427,0.0,0.0,0.0,39.135,0.493945,0.0,0.0,0.0
2020-08-24T22:57:26.902000Z,2020-08-24T22:57:30.563000Z,1870.135,3661.0,40.0,47.452,0.0,0.0,0.0,39.135,0.531897,0.0,0.0,0.0
2020-08-24T22:57:30.566000Z,2020-08-24T22:57:33.526000Z,1546.579,2960.0,38.0,97.509,0.0,0.0,0.0,39.135,0.464692,0.0,0.0,0.0
2020-08-24T22:57:33.528000Z,2020-08-24T22:57:36.600000Z,1597.13,3072.0,38.0,104.355,0.0,0.0,0.0,39.135,0.483946,0.0,0.0,0.0
2020-08-24T22:57:36.601999Z,2020-08-24T22:57:38.585000Z,914.427,1983.0,38.0,98.549,0.0,0.0,0.0,39.135,0.522058,0.0,0.0,0.0
2020-08-24T22:57:38.586000Z,2020-08-24T22:57:39.846000Z,644.309,1260.0,38.0,109.994,0.0,0.0,0.0,39.135,0.495318,0.0,0.0,0.0
2020-08-24T22:57:39.847000Z,2020-08-24T22:57:41.321999Z,733.646,1475.0,38.0,104.249,0.0,0.0,0.0,39.135,0.536754,0.0,0.0,0.0
2020-08-24T22:57:41.324000Z,2020-08-24T22:57:43.625999Z,1192.161,2302.0,38.0,82.055,0.0,0.0,0.0,39.135,0.506581,0.0,0.0,0.0
2020-08-24T22:57:43.628000Z,2020-08-24T22:57:45.619000Z,1027.917,1991.0,40.0,97.756,0.0,0.0,0.0,39.135,0.44319,0.0,0.0,0.0
2020-08-24T22:57:45.619000Z,2020-08-24T22:57:45.992000Z,161.465,373.0,40.0,108.805,0.0,0.0,0.0,39.135,0.528823,0.0,0.0,0.0
2020-08-24T22:57:45.994000Z,2020-08-24T22:57:48.215000Z,1048.809,2221.0,40.0,89.851,0.0,0.0,0.0,39.135,0.515214,0.0,0.0,0.0
2020-08-24T22:57:48.216000Z,2020-08-24T22:57:49.443000Z,578.958,1227.0,40.0,82.239,0.0,0.0,0.0,39.135,0.510121,0.0,0.0,0.0
2020-08-24T22:57:49.445000Z,2020-08-24T22:57:51.971000Z,1312.633,2526.0,38.0,108.531,0.0,0.0,0.0,39.135,0.52542,0.0,0.0,0.0
2020-08-24T22:57:51.973000Z,2020-08-24T22:57:53.767000Z,876.769,1794.0,40.0,108.824,0.0,0.0,0.0,39.135,0.536001,0.0,0.0,0.0
2020-08-24T22:57:53.768000Z,2020-08-24T22:57:55.398000Z,714.5,1630.0,38.0,104.167,0.0,0.0,0.0,39.135,0.467503,0.0,0.0,0.0
2020-08-24T22:57:55.400000Z,2020-08-24T22:57:57.881000Z,821.652,2481.0,40.0,136.128,0.0,0.0,0.0,39.135,0.322264,0.0,0.0,0.0
2020-08-24T22:57:57.882000Z,2020-08-24T22:57:59.155000Z,575.962,1273.0,38.0,47.359,0.0,0.0,0.0,39.135,0.537808,0.0,0.0,0.0
2020-08-24T22:57:59.156000Z,2020-08-24T22:58:00.454000Z,485.561,1298.0,38.0,103.824,0.0,0.0,0.0,39.135,0.534911,0.0,0.0,0.0
2020-08-24T22:58:00.456000Z,2020-08-24T22:58:02.949000Z,916.8,2493.0,38.0,212.926,0.0,0.0,0.0,39.135,0.269383,0.0,0.0,0.0
2020-08-24T22:58:02.951000Z,2020-08-24T22:58:04.425999Z,751.85,1475.0,38.0,98.216,0.0,0.0,0.0,39.135,0.508735,0.0,0.0,0.0
2020-08-24T22:58:04.428000Z,2020-08-24T22:58:05.709000Z,655.912,1281.0,38.0,101.658,0.0,0.0,0.0,39.135,0.479087,0.0,0.0,0.0
2020-08-24T22:58:05.891000Z,2020-08-24T22:58:10.680000Z,1394.547,4789.0,40.0,121.977,0.0,0.0,0.0,39.135,0.407719,0.0,0.0,0.0
2020-08-24T22:58:10.683000Z,2020-08-24T22:58:14.542000Z,1518.323,3859.0,38.0,95.21,0.0,0.0,0.0,39.135,0.439879,0.0,0.0,0.0
2020-08-24T22:58:14.544000Z,2020-08-24T22:58:18.137000Z,1148.638,3593.0,38.0,50.52,0.0,0.0,0.0,39.135,0.527037,0.0,0.0,0.0
2020-08-24T22:58:18.139000Z,2020-08-24T22:58:20.319000Z,1058.723,2180.0,4.0,160.361,0.0,0.0,0.0,39.135,0.246045,0.0,0.0,0.0
2020-08-24T22:58:20.320999Z,2020-08-24T22:58:23.209999Z,1432.019,2889.0,40.0,98.371,0.0,0.0,0.0,39.135,0.532452,0.0,0.0,0.0
2020-08-24T22:58:23.209999Z,2020-08-24T22:58:24.529000Z,243.258,1319.0,38.0,97.428,0.0,0.0,0.0,39.135,0.542538,0.0,0.0,0.0
2020-08-24T22:58:24.532000Z,2020-08-24T22:58:27.611000Z,1586.731,3079.0,38.0,140.732,0.0,0.0,0.0,39.135,0.392884,0.0,0.0,0.0
2020-08-24T22:58:27.612000Z,2020-08-24T22:58:29.043000Z,623.542,1431.0,38.0,97.681,0.0,0.0,0.0,39.135,0.514235,0.0,0.0,0.0
2020-08-24T22:58:29.043000Z,2020-08-24T22:58:29.598000Z,270.092,555.0,38.0,73.55,0.0,0.0,0.0,39.135,0.552551,0.0,0.0,0.0
2020-08-24T22:58:29.600000Z,2020-08-24T22:58:31.217000Z,811.409,1617.0,38.0,83.11,0.0,0.0,0.0,39.135,0.529105,0.0,0.0,0.0
2020-08-24T22:58:31.220000Z,2020-08-24T22:58:35.931000Z,1822.292,4711.0,38.0,89.176,0.0,0.0,0.0,39.135,0.547945,0.0,0.0,0.0
2020-08-24T22:58:35.934000Z,2020-08-24T22:58:39.889999Z,1481.714,3956.0,40.0,100.958,0.0,0.0,0.0,39.135,0.518698,0.0,0.0,0.0
2020-08-24T22:58:39.889999Z,2020-08-24T22:58:40.680000Z,257.653,790.0,38.0,107.748,0.0,0.0,0.0,39.135,0.412187,0.0,0.0,0.0
2020-08-24T22:58:40.681000Z,2020-08-24T22:58:42.441999Z,488.761,1761.0,38.0,115.046,0.0,0.0,0.0,39.135,0.344439,0.0,0.0,0.0
2020-08-24T22:58:42.443000Z,2020-08-24T22:58:43.839000Z,372.271,1396.0,32.0,136.701,0.0,0.0,0.0,39.135,0.333869,0.0,0.0,0.0
2020-08-24T22:58:43.840000Z,2020-08-24T22:58:44.939000Z,384.561,1099.0,28.0,115.126,0.0,0.0,0.0,39.135,0.317365,0.0,0.0,0.0
2020-08-24T22:58:44.943000Z,2020-08-24T22:58:49.048000Z,1955.592,4105.0,40.0,51.794,0.0,0.0,0.0,39.135,0.534069,0.0,0.0,0.0
2020-08-24T22:58:49.049000Z,2020-08-24T22:58:50.327000Z,648.65,1278.0,40.0,96.783,0.0,0.0,0.0,39.135,0.534847,0.0,0.0,0.0
2020-08-24T22:58:50.328000Z,2020-08-24T22:58:51.355000Z,514.553,1027.0,38.0,106.349,0.0,0.0,0.0,39.135,0.49856,0.0,0.0,0.0
2020-08-24T22:58:51.356000Z,2020-08-24T22:58:51.791000Z,197.092,435.0,40.0,92.599,0.0,0.0,0.0,39.135,0.525861,0.0,0.0,0.0
2020-08-24T22:58:51.792000Z,2020-08-24T22:58:53.083000Z,655.451,1291.0,38.0,79.46,0.0,0.0,0.0,39.135,0.529113,0.0,0.0,0.0
2020-08-24T22:58:53.085000Z,2020-08-24T22:58:56.411000Z,1618.978,3326.0,40.0,101.37,0.0,0.0,0.0,39.135,0.522039,0.0,0.0,0.0
2020-08-24T22:58:56.412000Z,2020-08-24T22:58:57.972000Z,800.35,1560.0,40.0,98.939,0.0,0.0,0.0,39.135,0.519363,0.0,0.0,0.0
2020-08-24T22:58:57.974000Z,2020-08-24T22:59:01.203000Z,1351.879,3229.0,40.0,88.756,0.0,0.0,0.0,39.135,0.533564,0.0,0.0,0.0
2020-08-24T22:59:01.205000Z,2020-08-24T22:59:05.120000Z,808.194,3915.0,42.0,135.94,0.0,0.0,0.0,39.135,0.34316,0.0,0.0,0.0
2020-08-24T22:59:05.120000Z,2020-08-24T22:59:06.239000Z,95.488,1119.0,24.0,163.772,0.0,0.0,0.0,39.135,0.162763,0.0,0.0,0.0
2020-08-24T22:59:06.240000Z,2020-08-24T22:59:06.571000Z,41.523,331.0,20.0,164.185,0.0,0.0,0.0,39.135,0.121085,0.0,0.0,0.0
2020-08-24T22:59:06.572000Z,2020-08-24T22:59:07.390000Z,260.785,818.0,4.0,83.117,0.0,0.0,0.0,39.135,0.20588,0.0,0.0,0.0
2020-08-24T22:59:07.391000Z,2020-08-24T22:59:07.949000Z,265.419,558.0,38.0,66.907,0.0,0.0,0.0,39.135,0.482013,0.0,0.0,0.0
2020-08-24T22:59:07.950000Z,2020-08-24T22:59:08.252000Z,133.587,302.0,40.0,80.085,0.0,0.0,0.0,39.135,0.541633,0.0,0.0,0.0
2020-08-24T22:59:08.253000Z,2020-08-24T22:59:09.003000Z,359.35,750.0,40.0,69.099,0.0,0.0,0.0,39.135,0.493679,0.0,0.0,0.0
2020-08-24T22:59:09.004000Z,2020-08-24T22:59:09.992000Z,433.784,988.0,40.0,95.37,0.0,0.0,0.0,39.135,0.542963,0.0,0.0,0.0
2020-08-24T22:59:09.994000Z,2020-08-24T22:59:11.976000Z,1023.408,1982.0,38.0,86.396,0.0,0.0,0.0,39.135,0.403319,0.0,0.0,0.0
2020-08-24T22:59:11.978000Z,2020-08-24T22:59:14.222000Z,1111.801,2244.0,38.0,89.969,0.0,0.0,0.0,39.135,0.529606,0.0,0.0,0.0
2020-08-24T22:59:14.231000Z,2020-08-24T22:59:16.971000Z,1281.434,2740.0,38.0,90.723,0.0,0.0,0.0,39.135,0.476393,0.0,0.0,0.0
2020-08-24T22:59:16.971000Z,2020-08-24T22:59:18.441999Z,329.358,1471.0,4.0,74.713,0.0,0.0,0.0,39.135,0.506824,0.0,0.0,0.0
2020-08-24T22:59:18.443000Z,2020-08-24T22:59:19.617999Z,598.641,1175.0,40.0,75.877,0.0,0.0,0.0,39.135,0.55735,0.0,0.0,0.0
2020-08-24T22:59:19.961000Z,2020-08-24T22:59:21.143000Z,572.873,1182.0,40.0,110.511,0.0,0.0,0.0,39.135,0.507376,0.0,0.0,0.0
2020-08-24T22:59:21.959000Z,2020-08-24T22:59:22.465000Z,244.101,506.0,38.0,95.58,0.0,0.0,0.0,39.135,0.465964,0.0,0.0,0.0
2020-08-24T22:59:23.960000Z,2020-08-24T22:59:24.190000Z,99.842,230.0,40.0,73.405,0.0,0.0,0.0,39.135,0.525362,0.0,0.0,0.0
2020-08-24T22:59:25.901000Z,2020-08-24T22:59:27.726000Z,833.234,1825.0,40.0,48.861,0.0,0.0,0.0,39.135,0.530614,0.0,0.0,0.0
2020-08-24T22:59:27.959000Z,2020-08-24T22:59:28.491000Z,259.045,532.0,40.0,70.342,0.0,0.0,0.0,39.135,0.506937,0.0,0.0,0.0
2020-08-24T22:59:29.960000Z,2020-08-24T22:59:30.201000Z,104.243,241.0,40.0,71.379,0.0,0.0,0.0,39.135,0.548277,0.0,0.0,0.0
2020-08-24T22:59:31.974000Z,2020-08-24T22:59:34.591000Z,1037.386,2617.0,40.0,68.693,0.0,0.0,0.0,39.135,0.281444,0.0,0.0,0.0
2020-08-24T22:59:34.593000Z,2020-08-24T22:59:37.759000Z,1542.797,3166.0,40.0,110.069,0.0,0.0,0.0,39.135,0.486995,0.0,0.0,0.0
2020-08-24T22:59:37.761999Z,2020-08-24T22:59:40.921000Z,1610.972,3159.0,38.0,48.373,0.0,0.0,0.0,39.135,0.526838,0.0,0.0,0.0
2020-08-24T22:59:40.923000Z,2020-08-24T22:59:43.841000Z,1443.015,2918.0,38.0,85.283,0.0,0.0,0.0,39.135,0.48972,0.0,0.0,0.0
2020-08-24T22:59:43.843000Z,2020-08-24T22:59:46.228000Z,926.434,2385.0,38.0,95.425,0.0,0.0,0.0,39.135,0.380926,0.0,0.0,0.0
2020-08-24T22:59:46.230000Z,2020-08-24T22:59:48.388000Z,929.553,2158.0,38.0,110.347,0.0,0.0,0.0,39.135,0.432329,0.0,0.0,0.0
2020-08-24T22:59:48.390000Z,2020-08-24T22:59:49.901000Z,770.107,1511.0,38.0,67.689,0.0,0.0,0.0,39.135,0.482644,0.0,0.0,0.0
2020-08-24T22:59:49.902000Z,2020-08-24T22:59:51.752000Z,746.463,1850.0,40.0,109.21,0.0,0.0,0.0,39.135,0.518295,0.0,0.0,0.0
2020-08-24T22:59:51.753000Z,2020-08-24T22:59:53.155000Z,715.978,1402.0,38.0,97.017,0.0,0.0,0.0,39.135,0.542294,0.0,0.0,0.0
2020-08-24T22:59:53.155000Z,2020-08-24T22:59:54.005000Z,412.32,850.0,40.0,88.995,0.0,0.0,0.0,39.135,0.524502,0.0,0.0,0.0
2020-08-24T22:59:54.006000Z,2020-08-24T22:59:55.141000Z,491.584,1135.0,40.0,104.813,0.0,0.0,0.0,39.135,0.550107,0.0,0.0,0.0
2020-08-24T22:59:55.142000Z,2020-08-24T22:59:56.840000Z,481.811,1698.0,42.0,160.365,0.0,0.0,0.0,39.135,0.150783,0.0,0.0,0.0
2020-08-24T22:59:56.840999Z,2020-08-24T22:59:58.041000Z,438.497,1200.0,38.0,147.065,0.0,0.0,0.0,39.135,0.278963,0.0,0.0,0.0
2020-08-24T22:59:58.041000Z,2020-08-24T22:59:58.508000Z,139.634,467.0,4.0,106.151,0.0,0.0,0.0,39.135,0.535472,0.0,0.0,0.0
2020-08-24T22:59:59.959000Z,2020-08-24T23:00:00.225000Z,110.329,266.0,38.0,52.929,0.0,0.0,0.0,39.135,0.521261,0.0,0.0,0.0
2020-08-24T23:00:01.960000Z,2020-08-24T23:00:02.564000Z,297.25,604.0,38.0,69.073,0.0,0.0,0.0,39.135,0.436016,0.0,0.0,0.0
2020-08-24T23:00:03.961000Z,2020-08-24T23:00:05.140000Z,594.614,1179.0,40.0,79.037,0.0,0.0,0.0,39.135,0.49971,0.0,0.0,0.0
2020-08-24T23:00:05.963000Z,2020-08-24T23:00:08.488000Z,1263.717,2525.0,40.0,101.43,0.0,0.0,0.0,39.135,0.492106,0.0,0.0,0.0
2020-08-24T23:00:08.491000Z,2020-08-24T23:00:11.421000Z,1490.918,2930.0,4.0,60.551,0.0,0.0,0.0,39.135,0.50501,0.0,0.0,0.0
2020-08-24T23:00:11.423000Z,2020-08-24T23:00:13.408000Z,971.836,1985.0,38.0,102.461,0.0,0.0,0.0,39.135,0.527472,0.0,0.0,0.0
2020-08-24T23:00:13.409000Z,2020-08-24T23:00:14.568000Z,584.297,1159.0,38.0,101.303,0.0,0.0,0.0,39.135,0.541976,0.0,0.0,0.0
2020-08-24T23:00:14.573000Z,2020-08-24T23:00:20.613000Z,3016.003,6040.0,40.0,103.18,0.0,0.0,0.0,39.135,0.534281,0.0,0.0,0.0
2020-08-24T23:00:20.617999Z,2020-08-24T23:00:26.235000Z,2316.04,5617.0,38.0,103.274,0.0,0.0,0.0,39.135,0.541051,0.0,0.0,0.0
2020-08-24T23:00:26.239000Z,2020-08-24T23:00:30.086000Z,1829.94,3847.0,40.0,68.785,0.0,0.0,0.0,39.135,0.503087,0.0,0.0,0.0
2020-08-24T23:00:30.087000Z,2020-08-24T23:00:32.815000Z,853.022,2728.0,42.0,97.594,0.0,0.0,0.0,39.135,0.505832,0.0,0.0,0.0
2020-08-24T23:00:32.815000Z,2020-08-24T23:00:33.665000Z,253.62,850.0,34.0,158.146,0.0,0.0,0.0,39.135,0.281555,0.0,0.0,0.0
2020-08-24T23:00:33.665000Z,2020-08-24T23:00:33.797000Z,22.308,132.0,34.0,145.326,0.0,0.0,0.0,39.135,0.330874,0.0,0.0,0.0
2020-08-24T23:00:33.797000Z,2020-08-24T23:00:33.909000Z,30.454,112.0,34.0,89.706,0.0,0.0,0.0,39.135,0.339472,0.0,0.0,0.0
2020-08-24T23:00:33.909000Z,2020-08-24T23:00:34.049000Z,46.806,140.0,34.0,53.751,0.0,0.0,0.0,39.135,0.464579,0.0,0.0,0.0
2020-08-24T23:00:34.049000Z,2020-08-24T23:00:34.227000Z,51.088,178.0,38.0,45.885,0.0,0.0,0.0,39.135,0.516609,0.0,0.0,0.0
2020-08-24T23:00:34.227000Z,2020-08-24T23:00:34.347000Z,33.507,120.0,40.0,71.254,0.0,0.0,0.0,39.135,0.535743,0.0,0.0,0.0
2020-08-24T23:00:34.350000Z,2020-08-24T23:00:36.803000Z,1207.57,2453.0,40.0,51.681,0.0,0.0,0.0,39.135,0.545244,0.0,0.0,0.0
2020-08-24T23:00:36.804999Z,2020-08-24T23:00:38.988000Z,1133.305,2183.0,38.0,98.524,0.0,0.0,0.0,39.135,0.45696,0.0,0.0,0.0
2020-08-24T23:00:38.990000Z,2020-08-24T23:00:41.395000Z,1137.765,2405.0,38.0,104.82,0.0,0.0,0.0,39.135,0.5123,0.0,0.0,0.0
2020-08-24T23:00:41.396000Z,2020-08-24T23:00:43.281999Z,831.539,1886.0,38.0,102.988,0.0,0.0,0.0,39.135,0.51087,0.0,0.0,0.0
2020-08-24T23:00:43.283000Z,2020-08-24T23:00:44.595000Z,439.027,1312.0,38.0,131.319,0.0,0.0,0.0,39.135,0.414667,0.0,0.0,0.0
2020-08-24T23:00:44.596000Z,2020-08-24T23:00:45.568000Z,426.009,972.0,40.0,67.743,0.0,0.0,0.0,39.135,0.491185,0.0,0.0,0.0
2020-08-24T23:00:45.966000Z,2020-08-24T23:00:47.037000Z,524.974,1071.0,40.0,85.828,0.0,0.0,0.0,39.135,0.44031,0.0,0.0,0.0
2020-08-24T23:00:47.962000Z,2020-08-24T23:00:49.675000Z,770.466,1713.0,44.0,82.417,0.0,0.0,0.0,39.135,0.473738,0.0,0.0,0.0
2020-08-24T23:00:49.962000Z,2020-08-24T23:00:52.287000Z,1057.107,2325.0,42.0,129.03,0.0,0.0,0.0,39.135,0.422801,0.0,0.0,0.0
2020-08-24T23:00:52.289000Z,2020-08-24T23:00:54.437000Z,969.368,2148.0,40.0,106.342,0.0,0.0,0.0,39.135,0.533923,0.0,0.0,0.0
2020-08-24T23:00:54.438000Z,2020-08-24T23:00:57.825999Z,1002.31,3388.0,4.0,157.764,0.0,0.0,0.0,39.135,0.355923,0.0,0.0,0.0
2020-08-24T23:00:57.828000Z,2020-08-24T23:01:00.449000Z,883.27,2621.0,38.0,81.315,0.0,0.0,0.0,39.135,0.546803,0.0,0.0,0.0
2020-08-24T23:01:00.449999Z,2020-08-24T23:01:03.608000Z,927.424,3158.0,38.0,96.027,0.0,0.0,0.0,39.201,0.482784,0.0,0.0,0.0
2020-08-24T23:01:03.610000Z,2020-08-24T23:01:05.601000Z,1005.791,1991.0,38.0,124.139,0.0,0.0,0.0,39.201,0.401077,0.0,0.0,0.0
2020-08-24T23:01:05.601999Z,2020-08-24T23:01:06.841999Z,606.412,1240.0,38.0,79.914,0.0,0.0,0.0,39.201,0.410669,0.0,0.0,0.0
2020-08-24T23:01:06.843000Z,2020-08-24T23:01:08.076000Z,627.775,1233.0,38.0,106.19,0.0,0.0,0.0,39.201,0.463279,0.0,0.0,0.0
2020-08-24T23:01:08.078000Z,2020-08-24T23:01:09.729999Z,770.529,1652.0,40.0,101.913,0.0,0.0,0.0,39.201,0.4764,0.0,0.0,0.0
2020-08-24T23:01:09.731000Z,2020-08-24T23:01:11.115000Z,703.762,1384.0,40.0,111.272,0.0,0.0,0.0,39.201,0.38382,0.0,0.0,0.0
2020-08-24T23:01:11.116000Z,2020-08-24T23:01:12.396000Z,650.769,1280.0,38.0,100.484,0.0,0.0,0.0,39.201,0.483851,0.0,0.0,0.0
2020-08-24T23:01:12.398000Z,2020-08-24T23:01:14.070000Z,621.384,1672.0,38.0,102.858,0.0,0.0,0.0,39.201,0.503804,0.0,0.0,0.0
2020-08-24T23:01:14.072000Z,2020-08-24T23:01:15.789000Z,638.997,1717.0,40.0,120.506,0.0,0.0,0.0,39.201,0.365571,0.0,0.0,0.0
2020-08-24T23:01:15.960000Z,2020-08-24T23:01:17.293000Z,671.396,1333.0,40.0,151.028,0.0,0.0,0.0,39.201,0.321057,0.0,0.0,0.0
2020-08-24T23:01:17.962000Z,2020-08-24T23:01:20.697000Z,789.05,2735.0,38.0,106.06,0.0,0.0,0.0,39.201,0.522404,0.0,0.0,0.0
2020-08-24T23:01:20.698000Z,2020-08-24T23:01:22.984000Z,605.636,2286.0,38.0,107.42,0.0,0.0,0.0,39.201,0.140828,0.0,0.0,0.0
2020-08-24T23:01:22.985000Z,2020-08-24T23:01:25.542000Z,607.639,2557.0,4.0,147.457,0.0,0.0,0.0,39.201,0.260124,0.0,0.0,0.0
2020-08-24T23:01:25.543000Z,2020-08-24T23:01:27.609000Z,797.346,2066.0,38.0,82.237,0.0,0.0,0.0,39.201,0.454701,0.0,0.0,0.0
2020-08-24T23:01:27.611000Z,2020-08-24T23:01:29.630000Z,794.477,2019.0000000000002,40.0,76.054,0.0,0.0,0.0,39.201,0.498639,0.0,0.0,0.0
2020-08-24T23:01:29.631000Z,2020-08-24T23:01:32.337000Z,847.214,2706.0,40.0,129.58,0.0,0.0,0.0,39.201,0.453588,0.0,0.0,0.0
2020-08-24T23:01:32.337999Z,2020-08-24T23:01:34.985000Z,773.895,2647.0,38.0,156.203,0.0,0.0,0.0,39.201,0.032975,0.0,0.0,0.0
2020-08-24T23:01:34.985999Z,2020-08-24T23:01:36.619000Z,528.813,1633.0,30.0,136.733,0.0,0.0,0.0,39.201,0.322739,0.0,0.0,0.0
2020-08-24T23:01:36.620000Z,2020-08-24T23:01:38.564000Z,760.63,1944.0,32.0,109.384,0.0,0.0,0.0,39.201,0.334175,0.0,0.0,0.0
2020-08-24T23:01:38.564999Z,2020-08-24T23:01:40.534000Z,780.466,1969.0,40.0,109.977,0.0,0.0,0.0,39.201,0.442932,0.0,0.0,0.0
2020-08-24T23:01:40.535000Z,2020-08-24T23:01:42.070000Z,785.865,1535.0,38.0,105.825,0.0,0.0,0.0,39.201,0.511916,0.0,0.0,0.0
2020-08-24T23:01:42.072000Z,2020-08-24T23:01:43.699000Z,822.652,1627.0,38.0,118.56,0.0,0.0,0.0,39.201,0.481216,0.0,0.0,0.0
2020-08-24T23:01:43.701000Z,2020-08-24T23:01:47.081999Z,1525.2,3381.0,40.0,113.729,0.0,0.0,0.0,39.201,0.495104,0.0,0.0,0.0
2020-08-24T23:01:47.084000Z,2020-08-24T23:01:49.174000Z,559.736,2090.0,40.0,109.528,0.0,0.0,0.0,39.201,0.439185,0.0,0.0,0.0
2020-08-24T23:01:49.175000Z,2020-08-24T23:01:50.651000Z,586.86,1476.0,24.0,134.765,0.0,0.0,0.0,39.201,0.106043,0.0,0.0,0.0
2020-08-24T23:01:50.652000Z,2020-08-24T23:01:51.732000Z,546.244,1080.0,40.0,62.22,0.0,0.0,0.0,39.201,0.514244,0.0,0.0,0.0
2020-08-24T23:01:51.733000Z,2020-08-24T23:01:54.607000Z,832.404,2874.0,38.0,91.989,0.0,0.0,0.0,39.201,0.517568,0.0,0.0,0.0
2020-08-24T23:01:54.609000Z,2020-08-24T23:01:57.171000Z,688.822,2562.0,30.0,80.903,0.0,0.0,0.0,39.201,0.242995,0.0,0.0,0.0
2020-08-24T23:01:57.172000Z,2020-08-24T23:01:58.681999Z,363.412,1510.0,28.0,123.532,0.0,0.0,0.0,39.201,0.066851,0.0,0.0,0.0
2020-08-24T23:01:58.683000Z,2020-08-24T23:02:00.179000Z,548.203,1496.0,38.0,77.54,0.0,0.0,0.0,39.201,0.43951,0.0,0.0,0.0
2020-08-24T23:02:00.180000Z,2020-08-24T23:02:01.208000Z,314.663,1028.0,38.0,63.438,0.0,0.0,0.0,39.201,0.478314,0.0,0.0,0.0
2020-08-24T23:02:01.208999Z,2020-08-24T23:02:03.508000Z,330.573,2299.0,38.0,79.985,0.0,0.0,0.0,39.201,0.362965,0.0,0.0,0.0
2020-08-24T23:02:03.508000Z,2020-08-24T23:02:05.024000Z,319.123,1516.0,24.0,56.75,0.0,0.0,0.0,39.201,0.25458,0.0,0.0,0.0
2020-08-24T23:02:05.024999Z,2020-08-24T23:02:06.105999Z,364.833,1081.0,36.0,146.509,0.0,0.0,0.0,39.201,0.241304,0.0,0.0,0.0
2020-08-24T23:02:06.107000Z,2020-08-24T23:02:08.054000Z,521.741,1947.0,38.0,146.19,0.0,0.0,0.0,39.201,0.291353,0.0,0.0,0.0
2020-08-24T23:02:08.054000Z,2020-08-24T23:02:09.171000Z,331.995,1117.0,32.0,152.701,0.0,0.0,0.0,39.201,0.287357,0.0,0.0,0.0
2020-08-24T23:02:10.215000Z,2020-08-24T23:02:11.019000Z,395.678,804.0,38.0,45.261,0.0,0.0,0.0,39.201,0.500731,0.0,0.0,0.0
2020-08-24T23:02:12.211000Z,2020-08-24T23:02:13.907000Z,866.033,1696.0,40.0,93.259,0.0,0.0,0.0,39.201,0.435768,0.0,0.0,0.0
2020-08-24T23:02:14.043000Z,2020-08-24T23:02:15.550000Z,739.795,1507.0,38.0,88.071,0.0,0.0,0.0,39.201,0.543505,0.0,0.0,0.0
2020-08-24T23:02:16.276000Z,2020-08-24T23:02:17.235000Z,484.761,959.0,40.0,125.244,0.0,0.0,0.0,39.201,0.393836,0.0,0.0,0.0
2020-08-24T23:02:18.212999Z,2020-08-24T23:02:19.545000Z,592.207,1332.0,38.0,90.842,0.0,0.0,0.0,39.201,0.527861,0.0,0.0,0.0
2020-08-24T23:02:20.211000Z,2020-08-24T23:02:21.072000Z,431.664,861.0,40.0,48.099,0.0,0.0,0.0,39.201,0.535386,0.0,0.0,0.0
2020-08-24T23:02:21.999000Z,2020-08-24T23:02:22.817000Z,406.437,818.0,40.0,100.454,0.0,0.0,0.0,39.201,0.541033,0.0,0.0,0.0
2020-08-24T23:02:24.209999Z,2020-08-24T23:02:26.169000Z,1014.74,1959.0,44.0,73.379,0.0,0.0,0.0,39.201,0.551702,0.0,0.0,0.0
2020-08-24T23:02:26.169999Z,2020-08-24T23:02:27.713000Z,739.574,1543.0,40.0,104.528,0.0,0.0,0.0,39.201,0.499617,0.0,0.0,0.0
2020-08-24T23:02:28.211000Z,2020-08-24T23:02:29.751000Z,699.399,1540.0,40.0,113.621,0.0,0.0,0.0,39.201,0.37738,0.0,0.0,0.0
2020-08-24T23:02:30.003000Z,2020-08-24T23:02:32.089000Z,720.58,2086.0,40.0,53.526,0.0,0.0,0.0,39.201,0.3423,0.0,0.0,0.0
2020-08-24T23:02:32.090000Z,2020-08-24T23:02:33.895000Z,721.532,1805.0,38.0,161.747,0.0,0.0,0.0,39.201,0.141528,0.0,0.0,0.0
2020-08-24T23:02:34.032000Z,2020-08-24T23:02:35.419000Z,708.966,1387.0,40.0,87.961,0.0,0.0,0.0,39.201,0.537531,0.0,0.0,0.0
2020-08-24T23:02:36.209999Z,2020-08-24T23:02:37.656000Z,734.309,1446.0,38.0,106.504,0.0,0.0,0.0,39.201,0.519653,0.0,0.0,0.0
2020-08-24T23:02:38.212000Z,2020-08-24T23:02:39.606000Z,696.11,1394.0,38.0,56.511,0.0,0.0,0.0,39.201,0.546044,0.0,0.0,0.0
2020-08-24T23:02:40.124000Z,2020-08-24T23:02:41.625000Z,746.511,1501.0,40.0,110.22,0.0,0.0,0.0,39.201,0.492897,0.0,0.0,0.0
2020-08-24T23:02:42.219000Z,2020-08-24T23:02:44.958000Z,1333.142,2739.0,42.0,95.205,0.0,0.0,0.0,39.201,0.399318,0.0,0.0,0.0
2020-08-24T23:02:44.961000Z,2020-08-24T23:02:49.427000Z,2155.332,4466.0,42.0,81.937,0.0,0.0,0.0,39.201,0.525714,0.0,0.0,0.0
