start_time,end_time,size,trans_time,cwnd,rtt,rto,ssthresh,last_snd,min_rtt,delivery_rate,bytes_sent,bytes_retrans,client_trans_time
2020-08-24T23:58:39.267000Z,2020-08-24T23:58:39.519000Z,31.741,252.0,14.0,89.179,0.0,0.0,0.0,85.473,0.032968,0.0,0.0,0.0
2020-08-24T23:58:39.519000Z,2020-08-24T23:58:39.695000Z,72.942,176.0,53.0,87.212,0.0,0.0,0.0,84.449,0.291338,0.0,0.0,0.0
2020-08-24T23:58:39.696000Z,2020-08-24T23:58:40.054000Z,278.147,358.0,82.0,88.013,0.0,0.0,0.0,83.796,0.820952,0.0,0.0,0.0
2020-08-24T23:58:40.055000Z,2020-08-24T23:58:40.407000Z,284.973,352.0,209.0,148.919,0.0,0.0,0.0,83.796,1.184804,0.0,0.0,0.0
2020-08-24T23:58:40.408000Z,2020-08-24T23:58:40.721999Z,270.937,314.0,211.0,187.075,0.0,0.0,0.0,83.796,1.210992,0.0,0.0,0.0
2020-08-24T23:58:40.723000Z,2020-08-24T23:58:40.876000Z,106.032,153.0,211.0,221.942,0.0,0.0,0.0,83.796,1.210992,0.0,0.0,0.0
2020-08-24T23:58:40.878000Z,2020-08-24T23:58:42.369000Z,1212.476,1491.0,211.0,117.542,0.0,0.0,0.0,83.796,1.210992,0.0,0.0,0.0
2020-08-24T23:58:42.370000Z,2020-08-24T23:58:42.917000Z,518.949,547.0,352.0,764.912,0.0,0.0,0.0,83.796,0.638727,0.0,0.0,0.0
2020-08-24T23:58:42.919000Z,2020-08-24T23:58:44.161999Z,1018.007,1243.0,244.0,440.689,0.0,0.0,0.0,83.796,1.166146,0.0,0.0,0.0
2020-08-24T23:58:44.163000Z,2020-08-24T23:58:45.197000Z,999.67,1034.0,244.0,398.724,0.0,0.0,0.0,83.796,0.920114,0.0,0.0,0.0
2020-08-24T23:58:46.274000Z,2020-08-24T23:58:47.664000Z,1565.056,1390.0,152.0,202.674,0.0,0.0,0.0,83.796,0.767172,0.0,0.0,0.0
2020-08-24T23:58:48.164000Z,2020-08-24T23:58:49.432000Z,1240.207,1268.0,176.0,91.797,0.0,0.0,0.0,83.796,1.17021,0.0,0.0,0.0
2020-08-24T23:58:50.275000Z,2020-08-24T23:58:50.601000Z,267.194,326.0,184.0,208.399,0.0,0.0,0.0,83.796,0.833637,0.0,0.0,0.0
2020-08-24T23:58:52.276000Z,2020-08-24T23:58:53.511000Z,1117.003,1235.0,186.0,144.985,0.0,0.0,0.0,83.796,1.063646,0.0,0.0,0.0
2020-08-24T23:58:54.274000Z,2020-08-24T23:58:55.221000Z,790.029,947.0,186.0,144.354,0.0,0.0,0.0,83.796,0.817788,0.0,0.0,0.0
2020-08-24T23:58:56.274000Z,2020-08-24T23:58:56.985999Z,756.178,712.0,188.0,360.779,0.0,0.0,0.0,83.796,0.693447,0.0,0.0,0.0
2020-08-24T23:58:58.277000Z,2020-08-24T23:58:59.143000Z,827.235,866.0,196.0,98.886,0.0,0.0,0.0,83.796,1.109998,0.0,0.0,0.0
2020-08-24T23:59:00.274000Z,2020-08-24T23:59:00.811000Z,362.689,537.0,196.0,277.171,0.0,0.0,0.0,83.796,1.055642,0.0,0.0,0.0
2020-08-24T23:59:02.273000Z,2020-08-24T23:59:03.000000Z,712.714,727.0,194.0,314.505,0.0,0.0,0.0,83.796,0.769353,0.0,0.0,0.0
2020-08-24T23:59:04.280000Z,2020-08-24T23:59:06.367000Z,1951.682,2087.0,170.0,188.505,0.0,0.0,0.0,83.796,1.028479,0.0,0.0,0.0
2020-08-24T23:59:06.370000Z,2020-08-24T23:59:09.022000Z,2810.358,2652.0,170.0,287.145,0.0,0.0,0.0,83.796,0.868656,0.0,0.0,0.0
2020-08-24T23:59:09.025999Z,2020-08-24T23:59:12.045000Z,2691.217,3019.0,176.0,383.04,0.0,0.0,0.0,83.796,0.5821,0.0,0.0,0.0
2020-08-24T23:59:12.048000Z,2020-08-24T23:59:15.031000Z,1990.135,2983.0,188.0,147.269,0.0,0.0,0.0,83.796,1.048281,0.0,0.0,0.0
2020-08-24T23:59:15.031000Z,2020-08-24T23:59:15.281000Z,127.412,250.0,164.0,294.306,0.0,0.0,0.0,83.796,0.820007,0.0,0.0,0.0
2020-08-24T23:59:15.281000Z,2020-08-24T23:59:15.782000Z,316.009,501.0,112.0,153.508,0.0,0.0,0.0,83.796,0.771632,0.0,0.0,0.0
2020-08-24T23:59:16.274000Z,2020-08-24T23:59:17.275000Z,754.795,1000.9999999999999,114.0,150.016,0.0,0.0,0.0,83.796,0.721479,0.0,0.0,0.0
2020-08-24T23:59:18.274000Z,2020-08-24T23:59:18.721999Z,347.174,448.0,124.0,155.651,0.0,0.0,0.0,83.796,0.739764,0.0,0.0,0.0
2020-08-24T23:59:20.313000Z,2020-08-24T23:59:20.807000Z,351.558,494.0,128.0,98.941,0.0,0.0,0.0,83.796,0.938625,0.0,0.0,0.0
2020-08-24T23:59:22.276000Z,2020-08-24T23:59:22.948000Z,455.021,672.0,128.0,135.675,0.0,0.0,0.0,83.796,0.740689,0.0,0.0,0.0
2020-08-24T23:59:24.277000Z,2020-08-24T23:59:24.817000Z,403.354,540.0,146.0,250.512,0.0,0.0,0.0,83.796,0.558207,0.0,0.0,0.0
2020-08-24T23:59:26.276000Z,2020-08-24T23:59:26.844000Z,584.938,568.0,146.0,170.142,0.0,0.0,0.0,83.796,0.935449,0.0,0.0,0.0
2020-08-24T23:59:28.275000Z,2020-08-24T23:59:28.713000Z,311.577,438.0,192.0,119.564,0.0,0.0,0.0,83.58,1.296936,0.0,0.0,0.0
2020-08-24T23:59:30.275000Z,2020-08-24T23:59:30.585999Z,313.748,311.0,192.0,227.465,0.0,0.0,0.0,83.58,0.966242,0.0,0.0,0.0
2020-08-24T23:59:32.275000Z,2020-08-24T23:59:32.795000Z,326.514,520.0,196.0,149.759,0.0,0.0,0.0,83.58,1.284838,0.0,0.0,0.0
2020-08-24T23:59:34.278000Z,2020-08-24T23:59:34.673000Z,322.789,395.0,196.0,284.085,0.0,0.0,0.0,83.58,0.865723,0.0,0.0,0.0
2020-08-24T23:59:36.202000Z,2020-08-24T23:59:36.624000Z,318.976,422.0,196.0,120.024,0.0,0.0,0.0,83.58,1.053311,0.0,0.0,0.0
2020-08-24T23:59:38.276000Z,2020-08-24T23:59:38.643000Z,337.994,367.0,4.0,213.91,0.0,0.0,0.0,83.58,1.025798,0.0,0.0,0.0
2020-08-24T23:59:40.275000Z,2020-08-24T23:59:40.617999Z,330.676,343.0,196.0,170.607,0.0,0.0,0.0,83.58,1.123272,0.0,0.0,0.0
2020-08-24T23:59:42.278000Z,2020-08-24T23:59:42.784000Z,324.669,506.0,196.0,96.719,0.0,0.0,0.0,83.58,1.372922,0.0,0.0,0.0
2020-08-24T23:59:44.277000Z,2020-08-24T23:59:44.589000Z,331.145,312.0,196.0,321.875,0.0,0.0,0.0,83.58,0.776237,0.0,0.0,0.0
2020-08-24T23:59:46.276000Z,2020-08-24T23:59:46.607000Z,314.489,331.0,202.0,92.769,0.0,0.0,0.0,83.58,1.366664,0.0,0.0,0.0
2020-08-24T23:59:48.276000Z,2020-08-24T23:59:48.828000Z,361.972,552.0,202.0,132.334,0.0,0.0,0.0,83.58,1.568117,0.0,0.0,0.0
2020-08-24T23:59:50.277000Z,2020-08-24T23:59:51.768000Z,988.727,1491.0,202.0,307.885,0.0,0.0,0.0,83.58,0.774868,0.0,0.0,0.0
2020-08-24T23:59:52.277000Z,2020-08-24T23:59:54.669000Z,1228.954,2392.0,212.0,435.484,0.0,0.0,0.0,83.58,0.711696,0.0,0.0,0.0
2020-08-24T23:59:54.671000Z,2020-08-24T23:59:56.475000Z,1476.305,1804.0,142.0,425.61,0.0,0.0,0.0,83.58,0.311451,0.0,0.0,0.0
2020-08-24T23:59:56.476000Z,2020-08-24T23:59:59.756000Z,975.079,3280.0,134.0,179.603,0.0,0.0,0.0,83.58,0.933741,0.0,0.0,0.0
2020-08-24T23:59:59.758000Z,2020-08-25T00:00:02.398000Z,941.816,2640.0,142.0,2014.897,0.0,0.0,0.0,83.58,0.119526,0.0,0.0,0.0
2020-08-25T00:00:02.399000Z,2020-08-25T00:00:03.817999Z,917.44,1419.0,4.0,651.589,0.0,0.0,0.0,83.58,0.185368,0.0,0.0,0.0
2020-08-25T00:00:03.819000Z,2020-08-25T00:00:04.671000Z,724.941,852.0,164.0,101.803,0.0,0.0,0.0,83.58,0.023438,0.0,0.0,0.0
2020-08-25T00:00:04.672999Z,2020-08-25T00:00:07.177000Z,1364.318,2504.0,164.0,214.637,0.0,0.0,0.0,83.58,0.912622,0.0,0.0,0.0
2020-08-25T00:00:07.178000Z,2020-08-25T00:00:07.593000Z,366.939,415.0,154.0,423.062,0.0,0.0,0.0,83.58,0.512067,0.0,0.0,0.0
2020-08-25T00:00:08.277000Z,2020-08-25T00:00:08.712000Z,350.556,435.0,166.0,126.146,0.0,0.0,0.0,83.58,1.213746,0.0,0.0,0.0
2020-08-25T00:00:10.276000Z,2020-08-25T00:00:10.631000Z,350.388,355.0,166.0,119.34,0.0,0.0,0.0,83.58,1.031661,0.0,0.0,0.0
2020-08-25T00:00:12.278000Z,2020-08-25T00:00:13.670000Z,904.196,1392.0,182.0,103.236,0.0,0.0,0.0,83.58,1.319963,0.0,0.0,0.0
2020-08-25T00:00:14.277000Z,2020-08-25T00:00:14.969999Z,682.03,693.0,184.0,325.978,0.0,0.0,0.0,83.58,0.718998,0.0,0.0,0.0
2020-08-25T00:00:16.277000Z,2020-08-25T00:00:16.847000Z,486.999,570.0,184.0,212.353,0.0,0.0,0.0,83.58,1.291283,0.0,0.0,0.0
2020-08-25T00:00:19.075000Z,2020-08-25T00:00:19.902000Z,620.387,827.0,184.0,233.005,0.0,0.0,0.0,83.58,0.908265,0.0,0.0,0.0
2020-08-25T00:00:20.277000Z,2020-08-25T00:00:21.017999Z,699.576,741.0,184.0,326.126,0.0,0.0,0.0,83.58,0.860832,0.0,0.0,0.0
2020-08-25T00:00:22.276000Z,2020-08-25T00:00:23.015000Z,502.866,739.0,164.0,170.801,0.0,0.0,0.0,83.58,1.098054,0.0,0.0,0.0
2020-08-25T00:00:24.276000Z,2020-08-25T00:00:24.801999Z,514.511,526.0,154.0,127.489,0.0,0.0,0.0,83.58,0.609166,0.0,0.0,0.0
2020-08-25T00:00:26.279000Z,2020-08-25T00:00:27.007000Z,618.521,728.0,170.0,124.938,0.0,0.0,0.0,83.58,1.081019,0.0,0.0,0.0
2020-08-25T00:00:28.284000Z,2020-08-25T00:00:28.928000Z,583.978,644.0,172.0,206.635,0.0,0.0,0.0,83.58,0.949281,0.0,0.0,0.0
2020-08-25T00:00:30.279000Z,2020-08-25T00:00:30.992000Z,532.898,713.0,162.0,117.799,0.0,0.0,0.0,83.58,1.064679,0.0,0.0,0.0
2020-08-25T00:00:32.277000Z,2020-08-25T00:00:32.815000Z,545.939,538.0,162.0,240.424,0.0,0.0,0.0,83.58,0.613614,0.0,0.0,0.0
2020-08-25T00:00:34.276000Z,2020-08-25T00:00:34.856000Z,556.045,580.0,182.0,121.464,0.0,0.0,0.0,83.58,1.345668,0.0,0.0,0.0
2020-08-25T00:00:36.277000Z,2020-08-25T00:00:36.765000Z,514.962,488.0,182.0,192.657,0.0,0.0,0.0,83.58,1.170598,0.0,0.0,0.0
2020-08-25T00:00:38.276000Z,2020-08-25T00:00:38.902000Z,478.092,626.0,184.0,131.376,0.0,0.0,0.0,83.58,1.436845,0.0,0.0,0.0
2020-08-25T00:00:40.276000Z,2020-08-25T00:00:41.300000Z,728.701,1024.0,184.0,268.507,0.0,0.0,0.0,83.58,0.909092,0.0,0.0,0.0
2020-08-25T00:00:42.279000Z,2020-08-25T00:00:43.452000Z,1140.79,1173.0,196.0,373.434,0.0,0.0,0.0,83.58,0.819692,0.0,0.0,0.0
2020-08-25T00:00:44.280000Z,2020-08-25T00:00:45.605000Z,912.047,1325.0,196.0,310.425,0.0,0.0,0.0,83.58,0.784502,0.0,0.0,0.0
2020-08-25T00:00:46.279000Z,2020-08-25T00:00:47.660000Z,828.349,1381.0,196.0,322.716,0.0,0.0,0.0,83.58,0.729014,0.0,0.0,0.0
2020-08-25T00:00:48.233000Z,2020-08-25T00:00:49.153999Z,674.692,921.0,128.0,122.91,0.0,0.0,0.0,83.58,0.534595,0.0,0.0,0.0
2020-08-25T00:00:50.279000Z,2020-08-25T00:00:51.961999Z,923.996,1683.0,142.0,249.096,0.0,0.0,0.0,83.58,0.744501,0.0,0.0,0.0
2020-08-25T00:00:52.280000Z,2020-08-25T00:00:55.776000Z,1565.414,3496.0,142.0,295.756,0.0,0.0,0.0,83.58,0.577068,0.0,0.0,0.0
2020-08-25T00:00:55.779000Z,2020-08-25T00:00:58.560000Z,1393.267,2781.0,140.0,456.801,0.0,0.0,0.0,83.58,0.050878,0.0,0.0,0.0
2020-08-25T00:00:58.560999Z,2020-08-25T00:01:00.414000Z,1008.063,1853.0,128.0,675.322,0.0,0.0,0.0,83.58,0.040287,0.0,0.0,0.0
2020-08-25T00:01:00.415000Z,2020-08-25T00:01:01.899000Z,796.903,1484.0,110.0,400.29,0.0,0.0,0.0,83.58,0.458854,0.0,0.0,0.0
2020-08-25T00:01:01.900000Z,2020-08-25T00:01:03.063000Z,640.74,1163.0,100.0,277.147,0.0,0.0,0.0,83.58,0.502583,0.0,0.0,0.0
2020-08-25T00:01:03.064000Z,2020-08-25T00:01:04.543000Z,911.813,1479.0,102.0,273.699,0.0,0.0,0.0,83.58,0.474413,0.0,0.0,0.0
2020-08-25T00:01:04.544999Z,2020-08-25T00:01:05.569999Z,790.956,1025.0,116.0,201.925,0.0,0.0,0.0,83.58,0.827097,0.0,0.0,0.0
2020-08-25T00:01:06.279000Z,2020-08-25T00:01:07.664000Z,872.685,1385.0,146.0,269.571,0.0,0.0,0.0,83.58,0.787648,0.0,0.0,0.0
2020-08-25T00:01:08.278000Z,2020-08-25T00:01:10.313000Z,850.082,2035.0000000000002,146.0,173.314,0.0,0.0,0.0,83.58,0.058907,0.0,0.0,0.0
2020-08-25T00:01:10.319000Z,2020-08-25T00:01:11.721999Z,843.428,1403.0,136.0,136.764,0.0,0.0,0.0,83.58,0.107849,0.0,0.0,0.0
2020-08-25T00:01:12.570000Z,2020-08-25T00:01:14.537000Z,695.537,1967.0,136.0,345.231,0.0,0.0,0.0,83.58,0.176128,0.0,0.0,0.0
2020-08-25T00:01:14.537999Z,2020-08-25T00:01:17.093000Z,824.493,2555.0,118.0,488.833,0.0,0.0,0.0,83.58,0.111381,0.0,0.0,0.0
2020-08-25T00:01:17.095000Z,2020-08-25T00:01:19.416000Z,900.638,2321.0,148.0,226.186,0.0,0.0,0.0,83.58,0.004904,0.0,0.0,0.0
2020-08-25T00:01:19.416999Z,2020-08-25T00:01:21.229000Z,668.59,1812.0,112.0,521.618,0.0,0.0,0.0,83.58,0.335251,0.0,0.0,0.0
2020-08-25T00:01:21.230000Z,2020-08-25T00:01:22.390000Z,681.805,1160.0,110.0,522.512,0.0,0.0,0.0,83.58,0.17408,0.0,0.0,0.0
2020-08-25T00:01:22.392000Z,2020-08-25T00:01:24.063000Z,1248.137,1671.0,106.0,130.652,0.0,0.0,0.0,83.58,0.526187,0.0,0.0,0.0
2020-08-25T00:01:24.279000Z,2020-08-25T00:01:25.935000Z,1010.58,1656.0,131.0,147.722,0.0,0.0,0.0,83.58,0.958083,0.0,0.0,0.0
2020-08-25T00:01:26.278000Z,2020-08-25T00:01:27.207000Z,709.029,929.0,142.0,342.765,0.0,0.0,0.0,83.58,0.425624,0.0,0.0,0.0
2020-08-25T00:01:28.278000Z,2020-08-25T00:01:29.304000Z,668.462,1026.0,142.0,205.225,0.0,0.0,0.0,83.58,0.873614,0.0,0.0,0.0
2020-08-25T00:01:30.278000Z,2020-08-25T00:01:31.049999Z,688.952,772.0,134.0,217.229,0.0,0.0,0.0,83.58,0.72334,0.0,0.0,0.0
2020-08-25T00:01:32.528000Z,2020-08-25T00:01:33.400000Z,679.69,872.0,154.0,98.402,0.0,0.0,0.0,83.58,0.87558,0.0,0.0,0.0
2020-08-25T00:01:34.279000Z,2020-08-25T00:01:34.900000Z,676.275,621.0,162.0,278.859,0.0,0.0,0.0,83.58,0.839907,0.0,0.0,0.0
2020-08-25T00:01:36.280000Z,2020-08-25T00:01:37.038000Z,881.803,758.0,168.0,118.95,0.0,0.0,0.0,83.58,1.26166,0.0,0.0,0.0
2020-08-25T00:01:38.289000Z,2020-08-25T00:01:39.205000Z,726.638,916.0,216.0,204.406,0.0,0.0,0.0,83.58,1.031234,0.0,0.0,0.0
2020-08-25T00:01:40.287000Z,2020-08-25T00:01:41.150000Z,769.275,863.0,216.0,358.681,0.0,0.0,0.0,83.58,0.892972,0.0,0.0,0.0
2020-08-25T00:01:42.280000Z,2020-08-25T00:01:43.339000Z,1052.472,1059.0,216.0,303.643,0.0,0.0,0.0,83.58,0.90933,0.0,0.0,0.0
2020-08-25T00:01:44.280000Z,2020-08-25T00:01:45.165000Z,1041.206,885.0,214.0,247.493,0.0,0.0,0.0,83.58,0.900271,0.0,0.0,0.0
2020-08-25T00:01:46.280000Z,2020-08-25T00:01:47.573000Z,894.601,1293.0,214.0,156.275,0.0,0.0,0.0,83.58,1.231102,0.0,0.0,0.0
2020-08-25T00:01:48.528000Z,2020-08-25T00:01:49.311000Z,761.822,783.0,180.0,171.037,0.0,0.0,0.0,83.58,0.782651,0.0,0.0,0.0
2020-08-25T00:01:50.530000Z,2020-08-25T00:01:52.227000Z,1570.841,1697.0,180.0,250.278,0.0,0.0,0.0,83.58,1.069292,0.0,0.0,0.0
2020-08-25T00:01:52.261000Z,2020-08-25T00:01:53.089999Z,956.901,829.0,166.0,194.017,0.0,0.0,0.0,83.58,0.969419,0.0,0.0,0.0
2020-08-25T00:01:54.279000Z,2020-08-25T00:01:54.655000Z,359.405,376.0,206.0,155.001,0.0,0.0,0.0,83.58,1.533346,0.0,0.0,0.0
2020-08-25T00:01:56.529000Z,2020-08-25T00:01:56.979000Z,325.679,450.0,206.0,132.362,0.0,0.0,0.0,83.58,1.259736,0.0,0.0,0.0
2020-08-25T00:01:58.280000Z,2020-08-25T00:01:58.763000Z,324.721,483.0,206.0,258.303,0.0,0.0,0.0,83.58,1.000112,0.0,0.0,0.0
2020-08-25T00:02:00.328000Z,2020-08-25T00:02:00.828000Z,332.532,500.0,206.0,106.79,0.0,0.0,0.0,83.58,0.775888,0.0,0.0,0.0
2020-08-25T00:02:02.281000Z,2020-08-25T00:02:02.742000Z,461.966,461.0,194.0,270.378,0.0,0.0,0.0,83.58,0.664848,0.0,0.0,0.0
2020-08-25T00:02:04.279000Z,2020-08-25T00:02:04.861000Z,536.374,582.0,174.0,131.87,0.0,0.0,0.0,83.58,1.321177,0.0,0.0,0.0
2020-08-25T00:02:06.532000Z,2020-08-25T00:02:07.287000Z,629.652,755.0,174.0,104.3,0.0,0.0,0.0,83.58,1.192398,0.0,0.0,0.0
2020-08-25T00:02:08.529000Z,2020-08-25T00:02:09.265000Z,503.606,736.0,176.0,303.479,0.0,0.0,0.0,83.58,0.772909,0.0,0.0,0.0
2020-08-25T00:02:10.531000Z,2020-08-25T00:02:11.043000Z,495.515,512.0,176.0,100.374,0.0,0.0,0.0,83.58,0.770907,0.0,0.0,0.0
2020-08-25T00:02:12.280000Z,2020-08-25T00:02:12.785999Z,473.735,506.0,182.0,165.204,0.0,0.0,0.0,83.58,1.181562,0.0,0.0,0.0
2020-08-25T00:02:14.531000Z,2020-08-25T00:02:15.137000Z,504.879,606.0,182.0,161.642,0.0,0.0,0.0,83.58,0.844338,0.0,0.0,0.0
2020-08-25T00:02:16.280000Z,2020-08-25T00:02:17.089999Z,575.102,810.0,182.0,218.285,0.0,0.0,0.0,83.58,1.13764,0.0,0.0,0.0
2020-08-25T00:02:18.530000Z,2020-08-25T00:02:19.108000Z,526.194,578.0,176.0,200.037,0.0,0.0,0.0,83.58,0.638154,0.0,0.0,0.0
2020-08-25T00:02:20.530000Z,2020-08-25T00:02:20.985000Z,462.175,455.0,176.0,97.945,0.0,0.0,0.0,83.58,1.114027,0.0,0.0,0.0
2020-08-25T00:02:22.530000Z,2020-08-25T00:02:23.224000Z,517.607,694.0,206.0,126.241,0.0,0.0,0.0,83.58,0.97776,0.0,0.0,0.0
2020-08-25T00:02:24.533000Z,2020-08-25T00:02:25.197000Z,487.283,664.0,206.0,130.863,0.0,0.0,0.0,83.58,0.849436,0.0,0.0,0.0
2020-08-25T00:02:26.280000Z,2020-08-25T00:02:27.124000Z,476.162,844.0,206.0,247.346,0.0,0.0,0.0,83.58,0.80225,0.0,0.0,0.0
2020-08-25T00:02:28.532000Z,2020-08-25T00:02:29.070000Z,472.2,538.0,170.0,201.475,0.0,0.0,0.0,83.58,0.807184,0.0,0.0,0.0
2020-08-25T00:02:31.365000Z,2020-08-25T00:02:31.977000Z,480.941,612.0,172.0,213.799,0.0,0.0,0.0,83.58,0.910588,0.0,0.0,0.0
2020-08-25T00:02:32.532000Z,2020-08-25T00:02:33.270000Z,461.473,738.0,172.0,255.054,0.0,0.0,0.0,83.58,0.900012,0.0,0.0,0.0
2020-08-25T00:02:34.281999Z,2020-08-25T00:02:34.846000Z,451.292,564.0,170.0,108.667,0.0,0.0,0.0,83.58,0.816478,0.0,0.0,0.0
2020-08-25T00:02:36.530000Z,2020-08-25T00:02:36.985999Z,494.201,456.0,164.0,200.285,0.0,0.0,0.0,83.58,0.828309,0.0,0.0,0.0
2020-08-25T00:02:38.531000Z,2020-08-25T00:02:39.197000Z,572.524,666.0,194.0,112.049,0.0,0.0,0.0,83.58,1.185158,0.0,0.0,0.0
2020-08-25T00:02:40.530000Z,2020-08-25T00:02:41.209999Z,449.428,680.0,194.0,280.475,0.0,0.0,0.0,83.58,1.000698,0.0,0.0,0.0
2020-08-25T00:02:42.531000Z,2020-08-25T00:02:43.403000Z,682.065,872.0,194.0,318.236,0.0,0.0,0.0,83.58,0.558403,0.0,0.0,0.0
2020-08-25T00:02:44.531000Z,2020-08-25T00:02:45.441000Z,773.018,910.0,176.0,186.011,0.0,0.0,0.0,83.58,0.391077,0.0,0.0,0.0
2020-08-25T00:02:46.533000Z,2020-08-25T00:02:47.337999Z,665.013,805.0,186.0,247.386,0.0,0.0,0.0,83.58,0.798037,0.0,0.0,0.0
2020-08-25T00:02:48.532000Z,2020-08-25T00:02:49.727000Z,925.233,1195.0,188.0,106.541,0.0,0.0,0.0,83.58,1.023886,0.0,0.0,0.0
2020-08-25T00:02:50.531000Z,2020-08-25T00:02:51.409000Z,752.274,878.0,146.0,94.894,0.0,0.0,0.0,83.58,1.003838,0.0,0.0,0.0
2020-08-25T00:02:52.531000Z,2020-08-25T00:02:53.404000Z,590.869,873.0,144.0,110.269,0.0,0.0,0.0,83.58,0.94586,0.0,0.0,0.0
2020-08-25T00:02:54.531000Z,2020-08-25T00:02:55.117000Z,527.697,586.0,144.0,161.721,0.0,0.0,0.0,83.58,0.594132,0.0,0.0,0.0
2020-08-25T00:02:56.533000Z,2020-08-25T00:02:57.781000Z,610.05,1248.0,164.0,133.004,0.0,0.0,0.0,83.58,0.828166,0.0,0.0,0.0
2020-08-25T00:02:58.531000Z,2020-08-25T00:02:59.025000Z,272.116,494.0,164.0,132.116,0.0,0.0,0.0,83.58,0.438152,0.0,0.0,0.0
2020-08-25T00:03:00.532000Z,2020-08-25T00:03:01.388000Z,356.759,856.0,164.0,262.925,0.0,0.0,0.0,83.58,0.641223,0.0,0.0,0.0
2020-08-25T00:03:02.532000Z,2020-08-25T00:03:03.387000Z,893.758,855.0,164.0,480.277,0.0,0.0,0.0,83.58,0.531533,0.0,0.0,0.0
2020-08-25T00:03:04.534000Z,2020-08-25T00:03:06.501000Z,891.173,1967.0,192.0,166.486,0.0,0.0,0.0,83.58,1.283071,0.0,0.0,0.0
2020-08-25T00:03:06.502000Z,2020-08-25T00:03:07.629000Z,927.144,1127.0,220.0,1008.213,0.0,0.0,0.0,83.58,0.282476,0.0,0.0,0.0
2020-08-25T00:03:08.533000Z,2020-08-25T00:03:09.625000Z,900.278,1092.0,182.0,306.902,0.0,0.0,0.0,83.58,0.679568,0.0,0.0,0.0
2020-08-25T00:03:10.533000Z,2020-08-25T00:03:11.771000Z,1234.065,1238.0,178.0,220.655,0.0,0.0,0.0,83.58,0.748318,0.0,0.0,0.0
2020-08-25T00:03:12.535000Z,2020-08-25T00:03:13.979000Z,1241.6,1444.0,180.0,96.423,0.0,0.0,0.0,83.58,0.748805,0.0,0.0,0.0
2020-08-25T00:03:14.533000Z,2020-08-25T00:03:15.685000Z,1202.545,1152.0,176.0,182.529,0.0,0.0,0.0,83.58,1.219711,0.0,0.0,0.0
2020-08-25T00:03:17.416000Z,2020-08-25T00:03:19.865999Z,1167.436,2450.0,176.0,162.355,0.0,0.0,0.0,83.58,1.244578,0.0,0.0,0.0
2020-08-25T00:03:19.868000Z,2020-08-25T00:03:21.443000Z,1182.451,1575.0,88.0,369.966,0.0,0.0,0.0,83.58,0.638332,0.0,0.0,0.0
2020-08-25T00:03:21.445000Z,2020-08-25T00:03:22.899000Z,986.112,1454.0,152.0,279.388,0.0,0.0,0.0,83.58,0.507195,0.0,0.0,0.0
2020-08-25T00:03:22.901000Z,2020-08-25T00:03:24.341000Z,1394.465,1440.0,152.0,206.235,0.0,0.0,0.0,83.58,0.862063,0.0,0.0,0.0
2020-08-25T00:03:24.343000Z,2020-08-25T00:03:25.876000Z,1297.938,1533.0,152.0,177.399,0.0,0.0,0.0,83.58,1.035008,0.0,0.0,0.0
2020-08-25T00:03:26.535000Z,2020-08-25T00:03:27.703000Z,1152.003,1168.0,150.0,223.61,0.0,0.0,0.0,83.58,0.800943,0.0,0.0,0.0
2020-08-25T00:03:28.534000Z,2020-08-25T00:03:30.820000Z,2150.639,2286.0,162.0,179.849,0.0,0.0,0.0,83.58,1.029447,0.0,0.0,0.0
2020-08-25T00:03:30.823000Z,2020-08-25T00:03:33.343000Z,1742.35,2520.0,164.0,266.041,0.0,0.0,0.0,83.58,0.750977,0.0,0.0,0.0
2020-08-25T00:03:33.346000Z,2020-08-25T00:03:35.542000Z,1600.343,2196.0,160.0,462.4,0.0,0.0,0.0,83.58,0.422518,0.0,0.0,0.0
2020-08-25T00:03:35.543000Z,2020-08-25T00:03:36.395000Z,553.388,852.0,146.0,381.053,0.0,0.0,0.0,83.58,0.195487,0.0,0.0,0.0
2020-08-25T00:03:36.445000Z,2020-08-25T00:03:38.161999Z,1305.819,1717.0,150.0,358.405,0.0,0.0,0.0,83.58,0.570809,0.0,0.0,0.0
2020-08-25T00:03:38.535000Z,2020-08-25T00:03:40.481999Z,1464.107,1947.0,150.0,161.312,0.0,0.0,0.0,83.58,1.107398,0.0,0.0,0.0
2020-08-25T00:03:40.486000Z,2020-08-25T00:03:43.915000Z,2380.492,3429.0,138.0,123.698,0.0,0.0,0.0,83.58,1.020822,0.0,0.0,0.0
2020-08-25T00:03:43.921000Z,2020-08-25T00:03:54.030000Z,4512.972,10109.0,134.0,278.957,0.0,0.0,0.0,83.58,0.645542,0.0,0.0,0.0
2020-08-25T00:03:54.033000Z,2020-08-25T00:04:00.213000Z,3318.1,6180.0,102.0,260.154,0.0,0.0,0.0,83.58,0.350236,0.0,0.0,0.0
2020-08-25T00:04:00.215000Z,2020-08-25T00:04:01.709000Z,1068.616,1494.0,98.0,212.108,0.0,0.0,0.0,83.58,0.557349,0.0,0.0,0.0
2020-08-25T00:04:01.711000Z,2020-08-25T00:04:02.929000Z,900.332,1218.0,136.0,300.745,0.0,0.0,0.0,83.58,0.612368,0.0,0.0,0.0
2020-08-25T00:04:02.929000Z,2020-08-25T00:04:03.312000Z,227.77,383.0,138.0,237.348,0.0,0.0,0.0,83.58,0.714926,0.0,0.0,0.0
2020-08-25T00:04:03.312000Z,2020-08-25T00:04:03.627000Z,233.8,315.0,138.0,189.894,0.0,0.0,0.0,83.58,0.783949,0.0,0.0,0.0
2020-08-25T00:04:03.628000Z,2020-08-25T00:04:04.073000Z,363.326,445.0,138.0,94.22,0.0,0.0,0.0,83.58,1.052663,0.0,0.0,0.0
2020-08-25T00:04:04.075000Z,2020-08-25T00:04:05.342000Z,1189.27,1267.0,152.0,123.382,0.0,0.0,0.0,83.58,1.066588,0.0,0.0,0.0
2020-08-25T00:04:05.344000Z,2020-08-25T00:04:06.871000Z,1580.646,1527.0,190.0,354.409,0.0,0.0,0.0,83.58,0.392415,0.0,0.0,0.0
2020-08-25T00:04:06.875000Z,2020-08-25T00:04:09.196000Z,2362.556,2321.0,194.0,160.869,0.0,0.0,0.0,83.58,0.913457,0.0,0.0,0.0
2020-08-25T00:04:09.200000Z,2020-08-25T00:04:11.519000Z,2481.091,2319.0,154.0,137.719,0.0,0.0,0.0,83.58,1.237152,0.0,0.0,0.0
2020-08-25T00:04:11.521999Z,2020-08-25T00:04:14.329000Z,2419.248,2807.0,174.0,214.653,0.0,0.0,0.0,83.58,1.036511,0.0,0.0,0.0
2020-08-25T00:04:14.330000Z,2020-08-25T00:04:15.351000Z,806.626,1020.9999999999999,176.0,173.732,0.0,0.0,0.0,83.58,0.998512,0.0,0.0,0.0
2020-08-25T00:04:15.353999Z,2020-08-25T00:04:17.049000Z,1730.126,1695.0,176.0,289.616,0.0,0.0,0.0,83.58,0.855653,0.0,0.0,0.0
2020-08-25T00:04:17.052000Z,2020-08-25T00:04:18.257000Z,1413.922,1205.0,196.0,313.573,0.0,0.0,0.0,83.58,0.654781,0.0,0.0,0.0
2020-08-25T00:04:18.259000Z,2020-08-25T00:04:19.665000Z,1355.107,1406.0,196.0,253.13,0.0,0.0,0.0,83.58,0.93667,0.0,0.0,0.0
2020-08-25T00:04:19.666000Z,2020-08-25T00:04:21.505999Z,1375.322,1840.0,190.0,172.89,0.0,0.0,0.0,83.58,1.374695,0.0,0.0,0.0
2020-08-25T00:04:21.508000Z,2020-08-25T00:04:23.041999Z,1155.504,1534.0,172.0,628.436,0.0,0.0,0.0,83.58,0.305691,0.0,0.0,0.0
2020-08-25T00:04:23.044000Z,2020-08-25T00:04:24.480000Z,1237.453,1436.0,172.0,190.253,0.0,0.0,0.0,83.58,0.645862,0.0,0.0,0.0
2020-08-25T00:04:24.481000Z,2020-08-25T00:04:25.595000Z,740.397,1114.0,152.0,239.785,0.0,0.0,0.0,83.58,0.75453,0.0,0.0,0.0
2020-08-25T00:04:25.596000Z,2020-08-25T00:04:26.718000Z,678.062,1122.0,158.0,410.378,0.0,0.0,0.0,83.58,0.488384,0.0,0.0,0.0
2020-08-25T00:04:26.719000Z,2020-08-25T00:04:27.744000Z,672.011,1025.0,158.0,266.839,0.0,0.0,0.0,83.622,0.669024,0.0,0.0,0.0
2020-08-25T00:04:27.745000Z,2020-08-25T00:04:28.667000Z,672.155,922.0,158.0,273.184,0.0,0.0,0.0,83.622,0.656598,0.0,0.0,0.0
2020-08-25T00:04:29.540000Z,2020-08-25T00:04:30.300000Z,704.763,760.0,114.0,127.389,0.0,0.0,0.0,83.513,0.601075,0.0,0.0,0.0
2020-08-25T00:04:31.537000Z,2020-08-25T00:04:32.560000Z,755.857,1022.9999999999999,152.0,92.067,0.0,0.0,0.0,83.513,1.239786,0.0,0.0,0.0
2020-08-25T00:04:33.552000Z,2020-08-25T00:04:34.377000Z,642.998,825.0,152.0,226.135,0.0,0.0,0.0,83.513,0.781339,0.0,0.0,0.0
2020-08-25T00:04:35.535000Z,2020-08-25T00:04:36.271000Z,558.177,736.0,152.0,92.65,0.0,0.0,0.0,83.513,0.828361,0.0,0.0,0.0
2020-08-25T00:04:37.535000Z,2020-08-25T00:04:38.361000Z,626.503,826.0,156.0,275.748,0.0,0.0,0.0,83.513,0.91169,0.0,0.0,0.0
2020-08-25T00:04:39.455000Z,2020-08-25T00:04:40.301000Z,593.248,846.0,158.0,115.414,0.0,0.0,0.0,83.513,0.77352,0.0,0.0,0.0
2020-08-25T00:04:41.536000Z,2020-08-25T00:04:42.153000Z,580.363,617.0,134.0,250.179,0.0,0.0,0.0,83.513,0.650223,0.0,0.0,0.0
2020-08-25T00:04:43.537000Z,2020-08-25T00:04:44.311000Z,570.203,774.0,166.0,107.845,0.0,0.0,0.0,83.513,1.035088,0.0,0.0,0.0
2020-08-25T00:04:45.537000Z,2020-08-25T00:04:46.134000Z,485.053,597.0,166.0,116.534,0.0,0.0,0.0,83.513,0.889799,0.0,0.0,0.0
2020-08-25T00:04:47.539000Z,2020-08-25T00:04:50.009000Z,1604.554,2470.0,164.0,133.214,0.0,0.0,0.0,83.513,0.738902,0.0,0.0,0.0
2020-08-25T00:04:50.011000Z,2020-08-25T00:04:51.769999Z,1808.884,1759.0,144.0,208.656,0.0,0.0,0.0,83.513,0.557036,0.0,0.0,0.0
2020-08-25T00:04:51.773000Z,2020-08-25T00:04:53.701000Z,1765.551,1928.0,156.0,138.025,0.0,0.0,0.0,83.513,1.113293,0.0,0.0,0.0
2020-08-25T00:04:53.705000Z,2020-08-25T00:04:56.864000Z,2948.682,3159.0,180.0,409.782,0.0,0.0,0.0,83.513,0.653129,0.0,0.0,0.0
2020-08-25T00:04:56.867000Z,2020-08-25T00:04:59.438000Z,2498.19,2571.0,158.0,147.883,0.0,0.0,0.0,83.513,1.22821,0.0,0.0,0.0
2020-08-25T00:04:59.440000Z,2020-08-25T00:05:01.045000Z,1764.969,1605.0,182.0,234.609,0.0,0.0,0.0,83.513,1.162826,0.0,0.0,0.0
2020-08-25T00:05:01.048000Z,2020-08-25T00:05:03.311000Z,1709.085,2263.0,200.0,133.574,0.0,0.0,0.0,83.513,1.535305,0.0,0.0,0.0
2020-08-25T00:05:03.313000Z,2020-08-25T00:05:04.420000Z,1258.538,1107.0,172.0,251.627,0.0,0.0,0.0,83.513,1.002384,0.0,0.0,0.0
2020-08-25T00:05:04.422000Z,2020-08-25T00:05:06.830000Z,1869.605,2408.0,202.0,129.436,0.0,0.0,0.0,83.513,0.68381,0.0,0.0,0.0
2020-08-25T00:05:06.833000Z,2020-08-25T00:05:09.484000Z,1937.973,2651.0,202.0,266.893,0.0,0.0,0.0,83.513,0.946689,0.0,0.0,0.0
2020-08-25T00:05:09.486000Z,2020-08-25T00:05:10.846000Z,1183.34,1360.0,132.0,421.352,0.0,0.0,0.0,83.513,0.061774,0.0,0.0,0.0
2020-08-25T00:05:10.848000Z,2020-08-25T00:05:12.116000Z,1625.493,1268.0,156.0,196.388,0.0,0.0,0.0,83.513,0.978637,0.0,0.0,0.0
2020-08-25T00:05:12.118000Z,2020-08-25T00:05:13.547000Z,1404.316,1429.0,214.0,174.999,0.0,0.0,0.0,83.513,1.454466,0.0,0.0,0.0
2020-08-25T00:05:13.550000Z,2020-08-25T00:05:15.833999Z,2272.842,2284.0,212.0,288.812,0.0,0.0,0.0,83.513,0.760565,0.0,0.0,0.0
2020-08-25T00:05:15.838000Z,2020-08-25T00:05:18.021000Z,2140.51,2183.0,250.0,275.527,0.0,0.0,0.0,83.513,0.809188,0.0,0.0,0.0
2020-08-25T00:05:18.023000Z,2020-08-25T00:05:19.167000Z,1125.771,1144.0,164.0,104.908,0.0,0.0,0.0,83.513,1.057882,0.0,0.0,0.0
2020-08-25T00:05:19.544000Z,2020-08-25T00:05:21.759000Z,1855.129,2215.0,190.0,290.21,0.0,0.0,0.0,83.513,0.94061,0.0,0.0,0.0
2020-08-25T00:05:21.761999Z,2020-08-25T00:05:24.125000Z,1395.38,2363.0,136.0,148.6,0.0,0.0,0.0,83.513,0.626067,0.0,0.0,0.0
2020-08-25T00:05:24.127000Z,2020-08-25T00:05:25.361999Z,1016.894,1235.0,150.0,535.695,0.0,0.0,0.0,83.513,0.373011,0.0,0.0,0.0
2020-08-25T00:05:25.540000Z,2020-08-25T00:05:26.661000Z,1383.197,1121.0,176.0,368.732,0.0,0.0,0.0,83.513,0.68989,0.0,0.0,0.0
2020-08-25T00:05:27.539000Z,2020-08-25T00:05:28.983000Z,1439.486,1444.0,204.0,186.775,0.0,0.0,0.0,83.513,1.124401,0.0,0.0,0.0
2020-08-25T00:05:29.606000Z,2020-08-25T00:05:31.920000Z,2397.111,2314.0,238.0,381.504,0.0,0.0,0.0,83.513,0.817353,0.0,0.0,0.0
2020-08-25T00:05:31.923000Z,2020-08-25T00:05:34.328000Z,1944.214,2405.0,172.0,201.6,0.0,0.0,0.0,83.513,1.037966,0.0,0.0,0.0
2020-08-25T00:05:34.331000Z,2020-08-25T00:05:36.128000Z,1768.19,1797.0,146.0,165.495,0.0,0.0,0.0,83.513,0.850168,0.0,0.0,0.0
2020-08-25T00:05:36.130000Z,2020-08-25T00:05:37.553000Z,1270.686,1423.0,152.0,131.906,0.0,0.0,0.0,83.513,1.174443,0.0,0.0,0.0
2020-08-25T00:05:37.555000Z,2020-08-25T00:05:39.377999Z,1365.078,1823.0,164.0,257.95,0.0,0.0,0.0,83.513,0.665791,0.0,0.0,0.0
2020-08-25T00:05:39.539000Z,2020-08-25T00:05:40.782000Z,1268.863,1243.0,158.0,228.551,0.0,0.0,0.0,83.513,0.778712,0.0,0.0,0.0
2020-08-25T00:05:41.537999Z,2020-08-25T00:05:42.926000Z,1076.234,1388.0,164.0,92.497,0.0,0.0,0.0,83.513,1.264241,0.0,0.0,0.0
2020-08-25T00:05:43.537999Z,2020-08-25T00:05:44.625000Z,1106.376,1087.0,176.0,301.998,0.0,0.0,0.0,83.513,0.816579,0.0,0.0,0.0
2020-08-25T00:05:45.541000Z,2020-08-25T00:05:47.364000Z,1591.25,1823.0,190.0,309.527,0.0,0.0,0.0,83.513,0.891448,0.0,0.0,0.0
2020-08-25T00:05:47.540000Z,2020-08-25T00:05:48.812000Z,1359.992,1272.0,160.0,164.889,0.0,0.0,0.0,83.513,1.000895,0.0,0.0,0.0
2020-08-25T00:05:49.540000Z,2020-08-25T00:05:50.989000Z,1497.508,1449.0,164.0,88.174,0.0,0.0,0.0,83.513,1.098739,0.0,0.0,0.0
2020-08-25T00:05:51.540000Z,2020-08-25T00:05:52.384000Z,823.517,844.0,206.0,109.564,0.0,0.0,0.0,83.513,0.929185,0.0,0.0,0.0
2020-08-25T00:05:53.542000Z,2020-08-25T00:05:54.908000Z,1280.635,1366.0,206.0,265.324,0.0,0.0,0.0,83.513,1.1231,0.0,0.0,0.0
2020-08-25T00:05:55.540000Z,2020-08-25T00:05:56.433999Z,1038.087,894.0,178.0,290.488,0.0,0.0,0.0,83.513,0.859007,0.0,0.0,0.0
2020-08-25T00:05:57.789000Z,2020-08-25T00:05:58.693000Z,952.621,904.0,198.0,171.607,0.0,0.0,0.0,83.513,1.42314,0.0,0.0,0.0
2020-08-25T00:05:59.679000Z,2020-08-25T00:06:02.708000Z,2802.519,3029.0,198.0,211.289,0.0,0.0,0.0,83.513,0.857812,0.0,0.0,0.0
2020-08-25T00:06:02.712000Z,2020-08-25T00:06:06.025000Z,2798.591,3313.0,196.0,217.527,0.0,0.0,0.0,83.513,0.713344,0.0,0.0,0.0
2020-08-25T00:06:06.028000Z,2020-08-25T00:06:08.127000Z,2166.569,2099.0,144.0,176.921,0.0,0.0,0.0,83.513,0.544795,0.0,0.0,0.0
2020-08-25T00:06:08.129000Z,2020-08-25T00:06:08.941000Z,1020.706,812.0,178.0,137.789,0.0,0.0,0.0,83.513,0.61477,0.0,0.0,0.0
2020-08-25T00:06:08.943000Z,2020-08-25T00:06:09.701000Z,960.053,758.0,220.0,136.213,0.0,0.0,0.0,83.513,1.606426,0.0,0.0,0.0
2020-08-25T00:06:09.703000Z,2020-08-25T00:06:10.769999Z,940.197,1067.0,228.0,226.798,0.0,0.0,0.0,83.513,1.390902,0.0,0.0,0.0
2020-08-25T00:06:11.543000Z,2020-08-25T00:06:12.459000Z,927.526,916.0,228.0,139.228,0.0,0.0,0.0,83.513,0.888151,0.0,0.0,0.0
2020-08-25T00:06:13.549000Z,2020-08-25T00:06:14.592000Z,984.838,1043.0,228.0,278.524,0.0,0.0,0.0,83.513,1.09604,0.0,0.0,0.0
