start_time,end_time,size,trans_time,cwnd,rtt,rto,ssthresh,last_snd,min_rtt,delivery_rate,bytes_sent,bytes_retrans,client_trans_time
2020-08-25T05:38:47.052000Z,2020-08-25T05:38:47.169000Z,58.218,117.0,528.0,70.992,0.0,0.0,0.0,42.784,7.989374,0.0,0.0,0.0
2020-08-25T05:38:47.169000Z,2020-08-25T05:38:47.220000Z,18.077,51.0,528.0,61.065,0.0,0.0,0.0,42.784,1.49845,0.0,0.0,0.0
2020-08-25T05:38:47.220000Z,2020-08-25T05:38:47.272000Z,4.287,52.0,528.0,57.876,0.0,0.0,0.0,42.784,1.49845,0.0,0.0,0.0
2020-08-25T05:38:47.272000Z,2020-08-25T05:38:47.328000Z,12.54,56.0,528.0,54.784,0.0,0.0,0.0,42.784,1.49845,0.0,0.0,0.0
2020-08-25T05:38:47.328000Z,2020-08-25T05:38:47.403000Z,14.436,75.0,534.0,49.367,0.0,0.0,0.0,42.784,1.49845,0.0,0.0,0.0
2020-08-25T05:38:47.403000Z,2020-08-25T05:38:47.461000Z,27.684,58.0,534.0,55.537,0.0,0.0,0.0,42.784,1.49845,0.0,0.0,0.0
2020-08-25T05:38:47.461000Z,2020-08-25T05:38:47.515000Z,50.062,54.0,534.0,49.02,0.0,0.0,0.0,42.784,1.49845,0.0,0.0,0.0
2020-08-25T05:38:47.515000Z,2020-08-25T05:38:47.614000Z,298.797,99.0,534.0,48.794,0.0,0.0,0.0,42.784,1.49845,0.0,0.0,0.0
2020-08-25T05:38:48.535000Z,2020-08-25T05:38:48.629000Z,318.849,94.0,534.0,56.982,0.0,0.0,0.0,42.784,4.14863,0.0,0.0,0.0
2020-08-25T05:38:50.537999Z,2020-08-25T05:38:50.668000Z,558.702,130.0,534.0,56.565,0.0,0.0,0.0,42.784,4.14863,0.0,0.0,0.0
2020-08-25T05:38:52.537000Z,2020-08-25T05:38:52.703000Z,795.021,166.0,488.0,60.437,0.0,0.0,0.0,42.784,6.597099,0.0,0.0,0.0
2020-08-25T05:38:54.537000Z,2020-08-25T05:38:54.660000Z,512.221,123.0,518.0,56.557,0.0,0.0,0.0,42.784,7.502092,0.0,0.0,0.0
2020-08-25T05:38:56.360000Z,2020-08-25T05:38:56.515000Z,716.014,155.0,514.0,57.478,0.0,0.0,0.0,42.784,6.803529,0.0,0.0,0.0
2020-08-25T05:38:58.535000Z,2020-08-25T05:38:58.655000Z,489.867,120.0,511.0,62.33,0.0,0.0,0.0,42.301,8.584715,0.0,0.0,0.0
2020-08-25T05:39:00.545999Z,2020-08-25T05:39:00.705000Z,793.861,159.0,536.0,60.836,0.0,0.0,0.0,42.301,7.155209,0.0,0.0,0.0
2020-08-25T05:39:02.532000Z,2020-08-25T05:39:02.641000Z,459.611,109.0,568.0,59.098,0.0,0.0,0.0,42.301,8.465585,0.0,0.0,0.0
2020-08-25T05:39:04.533000Z,2020-08-25T05:39:04.643000Z,436.701,110.0,568.0,56.389,0.0,0.0,0.0,42.301,8.465585,0.0,0.0,0.0
2020-08-25T05:39:06.535000Z,2020-08-25T05:39:06.649999Z,436.652,115.0,568.0,60.21,0.0,0.0,0.0,42.301,6.756539,0.0,0.0,0.0
2020-08-25T05:39:08.534000Z,2020-08-25T05:39:08.645000Z,431.478,111.0,588.0,60.761,0.0,0.0,0.0,42.301,6.656604,0.0,0.0,0.0
2020-08-25T05:39:10.534000Z,2020-08-25T05:39:10.648000Z,422.604,114.0,588.0,59.572,0.0,0.0,0.0,42.301,7.271556,0.0,0.0,0.0
2020-08-25T05:39:12.535000Z,2020-08-25T05:39:12.665000Z,429.293,130.0,584.0,53.984,0.0,0.0,0.0,42.301,7.271556,0.0,0.0,0.0
2020-08-25T05:39:14.534000Z,2020-08-25T05:39:14.664000Z,455.396,130.0,584.0,59.117,0.0,0.0,0.0,42.301,7.271556,0.0,0.0,0.0
2020-08-25T05:39:16.537999Z,2020-08-25T05:39:16.643000Z,470.965,105.0,584.0,54.66,0.0,0.0,0.0,42.301,7.271556,0.0,0.0,0.0
2020-08-25T05:39:18.534000Z,2020-08-25T05:39:18.651000Z,473.321,117.0,584.0,51.297,0.0,0.0,0.0,42.301,7.271556,0.0,0.0,0.0
2020-08-25T05:39:20.535000Z,2020-08-25T05:39:20.671000Z,624.176,136.0,584.0,54.657,0.0,0.0,0.0,42.301,7.271556,0.0,0.0,0.0
2020-08-25T05:39:22.536000Z,2020-08-25T05:39:22.640000Z,330.709,104.0,550.0,58.724,0.0,0.0,0.0,42.301,7.989239,0.0,0.0,0.0
2020-08-25T05:39:24.543000Z,2020-08-25T05:39:24.649999Z,420.587,107.0,576.0,62.409,0.0,0.0,0.0,42.301,7.989239,0.0,0.0,0.0
2020-08-25T05:39:26.536000Z,2020-08-25T05:39:26.621000Z,268.292,85.0,556.0,52.252,0.0,0.0,0.0,42.301,7.374261,0.0,0.0,0.0
2020-08-25T05:39:28.534000Z,2020-08-25T05:39:28.692000Z,615.493,158.0,556.0,51.244,0.0,0.0,0.0,42.301,7.374261,0.0,0.0,0.0
2020-08-25T05:39:30.558000Z,2020-08-25T05:39:30.669000Z,483.906,111.0,580.0,51.146,0.0,0.0,0.0,42.301,9.072137,0.0,0.0,0.0
2020-08-25T05:39:32.543000Z,2020-08-25T05:39:32.649000Z,358.342,106.0,580.0,50.559,0.0,0.0,0.0,42.301,9.072137,0.0,0.0,0.0
2020-08-25T05:39:34.550000Z,2020-08-25T05:39:34.692000Z,660.89,142.0,580.0,52.435,0.0,0.0,0.0,42.301,9.072137,0.0,0.0,0.0
2020-08-25T05:39:36.540000Z,2020-08-25T05:39:36.675000Z,644.835,135.0,596.0,48.551,0.0,0.0,0.0,42.301,1.276016,0.0,0.0,0.0
2020-08-25T05:39:38.550000Z,2020-08-25T05:39:38.679000Z,631.013,129.0,590.0,70.195,0.0,0.0,0.0,42.301,7.403063,0.0,0.0,0.0
2020-08-25T05:39:40.536000Z,2020-08-25T05:39:40.708000Z,893.496,172.0,590.0,57.427,0.0,0.0,0.0,42.301,9.043829,0.0,0.0,0.0
2020-08-25T05:39:42.542000Z,2020-08-25T05:39:42.721000Z,992.188,179.0,596.0,61.51,0.0,0.0,0.0,42.301,6.30519,0.0,0.0,0.0
2020-08-25T05:39:44.550000Z,2020-08-25T05:39:44.727000Z,957.401,177.0,574.0,56.358,0.0,0.0,0.0,42.301,7.005478,0.0,0.0,0.0
2020-08-25T05:39:46.535000Z,2020-08-25T05:39:46.689999Z,834.903,155.0,582.0,70.95,0.0,0.0,0.0,42.301,9.412156,0.0,0.0,0.0
2020-08-25T05:39:48.536000Z,2020-08-25T05:39:48.695000Z,774.578,159.0,588.0,72.361,0.0,0.0,0.0,42.301,7.782473,0.0,0.0,0.0
2020-08-25T05:39:50.540000Z,2020-08-25T05:39:50.645000Z,357.072,105.0,582.0,53.58,0.0,0.0,0.0,42.301,6.764875,0.0,0.0,0.0
2020-08-25T05:39:52.535000Z,2020-08-25T05:39:52.675000Z,592.938,140.0,582.0,65.941,0.0,0.0,0.0,42.301,6.764875,0.0,0.0,0.0
2020-08-25T05:39:54.547000Z,2020-08-25T05:39:54.671000Z,518.521,124.0,588.0,49.124,0.0,0.0,0.0,42.301,7.871938,0.0,0.0,0.0
2020-08-25T05:39:56.544999Z,2020-08-25T05:39:56.723000Z,1022.241,178.0,620.0,69.586,0.0,0.0,0.0,42.301,7.871938,0.0,0.0,0.0
2020-08-25T05:39:58.551000Z,2020-08-25T05:39:58.736000Z,1052.841,185.0,660.0,57.612,0.0,0.0,0.0,42.301,8.368837,0.0,0.0,0.0
2020-08-25T05:40:00.536000Z,2020-08-25T05:40:00.720000Z,1108.179,184.0,660.0,72.117,0.0,0.0,0.0,42.301,8.764131,0.0,0.0,0.0
2020-08-25T05:40:02.537999Z,2020-08-25T05:40:02.729000Z,1215.292,191.0,668.0,65.052,0.0,0.0,0.0,42.301,8.949342,0.0,0.0,0.0
2020-08-25T05:40:04.535000Z,2020-08-25T05:40:04.683000Z,810.049,148.0,678.0,55.704,0.0,0.0,0.0,42.301,8.477358,0.0,0.0,0.0
2020-08-25T05:40:06.536000Z,2020-08-25T05:40:06.648000Z,421.016,112.0,678.0,65.863,0.0,0.0,0.0,42.301,9.471016,0.0,0.0,0.0
2020-08-25T05:40:08.545999Z,2020-08-25T05:40:08.647000Z,364.786,101.0,670.0,50.329,0.0,0.0,0.0,42.301,9.471016,0.0,0.0,0.0
2020-08-25T05:40:10.535000Z,2020-08-25T05:40:10.612000Z,224.255,77.0,670.0,59.001,0.0,0.0,0.0,42.301,9.471016,0.0,0.0,0.0
2020-08-25T05:40:12.545999Z,2020-08-25T05:40:12.624000Z,187.907,78.0,670.0,51.451,0.0,0.0,0.0,42.301,9.471016,0.0,0.0,0.0
2020-08-25T05:40:14.534000Z,2020-08-25T05:40:14.614000Z,204.651,80.0,670.0,51.719,0.0,0.0,0.0,42.301,9.471016,0.0,0.0,0.0
2020-08-25T05:40:16.535000Z,2020-08-25T05:40:16.606000Z,136.072,71.0,670.0,51.879,0.0,0.0,0.0,42.301,9.471016,0.0,0.0,0.0
2020-08-25T05:40:18.534000Z,2020-08-25T05:40:18.599000Z,120.786,65.0,670.0,52.269,0.0,0.0,0.0,42.301,9.471016,0.0,0.0,0.0
2020-08-25T05:40:20.535000Z,2020-08-25T05:40:20.606000Z,131.259,71.0,678.0,49.314,0.0,0.0,0.0,42.301,9.471016,0.0,0.0,0.0
2020-08-25T05:40:22.540000Z,2020-08-25T05:40:22.625000Z,246.053,85.0,678.0,52.868,0.0,0.0,0.0,42.301,9.471016,0.0,0.0,0.0
2020-08-25T05:40:24.544999Z,2020-08-25T05:40:24.616000Z,139.871,71.0,678.0,64.389,0.0,0.0,0.0,42.301,9.471016,0.0,0.0,0.0
2020-08-25T05:40:26.548000Z,2020-08-25T05:40:26.611000Z,136.038,63.0,678.0,51.356,0.0,0.0,0.0,42.301,9.471016,0.0,0.0,0.0
2020-08-25T05:40:28.537999Z,2020-08-25T05:40:28.627000Z,229.309,89.0,678.0,53.71,0.0,0.0,0.0,42.301,9.471016,0.0,0.0,0.0
2020-08-25T05:40:30.542000Z,2020-08-25T05:40:30.625999Z,202.323,84.0,768.0,60.023,0.0,0.0,0.0,42.301,9.471016,0.0,0.0,0.0
2020-08-25T05:40:32.541000Z,2020-08-25T05:40:32.625999Z,213.706,85.0,680.0,54.817,0.0,0.0,0.0,42.301,9.471016,0.0,0.0,0.0
2020-08-25T05:40:34.542000Z,2020-08-25T05:40:34.629000Z,115.157,87.0,680.0,54.504,0.0,0.0,0.0,42.301,9.471016,0.0,0.0,0.0
2020-08-25T05:40:36.544999Z,2020-08-25T05:40:36.628000Z,207.147,83.0,680.0,76.515,0.0,0.0,0.0,42.301,9.471016,0.0,0.0,0.0
2020-08-25T05:40:38.536000Z,2020-08-25T05:40:38.639000Z,417.427,103.0,680.0,49.45,0.0,0.0,0.0,42.301,9.471016,0.0,0.0,0.0
2020-08-25T05:40:40.551000Z,2020-08-25T05:40:40.662000Z,153.985,111.0,666.0,55.322,0.0,0.0,0.0,42.301,9.471016,0.0,0.0,0.0
2020-08-25T05:40:42.551000Z,2020-08-25T05:40:42.675000Z,643.698,124.0,666.0,66.255,0.0,0.0,0.0,42.301,9.471016,0.0,0.0,0.0
2020-08-25T05:40:44.544999Z,2020-08-25T05:40:44.672000Z,541.109,127.0,568.0,61.703,0.0,0.0,0.0,42.301,9.423931,0.0,0.0,0.0
2020-08-25T05:40:46.537000Z,2020-08-25T05:40:46.702000Z,788.688,165.0,582.0,57.356,0.0,0.0,0.0,42.301,7.110525,0.0,0.0,0.0
2020-08-25T05:40:48.551000Z,2020-08-25T05:40:48.652000Z,341.888,101.0,576.0,55.823,0.0,0.0,0.0,42.301,8.012493,0.0,0.0,0.0
2020-08-25T05:40:50.541000Z,2020-08-25T05:40:50.663000Z,523.339,122.0,582.0,56.469,0.0,0.0,0.0,42.301,8.012493,0.0,0.0,0.0
2020-08-25T05:40:52.535000Z,2020-08-25T05:40:52.713999Z,1021.686,179.0,584.0,55.363,0.0,0.0,0.0,42.301,7.982284,0.0,0.0,0.0
2020-08-25T05:40:54.536000Z,2020-08-25T05:40:54.761999Z,915.496,226.0,578.0,56.998,0.0,0.0,0.0,42.301,8.534446,0.0,0.0,0.0
2020-08-25T05:40:56.541000Z,2020-08-25T05:40:56.673000Z,527.418,132.0,600.0,65.447,0.0,0.0,0.0,42.301,3.437676,0.0,0.0,0.0
2020-08-25T05:40:58.537999Z,2020-08-25T05:40:58.705000Z,851.807,167.0,600.0,60.14,0.0,0.0,0.0,42.301,8.347115,0.0,0.0,0.0
2020-08-25T05:41:00.548000Z,2020-08-25T05:41:00.707000Z,839.646,159.0,608.0,58.858,0.0,0.0,0.0,42.301,8.039539,0.0,0.0,0.0
2020-08-25T05:41:02.568000Z,2020-08-25T05:41:02.681000Z,478.774,113.0,630.0,72.966,0.0,0.0,0.0,42.301,6.805701,0.0,0.0,0.0
2020-08-25T05:41:04.536000Z,2020-08-25T05:41:04.670000Z,681.565,134.0,634.0,63.932,0.0,0.0,0.0,42.301,6.873741,0.0,0.0,0.0
2020-08-25T05:41:06.535000Z,2020-08-25T05:41:06.703000Z,997.691,168.0,630.0,54.377,0.0,0.0,0.0,42.301,8.730912,0.0,0.0,0.0
2020-08-25T05:41:08.537999Z,2020-08-25T05:41:08.641000Z,382.558,103.0,642.0,61.501,0.0,0.0,0.0,42.301,10.378919,0.0,0.0,0.0
2020-08-25T05:41:10.545999Z,2020-08-25T05:41:10.643000Z,340.709,97.0,672.0,57.521,0.0,0.0,0.0,42.301,10.378919,0.0,0.0,0.0
2020-08-25T05:41:12.545999Z,2020-08-25T05:41:12.647000Z,341.81,101.0,670.0,49.693,0.0,0.0,0.0,42.301,10.378919,0.0,0.0,0.0
2020-08-25T05:41:14.547000Z,2020-08-25T05:41:14.724000Z,837.843,177.0,670.0,71.514,0.0,0.0,0.0,42.301,10.378919,0.0,0.0,0.0
2020-08-25T05:41:16.552000Z,2020-08-25T05:41:16.699000Z,629.827,147.0,676.0,54.888,0.0,0.0,0.0,42.301,4.907421,0.0,0.0,0.0
2020-08-25T05:41:18.542000Z,2020-08-25T05:41:18.611000Z,134.437,69.0,676.0,63.59,0.0,0.0,0.0,42.301,7.793056,0.0,0.0,0.0
2020-08-25T05:41:20.535000Z,2020-08-25T05:41:20.653000Z,478.656,118.0,680.0,55.949,0.0,0.0,0.0,42.301,7.793056,0.0,0.0,0.0
2020-08-25T05:41:22.535000Z,2020-08-25T05:41:22.617000Z,161.539,82.0,680.0,65.485,0.0,0.0,0.0,42.301,7.793056,0.0,0.0,0.0
2020-08-25T05:41:24.549000Z,2020-08-25T05:41:24.695000Z,749.415,146.0,680.0,64.362,0.0,0.0,0.0,42.301,7.793056,0.0,0.0,0.0
2020-08-25T05:41:26.540000Z,2020-08-25T05:41:26.752000Z,1420.64,212.0,670.0,55.751,0.0,0.0,0.0,42.301,8.31369,0.0,0.0,0.0
2020-08-25T05:41:28.539000Z,2020-08-25T05:41:28.707000Z,1036.147,168.0,704.0,54.946,0.0,0.0,0.0,42.301,10.576406,0.0,0.0,0.0
2020-08-25T05:41:30.544999Z,2020-08-25T05:41:30.731000Z,1164.509,186.0,698.0,54.457,0.0,0.0,0.0,42.301,10.265895,0.0,0.0,0.0
2020-08-25T05:41:32.550000Z,2020-08-25T05:41:32.697000Z,894.442,147.0,698.0,78.838,0.0,0.0,0.0,42.301,8.154241,0.0,0.0,0.0
2020-08-25T05:41:34.557000Z,2020-08-25T05:41:34.717000Z,893.457,160.0,769.0,60.242,0.0,0.0,0.0,42.301,12.298683,0.0,0.0,0.0
2020-08-25T05:41:36.552000Z,2020-08-25T05:41:36.689999Z,778.939,138.0,770.0,73.019,0.0,0.0,0.0,42.301,10.175163,0.0,0.0,0.0
2020-08-25T05:41:38.536000Z,2020-08-25T05:41:38.684000Z,678.892,148.0,814.0,61.228,0.0,0.0,0.0,42.301,11.218198,0.0,0.0,0.0
2020-08-25T05:41:40.545999Z,2020-08-25T05:41:40.705999Z,786.423,160.0,820.0,66.561,0.0,0.0,0.0,42.301,8.527479,0.0,0.0,0.0
2020-08-25T05:41:42.539000Z,2020-08-25T05:41:42.643000Z,367.921,104.0,820.0,73.291,0.0,0.0,0.0,42.301,8.655949,0.0,0.0,0.0
2020-08-25T05:41:44.536000Z,2020-08-25T05:41:44.724000Z,1277.338,188.0,814.0,52.232,0.0,0.0,0.0,42.301,8.655949,0.0,0.0,0.0
2020-08-25T05:41:46.545999Z,2020-08-25T05:41:46.711000Z,1053.971,165.0,794.0,69.301,0.0,0.0,0.0,42.301,11.741053,0.0,0.0,0.0
2020-08-25T05:41:48.536000Z,2020-08-25T05:41:48.691000Z,852.647,155.0,794.0,66.685,0.0,0.0,0.0,42.301,10.434161,0.0,0.0,0.0
2020-08-25T05:41:50.541000Z,2020-08-25T05:41:50.664000Z,746.199,123.0,800.0,52.992,0.0,0.0,0.0,42.301,7.613973,0.0,0.0,0.0
2020-08-25T05:41:52.560000Z,2020-08-25T05:41:52.692000Z,615.34,132.0,814.0,57.967,0.0,0.0,0.0,42.301,11.308481,0.0,0.0,0.0
2020-08-25T05:41:54.537999Z,2020-08-25T05:41:54.630000Z,300.463,92.0,788.0,62.947,0.0,0.0,0.0,42.301,7.827918,0.0,0.0,0.0
2020-08-25T05:41:56.536000Z,2020-08-25T05:41:56.629000Z,298.237,93.0,788.0,60.966,0.0,0.0,0.0,42.301,7.827918,0.0,0.0,0.0
2020-08-25T05:41:58.540000Z,2020-08-25T05:41:58.629000Z,291.574,89.0,788.0,63.364,0.0,0.0,0.0,42.301,7.827918,0.0,0.0,0.0
2020-08-25T05:42:00.549000Z,2020-08-25T05:42:00.638000Z,295.711,89.0,788.0,51.169,0.0,0.0,0.0,42.301,7.827918,0.0,0.0,0.0
2020-08-25T05:42:02.551000Z,2020-08-25T05:42:02.673999Z,698.21,123.0,788.0,57.788,0.0,0.0,0.0,42.301,7.827918,0.0,0.0,0.0
2020-08-25T05:42:04.544999Z,2020-08-25T05:42:04.681999Z,734.458,137.0,788.0,55.567,0.0,0.0,0.0,42.301,10.250119,0.0,0.0,0.0
2020-08-25T05:42:06.544000Z,2020-08-25T05:42:06.709000Z,926.653,165.0,672.0,76.35,0.0,0.0,0.0,42.301,8.320583,0.0,0.0,0.0
2020-08-25T05:42:08.542000Z,2020-08-25T05:42:08.679000Z,691.903,137.0,642.0,52.441,0.0,0.0,0.0,42.301,8.767603,0.0,0.0,0.0
2020-08-25T05:42:10.536000Z,2020-08-25T05:42:10.683000Z,786.606,147.0,642.0,64.324,0.0,0.0,0.0,42.301,9.665018,0.0,0.0,0.0
2020-08-25T05:42:12.539000Z,2020-08-25T05:42:12.662000Z,594.635,123.0,644.0,60.404,0.0,0.0,0.0,42.301,9.448059,0.0,0.0,0.0
2020-08-25T05:42:14.547000Z,2020-08-25T05:42:14.599000Z,7.369,52.0,644.0,53.092,0.0,0.0,0.0,42.301,10.208188,0.0,0.0,0.0
2020-08-25T05:42:16.534000Z,2020-08-25T05:42:16.587000Z,4.589,53.0,644.0,51.904,0.0,0.0,0.0,42.301,10.208188,0.0,0.0,0.0
2020-08-25T05:42:18.537000Z,2020-08-25T05:42:18.591000Z,7.997,54.0,642.0,50.993,0.0,0.0,0.0,42.301,10.208188,0.0,0.0,0.0
2020-08-25T05:42:20.533000Z,2020-08-25T05:42:20.585000Z,16.281,52.0,642.0,49.896,0.0,0.0,0.0,42.301,10.208188,0.0,0.0,0.0
2020-08-25T05:42:22.533000Z,2020-08-25T05:42:22.588000Z,15.569,55.0,640.0,48.631,0.0,0.0,0.0,42.301,10.208188,0.0,0.0,0.0
2020-08-25T05:42:24.548000Z,2020-08-25T05:42:24.609000Z,8.364,61.0,640.0,53.002,0.0,0.0,0.0,42.301,10.208188,0.0,0.0,0.0
2020-08-25T05:42:26.549000Z,2020-08-25T05:42:26.641999Z,191.538,93.0,640.0,53.156,0.0,0.0,0.0,42.301,10.208188,0.0,0.0,0.0
2020-08-25T05:42:28.791000Z,2020-08-25T05:42:28.877000Z,254.721,86.0,640.0,54.468,0.0,0.0,0.0,42.301,10.208188,0.0,0.0,0.0
2020-08-25T05:42:30.793000Z,2020-08-25T05:42:30.865999Z,81.907,73.0,640.0,54.315,0.0,0.0,0.0,42.301,10.208188,0.0,0.0,0.0
2020-08-25T05:42:32.792000Z,2020-08-25T05:42:34.953000Z,1772.525,2161.0,26.0,51.187,0.0,0.0,0.0,42.301,0.129496,0.0,0.0,0.0
2020-08-25T05:42:34.958000Z,2020-08-25T05:42:35.901000Z,2475.606,943.0,126.0,53.188,0.0,0.0,0.0,41.875,1.08447,0.0,0.0,0.0
2020-08-25T05:42:36.553000Z,2020-08-25T05:42:37.033999Z,2217.393,481.0,274.0,56.603,0.0,0.0,0.0,41.812,3.435879,0.0,0.0,0.0
2020-08-25T05:42:38.795000Z,2020-08-25T05:42:39.201999Z,2161.527,407.0,394.0,51.908,0.0,0.0,0.0,41.222,6.002293,0.0,0.0,0.0
2020-08-25T05:42:40.795000Z,2020-08-25T05:42:41.144000Z,2068.172,349.0,418.0,57.565,0.0,0.0,0.0,41.222,5.41976,0.0,0.0,0.0
2020-08-25T05:42:42.800000Z,2020-08-25T05:42:42.851000Z,7.73,51.0,480.0,54.663,0.0,0.0,0.0,41.222,7.860133,0.0,0.0,0.0
2020-08-25T05:42:44.793000Z,2020-08-25T05:42:44.873999Z,215.126,81.0,480.0,51.818,0.0,0.0,0.0,41.222,7.860133,0.0,0.0,0.0
2020-08-25T05:42:46.797000Z,2020-08-25T05:42:46.929999Z,537.46,133.0,480.0,56.616,0.0,0.0,0.0,41.222,7.860133,0.0,0.0,0.0
2020-08-25T05:42:48.799000Z,2020-08-25T05:42:49.205000Z,1375.307,406.0,492.0,51.298,0.0,0.0,0.0,41.222,7.904486,0.0,0.0,0.0
2020-08-25T05:42:50.798000Z,2020-08-25T05:42:51.111000Z,1674.431,313.0,774.0,169.214,0.0,0.0,0.0,41.222,0.894318,0.0,0.0,0.0
2020-08-25T05:42:52.794000Z,2020-08-25T05:42:53.027000Z,1390.493,233.0,532.0,69.829,0.0,0.0,0.0,41.222,7.219709,0.0,0.0,0.0
2020-08-25T05:42:54.785999Z,2020-08-25T05:42:55.017000Z,1201.27,231.0,550.0,70.743,0.0,0.0,0.0,41.222,8.697218,0.0,0.0,0.0
2020-08-25T05:42:56.794000Z,2020-08-25T05:42:57.017999Z,1405.92,224.0,572.0,51.312,0.0,0.0,0.0,41.222,7.32627,0.0,0.0,0.0
2020-08-25T05:42:58.784999Z,2020-08-25T05:42:58.969000Z,1126.528,184.0,600.0,65.902,0.0,0.0,0.0,41.222,8.902308,0.0,0.0,0.0
2020-08-25T05:43:00.787000Z,2020-08-25T05:43:01.000000Z,1417.985,213.0,636.0,53.252,0.0,0.0,0.0,41.222,8.143085,0.0,0.0,0.0
2020-08-25T05:43:02.788000Z,2020-08-25T05:43:03.041000Z,1714.346,253.0,666.0,49.683,0.0,0.0,0.0,41.222,9.790332,0.0,0.0,0.0
2020-08-25T05:43:04.798000Z,2020-08-25T05:43:05.011000Z,1558.435,213.0,916.0,71.793,0.0,0.0,0.0,41.222,9.333762,0.0,0.0,0.0
2020-08-25T05:43:06.841999Z,2020-08-25T05:43:07.149000Z,1548.085,307.0,768.0,56.319,0.0,0.0,0.0,41.222,10.997784,0.0,0.0,0.0
2020-08-25T05:43:08.795000Z,2020-08-25T05:43:09.015000Z,1537.656,220.0,762.0,127.733,0.0,0.0,0.0,41.222,7.359342,0.0,0.0,0.0
2020-08-25T05:43:10.785999Z,2020-08-25T05:43:11.017999Z,1661.257,232.0,790.0,70.617,0.0,0.0,0.0,41.222,11.228628,0.0,0.0,0.0
2020-08-25T05:43:12.794000Z,2020-08-25T05:43:12.993999Z,1387.613,200.0,778.0,59.714,0.0,0.0,0.0,41.222,9.703334,0.0,0.0,0.0
2020-08-25T05:43:14.784999Z,2020-08-25T05:43:14.995000Z,1480.636,210.0,778.0,65.847,0.0,0.0,0.0,41.222,10.397334,0.0,0.0,0.0
2020-08-25T05:43:16.784999Z,2020-08-25T05:43:16.973000Z,1299.953,188.0,778.0,66.76,0.0,0.0,0.0,41.222,11.549318,0.0,0.0,0.0
2020-08-25T05:43:18.797000Z,2020-08-25T05:43:19.089999Z,2278.924,293.0,802.0,64.103,0.0,0.0,0.0,41.222,12.669559,0.0,0.0,0.0
2020-08-25T05:43:20.796000Z,2020-08-25T05:43:20.971000Z,1055.259,175.0,802.0,64.558,0.0,0.0,0.0,41.222,9.687617,0.0,0.0,0.0
2020-08-25T05:43:22.791000Z,2020-08-25T05:43:22.998000Z,1271.554,207.0,814.0,77.126,0.0,0.0,0.0,41.222,10.592094,0.0,0.0,0.0
2020-08-25T05:43:24.803000Z,2020-08-25T05:43:25.093000Z,2267.271,290.0,802.0,85.194,0.0,0.0,0.0,41.222,8.016939,0.0,0.0,0.0
2020-08-25T05:43:26.796000Z,2020-08-25T05:43:26.959000Z,798.896,163.0,790.0,69.858,0.0,0.0,0.0,41.222,1.228816,0.0,0.0,0.0
2020-08-25T05:43:28.801000Z,2020-08-25T05:43:28.929000Z,604.396,128.0,784.0,80.634,0.0,0.0,0.0,41.222,8.734336,0.0,0.0,0.0
2020-08-25T05:43:30.796000Z,2020-08-25T05:43:31.046000Z,1905.894,250.0,784.0,62.534,0.0,0.0,0.0,41.222,8.734336,0.0,0.0,0.0
2020-08-25T05:43:32.797000Z,2020-08-25T05:43:33.117000Z,2309.426,320.0,802.0,72.697,0.0,0.0,0.0,41.222,11.13775,0.0,0.0,0.0
2020-08-25T05:43:34.789000Z,2020-08-25T05:43:35.239000Z,1059.562,450.0,792.0,77.464,0.0,0.0,0.0,41.222,12.195135,0.0,0.0,0.0
2020-08-25T05:43:36.785999Z,2020-08-25T05:43:36.929000Z,669.215,143.0,802.0,56.205,0.0,0.0,0.0,41.222,9.08663,0.0,0.0,0.0
2020-08-25T05:43:38.792000Z,2020-08-25T05:43:38.960000Z,1048.533,168.0,802.0,69.749,0.0,0.0,0.0,41.222,9.08663,0.0,0.0,0.0
2020-08-25T05:43:40.797000Z,2020-08-25T05:43:40.937000Z,770.765,140.0,782.0,72.68,0.0,0.0,0.0,41.222,12.208755,0.0,0.0,0.0
2020-08-25T05:43:42.791000Z,2020-08-25T05:43:42.869000Z,288.031,78.0,782.0,65.892,0.0,0.0,0.0,41.222,10.201045,0.0,0.0,0.0
2020-08-25T05:43:44.803000Z,2020-08-25T05:43:44.967000Z,969.033,164.0,762.0,63.258,0.0,0.0,0.0,41.222,0.044715,0.0,0.0,0.0
2020-08-25T05:43:46.793000Z,2020-08-25T05:43:47.022000Z,1769.127,229.0,762.0,74.338,0.0,0.0,0.0,41.222,8.624405,0.0,0.0,0.0
2020-08-25T05:43:48.794000Z,2020-08-25T05:43:48.977999Z,1298.002,184.0,796.0,74.255,0.0,0.0,0.0,41.222,10.823284,0.0,0.0,0.0
2020-08-25T05:43:50.785999Z,2020-08-25T05:43:50.937000Z,917.009,151.0,796.0,56.439,0.0,0.0,0.0,41.222,10.389745,0.0,0.0,0.0
2020-08-25T05:43:52.793000Z,2020-08-25T05:43:53.022000Z,1678.549,229.0,806.0,67.729,0.0,0.0,0.0,41.222,10.147269,0.0,0.0,0.0
2020-08-25T05:43:54.790000Z,2020-08-25T05:43:54.864000Z,148.935,74.0,796.0,69.555,0.0,0.0,0.0,41.222,11.753049,0.0,0.0,0.0
2020-08-25T05:43:56.793000Z,2020-08-25T05:43:56.937000Z,830.307,144.0,846.0,54.315,0.0,0.0,0.0,41.222,11.753049,0.0,0.0,0.0
2020-08-25T05:43:58.796000Z,2020-08-25T05:43:58.968000Z,960.249,172.0,764.0,62.111,0.0,0.0,0.0,41.222,11.209123,0.0,0.0,0.0
2020-08-25T05:44:00.797000Z,2020-08-25T05:44:00.936000Z,720.337,139.0,728.0,85.202,0.0,0.0,0.0,41.222,9.479962,0.0,0.0,0.0
2020-08-25T05:44:02.790000Z,2020-08-25T05:44:02.964000Z,1099.892,174.0,728.0,66.195,0.0,0.0,0.0,41.222,9.24365,0.0,0.0,0.0
2020-08-25T05:44:04.799000Z,2020-08-25T05:44:04.947000Z,813.447,148.0,734.0,59.829,0.0,0.0,0.0,41.222,9.665652,0.0,0.0,0.0
2020-08-25T05:44:06.785999Z,2020-08-25T05:44:06.879000Z,359.126,93.0,712.0,60.315,0.0,0.0,0.0,41.222,11.206833,0.0,0.0,0.0
2020-08-25T05:44:08.785999Z,2020-08-25T05:44:08.848000Z,66.935,62.0,720.0,52.285,0.0,0.0,0.0,41.222,11.206833,0.0,0.0,0.0
2020-08-25T05:44:10.797000Z,2020-08-25T05:44:10.857000Z,64.014,60.0,726.0,49.781,0.0,0.0,0.0,41.222,11.206833,0.0,0.0,0.0
2020-08-25T05:44:12.799000Z,2020-08-25T05:44:12.868000Z,116.845,69.0,726.0,55.276,0.0,0.0,0.0,41.222,11.206833,0.0,0.0,0.0
2020-08-25T05:44:14.793000Z,2020-08-25T05:44:14.857999Z,59.952,65.0,724.0,50.266,0.0,0.0,0.0,41.222,11.206833,0.0,0.0,0.0
2020-08-25T05:44:16.790000Z,2020-08-25T05:44:16.857999Z,94.199,68.0,724.0,52.27,0.0,0.0,0.0,41.222,11.206833,0.0,0.0,0.0
2020-08-25T05:44:18.788000Z,2020-08-25T05:44:19.001000Z,1094.089,213.0,724.0,53.906,0.0,0.0,0.0,41.222,11.206833,0.0,0.0,0.0
2020-08-25T05:44:20.797000Z,2020-08-25T05:44:21.027000Z,1636.06,230.0,631.0,54.741,0.0,0.0,0.0,41.222,0.2962,0.0,0.0,0.0
2020-08-25T05:44:22.795000Z,2020-08-25T05:44:22.899000Z,362.869,104.0,732.0,66.621,0.0,0.0,0.0,41.222,11.704571,0.0,0.0,0.0
2020-08-25T05:44:24.784000Z,2020-08-25T05:44:24.857999Z,242.236,74.0,738.0,62.923,0.0,0.0,0.0,41.222,11.704571,0.0,0.0,0.0
2020-08-25T05:44:26.784999Z,2020-08-25T05:44:26.865999Z,233.465,81.0,738.0,54.912,0.0,0.0,0.0,41.222,11.704571,0.0,0.0,0.0
2020-08-25T05:44:28.794000Z,2020-08-25T05:44:28.937999Z,824.009,144.0,738.0,48.552,0.0,0.0,0.0,41.222,11.704571,0.0,0.0,0.0
2020-08-25T05:44:30.787000Z,2020-08-25T05:44:30.953000Z,1091.285,166.0,760.0,70.989,0.0,0.0,0.0,41.222,8.975893,0.0,0.0,0.0
2020-08-25T05:44:32.801999Z,2020-08-25T05:44:32.953999Z,919.801,152.0,784.0,56.473,0.0,0.0,0.0,41.222,11.814118,0.0,0.0,0.0
2020-08-25T05:44:34.785999Z,2020-08-25T05:44:35.367000Z,1052.403,581.0,790.0,69.419,0.0,0.0,0.0,41.222,10.885627,0.0,0.0,0.0
2020-08-25T05:44:36.797000Z,2020-08-25T05:44:37.187000Z,884.757,390.0,790.0,368.234,0.0,0.0,0.0,41.222,1.215514,0.0,0.0,0.0
2020-08-25T05:44:38.794000Z,2020-08-25T05:44:38.894000Z,357.041,100.0,690.0,112.149,0.0,0.0,0.0,41.222,0.020946,0.0,0.0,0.0
2020-08-25T05:44:40.793000Z,2020-08-25T05:44:40.955000Z,1053.545,162.0,4.0,65.12,0.0,0.0,0.0,41.222,3.924731,0.0,0.0,0.0
2020-08-25T05:44:42.804999Z,2020-08-25T05:44:43.552000Z,1020.217,747.0,766.0,56.848,0.0,0.0,0.0,41.222,11.073536,0.0,0.0,0.0
2020-08-25T05:44:44.796000Z,2020-08-25T05:44:44.928000Z,337.92,132.0,760.0,373.248,0.0,0.0,0.0,41.222,0.925343,0.0,0.0,0.0
2020-08-25T05:44:46.792000Z,2020-08-25T05:44:46.889000Z,330.385,97.0,760.0,107.902,0.0,0.0,0.0,41.222,2.752688,0.0,0.0,0.0
2020-08-25T05:44:48.787000Z,2020-08-25T05:44:48.894000Z,342.298,107.0,754.0,53.61,0.0,0.0,0.0,41.222,4.881785,0.0,0.0,0.0
2020-08-25T05:44:50.794000Z,2020-08-25T05:44:50.889999Z,318.752,96.0,754.0,61.499,0.0,0.0,0.0,41.222,4.881785,0.0,0.0,0.0
2020-08-25T05:44:52.801999Z,2020-08-25T05:44:54.297999Z,1130.185,1496.0,754.0,61.313,0.0,0.0,0.0,41.222,4.881785,0.0,0.0,0.0
2020-08-25T05:44:54.784999Z,2020-08-25T05:44:55.262000Z,1256.264,477.0,178.0,417.454,0.0,0.0,0.0,41.222,0.492042,0.0,0.0,0.0
2020-08-25T05:44:56.793000Z,2020-08-25T05:44:57.376000Z,1259.397,583.0,214.0,49.061,0.0,0.0,0.0,41.222,3.11759,0.0,0.0,0.0
2020-08-25T05:44:58.789000Z,2020-08-25T05:44:59.156000Z,1240.536,367.0,246.0,170.789,0.0,0.0,0.0,41.222,1.708622,0.0,0.0,0.0
2020-08-25T05:45:00.795000Z,2020-08-25T05:45:01.213000Z,1018.43,418.0,272.0,51.686,0.0,0.0,0.0,41.222,4.458219,0.0,0.0,0.0
2020-08-25T05:45:02.792000Z,2020-08-25T05:45:03.339000Z,1138.375,547.0,324.0,189.777,0.0,0.0,0.0,41.222,1.890329,0.0,0.0,0.0
2020-08-25T05:45:04.800000Z,2020-08-25T05:45:05.081000Z,1241.868,281.0,326.0,256.258,0.0,0.0,0.0,41.222,1.625,0.0,0.0,0.0
2020-08-25T05:45:06.790000Z,2020-08-25T05:45:06.987000Z,932.673,197.0,378.0,47.555,0.0,0.0,0.0,41.222,6.136701,0.0,0.0,0.0
2020-08-25T05:45:08.788000Z,2020-08-25T05:45:08.995000Z,987.267,207.0,428.0,51.792,0.0,0.0,0.0,41.222,6.836285,0.0,0.0,0.0
2020-08-25T05:45:10.795000Z,2020-08-25T05:45:11.019000Z,1019.44,224.0,422.0,54.538,0.0,0.0,0.0,41.222,6.105358,0.0,0.0,0.0
2020-08-25T05:45:12.789000Z,2020-08-25T05:45:12.859000Z,111.351,70.0,470.0,54.086,0.0,0.0,0.0,41.222,6.117681,0.0,0.0,0.0
2020-08-25T05:45:14.790000Z,2020-08-25T05:45:14.849000Z,55.924,59.0,470.0,52.521,0.0,0.0,0.0,41.222,6.117681,0.0,0.0,0.0
2020-08-25T05:45:16.794000Z,2020-08-25T05:45:16.884000Z,239.524,90.0,470.0,49.174,0.0,0.0,0.0,41.222,6.117681,0.0,0.0,0.0
2020-08-25T05:45:18.791000Z,2020-08-25T05:45:19.060000Z,1455.005,269.0,470.0,51.188,0.0,0.0,0.0,41.222,6.117681,0.0,0.0,0.0
2020-08-25T05:45:20.793000Z,2020-08-25T05:45:20.899000Z,335.035,106.0,490.0,52.294,0.0,0.0,0.0,41.222,7.0104,0.0,0.0,0.0
2020-08-25T05:45:22.796000Z,2020-08-25T05:45:22.953000Z,808.22,157.0,484.0,56.896,0.0,0.0,0.0,41.222,7.0104,0.0,0.0,0.0
2020-08-25T05:45:24.789000Z,2020-08-25T05:45:24.953000Z,799.789,164.0,544.0,53.532,0.0,0.0,0.0,41.222,8.142533,0.0,0.0,0.0
2020-08-25T05:45:26.794000Z,2020-08-25T05:45:27.011000Z,686.04,217.0,562.0,56.336,0.0,0.0,0.0,41.222,8.471511,0.0,0.0,0.0
2020-08-25T05:45:28.796000Z,2020-08-25T05:45:28.894000Z,300.189,98.0,566.0,131.751,0.0,0.0,0.0,41.222,3.666399,0.0,0.0,0.0
2020-08-25T05:45:30.792000Z,2020-08-25T05:45:31.233000Z,856.541,441.0,566.0,50.449,0.0,0.0,0.0,41.222,3.666399,0.0,0.0,0.0
2020-08-25T05:45:32.788000Z,2020-08-25T05:45:32.942000Z,859.305,154.0,580.0,51.974,0.0,0.0,0.0,41.222,9.17317,0.0,0.0,0.0
2020-08-25T05:45:34.792000Z,2020-08-25T05:45:34.889000Z,208.236,97.0,601.0,61.309,0.0,0.0,0.0,41.222,9.4848,0.0,0.0,0.0
2020-08-25T05:45:36.789000Z,2020-08-25T05:45:36.916000Z,477.681,127.0,620.0,64.138,0.0,0.0,0.0,41.222,9.4848,0.0,0.0,0.0
2020-08-25T05:45:38.784000Z,2020-08-25T05:45:38.895000Z,427.43,111.0,620.0,63.465,0.0,0.0,0.0,41.222,9.4848,0.0,0.0,0.0
2020-08-25T05:45:40.792000Z,2020-08-25T05:45:40.901000Z,297.951,109.0,624.0,56.95,0.0,0.0,0.0,41.222,9.4848,0.0,0.0,0.0
2020-08-25T05:45:42.793000Z,2020-08-25T05:45:42.881000Z,318.071,88.0,624.0,58.997,0.0,0.0,0.0,41.222,9.4848,0.0,0.0,0.0
2020-08-25T05:45:44.789000Z,2020-08-25T05:45:44.911000Z,492.885,122.0,634.0,54.99,0.0,0.0,0.0,41.222,9.4848,0.0,0.0,0.0
2020-08-25T05:45:46.792000Z,2020-08-25T05:45:46.969000Z,1057.622,177.0,634.0,63.432,0.0,0.0,0.0,41.222,6.783423,0.0,0.0,0.0
2020-08-25T05:45:48.807000Z,2020-08-25T05:45:48.972000Z,864.409,165.0,650.0,54.06,0.0,0.0,0.0,41.222,9.499765,0.0,0.0,0.0
2020-08-25T05:45:50.793000Z,2020-08-25T05:45:50.900000Z,401.452,107.0,652.0,54.654,0.0,0.0,0.0,41.222,6.772806,0.0,0.0,0.0
2020-08-25T05:45:52.788000Z,2020-08-25T05:45:52.877000Z,356.861,89.0,658.0,67.971,0.0,0.0,0.0,41.222,6.772806,0.0,0.0,0.0
2020-08-25T05:45:54.787000Z,2020-08-25T05:45:55.014000Z,1585.346,227.0,658.0,46.642,0.0,0.0,0.0,41.222,6.772806,0.0,0.0,0.0
2020-08-25T05:45:56.801999Z,2020-08-25T05:45:57.000000Z,1327.559,198.0,716.0,61.448,0.0,0.0,0.0,41.222,9.277969,0.0,0.0,0.0
2020-08-25T05:45:58.788000Z,2020-08-25T05:45:58.976000Z,1132.294,188.0,734.0,74.152,0.0,0.0,0.0,41.222,9.202719,0.0,0.0,0.0
2020-08-25T05:46:00.794000Z,2020-08-25T05:46:01.035000Z,1755.007,241.0,734.0,91.248,0.0,0.0,0.0,41.222,11.254874,0.0,0.0,0.0
2020-08-25T05:46:02.796000Z,2020-08-25T05:46:03.023000Z,1268.274,227.0,730.0,81.506,0.0,0.0,0.0,41.222,9.930427,0.0,0.0,0.0
2020-08-25T05:46:04.789000Z,2020-08-25T05:46:06.240000Z,1111.505,1451.0,712.0,84.967,0.0,0.0,0.0,41.222,8.242188,0.0,0.0,0.0
2020-08-25T05:46:06.785999Z,2020-08-25T05:46:07.321999Z,1213.471,536.0,590.0,391.843,0.0,0.0,0.0,41.222,0.858288,0.0,0.0,0.0
2020-08-25T05:46:08.811000Z,2020-08-25T05:46:09.313999Z,1095.034,503.0,196.0,62.153,0.0,0.0,0.0,41.222,1.163266,0.0,0.0,0.0
2020-08-25T05:46:10.787000Z,2020-08-25T05:46:11.265999Z,892.539,479.0,196.0,95.403,0.0,0.0,0.0,41.222,2.266736,0.0,0.0,0.0
2020-08-25T05:46:12.799000Z,2020-08-25T05:46:13.278000Z,870.536,479.0,270.0,150.85,0.0,0.0,0.0,41.222,2.625497,0.0,0.0,0.0
2020-08-25T05:46:14.816000Z,2020-08-25T05:46:15.515000Z,1267.548,699.0,244.0,121.051,0.0,0.0,0.0,41.222,2.410218,0.0,0.0,0.0
2020-08-25T05:46:16.795000Z,2020-08-25T05:46:17.283000Z,1374.951,488.0,230.0,146.672,0.0,0.0,0.0,41.222,1.72989,0.0,0.0,0.0
2020-08-25T05:46:18.803000Z,2020-08-25T05:46:19.317000Z,1458.771,514.0,244.0,60.162,0.0,0.0,0.0,41.222,3.694044,0.0,0.0,0.0
2020-08-25T05:46:20.804000Z,2020-08-25T05:46:21.739000Z,1600.091,935.0,260.0,118.376,0.0,0.0,0.0,41.222,2.841742,0.0,0.0,0.0
2020-08-25T05:46:22.800000Z,2020-08-25T05:46:23.777000Z,1607.207,977.0,260.0,221.365,0.0,0.0,0.0,41.222,1.605028,0.0,0.0,0.0
2020-08-25T05:46:24.798000Z,2020-08-25T05:46:25.648000Z,1374.451,850.0,172.0,157.092,0.0,0.0,0.0,41.222,1.859569,0.0,0.0,0.0
2020-08-25T05:46:26.799000Z,2020-08-25T05:46:27.069000Z,325.316,270.0,134.0,80.878,0.0,0.0,0.0,41.222,1.95113,0.0,0.0,0.0
2020-08-25T05:46:28.792000Z,2020-08-25T05:46:28.857999Z,23.417,66.0,132.0,62.957,0.0,0.0,0.0,41.222,1.539055,0.0,0.0,0.0
2020-08-25T05:46:30.799000Z,2020-08-25T05:46:30.854000Z,4.709,55.0,132.0,59.768,0.0,0.0,0.0,41.222,1.539055,0.0,0.0,0.0
2020-08-25T05:46:32.793000Z,2020-08-25T05:46:32.851000Z,7.796,58.0,132.0,50.335,0.0,0.0,0.0,41.222,1.539055,0.0,0.0,0.0
2020-08-25T05:46:34.795000Z,2020-08-25T05:46:35.198000Z,821.872,403.0,132.0,51.688,0.0,0.0,0.0,41.222,1.539055,0.0,0.0,0.0
2020-08-25T05:46:37.048000Z,2020-08-25T05:46:37.267000Z,332.364,219.0,164.0,49.524,0.0,0.0,0.0,41.222,1.833096,0.0,0.0,0.0
2020-08-25T05:46:38.792000Z,2020-08-25T05:46:39.069000Z,304.631,277.0,164.0,79.034,0.0,0.0,0.0,41.222,2.121839,0.0,0.0,0.0
2020-08-25T05:46:40.801999Z,2020-08-25T05:46:41.022000Z,311.012,220.0,164.0,142.88,0.0,0.0,0.0,41.222,1.615647,0.0,0.0,0.0
2020-08-25T05:46:43.044999Z,2020-08-25T05:46:43.367000Z,419.717,322.0,164.0,66.206,0.0,0.0,0.0,41.222,1.995053,0.0,0.0,0.0
2020-08-25T05:46:45.040000Z,2020-08-25T05:46:45.854000Z,1002.996,814.0,162.0,95.874,0.0,0.0,0.0,41.222,1.275986,0.0,0.0,0.0
2020-08-25T05:46:46.888000Z,2020-08-25T05:46:47.017000Z,193.475,129.0,170.0,81.72,0.0,0.0,0.0,41.222,1.499141,0.0,0.0,0.0
2020-08-25T05:46:49.050000Z,2020-08-25T05:46:49.219000Z,317.668,169.0,184.0,56.118,0.0,0.0,0.0,41.222,2.386356,0.0,0.0,0.0
2020-08-25T05:46:51.055000Z,2020-08-25T05:46:51.276000Z,538.318,221.0,206.0,50.612,0.0,0.0,0.0,41.222,3.475963,0.0,0.0,0.0
2020-08-25T05:46:53.059000Z,2020-08-25T05:46:53.235000Z,404.41,176.0,210.0,49.928,0.0,0.0,0.0,41.222,3.035068,0.0,0.0,0.0
2020-08-25T05:46:55.041000Z,2020-08-25T05:46:55.384000Z,1176.848,343.0,226.0,48.334,0.0,0.0,0.0,41.222,2.554966,0.0,0.0,0.0
2020-08-25T05:46:57.050000Z,2020-08-25T05:46:57.360000Z,1290.789,310.0,312.0,51.319,0.0,0.0,0.0,41.222,3.948866,0.0,0.0,0.0
2020-08-25T05:46:59.051000Z,2020-08-25T05:46:59.574000Z,1154.217,523.0,338.0,53.712,0.0,0.0,0.0,41.222,5.460261,0.0,0.0,0.0
2020-08-25T05:47:01.044999Z,2020-08-25T05:47:01.368000Z,1220.958,323.0,364.0,54.609,0.0,0.0,0.0,41.222,4.992273,0.0,0.0,0.0
2020-08-25T05:47:03.035000Z,2020-08-25T05:47:03.281999Z,1306.784,247.0,410.0,112.587,0.0,0.0,0.0,41.222,3.852119,0.0,0.0,0.0
2020-08-25T05:47:05.041000Z,2020-08-25T05:47:05.321999Z,1704.705,281.0,498.0,61.019,0.0,0.0,0.0,41.222,7.913466,0.0,0.0,0.0
2020-08-25T05:47:07.041999Z,2020-08-25T05:47:07.329000Z,1674.886,287.0,548.0,55.308,0.0,0.0,0.0,41.222,8.588938,0.0,0.0,0.0
2020-08-25T05:47:09.051000Z,2020-08-25T05:47:09.445000Z,1866.579,394.0,550.0,65.436,0.0,0.0,0.0,41.222,7.600824,0.0,0.0,0.0
2020-08-25T05:47:10.910000Z,2020-08-25T05:47:12.943000Z,2745.031,2033.0,641.0,110.077,0.0,0.0,0.0,41.222,3.488812,0.0,0.0,0.0
2020-08-25T05:47:12.949000Z,2020-08-25T05:47:13.825000Z,3325.311,876.0,194.0,307.161,0.0,0.0,0.0,41.222,0.090419,0.0,0.0,0.0
2020-08-25T05:47:15.046000Z,2020-08-25T05:47:15.574000Z,3413.543,528.0,412.0,50.254,0.0,0.0,0.0,41.222,5.748442,0.0,0.0,0.0
2020-08-25T05:47:17.053000Z,2020-08-25T05:47:17.921999Z,2986.382,869.0,574.0,60.066,0.0,0.0,0.0,41.222,9.516264,0.0,0.0,0.0
2020-08-25T05:47:19.049000Z,2020-08-25T05:47:19.529000Z,2178.096,480.0,575.0,128.868,0.0,0.0,0.0,41.222,1.113295,0.0,0.0,0.0
2020-08-25T05:47:21.055000Z,2020-08-25T05:47:21.457999Z,1603.419,403.0,630.0,131.204,0.0,0.0,0.0,41.222,2.729183,0.0,0.0,0.0
2020-08-25T05:47:23.052000Z,2020-08-25T05:47:23.665000Z,1426.967,613.0,624.0,182.463,0.0,0.0,0.0,41.222,4.988213,0.0,0.0,0.0
2020-08-25T05:47:25.062000Z,2020-08-25T05:47:25.423000Z,1302.848,361.0,624.0,330.32,0.0,0.0,0.0,41.222,1.300591,0.0,0.0,0.0
2020-08-25T05:47:27.057000Z,2020-08-25T05:47:27.223000Z,342.205,166.0,4.0,200.114,0.0,0.0,0.0,41.222,3.113814,0.0,0.0,0.0
2020-08-25T05:47:29.044000Z,2020-08-25T05:47:29.260000Z,569.665,216.0,555.0,109.402,0.0,0.0,0.0,41.222,3.113814,0.0,0.0,0.0
2020-08-25T05:47:31.044999Z,2020-08-25T05:47:31.121000Z,42.845,76.0,498.0,57.268,0.0,0.0,0.0,41.222,3.405671,0.0,0.0,0.0
2020-08-25T05:47:33.040000Z,2020-08-25T05:47:33.125000Z,208.235,85.0,498.0,58.22,0.0,0.0,0.0,41.222,3.405671,0.0,0.0,0.0
2020-08-25T05:47:34.864000Z,2020-08-25T05:47:34.948000Z,178.01,84.0,500.0,53.656,0.0,0.0,0.0,41.222,3.405671,0.0,0.0,0.0
2020-08-25T05:47:37.049000Z,2020-08-25T05:47:37.171000Z,454.373,122.0,500.0,53.513,0.0,0.0,0.0,41.222,3.405671,0.0,0.0,0.0
2020-08-25T05:47:39.046000Z,2020-08-25T05:47:39.132000Z,176.881,86.0,404.0,61.692,0.0,0.0,0.0,41.245,5.692768,0.0,0.0,0.0
2020-08-25T05:47:41.055000Z,2020-08-25T05:47:41.333000Z,1317.42,278.0,396.0,60.39,0.0,0.0,0.0,41.245,5.692768,0.0,0.0,0.0
2020-08-25T05:47:43.043000Z,2020-08-25T05:47:43.300000Z,1455.925,257.0,454.0,51.87,0.0,0.0,0.0,41.245,4.921244,0.0,0.0,0.0
2020-08-25T05:47:45.048000Z,2020-08-25T05:47:45.304000Z,1592.038,256.0,502.0,52.347,0.0,0.0,0.0,39.652,8.259128,0.0,0.0,0.0
2020-08-25T05:47:47.052000Z,2020-08-25T05:47:47.312000Z,1511.813,260.0,534.0,59.192,0.0,0.0,0.0,39.652,6.641277,0.0,0.0,0.0
2020-08-25T05:47:49.040000Z,2020-08-25T05:47:49.283000Z,1429.047,243.0,536.0,61.311,0.0,0.0,0.0,39.652,6.875544,0.0,0.0,0.0
2020-08-25T05:47:51.041000Z,2020-08-25T05:47:51.259000Z,1360.405,218.0,544.0,63.787,0.0,0.0,0.0,39.652,9.432087,0.0,0.0,0.0
2020-08-25T05:47:53.050000Z,2020-08-25T05:47:53.121999Z,107.84,72.0,538.0,55.976,0.0,0.0,0.0,39.652,8.861567,0.0,0.0,0.0
2020-08-25T05:47:55.038000Z,2020-08-25T05:47:55.156000Z,548.25,118.0,593.0,53.912,0.0,0.0,0.0,39.652,8.861567,0.0,0.0,0.0
2020-08-25T05:47:57.051000Z,2020-08-25T05:47:57.165000Z,466.2,114.0,610.0,56.819,0.0,0.0,0.0,39.652,8.218333,0.0,0.0,0.0
2020-08-25T05:47:59.052000Z,2020-08-25T05:47:59.167000Z,461.227,115.0,604.0,52.641,0.0,0.0,0.0,39.652,8.256187,0.0,0.0,0.0
2020-08-25T05:48:01.047000Z,2020-08-25T05:48:01.180000Z,440.478,133.0,604.0,60.28,0.0,0.0,0.0,39.652,8.256187,0.0,0.0,0.0
2020-08-25T05:48:03.049000Z,2020-08-25T05:48:03.157000Z,446.637,108.0,604.0,70.849,0.0,0.0,0.0,39.652,8.256187,0.0,0.0,0.0
2020-08-25T05:48:05.050000Z,2020-08-25T05:48:05.159000Z,437.608,109.0,604.0,48.617,0.0,0.0,0.0,39.652,8.256187,0.0,0.0,0.0
2020-08-25T05:48:07.035000Z,2020-08-25T05:48:07.159000Z,433.873,124.0,604.0,59.061,0.0,0.0,0.0,39.652,8.256187,0.0,0.0,0.0
2020-08-25T05:48:09.051000Z,2020-08-25T05:48:09.163000Z,462.309,112.0,534.0,67.833,0.0,0.0,0.0,39.652,6.626117,0.0,0.0,0.0
2020-08-25T05:48:11.041000Z,2020-08-25T05:48:11.160000Z,455.605,119.0,474.0,53.014,0.0,0.0,0.0,39.652,8.414171,0.0,0.0,0.0
2020-08-25T05:48:13.038000Z,2020-08-25T05:48:13.148000Z,437.489,110.0,526.0,59.574,0.0,0.0,0.0,39.652,6.813126,0.0,0.0,0.0
2020-08-25T05:48:15.040000Z,2020-08-25T05:48:15.143000Z,388.649,103.0,524.0,47.895,0.0,0.0,0.0,39.652,7.751455,0.0,0.0,0.0
2020-08-25T05:48:17.046000Z,2020-08-25T05:48:17.182000Z,502.669,136.0,524.0,52.035,0.0,0.0,0.0,39.652,7.333612,0.0,0.0,0.0
2020-08-25T05:48:19.050000Z,2020-08-25T05:48:19.165000Z,464.753,115.0,524.0,56.084,0.0,0.0,0.0,39.652,6.942707,0.0,0.0,0.0
2020-08-25T05:48:21.041999Z,2020-08-25T05:48:21.168000Z,451.222,126.0,498.0,63.478,0.0,0.0,0.0,39.652,6.773701,0.0,0.0,0.0
2020-08-25T05:48:23.037000Z,2020-08-25T05:48:23.404000Z,468.81,367.0,498.0,52.724,0.0,0.0,0.0,39.652,7.397376,0.0,0.0,0.0
2020-08-25T05:48:25.036000Z,2020-08-25T05:48:25.151000Z,442.617,115.0,488.0,51.436,0.0,0.0,0.0,39.652,7.297086,0.0,0.0,0.0
2020-08-25T05:48:27.044000Z,2020-08-25T05:48:27.169000Z,451.519,125.0,488.0,60.282,0.0,0.0,0.0,39.652,6.836018,0.0,0.0,0.0
2020-08-25T05:48:29.038000Z,2020-08-25T05:48:29.143000Z,454.22,105.0,518.0,53.896,0.0,0.0,0.0,39.652,7.08704,0.0,0.0,0.0
2020-08-25T05:48:31.049000Z,2020-08-25T05:48:31.190000Z,485.142,141.0,524.0,51.018,0.0,0.0,0.0,39.652,8.410657,0.0,0.0,0.0
2020-08-25T05:48:33.051000Z,2020-08-25T05:48:33.168000Z,469.538,117.0,526.0,53.419,0.0,0.0,0.0,39.652,8.410657,0.0,0.0,0.0
2020-08-25T05:48:35.046000Z,2020-08-25T05:48:35.172000Z,459.926,126.0,526.0,57.494,0.0,0.0,0.0,39.652,7.085474,0.0,0.0,0.0
2020-08-25T05:48:37.047000Z,2020-08-25T05:48:37.161999Z,455.384,115.0,526.0,58.844,0.0,0.0,0.0,39.652,7.011941,0.0,0.0,0.0
2020-08-25T05:48:39.040000Z,2020-08-25T05:48:39.175000Z,446.358,135.0,520.0,49.105,0.0,0.0,0.0,39.652,7.202201,0.0,0.0,0.0
2020-08-25T05:48:41.035000Z,2020-08-25T05:48:41.169999Z,463.975,135.0,496.0,67.664,0.0,0.0,0.0,39.652,5.422436,0.0,0.0,0.0
