start_time,end_time,size,trans_time,cwnd,rtt,rto,ssthresh,last_snd,min_rtt,delivery_rate,bytes_sent,bytes_retrans,client_trans_time
2020-08-25T06:06:07.236000Z,2020-08-25T06:06:08.097000Z,10.339,861.0,30.0,144.844,0.0,0.0,0.0,53.832,0.133511,0.0,0.0,0.0
2020-08-25T06:06:08.097000Z,2020-08-25T06:06:08.293000Z,16.109,196.0,30.0,161.532,0.0,0.0,0.0,53.832,0.047998,0.0,0.0,0.0
2020-08-25T06:06:08.293000Z,2020-08-25T06:06:09.349000Z,44.097,1056.0,30.0,123.114,0.0,0.0,0.0,53.832,0.117859,0.0,0.0,0.0
2020-08-25T06:06:09.349000Z,2020-08-25T06:06:10.111000Z,129.122,762.0,30.0,344.474,0.0,0.0,0.0,53.832,0.117596,0.0,0.0,0.0
2020-08-25T06:06:10.112000Z,2020-08-25T06:06:12.516000Z,259.786,2404.0,28.0,136.635,0.0,0.0,0.0,53.832,0.158964,0.0,0.0,0.0
2020-08-25T06:06:12.516000Z,2020-08-25T06:06:14.336000Z,139.411,1820.0,34.0,338.727,0.0,0.0,0.0,53.832,0.061509,0.0,0.0,0.0
2020-08-25T06:06:14.337000Z,2020-08-25T06:06:15.215000Z,110.132,878.0,34.0,320.629,0.0,0.0,0.0,53.832,0.109482,0.0,0.0,0.0
2020-08-25T06:06:15.216000Z,2020-08-25T06:06:16.497000Z,127.145,1281.0,28.0,195.886,0.0,0.0,0.0,53.832,0.12363,0.0,0.0,0.0
2020-08-25T06:06:16.498000Z,2020-08-25T06:06:18.595000Z,215.394,2097.0,28.0,228.329,0.0,0.0,0.0,53.832,0.088441,0.0,0.0,0.0
2020-08-25T06:06:18.596000Z,2020-08-25T06:06:19.476000Z,97.116,880.0,30.0,375.344,0.0,0.0,0.0,53.832,0.048515,0.0,0.0,0.0
2020-08-25T06:06:19.476000Z,2020-08-25T06:06:20.389000Z,38.937,913.0,30.0,306.092,0.0,0.0,0.0,53.832,0.081592,0.0,0.0,0.0
2020-08-25T06:06:20.390000Z,2020-08-25T06:06:24.660000Z,320.491,4270.0,24.0,395.333,0.0,0.0,0.0,53.832,0.08839,0.0,0.0,0.0
2020-08-25T06:06:24.661000Z,2020-08-25T06:06:27.430000Z,257.843,2769.0,16.0,184.129,0.0,0.0,0.0,53.832,0.110234,0.0,0.0,0.0
2020-08-25T06:06:27.431000Z,2020-08-25T06:06:29.865000Z,224.573,2434.0,24.0,222.332,0.0,0.0,0.0,53.832,0.098906,0.0,0.0,0.0
2020-08-25T06:06:29.866000Z,2020-08-25T06:06:33.113999Z,272.316,3248.0,24.0,152.716,0.0,0.0,0.0,53.832,0.099243,0.0,0.0,0.0
2020-08-25T06:06:33.116000Z,2020-08-25T06:06:38.876000Z,728.099,5760.0,24.0,508.018,0.0,0.0,0.0,53.832,0.060035,0.0,0.0,0.0
2020-08-25T06:06:38.876999Z,2020-08-25T06:06:40.046000Z,191.573,1169.0,30.0,496.262,0.0,0.0,0.0,53.832,0.085342,0.0,0.0,0.0
2020-08-25T06:06:40.047000Z,2020-08-25T06:06:40.912000Z,104.695,865.0,30.0,96.676,0.0,0.0,0.0,53.832,0.207866,0.0,0.0,0.0
2020-08-25T06:06:40.912000Z,2020-08-25T06:06:42.270000Z,221.761,1358.0,32.0,99.736,0.0,0.0,0.0,53.832,0.213627,0.0,0.0,0.0
2020-08-25T06:06:42.270000Z,2020-08-25T06:06:43.825000Z,184.901,1555.0,32.0,142.046,0.0,0.0,0.0,53.832,0.124363,0.0,0.0,0.0
2020-08-25T06:06:43.826000Z,2020-08-25T06:06:44.233000Z,46.124,407.0,26.0,265.787,0.0,0.0,0.0,53.832,0.13574,0.0,0.0,0.0
2020-08-25T06:06:44.233000Z,2020-08-25T06:06:44.428000Z,20.608,195.0,26.0,168.415,0.0,0.0,0.0,53.832,0.161272,0.0,0.0,0.0
2020-08-25T06:06:44.429000Z,2020-08-25T06:06:45.109000Z,75.423,680.0,26.0,108.148,0.0,0.0,0.0,53.832,0.194194,0.0,0.0,0.0
2020-08-25T06:06:45.111000Z,2020-08-25T06:06:54.628000Z,974.209,9517.0,28.0,196.593,0.0,0.0,0.0,53.832,0.069281,0.0,0.0,0.0
2020-08-25T06:06:54.629000Z,2020-08-25T06:06:55.356000Z,96.507,727.0,16.0,164.478,0.0,0.0,0.0,53.832,0.094997,0.0,0.0,0.0
2020-08-25T06:06:55.356000Z,2020-08-25T06:06:55.961999Z,84.563,606.0,34.0,106.418,0.0,0.0,0.0,53.832,0.187343,0.0,0.0,0.0
2020-08-25T06:06:55.963000Z,2020-08-25T06:06:56.844000Z,158.326,881.0,36.0,107.111,0.0,0.0,0.0,53.832,0.196698,0.0,0.0,0.0
2020-08-25T06:06:56.845000Z,2020-08-25T06:06:59.421000Z,447.954,2576.0,38.0,193.669,0.0,0.0,0.0,53.832,0.112214,0.0,0.0,0.0
2020-08-25T06:06:59.422000Z,2020-08-25T06:07:00.415000Z,70.177,993.0,38.0,150.564,0.0,0.0,0.0,53.832,0.011832,0.0,0.0,0.0
2020-08-25T06:07:00.416000Z,2020-08-25T06:07:04.319000Z,598.69,3903.0,34.0,144.453,0.0,0.0,0.0,53.832,0.15805,0.0,0.0,0.0
2020-08-25T06:07:04.320000Z,2020-08-25T06:07:09.724000Z,466.659,5404.0,36.0,191.448,0.0,0.0,0.0,53.832,0.242565,0.0,0.0,0.0
2020-08-25T06:07:09.724000Z,2020-08-25T06:07:10.321999Z,36.029,598.0,12.0,271.088,0.0,0.0,0.0,53.832,0.05636,0.0,0.0,0.0
2020-08-25T06:07:10.321999Z,2020-08-25T06:07:10.910000Z,39.226,588.0,12.0,131.94,0.0,0.0,0.0,53.832,0.063129,0.0,0.0,0.0
2020-08-25T06:07:10.910000Z,2020-08-25T06:07:11.927000Z,49.545,1016.9999999999999,12.0,118.443,0.0,0.0,0.0,53.832,0.075708,0.0,0.0,0.0
2020-08-25T06:07:11.928000Z,2020-08-25T06:07:13.113999Z,64.382,1186.0,14.0,152.467,0.0,0.0,0.0,53.832,0.023216,0.0,0.0,0.0
2020-08-25T06:07:13.115000Z,2020-08-25T06:07:14.350000Z,77.811,1235.0,20.0,396.758,0.0,0.0,0.0,53.832,0.044613,0.0,0.0,0.0
2020-08-25T06:07:14.351000Z,2020-08-25T06:07:16.051000Z,123.569,1700.0,16.0,234.053,0.0,0.0,0.0,53.832,0.08299,0.0,0.0,0.0
2020-08-25T06:07:16.052000Z,2020-08-25T06:07:18.990000Z,271.5,2938.0,16.0,104.094,0.0,0.0,0.0,53.832,0.095755,0.0,0.0,0.0
2020-08-25T06:07:18.991000Z,2020-08-25T06:07:24.579000Z,495.51,5588.0,22.0,388.293,0.0,0.0,0.0,53.832,0.067856,0.0,0.0,0.0
2020-08-25T06:07:24.580000Z,2020-08-25T06:07:26.413000Z,278.984,1833.0,24.0,255.232,0.0,0.0,0.0,53.832,0.104155,0.0,0.0,0.0
2020-08-25T06:07:26.414000Z,2020-08-25T06:07:27.509000Z,143.898,1095.0,26.0,139.381,0.0,0.0,0.0,53.832,0.119052,0.0,0.0,0.0
2020-08-25T06:07:27.510000Z,2020-08-25T06:07:28.060000Z,41.833,550.0,26.0,264.836,0.0,0.0,0.0,53.832,0.140505,0.0,0.0,0.0
2020-08-25T06:07:28.060000Z,2020-08-25T06:07:28.589000Z,54.947,529.0,26.0,161.051,0.0,0.0,0.0,53.832,0.143307,0.0,0.0,0.0
2020-08-25T06:07:28.590000Z,2020-08-25T06:07:29.135000Z,58.64,545.0,26.0,198.645,0.0,0.0,0.0,53.832,0.161804,0.0,0.0,0.0
2020-08-25T06:07:29.135000Z,2020-08-25T06:07:29.621000Z,81.555,486.0,26.0,152.208,0.0,0.0,0.0,53.832,0.088926,0.0,0.0,0.0
2020-08-25T06:07:29.622000Z,2020-08-25T06:07:32.913999Z,410.584,3292.0,30.0,89.158,0.0,0.0,0.0,53.832,0.132838,0.0,0.0,0.0
2020-08-25T06:07:32.916000Z,2020-08-25T06:07:37.251000Z,741.438,4335.0,32.0,582.863,0.0,0.0,0.0,53.832,0.061647,0.0,0.0,0.0
2020-08-25T06:07:37.252000Z,2020-08-25T06:07:38.968000Z,234.285,1716.0,34.0,117.031,0.0,0.0,0.0,53.832,0.223702,0.0,0.0,0.0
2020-08-25T06:07:38.968000Z,2020-08-25T06:07:40.065000Z,120.1,1097.0,34.0,161.002,0.0,0.0,0.0,53.832,0.198812,0.0,0.0,0.0
2020-08-25T06:07:40.066000Z,2020-08-25T06:07:40.652000Z,48.272,586.0,32.0,191.583,0.0,0.0,0.0,53.832,0.186871,0.0,0.0,0.0
2020-08-25T06:07:40.653000Z,2020-08-25T06:07:42.508000Z,136.854,1855.0,32.0,289.93,0.0,0.0,0.0,53.832,0.131117,0.0,0.0,0.0
2020-08-25T06:07:42.508999Z,2020-08-25T06:07:45.564000Z,269.06,3055.0,32.0,568.213,0.0,0.0,0.0,53.832,0.082244,0.0,0.0,0.0
2020-08-25T06:07:45.564999Z,2020-08-25T06:07:50.251000Z,407.044,4686.0,32.0,206.811,0.0,0.0,0.0,53.832,0.130656,0.0,0.0,0.0
2020-08-25T06:07:50.251000Z,2020-08-25T06:07:52.329999Z,199.454,2079.0,28.0,696.454,0.0,0.0,0.0,53.832,0.050965,0.0,0.0,0.0
2020-08-25T06:07:52.331000Z,2020-08-25T06:07:54.049999Z,105.483,1719.0,32.0,252.839,0.0,0.0,0.0,53.832,0.055937,0.0,0.0,0.0
2020-08-25T06:07:54.050000Z,2020-08-25T06:07:54.800000Z,35.966,750.0,32.0,660.801,0.0,0.0,0.0,53.832,0.063665,0.0,0.0,0.0
2020-08-25T06:07:54.801000Z,2020-08-25T06:07:55.161000Z,19.152,360.0,32.0,504.445,0.0,0.0,0.0,53.832,0.084436,0.0,0.0,0.0
2020-08-25T06:07:55.162000Z,2020-08-25T06:07:55.545999Z,25.87,384.0,32.0,314.091,0.0,0.0,0.0,53.832,0.084436,0.0,0.0,0.0
2020-08-25T06:07:55.547000Z,2020-08-25T06:07:57.294000Z,115.24,1747.0,30.0,168.586,0.0,0.0,0.0,53.832,0.209727,0.0,0.0,0.0
2020-08-25T06:07:57.294000Z,2020-08-25T06:07:57.676000Z,59.467,382.0,30.0,340.062,0.0,0.0,0.0,53.832,0.083932,0.0,0.0,0.0
2020-08-25T06:07:57.677000Z,2020-08-25T06:07:58.148000Z,40.02,471.0,30.0,131.369,0.0,0.0,0.0,53.832,0.202118,0.0,0.0,0.0
2020-08-25T06:07:58.148000Z,2020-08-25T06:07:58.574000Z,39.683,426.0,32.0,202.154,0.0,0.0,0.0,53.832,0.104182,0.0,0.0,0.0
2020-08-25T06:07:58.574000Z,2020-08-25T06:07:59.933000Z,65.657,1359.0,32.0,195.076,0.0,0.0,0.0,53.832,0.164887,0.0,0.0,0.0
2020-08-25T06:07:59.932999Z,2020-08-25T06:08:01.255000Z,255.793,1322.0,32.0,228.259,0.0,0.0,0.0,53.832,0.140688,0.0,0.0,0.0
2020-08-25T06:08:01.533000Z,2020-08-25T06:08:02.560000Z,165.439,1027.0,32.0,149.737,0.0,0.0,0.0,54.008,0.151984,0.0,0.0,0.0
2020-08-25T06:08:03.532000Z,2020-08-25T06:08:03.952000Z,70.194,420.0,32.0,358.656,0.0,0.0,0.0,54.008,0.079777,0.0,0.0,0.0
2020-08-25T06:08:05.537000Z,2020-08-25T06:08:09.678000Z,427.762,4141.0,36.0,144.698,0.0,0.0,0.0,54.008,0.173847,0.0,0.0,0.0
2020-08-25T06:08:09.679000Z,2020-08-25T06:08:14.173000Z,474.105,4494.0,38.0,649.846,0.0,0.0,0.0,54.008,0.071269,0.0,0.0,0.0
2020-08-25T06:08:14.172999Z,2020-08-25T06:08:16.027000Z,198.383,1854.0,30.0,179.296,0.0,0.0,0.0,54.008,0.124353,0.0,0.0,0.0
2020-08-25T06:08:16.028000Z,2020-08-25T06:08:21.087000Z,547.91,5059.0,28.0,159.428,0.0,0.0,0.0,54.008,0.040878,0.0,0.0,0.0
2020-08-25T06:08:21.088000Z,2020-08-25T06:08:22.232000Z,112.034,1144.0,28.0,159.285,0.0,0.0,0.0,54.008,0.140909,0.0,0.0,0.0
2020-08-25T06:08:22.233000Z,2020-08-25T06:08:23.804000Z,111.875,1571.0,28.0,357.113,0.0,0.0,0.0,54.008,0.089529,0.0,0.0,0.0
2020-08-25T06:08:23.804999Z,2020-08-25T06:08:25.212000Z,111.374,1407.0,28.0,382.224,0.0,0.0,0.0,54.008,0.060046,0.0,0.0,0.0
2020-08-25T06:08:25.212999Z,2020-08-25T06:08:26.219000Z,111.873,1006.0,18.0,131.982,0.0,0.0,0.0,54.008,0.061623,0.0,0.0,0.0
2020-08-25T06:08:26.219000Z,2020-08-25T06:08:27.083000Z,111.761,864.0,22.0,97.532,0.0,0.0,0.0,54.008,0.149231,0.0,0.0,0.0
2020-08-25T06:08:27.084000Z,2020-08-25T06:08:27.800000Z,111.148,716.0,26.0,100.25,0.0,0.0,0.0,54.008,0.21463,0.0,0.0,0.0
2020-08-25T06:08:27.801000Z,2020-08-25T06:08:31.297999Z,534.809,3497.0,28.0,98.965,0.0,0.0,0.0,54.008,0.233488,0.0,0.0,0.0
2020-08-25T06:08:31.299000Z,2020-08-25T06:08:33.689000Z,239.81,2390.0,30.0,87.594,0.0,0.0,0.0,54.008,0.203119,0.0,0.0,0.0
2020-08-25T06:08:33.691000Z,2020-08-25T06:08:39.261000Z,712.225,5570.0,30.0,333.845,0.0,0.0,0.0,54.008,0.114951,0.0,0.0,0.0
2020-08-25T06:08:39.262000Z,2020-08-25T06:08:43.215000Z,707.865,3953.0,32.0,138.249,0.0,0.0,0.0,54.008,0.194007,0.0,0.0,0.0
2020-08-25T06:08:43.215000Z,2020-08-25T06:08:46.465000Z,457.1,3250.0,34.0,314.2,0.0,0.0,0.0,54.008,0.130937,0.0,0.0,0.0
2020-08-25T06:08:46.465999Z,2020-08-25T06:08:48.740000Z,181.294,2274.0,30.0,286.592,0.0,0.0,0.0,54.008,0.045343,0.0,0.0,0.0
2020-08-25T06:08:48.740000Z,2020-08-25T06:08:50.369000Z,192.91,1629.0,30.0,93.257,0.0,0.0,0.0,54.008,0.246638,0.0,0.0,0.0
2020-08-25T06:08:50.370000Z,2020-08-25T06:08:51.985000Z,160.994,1615.0,32.0,249.528,0.0,0.0,0.0,54.008,0.150244,0.0,0.0,0.0
2020-08-25T06:08:51.985999Z,2020-08-25T06:08:54.591000Z,172.76,2605.0,26.0,182.918,0.0,0.0,0.0,54.008,0.102656,0.0,0.0,0.0
2020-08-25T06:08:54.591000Z,2020-08-25T06:08:56.948000Z,166.972,2357.0,18.0,149.738,0.0,0.0,0.0,54.008,0.097431,0.0,0.0,0.0
2020-08-25T06:08:56.948000Z,2020-08-25T06:09:02.725000Z,195.633,5777.0,24.0,200.227,0.0,0.0,0.0,54.008,0.088326,0.0,0.0,0.0
2020-08-25T06:09:02.725000Z,2020-08-25T06:09:04.567000Z,108.182,1842.0,26.0,138.446,0.0,0.0,0.0,54.008,0.140341,0.0,0.0,0.0
2020-08-25T06:09:04.567000Z,2020-08-25T06:09:04.948000Z,29.155,381.0,24.0,226.591,0.0,0.0,0.0,54.008,0.040099,0.0,0.0,0.0
2020-08-25T06:09:04.949000Z,2020-08-25T06:09:05.206000Z,36.196,257.0,24.0,102.145,0.0,0.0,0.0,54.008,0.166409,0.0,0.0,0.0
2020-08-25T06:09:05.207000Z,2020-08-25T06:09:05.764000Z,59.307,557.0,26.0,84.466,0.0,0.0,0.0,54.008,0.197123,0.0,0.0,0.0
2020-08-25T06:09:05.764000Z,2020-08-25T06:09:05.971000Z,11.84,207.0,28.0,127.079,0.0,0.0,0.0,54.008,0.154698,0.0,0.0,0.0
2020-08-25T06:09:05.972000Z,2020-08-25T06:09:06.180000Z,22.798,208.0,28.0,132.561,0.0,0.0,0.0,54.008,0.090597,0.0,0.0,0.0
2020-08-25T06:09:06.181000Z,2020-08-25T06:09:06.427000Z,22.305,246.0,28.0,94.658,0.0,0.0,0.0,54.008,0.220632,0.0,0.0,0.0
2020-08-25T06:09:06.427000Z,2020-08-25T06:09:06.795000Z,42.818,368.0,28.0,110.689,0.0,0.0,0.0,54.008,0.220632,0.0,0.0,0.0
2020-08-25T06:09:06.796000Z,2020-08-25T06:09:07.289000Z,44.143,493.0,36.0,95.653,0.0,0.0,0.0,54.008,0.301214,0.0,0.0,0.0
2020-08-25T06:09:07.291000Z,2020-08-25T06:09:12.664000Z,569.24,5373.0,36.0,236.924,0.0,0.0,0.0,54.008,0.152925,0.0,0.0,0.0
2020-08-25T06:09:12.665000Z,2020-08-25T06:09:14.678000Z,104.349,2013.0,20.0,335.342,0.0,0.0,0.0,54.008,0.050271,0.0,0.0,0.0
2020-08-25T06:09:14.678000Z,2020-08-25T06:09:16.325000Z,96.42,1647.0,16.0,234.612,0.0,0.0,0.0,54.008,0.062508,0.0,0.0,0.0
2020-08-25T06:09:16.326000Z,2020-08-25T06:09:17.521000Z,96.179,1195.0,18.0,180.275,0.0,0.0,0.0,54.008,0.017811,0.0,0.0,0.0
2020-08-25T06:09:17.521000Z,2020-08-25T06:09:18.679000Z,95.992,1158.0,19.0,120.087,0.0,0.0,0.0,54.008,0.111211,0.0,0.0,0.0
2020-08-25T06:09:18.680000Z,2020-08-25T06:09:19.563000Z,96.356,883.0,26.0,124.644,0.0,0.0,0.0,54.008,0.133413,0.0,0.0,0.0
2020-08-25T06:09:19.564000Z,2020-08-25T06:09:20.249999Z,96.203,686.0,28.0,102.869,0.0,0.0,0.0,54.008,0.172111,0.0,0.0,0.0
2020-08-25T06:09:20.251000Z,2020-08-25T06:09:20.917000Z,95.963,666.0,32.0,115.803,0.0,0.0,0.0,54.008,0.148369,0.0,0.0,0.0
2020-08-25T06:09:21.813000Z,2020-08-25T06:09:25.870000Z,480.491,4057.0000000000005,32.0,156.908,0.0,0.0,0.0,54.008,0.201338,0.0,0.0,0.0
2020-08-25T06:09:25.871000Z,2020-08-25T06:09:30.209000Z,501.307,4338.0,24.0,288.183,0.0,0.0,0.0,54.008,0.093713,0.0,0.0,0.0
2020-08-25T06:09:30.208999Z,2020-08-25T06:09:31.460000Z,198.663,1251.0,28.0,95.554,0.0,0.0,0.0,53.064,0.247551,0.0,0.0,0.0
2020-08-25T06:09:31.460000Z,2020-08-25T06:09:33.825999Z,254.201,2366.0,30.0,178.778,0.0,0.0,0.0,53.064,0.185433,0.0,0.0,0.0
2020-08-25T06:09:33.827000Z,2020-08-25T06:09:34.668000Z,69.971,841.0,28.0,192.095,0.0,0.0,0.0,53.064,0.157689,0.0,0.0,0.0
2020-08-25T06:09:34.668000Z,2020-08-25T06:09:35.113999Z,88.212,446.0,28.0,121.158,0.0,0.0,0.0,53.064,0.059855,0.0,0.0,0.0
2020-08-25T06:09:35.115000Z,2020-08-25T06:09:36.473000Z,168.469,1358.0,32.0,85.485,0.0,0.0,0.0,53.064,0.295829,0.0,0.0,0.0
2020-08-25T06:09:36.475000Z,2020-08-25T06:09:42.757000Z,639.812,6282.0,32.0,271.231,0.0,0.0,0.0,53.064,0.133017,0.0,0.0,0.0
2020-08-25T06:09:42.757000Z,2020-08-25T06:09:44.881000Z,246.166,2124.0,32.0,367.732,0.0,0.0,0.0,53.064,0.048429,0.0,0.0,0.0
2020-08-25T06:09:44.881000Z,2020-08-25T06:09:47.256000Z,319.467,2375.0,28.0,160.651,0.0,0.0,0.0,53.064,0.178369,0.0,0.0,0.0
2020-08-25T06:09:47.258000Z,2020-08-25T06:09:58.104000Z,897.745,10846.0,32.0,384.979,0.0,0.0,0.0,53.064,0.030686,0.0,0.0,0.0
2020-08-25T06:09:58.105000Z,2020-08-25T06:09:59.240000Z,122.17,1135.0,26.0,231.029,0.0,0.0,0.0,53.064,0.00259,0.0,0.0,0.0
2020-08-25T06:09:59.241000Z,2020-08-25T06:10:02.992000Z,142.713,3751.0,21.0,152.052,0.0,0.0,0.0,53.064,0.048221,0.0,0.0,0.0
2020-08-25T06:10:02.993000Z,2020-08-25T06:10:06.157000Z,309.274,3164.0,14.0,639.191,0.0,0.0,0.0,53.064,0.038848,0.0,0.0,0.0
2020-08-25T06:10:06.158000Z,2020-08-25T06:10:08.591000Z,244.99,2433.0,24.0,101.015,0.0,0.0,0.0,53.064,0.170452,0.0,0.0,0.0
2020-08-25T06:10:08.592000Z,2020-08-25T06:10:11.892000Z,203.897,3300.0,24.0,212.847,0.0,0.0,0.0,53.064,0.059828,0.0,0.0,0.0
2020-08-25T06:10:11.892000Z,2020-08-25T06:10:15.009999Z,92.967,3118.0,16.0,180.815,0.0,0.0,0.0,53.064,0.061874,0.0,0.0,0.0
2020-08-25T06:10:15.011000Z,2020-08-25T06:10:16.807000Z,118.279,1796.0,16.0,667.475,0.0,0.0,0.0,53.064,0.018716,0.0,0.0,0.0
2020-08-25T06:10:16.807000Z,2020-08-25T06:10:20.137000Z,304.535,3330.0,20.0,251.57,0.0,0.0,0.0,53.064,0.064366,0.0,0.0,0.0
2020-08-25T06:10:20.136999Z,2020-08-25T06:10:20.919000Z,71.924,782.0,26.0,147.146,0.0,0.0,0.0,53.064,0.115245,0.0,0.0,0.0
2020-08-25T06:10:20.919000Z,2020-08-25T06:10:21.649000Z,67.937,730.0,26.0,319.505,0.0,0.0,0.0,53.064,0.118894,0.0,0.0,0.0
2020-08-25T06:10:21.649999Z,2020-08-25T06:10:25.391000Z,131.483,3741.0,28.0,103.854,0.0,0.0,0.0,53.064,0.077435,0.0,0.0,0.0
2020-08-25T06:10:25.391000Z,2020-08-25T06:10:25.913000Z,72.371,522.0,28.0,624.936,0.0,0.0,0.0,53.064,0.02959,0.0,0.0,0.0
2020-08-25T06:10:25.912999Z,2020-08-25T06:10:26.411000Z,68.181,498.0,28.0,202.847,0.0,0.0,0.0,53.064,0.13888,0.0,0.0,0.0
2020-08-25T06:10:26.411000Z,2020-08-25T06:10:28.001000Z,137.28,1590.0,28.0,119.176,0.0,0.0,0.0,53.064,0.207111,0.0,0.0,0.0
2020-08-25T06:10:28.001999Z,2020-08-25T06:10:29.029000Z,125.183,1027.0,28.0,240.705,0.0,0.0,0.0,53.064,0.08449,0.0,0.0,0.0
2020-08-25T06:10:29.030000Z,2020-08-25T06:10:30.198000Z,186.388,1168.0,34.0,169.33,0.0,0.0,0.0,53.064,0.136611,0.0,0.0,0.0
2020-08-25T06:10:30.198000Z,2020-08-25T06:10:30.572000Z,53.966,374.0,34.0,291.719,0.0,0.0,0.0,53.064,0.15536,0.0,0.0,0.0
2020-08-25T06:10:30.573000Z,2020-08-25T06:10:31.049999Z,56.874,477.0,34.0,169.379,0.0,0.0,0.0,53.064,0.174613,0.0,0.0,0.0
2020-08-25T06:10:31.051000Z,2020-08-25T06:10:32.507000Z,147.178,1456.0,28.0,132.494,0.0,0.0,0.0,53.064,0.173099,0.0,0.0,0.0
2020-08-25T06:10:32.507000Z,2020-08-25T06:10:34.872000Z,140.027,2365.0,28.0,354.219,0.0,0.0,0.0,53.064,0.055805,0.0,0.0,0.0
2020-08-25T06:10:34.873000Z,2020-08-25T06:10:36.275000Z,129.232,1402.0,26.0,345.967,0.0,0.0,0.0,53.064,0.086012,0.0,0.0,0.0
2020-08-25T06:10:36.276000Z,2020-08-25T06:10:37.689000Z,119.114,1413.0,18.0,302.487,0.0,0.0,0.0,53.064,0.074047,0.0,0.0,0.0
2020-08-25T06:10:37.689999Z,2020-08-25T06:10:40.135000Z,170.42,2445.0,22.0,298.71,0.0,0.0,0.0,53.064,0.085057,0.0,0.0,0.0
2020-08-25T06:10:40.135000Z,2020-08-25T06:10:42.565000Z,161.688,2430.0,16.0,135.858,0.0,0.0,0.0,53.064,0.079924,0.0,0.0,0.0
2020-08-25T06:10:42.566000Z,2020-08-25T06:10:45.688000Z,214.942,3122.0,16.0,350.658,0.0,0.0,0.0,53.064,0.054453,0.0,0.0,0.0
2020-08-25T06:10:45.689000Z,2020-08-25T06:10:48.833999Z,216.401,3145.0,16.0,162.907,0.0,0.0,0.0,53.064,0.06572,0.0,0.0,0.0
2020-08-25T06:10:48.835000Z,2020-08-25T06:10:58.536000Z,730.966,9701.0,16.0,177.729,0.0,0.0,0.0,53.064,0.050075,0.0,0.0,0.0
2020-08-25T06:10:58.536000Z,2020-08-25T06:10:59.363000Z,106.165,827.0,28.0,197.199,0.0,0.0,0.0,53.064,0.074134,0.0,0.0,0.0
2020-08-25T06:10:59.364000Z,2020-08-25T06:10:59.822000Z,41.81,458.0,28.0,212.161,0.0,0.0,0.0,53.064,0.157191,0.0,0.0,0.0
2020-08-25T06:10:59.822000Z,2020-08-25T06:11:00.340000Z,41.001,518.0,26.0,106.474,0.0,0.0,0.0,53.064,0.211049,0.0,0.0,0.0
2020-08-25T06:11:00.340999Z,2020-08-25T06:11:00.819000Z,42.563,478.0,26.0,206.425,0.0,0.0,0.0,53.064,0.103608,0.0,0.0,0.0
2020-08-25T06:11:00.819000Z,2020-08-25T06:11:01.745000Z,66.597,926.0,26.0,245.761,0.0,0.0,0.0,53.064,0.109381,0.0,0.0,0.0
2020-08-25T06:11:01.745000Z,2020-08-25T06:11:02.659000Z,55.738,914.0,26.0,387.967,0.0,0.0,0.0,53.064,0.07282,0.0,0.0,0.0
2020-08-25T06:11:02.660000Z,2020-08-25T06:11:04.185000Z,48.708,1525.0,26.0,427.6,0.0,0.0,0.0,53.064,0.058533,0.0,0.0,0.0
2020-08-25T06:11:04.185999Z,2020-08-25T06:11:06.033000Z,211.164,1847.0,20.0,516.463,0.0,0.0,0.0,53.064,0.052086,0.0,0.0,0.0
2020-08-25T06:11:06.033000Z,2020-08-25T06:11:07.225999Z,121.005,1193.0,22.0,102.639,0.0,0.0,0.0,53.064,0.14849,0.0,0.0,0.0
2020-08-25T06:11:07.225999Z,2020-08-25T06:11:08.899000Z,163.764,1673.0,22.0,227.929,0.0,0.0,0.0,53.064,0.082821,0.0,0.0,0.0
2020-08-25T06:11:08.899000Z,2020-08-25T06:11:11.563000Z,174.645,2664.0,24.0,181.125,0.0,0.0,0.0,53.064,0.111024,0.0,0.0,0.0
2020-08-25T06:11:11.564000Z,2020-08-25T06:11:15.355000Z,483.849,3791.0,66.0,425.778,0.0,0.0,0.0,53.064,0.112778,0.0,0.0,0.0
2020-08-25T06:11:15.358000Z,2020-08-25T06:11:23.333000Z,1284.106,7975.0,32.0,238.825,0.0,0.0,0.0,53.064,0.133544,0.0,0.0,0.0
2020-08-25T06:11:23.334000Z,2020-08-25T06:11:24.919000Z,135.978,1585.0,34.0,123.664,0.0,0.0,0.0,53.064,0.174223,0.0,0.0,0.0
2020-08-25T06:11:24.919000Z,2020-08-25T06:11:25.168000Z,50.951,249.0,34.0,132.658,0.0,0.0,0.0,53.064,0.167787,0.0,0.0,0.0
2020-08-25T06:11:25.168000Z,2020-08-25T06:11:25.651000Z,46.082,483.0,40.0,90.871,0.0,0.0,0.0,53.064,0.302558,0.0,0.0,0.0
2020-08-25T06:11:25.651000Z,2020-08-25T06:11:26.265000Z,81.084,614.0,40.0,257.058,0.0,0.0,0.0,53.064,0.181229,0.0,0.0,0.0
2020-08-25T06:11:26.265999Z,2020-08-25T06:11:28.601999Z,106.534,2336.0,40.0,299.106,0.0,0.0,0.0,53.064,0.136466,0.0,0.0,0.0
2020-08-25T06:11:28.603000Z,2020-08-25T06:11:30.277000Z,187.017,1674.0,73.0,508.641,0.0,0.0,0.0,53.064,0.067523,0.0,0.0,0.0
2020-08-25T06:11:30.278000Z,2020-08-25T06:11:36.047000Z,565.156,5769.0,46.0,355.677,0.0,0.0,0.0,53.064,0.101796,0.0,0.0,0.0
2020-08-25T06:11:36.048000Z,2020-08-25T06:11:41.649000Z,438.887,5601.0,26.0,174.375,0.0,0.0,0.0,53.064,0.071567,0.0,0.0,0.0
2020-08-25T06:11:41.649999Z,2020-08-25T06:11:46.437000Z,166.093,4787.0,18.0,464.081,0.0,0.0,0.0,53.064,0.030713,0.0,0.0,0.0
2020-08-25T06:11:46.437000Z,2020-08-25T06:11:49.925000Z,186.316,3488.0,12.0,172.038,0.0,0.0,0.0,53.064,0.047192,0.0,0.0,0.0
2020-08-25T06:11:49.925000Z,2020-08-25T06:11:51.038000Z,29.392,1113.0,14.0,258.815,0.0,0.0,0.0,53.064,0.03454,0.0,0.0,0.0
2020-08-25T06:11:51.038000Z,2020-08-25T06:11:53.505999Z,83.486,2468.0,14.0,440.899,0.0,0.0,0.0,53.064,0.028921,0.0,0.0,0.0
2020-08-25T06:11:53.505999Z,2020-08-25T06:11:55.793999Z,117.23,2288.0,14.0,489.4,0.0,0.0,0.0,53.064,0.030865,0.0,0.0,0.0
2020-08-25T06:11:55.794000Z,2020-08-25T06:11:58.113999Z,133.712,2320.0,12.0,180.121,0.0,0.0,0.0,53.064,0.041976,0.0,0.0,0.0
2020-08-25T06:11:58.115000Z,2020-08-25T06:11:59.581000Z,86.812,1466.0,12.0,239.918,0.0,0.0,0.0,53.064,0.04944,0.0,0.0,0.0
2020-08-25T06:11:59.582000Z,2020-08-25T06:12:00.679000Z,39.101,1097.0,12.0,214.123,0.0,0.0,0.0,53.064,0.060402,0.0,0.0,0.0
2020-08-25T06:12:00.679000Z,2020-08-25T06:12:01.462000Z,43.618,783.0,12.0,268.18,0.0,0.0,0.0,53.064,0.034771,0.0,0.0,0.0
2020-08-25T06:12:01.462000Z,2020-08-25T06:12:02.848000Z,36.736,1386.0,12.0,198.092,0.0,0.0,0.0,53.064,0.058321,0.0,0.0,0.0
2020-08-25T06:12:02.849000Z,2020-08-25T06:12:04.337999Z,63.836,1489.0,12.0,393.255,0.0,0.0,0.0,53.064,0.036058,0.0,0.0,0.0
2020-08-25T06:12:04.339000Z,2020-08-25T06:12:05.668000Z,96.571,1329.0,14.0,235.776,0.0,0.0,0.0,53.064,0.029715,0.0,0.0,0.0
2020-08-25T06:12:05.668000Z,2020-08-25T06:12:08.596000Z,80.275,2928.0,14.0,150.852,0.0,0.0,0.0,53.064,0.033516,0.0,0.0,0.0
2020-08-25T06:12:08.596000Z,2020-08-25T06:12:11.177999Z,262.408,2582.0,12.0,308.336,0.0,0.0,0.0,53.064,0.029283,0.0,0.0,0.0
2020-08-25T06:12:11.179000Z,2020-08-25T06:12:12.935000Z,175.338,1756.0,24.0,106.361,0.0,0.0,0.0,53.064,0.177991,0.0,0.0,0.0
2020-08-25T06:12:12.936000Z,2020-08-25T06:12:14.556000Z,177.281,1620.0,26.0,145.526,0.0,0.0,0.0,53.064,0.121079,0.0,0.0,0.0
2020-08-25T06:12:14.557000Z,2020-08-25T06:12:15.948000Z,214.622,1391.0,28.0,95.498,0.0,0.0,0.0,53.064,0.165347,0.0,0.0,0.0
2020-08-25T06:12:15.949000Z,2020-08-25T06:12:19.349000Z,556.612,3400.0,30.0,166.855,0.0,0.0,0.0,53.064,0.174654,0.0,0.0,0.0
2020-08-25T06:12:19.350000Z,2020-08-25T06:12:19.990000Z,51.988,640.0,34.0,251.775,0.0,0.0,0.0,53.064,0.15943,0.0,0.0,0.0
2020-08-25T06:12:19.991000Z,2020-08-25T06:12:20.856000Z,76.249,865.0,30.0,156.32,0.0,0.0,0.0,53.064,0.144401,0.0,0.0,0.0
2020-08-25T06:12:20.856999Z,2020-08-25T06:12:23.493000Z,360.28,2636.0,28.0,185.388,0.0,0.0,0.0,53.064,0.046321,0.0,0.0,0.0
2020-08-25T06:12:23.494000Z,2020-08-25T06:12:25.811000Z,323.473,2317.0,30.0,412.556,0.0,0.0,0.0,53.064,0.09334,0.0,0.0,0.0
2020-08-25T06:12:25.811000Z,2020-08-25T06:12:28.041999Z,318.031,2231.0,32.0,341.781,0.0,0.0,0.0,53.064,0.141515,0.0,0.0,0.0
2020-08-25T06:12:28.041999Z,2020-08-25T06:12:29.185000Z,173.412,1143.0,30.0,175.908,0.0,0.0,0.0,53.064,0.156509,0.0,0.0,0.0
2020-08-25T06:12:29.185999Z,2020-08-25T06:12:30.030000Z,82.489,844.0,30.0,303.035,0.0,0.0,0.0,53.064,0.140259,0.0,0.0,0.0
2020-08-25T06:12:30.030000Z,2020-08-25T06:12:31.401000Z,184.874,1371.0,30.0,255.487,0.0,0.0,0.0,53.064,0.138583,0.0,0.0,0.0
2020-08-25T06:12:31.401000Z,2020-08-25T06:12:34.102000Z,265.312,2701.0,30.0,192.792,0.0,0.0,0.0,53.064,0.122154,0.0,0.0,0.0
2020-08-25T06:12:34.103000Z,2020-08-25T06:12:39.014000Z,679.635,4911.0,56.0,443.853,0.0,0.0,0.0,53.064,0.14184,0.0,0.0,0.0
2020-08-25T06:12:39.015000Z,2020-08-25T06:12:39.750000Z,127.196,735.0,32.0,148.12,0.0,0.0,0.0,53.064,0.134426,0.0,0.0,0.0
2020-08-25T06:12:39.750000Z,2020-08-25T06:12:39.998000Z,28.334,248.0,34.0,91.686,0.0,0.0,0.0,53.064,0.257704,0.0,0.0,0.0
2020-08-25T06:12:39.999000Z,2020-08-25T06:12:40.288000Z,14.161,289.0,34.0,129.2,0.0,0.0,0.0,53.064,0.1842,0.0,0.0,0.0
2020-08-25T06:12:40.289000Z,2020-08-25T06:12:40.447000Z,21.224,158.0,34.0,142.52,0.0,0.0,0.0,53.064,0.25937,0.0,0.0,0.0
2020-08-25T06:12:40.447000Z,2020-08-25T06:12:40.627000Z,22.451,180.0,34.0,107.255,0.0,0.0,0.0,53.064,0.227764,0.0,0.0,0.0
2020-08-25T06:12:40.628000Z,2020-08-25T06:12:41.267000Z,66.61,639.0,34.0,97.604,0.0,0.0,0.0,53.064,0.187971,0.0,0.0,0.0
2020-08-25T06:12:41.268000Z,2020-08-25T06:12:42.289999Z,55.864,1022.0,34.0,297.278,0.0,0.0,0.0,53.064,0.104368,0.0,0.0,0.0
2020-08-25T06:12:42.531000Z,2020-08-25T06:12:43.747000Z,112.841,1216.0,32.0,563.297,0.0,0.0,0.0,53.064,0.059738,0.0,0.0,0.0
2020-08-25T06:12:44.531000Z,2020-08-25T06:12:44.991000Z,66.325,460.0,30.0,284.096,0.0,0.0,0.0,53.064,0.100819,0.0,0.0,0.0
2020-08-25T06:12:46.588000Z,2020-08-25T06:12:47.477000Z,103.136,889.0,32.0,216.471,0.0,0.0,0.0,53.064,0.135435,0.0,0.0,0.0
2020-08-25T06:12:48.573000Z,2020-08-25T06:12:49.716000Z,69.04,1143.0,34.0,305.621,0.0,0.0,0.0,53.064,0.087191,0.0,0.0,0.0
2020-08-25T06:12:50.524000Z,2020-08-25T06:12:51.896000Z,65.684,1372.0,32.0,145.154,0.0,0.0,0.0,53.064,0.113717,0.0,0.0,0.0
2020-08-25T06:12:53.100000Z,2020-08-25T06:12:55.308000Z,487.942,2208.0,32.0,350.303,0.0,0.0,0.0,53.064,0.098497,0.0,0.0,0.0
2020-08-25T06:12:55.308000Z,2020-08-25T06:12:57.068000Z,221.685,1760.0,40.0,182.961,0.0,0.0,0.0,53.064,0.229888,0.0,0.0,0.0
2020-08-25T06:12:57.069000Z,2020-08-25T06:13:00.372000Z,458.275,3303.0,32.0,144.939,0.0,0.0,0.0,53.064,0.238227,0.0,0.0,0.0
2020-08-25T06:13:00.373000Z,2020-08-25T06:13:05.479000Z,645.122,5106.0,28.0,178.919,0.0,0.0,0.0,53.064,0.15373,0.0,0.0,0.0
2020-08-25T06:13:05.479000Z,2020-08-25T06:13:07.493000Z,312.781,2013.9999999999998,28.0,192.838,0.0,0.0,0.0,53.064,0.158631,0.0,0.0,0.0
2020-08-25T06:13:07.494000Z,2020-08-25T06:13:09.412000Z,247.256,1918.0,30.0,162.243,0.0,0.0,0.0,53.064,0.13177,0.0,0.0,0.0
2020-08-25T06:13:09.414000Z,2020-08-25T06:13:16.356000Z,847.418,6942.0,30.0,209.446,0.0,0.0,0.0,53.064,0.128306,0.0,0.0,0.0
2020-08-25T06:13:16.356999Z,2020-08-25T06:13:24.673999Z,433.558,8317.0,28.0,113.231,0.0,0.0,0.0,53.064,0.184136,0.0,0.0,0.0
2020-08-25T06:13:24.675000Z,2020-08-25T06:13:25.513000Z,79.251,838.0,16.0,493.443,0.0,0.0,0.0,53.064,0.034966,0.0,0.0,0.0
2020-08-25T06:13:25.513000Z,2020-08-25T06:13:25.870000Z,43.22,357.0,22.0,145.966,0.0,0.0,0.0,53.064,0.118406,0.0,0.0,0.0
2020-08-25T06:13:25.871000Z,2020-08-25T06:13:26.864000Z,115.795,993.0,24.0,101.088,0.0,0.0,0.0,53.064,0.188822,0.0,0.0,0.0
2020-08-25T06:13:26.864000Z,2020-08-25T06:13:27.411000Z,40.553,547.0,28.0,346.229,0.0,0.0,0.0,53.064,0.071184,0.0,0.0,0.0
2020-08-25T06:13:27.412000Z,2020-08-25T06:13:27.811000Z,44.977,399.0,28.0,297.773,0.0,0.0,0.0,53.064,0.1285,0.0,0.0,0.0
2020-08-25T06:13:27.811000Z,2020-08-25T06:13:28.457000Z,54.927,646.0,28.0,115.632,0.0,0.0,0.0,53.064,0.19879,0.0,0.0,0.0
2020-08-25T06:13:28.457000Z,2020-08-25T06:13:30.155000Z,128.351,1698.0,28.0,309.339,0.0,0.0,0.0,53.064,0.110859,0.0,0.0,0.0
2020-08-25T06:13:30.155000Z,2020-08-25T06:13:33.439000Z,366.586,3284.0,28.0,125.448,0.0,0.0,0.0,53.064,0.154852,0.0,0.0,0.0
2020-08-25T06:13:33.440000Z,2020-08-25T06:13:37.099000Z,597.044,3659.0,30.0,472.157,0.0,0.0,0.0,53.064,0.072895,0.0,0.0,0.0
2020-08-25T06:13:37.100000Z,2020-08-25T06:13:41.053000Z,467.798,3953.0,28.0,222.257,0.0,0.0,0.0,53.064,0.164007,0.0,0.0,0.0
2020-08-25T06:13:41.053000Z,2020-08-25T06:13:42.331000Z,43.93,1278.0,28.0,172.854,0.0,0.0,0.0,53.064,0.110638,0.0,0.0,0.0
2020-08-25T06:13:42.331000Z,2020-08-25T06:13:43.273999Z,48.837,943.0,28.0,565.343,0.0,0.0,0.0,53.064,0.063589,0.0,0.0,0.0
2020-08-25T06:13:43.275000Z,2020-08-25T06:13:43.913999Z,49.934,639.0,28.0,575.417,0.0,0.0,0.0,53.064,0.061816,0.0,0.0,0.0
2020-08-25T06:13:43.915000Z,2020-08-25T06:13:44.864000Z,127.063,949.0,28.0,169.839,0.0,0.0,0.0,53.064,0.123218,0.0,0.0,0.0
2020-08-25T06:13:44.865000Z,2020-08-25T06:13:46.637000Z,120.422,1772.0,24.0,123.039,0.0,0.0,0.0,53.064,0.149905,0.0,0.0,0.0
2020-08-25T06:13:46.636999Z,2020-08-25T06:13:47.692000Z,88.538,1055.0,24.0,132.512,0.0,0.0,0.0,53.064,0.084305,0.0,0.0,0.0
2020-08-25T06:13:47.692000Z,2020-08-25T06:13:50.209000Z,269.408,2517.0,24.0,377.514,0.0,0.0,0.0,53.064,0.078957,0.0,0.0,0.0
2020-08-25T06:13:50.208999Z,2020-08-25T06:13:52.699000Z,230.928,2490.0,22.0,273.815,0.0,0.0,0.0,53.064,0.094567,0.0,0.0,0.0
2020-08-25T06:13:52.700000Z,2020-08-25T06:13:54.403000Z,161.891,1703.0,24.0,399.44,0.0,0.0,0.0,53.064,0.071145,0.0,0.0,0.0
2020-08-25T06:13:54.404000Z,2020-08-25T06:13:55.892000Z,153.429,1488.0,22.0,122.581,0.0,0.0,0.0,53.064,0.154224,0.0,0.0,0.0
2020-08-25T06:13:55.892000Z,2020-08-25T06:13:57.372000Z,175.16,1480.0,26.0,99.517,0.0,0.0,0.0,53.064,0.126719,0.0,0.0,0.0
2020-08-25T06:13:57.374000Z,2020-08-25T06:14:06.691000Z,1138.056,9317.0,32.0,433.107,0.0,0.0,0.0,53.064,0.084043,0.0,0.0,0.0
2020-08-25T06:14:06.691000Z,2020-08-25T06:14:10.813000Z,329.597,4122.0,32.0,323.183,0.0,0.0,0.0,53.064,0.060206,0.0,0.0,0.0
2020-08-25T06:14:10.813000Z,2020-08-25T06:14:12.819000Z,146.911,2005.9999999999998,22.0,156.995,0.0,0.0,0.0,53.064,0.033411,0.0,0.0,0.0
2020-08-25T06:14:12.819000Z,2020-08-25T06:14:14.395000Z,147.094,1576.0,22.0,381.509,0.0,0.0,0.0,53.064,0.074767,0.0,0.0,0.0
2020-08-25T06:14:14.396000Z,2020-08-25T06:14:16.195000Z,220.436,1799.0,19.0,194.549,0.0,0.0,0.0,53.064,0.146232,0.0,0.0,0.0
2020-08-25T06:14:16.195000Z,2020-08-25T06:14:16.651000Z,42.344,456.0,22.0,212.346,0.0,0.0,0.0,53.064,0.137869,0.0,0.0,0.0
2020-08-25T06:14:16.651000Z,2020-08-25T06:14:17.137000Z,35.399,486.0,24.0,189.06,0.0,0.0,0.0,53.064,0.092467,0.0,0.0,0.0
2020-08-25T06:14:17.136999Z,2020-08-25T06:14:17.673999Z,41.916,537.0,24.0,237.888,0.0,0.0,0.0,53.064,0.070059,0.0,0.0,0.0
2020-08-25T06:14:17.673999Z,2020-08-25T06:14:20.737000Z,230.744,3063.0,24.0,209.985,0.0,0.0,0.0,53.064,0.092341,0.0,0.0,0.0
2020-08-25T06:14:20.737000Z,2020-08-25T06:14:21.948000Z,136.157,1211.0,26.0,152.002,0.0,0.0,0.0,53.064,0.161971,0.0,0.0,0.0
2020-08-25T06:14:21.948000Z,2020-08-25T06:14:22.868000Z,65.539,920.0,26.0,112.182,0.0,0.0,0.0,53.064,0.135296,0.0,0.0,0.0
2020-08-25T06:14:22.868000Z,2020-08-25T06:14:24.296000Z,166.843,1428.0,26.0,220.247,0.0,0.0,0.0,53.064,0.073061,0.0,0.0,0.0
2020-08-25T06:14:24.297000Z,2020-08-25T06:14:25.089000Z,136.333,792.0,24.0,89.232,0.0,0.0,0.0,53.064,0.175069,0.0,0.0,0.0
2020-08-25T06:14:25.089000Z,2020-08-25T06:14:26.379000Z,194.558,1290.0,32.0,138.574,0.0,0.0,0.0,53.064,0.148469,0.0,0.0,0.0
2020-08-25T06:14:26.379000Z,2020-08-25T06:14:26.534000Z,20.737,155.0,34.0,189.903,0.0,0.0,0.0,53.064,0.100755,0.0,0.0,0.0
2020-08-25T06:14:26.534000Z,2020-08-25T06:14:27.387000Z,60.142,853.0,34.0,120.489,0.0,0.0,0.0,53.064,0.146321,0.0,0.0,0.0
2020-08-25T06:14:27.388000Z,2020-08-25T06:14:28.073000Z,30.269,685.0,34.0,328.371,0.0,0.0,0.0,53.064,0.108237,0.0,0.0,0.0
2020-08-25T06:14:28.073000Z,2020-08-25T06:14:29.076000Z,78.926,1002.9999999999999,34.0,211.292,0.0,0.0,0.0,53.064,0.108237,0.0,0.0,0.0
2020-08-25T06:14:29.293000Z,2020-08-25T06:14:29.609999Z,37.45,317.0,26.0,315.844,0.0,0.0,0.0,53.064,0.127818,0.0,0.0,0.0
2020-08-25T06:14:31.737000Z,2020-08-25T06:14:32.148000Z,31.371,411.0,26.0,147.184,0.0,0.0,0.0,53.064,0.163691,0.0,0.0,0.0
2020-08-25T06:14:33.287000Z,2020-08-25T06:14:33.649999Z,36.916,363.0,30.0,262.454,0.0,0.0,0.0,53.188,0.087771,0.0,0.0,0.0
2020-08-25T06:14:35.418000Z,2020-08-25T06:14:35.755000Z,30.334,337.0,30.0,199.886,0.0,0.0,0.0,53.188,0.10362,0.0,0.0,0.0
