start_time,end_time,size,trans_time,cwnd,rtt,rto,ssthresh,last_snd,min_rtt,delivery_rate,bytes_sent,bytes_retrans,client_trans_time
2020-08-24T13:56:41.759000Z,2020-08-24T13:56:41.833999Z,35.359,75.0,122.0,35.46,0.0,0.0,0.0,24.555,2.55446,0.0,0.0,0.0
2020-08-24T13:56:41.835000Z,2020-08-24T13:56:41.909000Z,113.485,74.0,122.0,32.9,0.0,0.0,0.0,24.555,1.128235,0.0,0.0,0.0
2020-08-24T13:56:41.909000Z,2020-08-24T13:56:41.971000Z,96.546,62.0,122.0,33.554,0.0,0.0,0.0,24.555,2.862103,0.0,0.0,0.0
2020-08-24T13:56:41.972000Z,2020-08-24T13:56:42.068000Z,191.884,96.0,122.0,30.887,0.0,0.0,0.0,24.555,2.696989,0.0,0.0,0.0
2020-08-24T13:56:42.068000Z,2020-08-24T13:56:42.160000Z,176.546,92.0,122.0,37.186,0.0,0.0,0.0,24.555,2.955844,0.0,0.0,0.0
2020-08-24T13:56:42.160000Z,2020-08-24T13:56:42.216000Z,74.776,56.0,120.0,33.492,0.0,0.0,0.0,24.555,2.556678,0.0,0.0,0.0
2020-08-24T13:56:42.216000Z,2020-08-24T13:56:42.326000Z,196.891,110.0,118.0,28.601,0.0,0.0,0.0,24.555,2.556678,0.0,0.0,0.0
2020-08-24T13:56:42.326000Z,2020-08-24T13:56:42.417000Z,182.85,91.0,124.0,32.599,0.0,0.0,0.0,24.555,2.606242,0.0,0.0,0.0
2020-08-24T13:56:43.003000Z,2020-08-24T13:56:43.097999Z,103.114,95.0,124.0,37.722,0.0,0.0,0.0,24.555,2.941091,0.0,0.0,0.0
2020-08-24T13:56:45.003000Z,2020-08-24T13:56:45.145000Z,197.939,142.0,124.0,35.029,0.0,0.0,0.0,24.555,2.765525,0.0,0.0,0.0
2020-08-24T13:56:47.003000Z,2020-08-24T13:56:47.164000Z,382.795,161.0,124.0,62.167,0.0,0.0,0.0,24.555,0.933891,0.0,0.0,0.0
2020-08-24T13:56:49.003000Z,2020-08-24T13:56:49.113999Z,230.763,111.0,122.0,30.541,0.0,0.0,0.0,24.555,2.59813,0.0,0.0,0.0
2020-08-24T13:56:51.003000Z,2020-08-24T13:56:51.055000Z,63.904,52.0,122.0,34.585,0.0,0.0,0.0,24.555,2.553713,0.0,0.0,0.0
2020-08-24T13:56:53.003000Z,2020-08-24T13:56:53.065999Z,98.853,63.0,122.0,29.338,0.0,0.0,0.0,24.555,2.553713,0.0,0.0,0.0
2020-08-24T13:56:55.003000Z,2020-08-24T13:56:55.384000Z,995.597,381.0,122.0,31.44,0.0,0.0,0.0,24.555,2.647744,0.0,0.0,0.0
2020-08-24T13:56:57.001999Z,2020-08-24T13:56:57.352000Z,940.505,350.0,120.0,57.034,0.0,0.0,0.0,24.555,2.747524,0.0,0.0,0.0
2020-08-24T13:56:59.011000Z,2020-08-24T13:56:59.246000Z,500.982,235.0,122.0,43.891,0.0,0.0,0.0,24.555,1.850759,0.0,0.0,0.0
2020-08-24T13:57:01.004000Z,2020-08-24T13:57:01.150000Z,341.874,146.0,118.0,64.327,0.0,0.0,0.0,24.555,1.925739,0.0,0.0,0.0
2020-08-24T13:57:03.003000Z,2020-08-24T13:57:03.199000Z,490.958,196.0,118.0,30.235,0.0,0.0,0.0,24.555,2.70535,0.0,0.0,0.0
2020-08-24T13:57:05.005000Z,2020-08-24T13:57:05.375000Z,777.541,370.0,118.0,41.215,0.0,0.0,0.0,24.555,2.891365,0.0,0.0,0.0
2020-08-24T13:57:07.005000Z,2020-08-24T13:57:07.288000Z,605.864,283.0,116.0,61.425,0.0,0.0,0.0,24.555,0.420961,0.0,0.0,0.0
2020-08-24T13:57:09.004000Z,2020-08-24T13:57:09.073000Z,88.445,69.0,120.0,47.365,0.0,0.0,0.0,24.555,2.027081,0.0,0.0,0.0
2020-08-24T13:57:11.001999Z,2020-08-24T13:57:11.087000Z,163.894,85.0,120.0,44.267,0.0,0.0,0.0,24.555,2.027081,0.0,0.0,0.0
2020-08-24T13:57:13.004000Z,2020-08-24T13:57:13.061000Z,81.402,57.0,120.0,30.312,0.0,0.0,0.0,24.555,2.660044,0.0,0.0,0.0
2020-08-24T13:57:15.003000Z,2020-08-24T13:57:15.085000Z,152.55,82.0,122.0,30.421,0.0,0.0,0.0,24.555,2.660044,0.0,0.0,0.0
2020-08-24T13:57:17.003000Z,2020-08-24T13:57:17.193999Z,415.193,191.0,114.0,28.592,0.0,0.0,0.0,24.555,2.659795,0.0,0.0,0.0
2020-08-24T13:57:19.005000Z,2020-08-24T13:57:19.231000Z,554.22,226.0,112.0,47.389,0.0,0.0,0.0,24.555,2.804995,0.0,0.0,0.0
2020-08-24T13:57:21.005000Z,2020-08-24T13:57:21.329000Z,695.047,324.0,118.0,33.24,0.0,0.0,0.0,24.555,2.78493,0.0,0.0,0.0
2020-08-24T13:57:23.085000Z,2020-08-24T13:57:23.385000Z,800.121,300.0,120.0,29.384,0.0,0.0,0.0,24.555,2.92072,0.0,0.0,0.0
2020-08-24T13:57:25.004000Z,2020-08-24T13:57:25.430000Z,1095.547,426.0,120.0,52.821,0.0,0.0,0.0,24.555,3.013668,0.0,0.0,0.0
2020-08-24T13:57:27.006000Z,2020-08-24T13:57:27.513999Z,726.92,508.0,122.0,32.189,0.0,0.0,0.0,24.555,1.519402,0.0,0.0,0.0
2020-08-24T13:57:29.255000Z,2020-08-24T13:57:29.496000Z,614.856,241.0,130.0,49.685,0.0,0.0,0.0,24.555,2.809146,0.0,0.0,0.0
2020-08-24T13:57:31.064999Z,2020-08-24T13:57:31.359000Z,756.18,294.0,130.0,31.665,0.0,0.0,0.0,24.555,2.590725,0.0,0.0,0.0
2020-08-24T13:57:33.254000Z,2020-08-24T13:57:33.545999Z,769.983,292.0,122.0,52.29,0.0,0.0,0.0,24.555,2.276857,0.0,0.0,0.0
2020-08-24T13:57:35.256000Z,2020-08-24T13:57:35.563000Z,817.751,307.0,122.0,50.187,0.0,0.0,0.0,24.555,2.836495,0.0,0.0,0.0
2020-08-24T13:57:37.256000Z,2020-08-24T13:57:37.588000Z,720.944,332.0,122.0,32.373,0.0,0.0,0.0,24.555,2.689123,0.0,0.0,0.0
2020-08-24T13:57:39.256000Z,2020-08-24T13:57:39.553999Z,684.53,298.0,124.0,61.344,0.0,0.0,0.0,24.555,0.202805,0.0,0.0,0.0
2020-08-24T13:57:41.256000Z,2020-08-24T13:57:41.513999Z,628.779,258.0,120.0,30.996,0.0,0.0,0.0,24.555,2.262021,0.0,0.0,0.0
2020-08-24T13:57:43.255000Z,2020-08-24T13:57:43.447000Z,315.174,192.0,118.0,46.983,0.0,0.0,0.0,24.555,2.197912,0.0,0.0,0.0
2020-08-24T13:57:45.255000Z,2020-08-24T13:57:45.452000Z,480.393,197.0,118.0,58.808,0.0,0.0,0.0,24.555,2.114377,0.0,0.0,0.0
2020-08-24T13:57:47.256000Z,2020-08-24T13:57:47.509000Z,656.59,253.0,120.0,40.503,0.0,0.0,0.0,24.555,2.851766,0.0,0.0,0.0
2020-08-24T13:57:49.258000Z,2020-08-24T13:57:49.649999Z,390.915,392.0,124.0,46.85,0.0,0.0,0.0,24.555,2.861819,0.0,0.0,0.0
2020-08-24T13:57:51.259000Z,2020-08-24T13:57:51.372000Z,169.586,113.0,120.0,31.46,0.0,0.0,0.0,24.555,2.307297,0.0,0.0,0.0
2020-08-24T13:57:53.257000Z,2020-08-24T13:57:53.413000Z,369.326,156.0,114.0,41.178,0.0,0.0,0.0,24.555,1.718885,0.0,0.0,0.0
2020-08-24T13:57:55.070000Z,2020-08-24T13:57:55.217999Z,215.178,148.0,122.0,32.126,0.0,0.0,0.0,24.555,2.75629,0.0,0.0,0.0
2020-08-24T13:57:57.257000Z,2020-08-24T13:57:57.411000Z,364.354,154.0,122.0,58.508,0.0,0.0,0.0,24.555,1.541261,0.0,0.0,0.0
2020-08-24T13:57:59.260000Z,2020-08-24T13:57:59.529000Z,680.307,269.0,122.0,43.057,0.0,0.0,0.0,24.555,2.855522,0.0,0.0,0.0
2020-08-24T13:58:01.261000Z,2020-08-24T13:58:01.697999Z,1168.508,437.0,120.0,32.874,0.0,0.0,0.0,24.555,1.496422,0.0,0.0,0.0
2020-08-24T13:58:03.259000Z,2020-08-24T13:58:03.513000Z,590.582,254.0,126.0,54.258,0.0,0.0,0.0,24.555,1.734178,0.0,0.0,0.0
2020-08-24T13:58:05.258000Z,2020-08-24T13:58:05.679000Z,1150.261,421.0,126.0,32.652,0.0,0.0,0.0,24.555,2.076911,0.0,0.0,0.0
2020-08-24T13:58:07.259000Z,2020-08-24T13:58:07.876000Z,1638.086,617.0,126.0,59.713,0.0,0.0,0.0,24.555,2.635256,0.0,0.0,0.0
2020-08-24T13:58:09.259000Z,2020-08-24T13:58:09.884000Z,1617.625,625.0,126.0,52.731,0.0,0.0,0.0,24.555,0.571786,0.0,0.0,0.0
2020-08-24T13:58:11.259000Z,2020-08-24T13:58:11.829000Z,1542.337,570.0,130.0,59.306,0.0,0.0,0.0,24.555,1.003924,0.0,0.0,0.0
2020-08-24T13:58:13.258000Z,2020-08-24T13:58:13.429000Z,402.426,171.0,124.0,52.986,0.0,0.0,0.0,24.555,0.619539,0.0,0.0,0.0
2020-08-24T13:58:15.259000Z,2020-08-24T13:58:15.449000Z,468.238,190.0,124.0,31.4,0.0,0.0,0.0,24.555,2.732881,0.0,0.0,0.0
2020-08-24T13:58:17.258000Z,2020-08-24T13:58:17.637000Z,955.466,379.0,122.0,39.557,0.0,0.0,0.0,24.555,2.580246,0.0,0.0,0.0
2020-08-24T13:58:19.083000Z,2020-08-24T13:58:19.593999Z,1111.7,511.0,126.0,55.142,0.0,0.0,0.0,24.555,1.090275,0.0,0.0,0.0
2020-08-24T13:58:21.258000Z,2020-08-24T13:58:21.609000Z,801.43,351.0,128.0,43.655,0.0,0.0,0.0,24.555,2.368291,0.0,0.0,0.0
2020-08-24T13:58:23.257000Z,2020-08-24T13:58:23.577000Z,823.854,320.0,128.0,61.005,0.0,0.0,0.0,24.555,0.053552,0.0,0.0,0.0
2020-08-24T13:58:25.260000Z,2020-08-24T13:58:25.979000Z,1949.689,719.0,126.0,34.718,0.0,0.0,0.0,24.555,2.372478,0.0,0.0,0.0
2020-08-24T13:58:27.260000Z,2020-08-24T13:58:27.612000Z,850.944,352.0,118.0,50.402,0.0,0.0,0.0,24.555,0.408952,0.0,0.0,0.0
2020-08-24T13:58:29.257000Z,2020-08-24T13:58:29.509000Z,643.648,252.0,132.0,34.175,0.0,0.0,0.0,24.555,1.491874,0.0,0.0,0.0
2020-08-24T13:58:31.257000Z,2020-08-24T13:58:31.448000Z,481.822,191.0,126.0,39.526,0.0,0.0,0.0,24.555,2.459124,0.0,0.0,0.0
2020-08-24T13:58:33.257000Z,2020-08-24T13:58:33.694000Z,1073.462,437.0,128.0,47.178,0.0,0.0,0.0,24.555,2.921988,0.0,0.0,0.0
2020-08-24T13:58:35.258000Z,2020-08-24T13:58:35.677000Z,1072.654,419.0,128.0,58.049,0.0,0.0,0.0,24.555,2.542313,0.0,0.0,0.0
2020-08-24T13:58:37.484000Z,2020-08-24T13:58:37.879000Z,1023.741,395.0,124.0,58.276,0.0,0.0,0.0,24.555,0.254874,0.0,0.0,0.0
2020-08-24T13:58:39.257000Z,2020-08-24T13:58:39.646000Z,1026.31,389.0,118.0,31.241,0.0,0.0,0.0,24.555,1.520498,0.0,0.0,0.0
2020-08-24T13:58:41.258000Z,2020-08-24T13:58:41.630000Z,1010.048,372.0,122.0,49.469,0.0,0.0,0.0,24.555,2.415937,0.0,0.0,0.0
2020-08-24T13:58:43.259000Z,2020-08-24T13:58:43.668000Z,1019.849,409.0,126.0,33.056,0.0,0.0,0.0,24.555,2.616268,0.0,0.0,0.0
2020-08-24T13:58:45.257000Z,2020-08-24T13:58:45.681999Z,1050.764,425.0,116.0,52.516,0.0,0.0,0.0,24.555,2.809813,0.0,0.0,0.0
2020-08-24T13:58:47.260000Z,2020-08-24T13:58:47.625999Z,981.022,366.0,118.0,50.911,0.0,0.0,0.0,24.555,2.359088,0.0,0.0,0.0
2020-08-24T13:58:49.258000Z,2020-08-24T13:58:49.864000Z,1009.806,606.0,122.0,32.225,0.0,0.0,0.0,24.555,2.61212,0.0,0.0,0.0
2020-08-24T13:58:51.259000Z,2020-08-24T13:58:51.806000Z,1444.044,547.0,118.0,35.852,0.0,0.0,0.0,24.555,2.985524,0.0,0.0,0.0
2020-08-24T13:58:53.259000Z,2020-08-24T13:58:53.745999Z,1229.167,487.0,122.0,33.169,0.0,0.0,0.0,24.555,1.473113,0.0,0.0,0.0
2020-08-24T13:58:55.259000Z,2020-08-24T13:58:55.708000Z,1147.656,449.0,120.0,57.236,0.0,0.0,0.0,24.555,0.075502,0.0,0.0,0.0
2020-08-24T13:58:57.258000Z,2020-08-24T13:58:57.669000Z,1105.036,411.0,120.0,55.389,0.0,0.0,0.0,24.555,0.456956,0.0,0.0,0.0
2020-08-24T13:58:59.280000Z,2020-08-24T13:58:59.721000Z,1066.589,441.0,124.0,57.585,0.0,0.0,0.0,24.555,0.039055,0.0,0.0,0.0
2020-08-24T13:59:01.258000Z,2020-08-24T13:59:01.647000Z,964.835,389.0,126.0,54.837,0.0,0.0,0.0,24.555,2.833703,0.0,0.0,0.0
2020-08-24T13:59:03.259000Z,2020-08-24T13:59:03.646000Z,1033.848,387.0,126.0,33.648,0.0,0.0,0.0,24.555,1.486504,0.0,0.0,0.0
2020-08-24T13:59:05.259000Z,2020-08-24T13:59:05.593000Z,844.419,334.0,124.0,50.753,0.0,0.0,0.0,24.555,2.081415,0.0,0.0,0.0
2020-08-24T13:59:07.258000Z,2020-08-24T13:59:07.563000Z,763.648,305.0,130.0,34.061,0.0,0.0,0.0,24.555,1.511734,0.0,0.0,0.0
2020-08-24T13:59:09.259000Z,2020-08-24T13:59:09.729000Z,1208.805,470.0,122.0,60.536,0.0,0.0,0.0,24.555,1.216825,0.0,0.0,0.0
2020-08-24T13:59:11.259000Z,2020-08-24T13:59:11.724000Z,1264.417,465.0,124.0,58.5,0.0,0.0,0.0,24.555,0.175535,0.0,0.0,0.0
2020-08-24T13:59:13.259000Z,2020-08-24T13:59:13.640000Z,1008.87,381.0,124.0,31.214,0.0,0.0,0.0,24.555,2.412949,0.0,0.0,0.0
2020-08-24T13:59:15.262000Z,2020-08-24T13:59:15.641999Z,1033.92,380.0,122.0,57.411,0.0,0.0,0.0,24.555,1.124157,0.0,0.0,0.0
2020-08-24T13:59:17.260000Z,2020-08-24T13:59:17.609000Z,944.576,349.0,124.0,36.968,0.0,0.0,0.0,24.555,2.884417,0.0,0.0,0.0
2020-08-24T13:59:19.259000Z,2020-08-24T13:59:19.707000Z,1140.457,448.0,120.0,52.685,0.0,0.0,0.0,24.555,2.718098,0.0,0.0,0.0
2020-08-24T13:59:21.262000Z,2020-08-24T13:59:22.317000Z,2600.808,1055.0,122.0,60.677,0.0,0.0,0.0,24.555,0.339642,0.0,0.0,0.0
2020-08-24T13:59:23.260000Z,2020-08-24T13:59:23.789000Z,1356.177,529.0,114.0,48.077,0.0,0.0,0.0,25.06,0.204553,0.0,0.0,0.0
2020-08-24T13:59:25.260000Z,2020-08-24T13:59:25.614000Z,924.047,354.0,122.0,52.619,0.0,0.0,0.0,25.06,0.84879,0.0,0.0,0.0
2020-08-24T13:59:27.260000Z,2020-08-24T13:59:27.657000Z,1051.32,397.0,120.0,31.561,0.0,0.0,0.0,25.06,2.57618,0.0,0.0,0.0
2020-08-24T13:59:29.259000Z,2020-08-24T13:59:29.512000Z,611.82,253.0,128.0,57.791,0.0,0.0,0.0,25.06,0.856868,0.0,0.0,0.0
2020-08-24T13:59:31.260000Z,2020-08-24T13:59:31.639000Z,974.716,379.0,126.0,32.749,0.0,0.0,0.0,25.06,2.59325,0.0,0.0,0.0
2020-08-24T13:59:33.259000Z,2020-08-24T13:59:33.676000Z,1088.949,417.0,118.0,54.913,0.0,0.0,0.0,25.06,2.625384,0.0,0.0,0.0
2020-08-24T13:59:35.259000Z,2020-08-24T13:59:35.608000Z,911.989,349.0,120.0,56.671,0.0,0.0,0.0,25.06,0.777408,0.0,0.0,0.0
2020-08-24T13:59:37.260000Z,2020-08-24T13:59:37.779000Z,1256.26,519.0,124.0,32.568,0.0,0.0,0.0,25.06,2.860587,0.0,0.0,0.0
2020-08-24T13:59:39.259000Z,2020-08-24T13:59:39.744000Z,702.285,485.0,126.0,57.295,0.0,0.0,0.0,25.06,0.576292,0.0,0.0,0.0
2020-08-24T13:59:41.259000Z,2020-08-24T13:59:41.478000Z,565.017,219.0,122.0,48.679,0.0,0.0,0.0,25.06,1.504276,0.0,0.0,0.0
2020-08-24T13:59:43.260000Z,2020-08-24T13:59:43.425999Z,379.328,166.0,128.0,45.909,0.0,0.0,0.0,25.06,2.80963,0.0,0.0,0.0
2020-08-24T13:59:45.259000Z,2020-08-24T13:59:45.407000Z,356.323,148.0,124.0,46.235,0.0,0.0,0.0,25.06,2.687987,0.0,0.0,0.0
2020-08-24T13:59:47.260000Z,2020-08-24T13:59:47.468000Z,349.998,208.0,122.0,39.984,0.0,0.0,0.0,25.06,2.69569,0.0,0.0,0.0
2020-08-24T13:59:49.260000Z,2020-08-24T13:59:49.492000Z,346.89,232.0,122.0,62.962,0.0,0.0,0.0,25.06,1.078853,0.0,0.0,0.0
2020-08-24T13:59:51.260000Z,2020-08-24T13:59:51.409000Z,355.77,149.0,120.0,30.446,0.0,0.0,0.0,25.06,1.519748,0.0,0.0,0.0
2020-08-24T13:59:53.259000Z,2020-08-24T13:59:53.409000Z,353.472,150.0,120.0,33.282,0.0,0.0,0.0,25.06,2.813685,0.0,0.0,0.0
2020-08-24T13:59:55.259000Z,2020-08-24T13:59:55.408000Z,354.36,149.0,120.0,30.808,0.0,0.0,0.0,25.06,2.68586,0.0,0.0,0.0
2020-08-24T13:59:57.261000Z,2020-08-24T13:59:57.473000Z,541.105,212.0,120.0,36.354,0.0,0.0,0.0,25.06,2.910898,0.0,0.0,0.0
2020-08-24T13:59:59.261000Z,2020-08-24T13:59:59.639000Z,1014.182,378.0,120.0,44.271,0.0,0.0,0.0,25.06,2.93605,0.0,0.0,0.0
2020-08-24T14:00:01.261000Z,2020-08-24T14:00:01.948000Z,1192.702,687.0,120.0,33.518,0.0,0.0,0.0,25.06,2.801209,0.0,0.0,0.0
2020-08-24T14:00:03.262000Z,2020-08-24T14:00:03.463000Z,501.522,201.0,120.0,53.713,0.0,0.0,0.0,25.06,2.594465,0.0,0.0,0.0
2020-08-24T14:00:05.260000Z,2020-08-24T14:00:05.480000Z,563.128,220.0,120.0,31.201,0.0,0.0,0.0,25.06,2.505004,0.0,0.0,0.0
2020-08-24T14:00:07.260000Z,2020-08-24T14:00:07.486000Z,576.846,226.0,122.0,41.334,0.0,0.0,0.0,25.06,3.012542,0.0,0.0,0.0
2020-08-24T14:00:09.260000Z,2020-08-24T14:00:09.385000Z,275.547,125.0,120.0,46.783,0.0,0.0,0.0,25.06,2.678847,0.0,0.0,0.0
2020-08-24T14:00:11.260000Z,2020-08-24T14:00:11.405000Z,343.394,145.0,120.0,38.782,0.0,0.0,0.0,25.06,2.81143,0.0,0.0,0.0
2020-08-24T14:00:13.262000Z,2020-08-24T14:00:13.441999Z,437.789,180.0,124.0,38.819,0.0,0.0,0.0,25.06,2.856576,0.0,0.0,0.0
2020-08-24T14:00:15.260000Z,2020-08-24T14:00:15.528000Z,435.215,268.0,124.0,32.098,0.0,0.0,0.0,25.06,2.788339,0.0,0.0,0.0
2020-08-24T14:00:17.262000Z,2020-08-24T14:00:17.661000Z,406.294,399.0,122.0,63.497,0.0,0.0,0.0,25.06,0.397673,0.0,0.0,0.0
2020-08-24T14:00:19.262000Z,2020-08-24T14:00:19.437000Z,403.212,175.0,120.0,32.184,0.0,0.0,0.0,25.06,2.846535,0.0,0.0,0.0
2020-08-24T14:00:21.261000Z,2020-08-24T14:00:21.520000Z,463.073,259.0,123.0,47.72,0.0,0.0,0.0,25.06,2.963691,0.0,0.0,0.0
2020-08-24T14:00:23.261000Z,2020-08-24T14:00:23.527000Z,643.802,266.0,126.0,63.723,0.0,0.0,0.0,25.06,1.200993,0.0,0.0,0.0
2020-08-24T14:00:25.262000Z,2020-08-24T14:00:26.023000Z,2010.449,761.0,124.0,33.984,0.0,0.0,0.0,25.06,2.417357,0.0,0.0,0.0
2020-08-24T14:00:27.264000Z,2020-08-24T14:00:28.069000Z,2183.547,805.0,122.0,48.783,0.0,0.0,0.0,25.06,0.28813,0.0,0.0,0.0
2020-08-24T14:00:29.261000Z,2020-08-24T14:00:29.859000Z,1580.53,598.0,122.0,33.123,0.0,0.0,0.0,25.06,1.510914,0.0,0.0,0.0
2020-08-24T14:00:31.262000Z,2020-08-24T14:00:32.025999Z,1780.142,764.0,120.0,50.009,0.0,0.0,0.0,25.06,2.289505,0.0,0.0,0.0
2020-08-24T14:00:33.373000Z,2020-08-24T14:00:34.089999Z,1854.156,717.0,114.0,49.442,0.0,0.0,0.0,25.06,0.479671,0.0,0.0,0.0
2020-08-24T14:00:35.262000Z,2020-08-24T14:00:35.924000Z,1558.681,662.0,126.0,49.908,0.0,0.0,0.0,25.06,0.652885,0.0,0.0,0.0
2020-08-24T14:00:37.263000Z,2020-08-24T14:00:37.921999Z,1751.135,659.0,120.0,52.769,0.0,0.0,0.0,25.06,0.442578,0.0,0.0,0.0
2020-08-24T14:00:39.262000Z,2020-08-24T14:00:39.747000Z,1296.936,485.0,116.0,31.298,0.0,0.0,0.0,25.06,1.485473,0.0,0.0,0.0
2020-08-24T14:00:41.263000Z,2020-08-24T14:00:41.918000Z,1787.076,655.0,120.0,54.109,0.0,0.0,0.0,25.06,1.477852,0.0,0.0,0.0
2020-08-24T14:00:43.264000Z,2020-08-24T14:00:43.827000Z,1474.258,563.0,122.0,32.259,0.0,0.0,0.0,25.06,1.469845,0.0,0.0,0.0
2020-08-24T14:00:45.263000Z,2020-08-24T14:00:45.769999Z,973.341,507.0,122.0,54.74,0.0,0.0,0.0,25.06,0.320175,0.0,0.0,0.0
2020-08-24T14:00:47.262000Z,2020-08-24T14:00:47.653000Z,1052.846,391.0,124.0,56.56,0.0,0.0,0.0,25.06,0.487449,0.0,0.0,0.0
2020-08-24T14:00:49.263000Z,2020-08-24T14:00:49.569999Z,813.922,307.0,118.0,32.364,0.0,0.0,0.0,25.06,2.580665,0.0,0.0,0.0
2020-08-24T14:00:51.262000Z,2020-08-24T14:00:51.694000Z,1185.11,432.0,122.0,55.513,0.0,0.0,0.0,25.06,2.72308,0.0,0.0,0.0
2020-08-24T14:00:53.261000Z,2020-08-24T14:00:53.444000Z,445.329,183.0,124.0,32.3,0.0,0.0,0.0,25.06,2.737927,0.0,0.0,0.0
2020-08-24T14:00:55.265999Z,2020-08-24T14:00:56.020000Z,2027.56,754.0,124.0,46.985,0.0,0.0,0.0,25.06,2.653885,0.0,0.0,0.0
2020-08-24T14:00:57.263000Z,2020-08-24T14:00:58.117000Z,1697.737,854.0,118.0,48.696,0.0,0.0,0.0,25.06,0.535902,0.0,0.0,0.0
2020-08-24T14:00:59.264999Z,2020-08-24T14:00:59.669000Z,1106.023,404.0,122.0,30.388,0.0,0.0,0.0,25.06,2.88629,0.0,0.0,0.0
2020-08-24T14:01:01.264999Z,2020-08-24T14:01:01.519000Z,577.987,254.0,122.0,54.476,0.0,0.0,0.0,25.06,2.416229,0.0,0.0,0.0
2020-08-24T14:01:03.265999Z,2020-08-24T14:01:04.012000Z,1451.039,746.0,122.0,31.681,0.0,0.0,0.0,25.06,2.722218,0.0,0.0,0.0
2020-08-24T14:01:05.264999Z,2020-08-24T14:01:05.703000Z,1121.792,438.0,124.0,54.56,0.0,0.0,0.0,25.06,1.121023,0.0,0.0,0.0
2020-08-24T14:01:07.267000Z,2020-08-24T14:01:07.952000Z,1759.139,685.0,118.0,35.9,0.0,0.0,0.0,25.06,2.254924,0.0,0.0,0.0
2020-08-24T14:01:09.264000Z,2020-08-24T14:01:09.553999Z,740.527,290.0,122.0,50.009,0.0,0.0,0.0,25.06,0.085361,0.0,0.0,0.0
2020-08-24T14:01:11.264999Z,2020-08-24T14:01:11.534000Z,693.163,269.0,122.0,53.393,0.0,0.0,0.0,25.06,2.313403,0.0,0.0,0.0
2020-08-24T14:01:13.264999Z,2020-08-24T14:01:13.617000Z,887.448,352.0,126.0,32.057,0.0,0.0,0.0,25.06,2.51736,0.0,0.0,0.0
2020-08-24T14:01:15.265999Z,2020-08-24T14:01:15.521999Z,669.627,256.0,124.0,60.196,0.0,0.0,0.0,25.06,0.416128,0.0,0.0,0.0
2020-08-24T14:01:17.264999Z,2020-08-24T14:01:17.519000Z,663.684,254.0,120.0,34.195,0.0,0.0,0.0,25.06,2.953472,0.0,0.0,0.0
2020-08-24T14:01:19.265999Z,2020-08-24T14:01:19.373000Z,228.597,107.0,126.0,48.082,0.0,0.0,0.0,25.06,2.875624,0.0,0.0,0.0
2020-08-24T14:01:21.264000Z,2020-08-24T14:01:21.525000Z,686.415,261.0,124.0,39.018,0.0,0.0,0.0,25.06,2.77553,0.0,0.0,0.0
2020-08-24T14:01:23.264999Z,2020-08-24T14:01:23.499000Z,593.655,234.0,122.0,54.043,0.0,0.0,0.0,25.06,2.98743,0.0,0.0,0.0
2020-08-24T14:01:25.264000Z,2020-08-24T14:01:25.519000Z,636.478,255.0,130.0,47.846,0.0,0.0,0.0,25.06,2.932641,0.0,0.0,0.0
2020-08-24T14:01:27.264000Z,2020-08-24T14:01:27.502000Z,617.174,238.0,128.0,34.294,0.0,0.0,0.0,25.06,2.490887,0.0,0.0,0.0
2020-08-24T14:01:29.264000Z,2020-08-24T14:01:29.720000Z,622.623,456.0,126.0,58.289,0.0,0.0,0.0,25.06,2.858155,0.0,0.0,0.0
2020-08-24T14:01:31.265999Z,2020-08-24T14:01:31.584000Z,838.493,318.0,126.0,57.762,0.0,0.0,0.0,25.06,0.046761,0.0,0.0,0.0
2020-08-24T14:01:33.265999Z,2020-08-24T14:01:33.468000Z,494.753,202.0,118.0,59.608,0.0,0.0,0.0,25.06,2.732682,0.0,0.0,0.0
2020-08-24T14:01:35.264999Z,2020-08-24T14:01:35.574000Z,784.271,309.0,120.0,48.504,0.0,0.0,0.0,25.06,2.791907,0.0,0.0,0.0
2020-08-24T14:01:37.264999Z,2020-08-24T14:01:37.988000Z,1345.477,723.0,120.0,36.929,0.0,0.0,0.0,25.06,2.921899,0.0,0.0,0.0
2020-08-24T14:01:39.265999Z,2020-08-24T14:01:39.617000Z,890.886,351.0,128.0,49.548,0.0,0.0,0.0,25.06,1.947697,0.0,0.0,0.0
2020-08-24T14:01:41.515000Z,2020-08-24T14:01:41.921000Z,1022.02,406.0,120.0,32.908,0.0,0.0,0.0,25.06,1.535347,0.0,0.0,0.0
2020-08-24T14:01:43.515000Z,2020-08-24T14:01:44.021000Z,1348.607,506.0,124.0,57.335,0.0,0.0,0.0,25.06,0.355021,0.0,0.0,0.0
2020-08-24T14:01:45.516000Z,2020-08-24T14:01:45.905999Z,1065.101,390.0,122.0,52.474,0.0,0.0,0.0,25.06,2.988848,0.0,0.0,0.0
2020-08-24T14:01:47.515000Z,2020-08-24T14:01:47.903000Z,1041.709,388.0,118.0,56.637,0.0,0.0,0.0,25.06,2.810068,0.0,0.0,0.0
2020-08-24T14:01:49.514000Z,2020-08-24T14:01:49.887000Z,963.318,373.0,132.0,58.007,0.0,0.0,0.0,25.06,1.371486,0.0,0.0,0.0
2020-08-24T14:01:51.517000Z,2020-08-24T14:01:51.848000Z,750.037,331.0,126.0,30.772,0.0,0.0,0.0,25.06,2.750759,0.0,0.0,0.0
2020-08-24T14:01:53.515000Z,2020-08-24T14:01:53.853000Z,912.93,338.0,122.0,55.903,0.0,0.0,0.0,25.06,1.115568,0.0,0.0,0.0
2020-08-24T14:01:55.515000Z,2020-08-24T14:01:55.788000Z,677.288,273.0,124.0,32.474,0.0,0.0,0.0,25.06,2.934971,0.0,0.0,0.0
2020-08-24T14:01:57.514000Z,2020-08-24T14:01:57.797000Z,734.407,283.0,126.0,61.396,0.0,0.0,0.0,25.06,2.746673,0.0,0.0,0.0
2020-08-24T14:01:59.514000Z,2020-08-24T14:01:59.785000Z,682.025,271.0,126.0,56.266,0.0,0.0,0.0,25.06,2.901639,0.0,0.0,0.0
2020-08-24T14:02:01.514000Z,2020-08-24T14:02:01.897999Z,379.813,384.0,120.0,51.55,0.0,0.0,0.0,25.06,3.010309,0.0,0.0,0.0
2020-08-24T14:02:03.515000Z,2020-08-24T14:02:03.664000Z,348.741,149.0,124.0,37.963,0.0,0.0,0.0,25.06,2.878284,0.0,0.0,0.0
2020-08-24T14:02:05.515000Z,2020-08-24T14:02:05.745000Z,589.502,230.0,124.0,31.516,0.0,0.0,0.0,25.075,2.563759,0.0,0.0,0.0
2020-08-24T14:02:07.514000Z,2020-08-24T14:02:07.806000Z,603.057,292.0,126.0,47.781,0.0,0.0,0.0,25.075,3.140702,0.0,0.0,0.0
2020-08-24T14:02:09.515000Z,2020-08-24T14:02:09.923000Z,1094.447,408.0,126.0,59.793,0.0,0.0,0.0,25.075,0.048021,0.0,0.0,0.0
2020-08-24T14:02:11.515000Z,2020-08-24T14:02:11.840000Z,761.403,325.0,120.0,35.47,0.0,0.0,0.0,25.075,2.909646,0.0,0.0,0.0
2020-08-24T14:02:13.515000Z,2020-08-24T14:02:13.839000Z,746.982,324.0,118.0,55.425,0.0,0.0,0.0,25.075,2.785397,0.0,0.0,0.0
2020-08-24T14:02:15.516000Z,2020-08-24T14:02:16.252000Z,2022.126,736.0,122.0,33.684,0.0,0.0,0.0,25.075,1.558872,0.0,0.0,0.0
2020-08-24T14:02:17.515000Z,2020-08-24T14:02:17.795000Z,729.217,280.0,120.0,49.198,0.0,0.0,0.0,25.075,0.984028,0.0,0.0,0.0
2020-08-24T14:02:19.515000Z,2020-08-24T14:02:19.989000Z,1197.231,474.0,120.0,31.796,0.0,0.0,0.0,25.077,3.017651,0.0,0.0,0.0
2020-08-24T14:02:21.515000Z,2020-08-24T14:02:21.768000Z,653.387,253.0,120.0,41.739,0.0,0.0,0.0,25.077,2.409483,0.0,0.0,0.0
2020-08-24T14:02:23.516000Z,2020-08-24T14:02:23.771000Z,647.471,255.0,122.0,51.039,0.0,0.0,0.0,25.077,2.904014,0.0,0.0,0.0
2020-08-24T14:02:25.514000Z,2020-08-24T14:02:26.017999Z,489.499,504.0,122.0,44.003,0.0,0.0,0.0,25.077,1.83626,0.0,0.0,0.0
2020-08-24T14:02:27.516000Z,2020-08-24T14:02:28.019000Z,680.107,503.0,120.0,69.127,0.0,0.0,0.0,25.077,0.060636,0.0,0.0,0.0
2020-08-24T14:02:29.516000Z,2020-08-24T14:02:30.052000Z,1445.254,536.0,124.0,31.07,0.0,0.0,0.0,25.077,1.506767,0.0,0.0,0.0
2020-08-24T14:02:31.514000Z,2020-08-24T14:02:31.831000Z,780.029,317.0,122.0,37.637,0.0,0.0,0.0,25.077,2.782583,0.0,0.0,0.0
2020-08-24T14:02:33.515000Z,2020-08-24T14:02:33.827000Z,713.827,312.0,124.0,57.403,0.0,0.0,0.0,25.077,1.037578,0.0,0.0,0.0
2020-08-24T14:02:35.516000Z,2020-08-24T14:02:35.745999Z,567.206,230.0,124.0,60.729,0.0,0.0,0.0,25.077,2.587336,0.0,0.0,0.0
2020-08-24T14:02:37.517000Z,2020-08-24T14:02:37.800000Z,700.957,283.0,126.0,54.94,0.0,0.0,0.0,25.077,2.402953,0.0,0.0,0.0
2020-08-24T14:02:39.516000Z,2020-08-24T14:02:39.864000Z,921.04,348.0,126.0,115.943,0.0,0.0,0.0,25.077,0.126492,0.0,0.0,0.0
2020-08-24T14:02:41.516000Z,2020-08-24T14:02:41.761999Z,638.902,246.0,120.0,38.119,0.0,0.0,0.0,25.077,2.666893,0.0,0.0,0.0
2020-08-24T14:02:43.516000Z,2020-08-24T14:02:43.903000Z,895.882,387.0,120.0,31.629,0.0,0.0,0.0,24.864,2.94432,0.0,0.0,0.0
2020-08-24T14:02:45.517000Z,2020-08-24T14:02:46.236000Z,1472.933,719.0,122.0,59.942,0.0,0.0,0.0,24.864,0.053503,0.0,0.0,0.0
2020-08-24T14:02:47.518000Z,2020-08-24T14:02:48.073000Z,1496.466,555.0,94.0,54.996,0.0,0.0,0.0,24.864,0.884978,0.0,0.0,0.0
2020-08-24T14:02:49.531000Z,2020-08-24T14:02:50.115000Z,1556.72,584.0,122.0,49.606,0.0,0.0,0.0,24.864,2.544833,0.0,0.0,0.0
2020-08-24T14:02:51.517000Z,2020-08-24T14:02:52.100000Z,1541.912,583.0,120.0,38.279,0.0,0.0,0.0,24.864,2.912355,0.0,0.0,0.0
2020-08-24T14:02:53.517000Z,2020-08-24T14:02:54.048000Z,1448.624,531.0,128.0,31.919,0.0,0.0,0.0,24.864,1.517058,0.0,0.0,0.0
2020-08-24T14:02:55.518000Z,2020-08-24T14:02:56.089999Z,1475.079,572.0,130.0,56.697,0.0,0.0,0.0,24.864,1.252466,0.0,0.0,0.0
2020-08-24T14:02:57.516000Z,2020-08-24T14:02:57.963000Z,1088.692,447.0,122.0,54.471,0.0,0.0,0.0,24.864,0.07991,0.0,0.0,0.0
2020-08-24T14:02:59.515000Z,2020-08-24T14:02:59.687000Z,415.452,172.0,124.0,55.948,0.0,0.0,0.0,24.864,0.505595,0.0,0.0,0.0
2020-08-24T14:03:01.517000Z,2020-08-24T14:03:01.595000Z,144.286,78.0,124.0,35.418,0.0,0.0,0.0,24.864,2.917681,0.0,0.0,0.0
2020-08-24T14:03:03.516000Z,2020-08-24T14:03:03.647000Z,297.322,131.0,122.0,29.889,0.0,0.0,0.0,24.864,2.824494,0.0,0.0,0.0
2020-08-24T14:03:05.516000Z,2020-08-24T14:03:05.640000Z,276.398,124.0,120.0,36.581,0.0,0.0,0.0,24.864,2.685577,0.0,0.0,0.0
2020-08-24T14:03:07.515000Z,2020-08-24T14:03:07.646000Z,241.515,131.0,122.0,30.824,0.0,0.0,0.0,24.864,2.928102,0.0,0.0,0.0
2020-08-24T14:03:09.517000Z,2020-08-24T14:03:10.128000Z,976.709,611.0,122.0,43.971,0.0,0.0,0.0,24.864,1.024801,0.0,0.0,0.0
2020-08-24T14:03:11.516000Z,2020-08-24T14:03:11.903000Z,970.852,387.0,126.0,39.39,0.0,0.0,0.0,24.864,2.390829,0.0,0.0,0.0
2020-08-24T14:03:13.517000Z,2020-08-24T14:03:13.865999Z,856.69,349.0,120.0,57.729,0.0,0.0,0.0,24.864,2.627236,0.0,0.0,0.0
2020-08-24T14:03:15.519000Z,2020-08-24T14:03:16.009000Z,916.483,490.0,122.0,55.897,0.0,0.0,0.0,24.864,2.760165,0.0,0.0,0.0
2020-08-24T14:03:17.519000Z,2020-08-24T14:03:17.931000Z,1104.603,412.0,118.0,32.607,0.0,0.0,0.0,24.864,1.51319,0.0,0.0,0.0
2020-08-24T14:03:19.518000Z,2020-08-24T14:03:19.929999Z,1055.592,412.0,120.0,55.59,0.0,0.0,0.0,24.864,2.98046,0.0,0.0,0.0
2020-08-24T14:03:21.519000Z,2020-08-24T14:03:22.145000Z,971.369,626.0,118.0,37.218,0.0,0.0,0.0,24.864,1.388028,0.0,0.0,0.0
2020-08-24T14:03:23.517000Z,2020-08-24T14:03:23.893000Z,977.376,376.0,122.0,52.594,0.0,0.0,0.0,24.864,2.866674,0.0,0.0,0.0
2020-08-24T14:03:25.517000Z,2020-08-24T14:03:25.992000Z,924.944,475.0,124.0,58.976,0.0,0.0,0.0,24.864,0.757743,0.0,0.0,0.0
2020-08-24T14:03:27.517000Z,2020-08-24T14:03:27.676000Z,378.092,159.0,118.0,33.409,0.0,0.0,0.0,24.864,1.506621,0.0,0.0,0.0
2020-08-24T14:03:29.517000Z,2020-08-24T14:03:29.701000Z,401.152,184.0,118.0,35.731,0.0,0.0,0.0,24.864,2.5219,0.0,0.0,0.0
2020-08-24T14:03:31.517000Z,2020-08-24T14:03:31.697000Z,431.752,180.0,118.0,31.822,0.0,0.0,0.0,24.864,2.055662,0.0,0.0,0.0
2020-08-24T14:03:33.517000Z,2020-08-24T14:03:33.696000Z,423.501,179.0,118.0,44.681,0.0,0.0,0.0,24.864,2.818273,0.0,0.0,0.0
2020-08-24T14:03:35.517000Z,2020-08-24T14:03:35.691000Z,416.408,174.0,118.0,44.681,0.0,0.0,0.0,24.864,2.428824,0.0,0.0,0.0
2020-08-24T14:03:37.520000Z,2020-08-24T14:03:37.699000Z,409.607,179.0,118.0,30.013,0.0,0.0,0.0,24.864,2.605357,0.0,0.0,0.0
2020-08-24T14:03:39.518000Z,2020-08-24T14:03:39.894000Z,997.827,376.0,130.0,46.995,0.0,0.0,0.0,24.864,2.581235,0.0,0.0,0.0
2020-08-24T14:03:41.519000Z,2020-08-24T14:03:42.049000Z,1362.133,530.0,132.0,32.672,0.0,0.0,0.0,24.864,2.776924,0.0,0.0,0.0
2020-08-24T14:03:43.521999Z,2020-08-24T14:03:44.032000Z,1376.865,510.0,120.0,49.494,0.0,0.0,0.0,24.864,1.283672,0.0,0.0,0.0
2020-08-24T14:03:45.518000Z,2020-08-24T14:03:46.277000Z,1403.142,759.0,122.0,55.707,0.0,0.0,0.0,24.864,2.778787,0.0,0.0,0.0
2020-08-24T14:03:47.518000Z,2020-08-24T14:03:48.041999Z,1369.778,524.0,122.0,45.947,0.0,0.0,0.0,24.864,2.512632,0.0,0.0,0.0
2020-08-24T14:03:49.519000Z,2020-08-24T14:03:50.012000Z,1321.07,493.0,126.0,54.428,0.0,0.0,0.0,24.864,0.806291,0.0,0.0,0.0
2020-08-24T14:03:51.518000Z,2020-08-24T14:03:52.072000Z,1361.052,554.0,124.0,32.33,0.0,0.0,0.0,24.864,2.858385,0.0,0.0,0.0
2020-08-24T14:03:53.520000Z,2020-08-24T14:03:53.993999Z,1308.775,474.0,110.0,47.816,0.0,0.0,0.0,24.864,1.838096,0.0,0.0,0.0
2020-08-24T14:03:55.521999Z,2020-08-24T14:03:56.041999Z,1344.676,520.0,118.0,32.221,0.0,0.0,0.0,24.864,2.907952,0.0,0.0,0.0
2020-08-24T14:03:57.519000Z,2020-08-24T14:03:59.187000Z,672.292,1668.0,118.0,54.825,0.0,0.0,0.0,24.864,0.370149,0.0,0.0,0.0
2020-08-24T14:03:59.518000Z,2020-08-24T14:03:59.969000Z,1224.886,451.0,122.0,466.37,0.0,0.0,0.0,24.864,0.040058,0.0,0.0,0.0
2020-08-24T14:04:01.519000Z,2020-08-24T14:04:01.877000Z,916.765,358.0,120.0,42.302,0.0,0.0,0.0,24.864,3.012112,0.0,0.0,0.0
2020-08-24T14:04:03.518000Z,2020-08-24T14:04:03.868000Z,941.295,350.0,118.0,58.673,0.0,0.0,0.0,24.864,2.708402,0.0,0.0,0.0
2020-08-24T14:04:05.519000Z,2020-08-24T14:04:05.829000Z,636.98,310.0,122.0,32.806,0.0,0.0,0.0,24.864,2.695098,0.0,0.0,0.0
2020-08-24T14:04:07.518000Z,2020-08-24T14:04:07.841999Z,678.502,324.0,122.0,64.099,0.0,0.0,0.0,24.864,0.775928,0.0,0.0,0.0
2020-08-24T14:04:09.520000Z,2020-08-24T14:04:09.775000Z,566.027,255.0,124.0,60.792,0.0,0.0,0.0,24.864,0.050671,0.0,0.0,0.0
2020-08-24T14:04:11.520000Z,2020-08-24T14:04:12.046000Z,1440.287,526.0,126.0,55.734,0.0,0.0,0.0,24.864,2.520045,0.0,0.0,0.0
2020-08-24T14:04:13.521000Z,2020-08-24T14:04:14.023000Z,724.554,502.0,120.0,58.441,0.0,0.0,0.0,24.864,1.478869,0.0,0.0,0.0
2020-08-24T14:04:15.521999Z,2020-08-24T14:04:16.241999Z,1423.22,720.0,118.0,29.181,0.0,0.0,0.0,24.864,2.54751,0.0,0.0,0.0
2020-08-24T14:04:17.523000Z,2020-08-24T14:04:18.265000Z,2013.752,742.0,100.0,51.524,0.0,0.0,0.0,24.864,0.425352,0.0,0.0,0.0
2020-08-24T14:04:19.521000Z,2020-08-24T14:04:20.044000Z,1350.816,523.0,122.0,33.9,0.0,0.0,0.0,24.864,1.460847,0.0,0.0,0.0
2020-08-24T14:04:21.540000Z,2020-08-24T14:04:22.392000Z,1424.131,852.0,126.0,43.388,0.0,0.0,0.0,24.864,2.252116,0.0,0.0,0.0
2020-08-24T14:04:23.521000Z,2020-08-24T14:04:24.024000Z,1301.577,503.0,122.0,42.064,0.0,0.0,0.0,24.864,0.807896,0.0,0.0,0.0
2020-08-24T14:04:25.521999Z,2020-08-24T14:04:26.055000Z,1405.526,533.0,126.0,57.532,0.0,0.0,0.0,24.864,0.124143,0.0,0.0,0.0
2020-08-24T14:04:27.521000Z,2020-08-24T14:04:28.308000Z,1516.422,787.0,120.0,54.45,0.0,0.0,0.0,24.864,0.89864,0.0,0.0,0.0
2020-08-24T14:04:29.521000Z,2020-08-24T14:04:30.017000Z,1348.81,496.0,120.0,33.608,0.0,0.0,0.0,24.864,2.498112,0.0,0.0,0.0
2020-08-24T14:04:31.521999Z,2020-08-24T14:04:32.223000Z,1461.016,701.0,124.0,33.026,0.0,0.0,0.0,24.864,2.608621,0.0,0.0,0.0
2020-08-24T14:04:33.521999Z,2020-08-24T14:04:34.021000Z,1224.751,499.0,118.0,53.244,0.0,0.0,0.0,24.864,0.065842,0.0,0.0,0.0
2020-08-24T14:04:35.521999Z,2020-08-24T14:04:35.909000Z,781.014,387.0,124.0,55.739,0.0,0.0,0.0,24.864,0.347914,0.0,0.0,0.0
2020-08-24T14:04:37.521999Z,2020-08-24T14:04:37.933000Z,1057.054,411.0,122.0,60.975,0.0,0.0,0.0,24.864,0.201112,0.0,0.0,0.0
2020-08-24T14:04:39.521999Z,2020-08-24T14:04:40.059000Z,1481.073,537.0,122.0,32.823,0.0,0.0,0.0,24.864,1.485697,0.0,0.0,0.0
2020-08-24T14:04:41.523000Z,2020-08-24T14:04:42.094000Z,1454.759,571.0,120.0,31.9,0.0,0.0,0.0,24.864,2.824236,0.0,0.0,0.0
2020-08-24T14:04:43.521999Z,2020-08-24T14:04:43.879000Z,905.927,357.0,114.0,30.855,0.0,0.0,0.0,24.864,1.488951,0.0,0.0,0.0
2020-08-24T14:04:45.520000Z,2020-08-24T14:04:46.028000Z,554.87,508.0,116.0,55.934,0.0,0.0,0.0,24.864,2.647196,0.0,0.0,0.0
2020-08-24T14:04:47.521000Z,2020-08-24T14:04:48.245000Z,1932.458,724.0,116.0,221.587,0.0,0.0,0.0,24.864,0.528738,0.0,0.0,0.0
2020-08-24T14:04:49.523000Z,2020-08-24T14:04:50.364000Z,1485.141,841.0,116.0,50.055,0.0,0.0,0.0,24.864,0.786559,0.0,0.0,0.0
2020-08-24T14:04:51.520000Z,2020-08-24T14:04:52.161999Z,1736.663,642.0,114.0,34.423,0.0,0.0,0.0,24.864,2.489807,0.0,0.0,0.0
2020-08-24T14:04:53.521000Z,2020-08-24T14:04:54.081999Z,1550.39,561.0,120.0,32.601,0.0,0.0,0.0,24.864,1.517729,0.0,0.0,0.0
2020-08-24T14:04:55.523000Z,2020-08-24T14:04:56.057000Z,1261.674,534.0,128.0,51.595,0.0,0.0,0.0,24.864,2.777891,0.0,0.0,0.0
2020-08-24T14:04:57.521000Z,2020-08-24T14:04:58.100000Z,1465.978,579.0,128.0,57.298,0.0,0.0,0.0,24.864,0.484031,0.0,0.0,0.0
2020-08-24T14:04:59.520000Z,2020-08-24T14:04:59.873999Z,962.081,354.0,120.0,53.044,0.0,0.0,0.0,24.864,0.245791,0.0,0.0,0.0
2020-08-24T14:05:01.521000Z,2020-08-24T14:05:02.121999Z,1626.587,601.0,122.0,58.609,0.0,0.0,0.0,24.864,2.906517,0.0,0.0,0.0
2020-08-24T14:05:03.520000Z,2020-08-24T14:05:03.681999Z,384.462,162.0,122.0,31.935,0.0,0.0,0.0,24.864,2.609424,0.0,0.0,0.0
2020-08-24T14:05:05.521999Z,2020-08-24T14:05:06.173000Z,1405.144,651.0,122.0,41.224,0.0,0.0,0.0,24.864,2.540136,0.0,0.0,0.0
2020-08-24T14:05:07.521000Z,2020-08-24T14:05:08.028000Z,1336.36,507.0,104.0,30.225,0.0,0.0,0.0,24.54,2.754217,0.0,0.0,0.0
2020-08-24T14:05:09.521000Z,2020-08-24T14:05:09.955000Z,1142.109,434.0,116.0,54.033,0.0,0.0,0.0,24.54,1.897893,0.0,0.0,0.0
2020-08-24T14:05:11.520000Z,2020-08-24T14:05:11.836000Z,829.115,316.0,120.0,57.775,0.0,0.0,0.0,24.54,0.651599,0.0,0.0,0.0
2020-08-24T14:05:13.544000Z,2020-08-24T14:05:13.814000Z,676.585,270.0,122.0,58.449,0.0,0.0,0.0,24.54,2.943698,0.0,0.0,0.0
2020-08-24T14:05:15.520000Z,2020-08-24T14:05:15.952000Z,726.413,432.0,122.0,57.615,0.0,0.0,0.0,24.54,2.836377,0.0,0.0,0.0
2020-08-24T14:05:17.521000Z,2020-08-24T14:05:17.806000Z,748.115,285.0,116.0,32.302,0.0,0.0,0.0,24.54,1.526262,0.0,0.0,0.0
2020-08-24T14:05:19.521000Z,2020-08-24T14:05:19.841000Z,772.669,320.0,124.0,46.381,0.0,0.0,0.0,24.54,2.539866,0.0,0.0,0.0
2020-08-24T14:05:21.521000Z,2020-08-24T14:05:21.830000Z,720.623,309.0,124.0,60.946,0.0,0.0,0.0,24.54,0.355478,0.0,0.0,0.0
2020-08-24T14:05:23.521000Z,2020-08-24T14:05:23.789000Z,691.794,268.0,120.0,56.276,0.0,0.0,0.0,24.54,2.715241,0.0,0.0,0.0
2020-08-24T14:05:25.521999Z,2020-08-24T14:05:25.824000Z,704.067,302.0,124.0,50.166,0.0,0.0,0.0,24.54,2.65541,0.0,0.0,0.0
2020-08-24T14:05:27.521000Z,2020-08-24T14:05:27.753999Z,582.122,233.0,126.0,46.773,0.0,0.0,0.0,24.54,1.180062,0.0,0.0,0.0
2020-08-24T14:05:29.521000Z,2020-08-24T14:05:29.695000Z,412.743,174.0,126.0,57.088,0.0,0.0,0.0,24.54,2.426932,0.0,0.0,0.0
2020-08-24T14:05:31.521000Z,2020-08-24T14:05:31.676000Z,348.907,155.0,122.0,37.706,0.0,0.0,0.0,24.54,2.579173,0.0,0.0,0.0
2020-08-24T14:05:33.521000Z,2020-08-24T14:05:33.902000Z,352.708,381.0,122.0,47.301,0.0,0.0,0.0,24.54,2.538003,0.0,0.0,0.0
2020-08-24T14:05:35.521999Z,2020-08-24T14:05:35.702000Z,430.421,180.0,126.0,32.875,0.0,0.0,0.0,24.54,2.879272,0.0,0.0,0.0
2020-08-24T14:05:37.523000Z,2020-08-24T14:05:37.705999Z,407.678,183.0,126.0,31.464,0.0,0.0,0.0,24.54,2.609032,0.0,0.0,0.0
2020-08-24T14:05:39.523000Z,2020-08-24T14:05:39.720000Z,474.856,197.0,126.0,49.346,0.0,0.0,0.0,24.54,1.582918,0.0,0.0,0.0
2020-08-24T14:05:41.521000Z,2020-08-24T14:05:41.693000Z,422.28,172.0,126.0,31.685,0.0,0.0,0.0,24.54,2.458545,0.0,0.0,0.0
2020-08-24T14:05:43.521000Z,2020-08-24T14:05:43.712000Z,440.599,191.0,126.0,45.495,0.0,0.0,0.0,24.54,2.747595,0.0,0.0,0.0
2020-08-24T14:05:45.619000Z,2020-08-24T14:05:45.803000Z,351.91,184.0,122.0,59.938,0.0,0.0,0.0,24.54,2.527786,0.0,0.0,0.0
2020-08-24T14:05:47.521999Z,2020-08-24T14:05:47.927000Z,445.423,405.0,122.0,50.558,0.0,0.0,0.0,24.54,3.002016,0.0,0.0,0.0
2020-08-24T14:05:49.521999Z,2020-08-24T14:05:49.751000Z,561.318,229.0,126.0,34.685,0.0,0.0,0.0,24.54,2.731378,0.0,0.0,0.0
2020-08-24T14:05:51.771000Z,2020-08-24T14:05:51.976000Z,459.571,205.0,126.0,33.199,0.0,0.0,0.0,24.54,2.708627,0.0,0.0,0.0
2020-08-24T14:05:53.772000Z,2020-08-24T14:05:54.085000Z,786.477,313.0,124.0,53.121,0.0,0.0,0.0,24.54,2.544704,0.0,0.0,0.0
2020-08-24T14:05:55.775000Z,2020-08-24T14:05:56.257000Z,1144.16,482.0,120.0,32.49,0.0,0.0,0.0,24.54,2.718539,0.0,0.0,0.0
2020-08-24T14:05:57.773000Z,2020-08-24T14:05:58.251000Z,1215.137,478.0,122.0,60.143,0.0,0.0,0.0,24.54,0.121981,0.0,0.0,0.0
2020-08-24T14:05:59.774000Z,2020-08-24T14:06:00.271000Z,1359.871,497.0,122.0,59.163,0.0,0.0,0.0,24.54,0.103801,0.0,0.0,0.0
2020-08-24T14:06:01.774000Z,2020-08-24T14:06:02.537999Z,1466.943,764.0,122.0,55.105,0.0,0.0,0.0,24.54,0.262043,0.0,0.0,0.0
2020-08-24T14:06:03.774000Z,2020-08-24T14:06:04.326000Z,1486.346,552.0,130.0,55.485,0.0,0.0,0.0,24.54,1.64954,0.0,0.0,0.0
2020-08-24T14:06:05.773000Z,2020-08-24T14:06:06.293000Z,1367.707,520.0,126.0,32.958,0.0,0.0,0.0,24.54,1.470676,0.0,0.0,0.0
2020-08-24T14:06:07.774000Z,2020-08-24T14:06:08.288000Z,1413.159,514.0,118.0,53.013,0.0,0.0,0.0,24.54,0.570067,0.0,0.0,0.0
2020-08-24T14:06:09.584000Z,2020-08-24T14:06:10.151000Z,1539.147,567.0,122.0,31.874,0.0,0.0,0.0,24.54,2.95648,0.0,0.0,0.0
2020-08-24T14:06:11.774000Z,2020-08-24T14:06:12.187000Z,1031.86,413.0,124.0,53.702,0.0,0.0,0.0,24.54,1.130687,0.0,0.0,0.0
2020-08-24T14:06:13.773000Z,2020-08-24T14:06:14.141000Z,940.225,368.0,126.0,60.871,0.0,0.0,0.0,24.54,0.122357,0.0,0.0,0.0
2020-08-24T14:06:15.774000Z,2020-08-24T14:06:16.141000Z,976.111,367.0,120.0,33.115,0.0,0.0,0.0,24.54,2.762637,0.0,0.0,0.0
2020-08-24T14:06:17.773000Z,2020-08-24T14:06:18.326000Z,1431.264,553.0,122.0,56.087,0.0,0.0,0.0,24.54,2.97055,0.0,0.0,0.0
2020-08-24T14:06:19.776000Z,2020-08-24T14:06:20.501000Z,2004.402,725.0,124.0,34.512,0.0,0.0,0.0,24.54,2.60532,0.0,0.0,0.0
2020-08-24T14:06:21.773000Z,2020-08-24T14:06:22.712000Z,2046.274,939.0,122.0,41.594,0.0,0.0,0.0,24.54,2.745715,0.0,0.0,0.0
2020-08-24T14:06:23.774000Z,2020-08-24T14:06:25.056000Z,2438.214,1282.0,94.0,48.979,0.0,0.0,0.0,24.54,0.305247,0.0,0.0,0.0
2020-08-24T14:06:25.775000Z,2020-08-24T14:06:26.903000Z,2372.809,1128.0,90.0,28.156,0.0,0.0,0.0,24.347,2.227798,0.0,0.0,0.0
2020-08-24T14:06:27.904000Z,2020-08-24T14:06:28.249999Z,922.421,346.0,114.0,54.834,0.0,0.0,0.0,24.347,0.025729,0.0,0.0,0.0
2020-08-24T14:06:29.773000Z,2020-08-24T14:06:30.424000Z,934.271,651.0,116.0,36.6,0.0,0.0,0.0,24.347,2.961947,0.0,0.0,0.0
2020-08-24T14:06:31.773000Z,2020-08-24T14:06:32.105999Z,871.386,333.0,116.0,50.957,0.0,0.0,0.0,24.347,1.611564,0.0,0.0,0.0
2020-08-24T14:06:33.583000Z,2020-08-24T14:06:33.867000Z,747.858,284.0,116.0,31.946,0.0,0.0,0.0,24.347,2.875814,0.0,0.0,0.0
2020-08-24T14:06:35.773000Z,2020-08-24T14:06:36.118000Z,813.781,345.0,120.0,50.634,0.0,0.0,0.0,24.347,2.852995,0.0,0.0,0.0
2020-08-24T14:06:37.773000Z,2020-08-24T14:06:38.236000Z,1259.841,463.0,150.0,60.57,0.0,0.0,0.0,24.347,0.793276,0.0,0.0,0.0
2020-08-24T14:06:39.789000Z,2020-08-24T14:06:40.373000Z,1420.58,584.0,132.0,53.728,0.0,0.0,0.0,24.347,2.921625,0.0,0.0,0.0
2020-08-24T14:06:41.774000Z,2020-08-24T14:06:42.068000Z,771.097,294.0,124.0,53.419,0.0,0.0,0.0,24.347,0.022656,0.0,0.0,0.0
2020-08-24T14:06:43.774000Z,2020-08-24T14:06:44.051000Z,711.411,277.0,122.0,31.238,0.0,0.0,0.0,24.347,2.851404,0.0,0.0,0.0
2020-08-24T14:06:45.774000Z,2020-08-24T14:06:45.964000Z,459.188,190.0,116.0,54.079,0.0,0.0,0.0,24.347,2.421072,0.0,0.0,0.0
2020-08-24T14:06:47.775000Z,2020-08-24T14:06:47.941000Z,406.454,166.0,122.0,43.736,0.0,0.0,0.0,24.347,2.686555,0.0,0.0,0.0
2020-08-24T14:06:49.775000Z,2020-08-24T14:06:49.916000Z,310.407,141.0,124.0,47.321,0.0,0.0,0.0,24.347,2.815362,0.0,0.0,0.0
2020-08-24T14:06:51.773000Z,2020-08-24T14:06:51.899000Z,282.309,126.0,124.0,47.91,0.0,0.0,0.0,24.347,2.628755,0.0,0.0,0.0
2020-08-24T14:06:53.774000Z,2020-08-24T14:06:54.267000Z,728.294,493.0,124.0,34.312,0.0,0.0,0.0,24.347,2.753465,0.0,0.0,0.0
2020-08-24T14:06:55.774000Z,2020-08-24T14:06:56.118000Z,912.844,344.0,118.0,48.383,0.0,0.0,0.0,24.347,2.858159,0.0,0.0,0.0
2020-08-24T14:06:57.774000Z,2020-08-24T14:06:58.134000Z,931.077,360.0,122.0,32.84,0.0,0.0,0.0,24.347,3.091875,0.0,0.0,0.0
2020-08-24T14:06:59.776000Z,2020-08-24T14:06:59.987000Z,532.711,211.0,124.0,56.845,0.0,0.0,0.0,24.347,0.690283,0.0,0.0,0.0
2020-08-24T14:07:01.777000Z,2020-08-24T14:07:01.931000Z,356.975,154.0,126.0,51.528,0.0,0.0,0.0,24.347,2.668752,0.0,0.0,0.0
2020-08-24T14:07:03.775000Z,2020-08-24T14:07:03.961999Z,462.407,187.0,126.0,33.313,0.0,0.0,0.0,24.347,2.675844,0.0,0.0,0.0
2020-08-24T14:07:05.775000Z,2020-08-24T14:07:06.032000Z,483.36,257.0,120.0,43.946,0.0,0.0,0.0,24.347,2.901029,0.0,0.0,0.0
2020-08-24T14:07:07.775000Z,2020-08-24T14:07:07.957000Z,456.093,182.0,120.0,31.888,0.0,0.0,0.0,24.347,1.471609,0.0,0.0,0.0
2020-08-24T14:07:09.774000Z,2020-08-24T14:07:09.934000Z,390.155,160.0,116.0,37.599,0.0,0.0,0.0,24.347,2.724219,0.0,0.0,0.0
2020-08-24T14:07:11.775000Z,2020-08-24T14:07:11.948000Z,412.836,173.0,118.0,36.161,0.0,0.0,0.0,24.347,2.728905,0.0,0.0,0.0
2020-08-24T14:07:13.777000Z,2020-08-24T14:07:13.925000Z,349.137,148.0,124.0,46.3,0.0,0.0,0.0,24.347,2.883368,0.0,0.0,0.0
2020-08-24T14:07:15.777000Z,2020-08-24T14:07:15.935000Z,353.468,158.0,124.0,41.105,0.0,0.0,0.0,24.347,2.665681,0.0,0.0,0.0
2020-08-24T14:07:17.779000Z,2020-08-24T14:07:17.939000Z,389.068,160.0,124.0,34.54,0.0,0.0,0.0,24.347,2.820177,0.0,0.0,0.0
2020-08-24T14:07:19.776000Z,2020-08-24T14:07:19.932000Z,379.889,156.0,122.0,39.671,0.0,0.0,0.0,24.347,2.889917,0.0,0.0,0.0
2020-08-24T14:07:21.775000Z,2020-08-24T14:07:21.932000Z,382.642,157.0,122.0,29.866,0.0,0.0,0.0,24.347,2.94773,0.0,0.0,0.0
2020-08-24T14:07:23.776000Z,2020-08-24T14:07:23.929000Z,363.911,153.0,120.0,37.672,0.0,0.0,0.0,24.347,3.089356,0.0,0.0,0.0
2020-08-24T14:07:25.778000Z,2020-08-24T14:07:25.929999Z,367.124,152.0,122.0,42.337,0.0,0.0,0.0,24.347,2.826872,0.0,0.0,0.0
2020-08-24T14:07:27.777000Z,2020-08-24T14:07:27.935000Z,370.154,158.0,122.0,30.522,0.0,0.0,0.0,24.347,2.936842,0.0,0.0,0.0
2020-08-24T14:07:29.777000Z,2020-08-24T14:07:29.929999Z,366.095,153.0,126.0,39.215,0.0,0.0,0.0,24.347,3.081907,0.0,0.0,0.0
2020-08-24T14:07:31.779000Z,2020-08-24T14:07:31.912000Z,304.406,133.0,128.0,32.318,0.0,0.0,0.0,24.347,2.834065,0.0,0.0,0.0
2020-08-24T14:07:33.778000Z,2020-08-24T14:07:33.957000Z,430.744,179.0,140.0,40.456,0.0,0.0,0.0,24.347,2.752526,0.0,0.0,0.0
2020-08-24T14:07:35.778000Z,2020-08-24T14:07:35.897000Z,263.085,119.0,138.0,48.218,0.0,0.0,0.0,24.347,2.873265,0.0,0.0,0.0
2020-08-24T14:07:37.777000Z,2020-08-24T14:07:37.965000Z,466.884,188.0,136.0,38.682,0.0,0.0,0.0,24.347,2.850951,0.0,0.0,0.0
2020-08-24T14:07:39.777000Z,2020-08-24T14:07:39.932000Z,371.881,155.0,134.0,51.391,0.0,0.0,0.0,24.347,2.716959,0.0,0.0,0.0
2020-08-24T14:07:41.798000Z,2020-08-24T14:07:42.001999Z,513.845,204.0,124.0,30.243,0.0,0.0,0.0,24.347,2.866944,0.0,0.0,0.0
2020-08-24T14:07:43.779000Z,2020-08-24T14:07:44.003000Z,573.69,224.0,122.0,43.485,0.0,0.0,0.0,24.347,2.867921,0.0,0.0,0.0
2020-08-24T14:07:45.777000Z,2020-08-24T14:07:45.940000Z,341.8,163.0,138.0,34.215,0.0,0.0,0.0,24.347,3.044459,0.0,0.0,0.0
2020-08-24T14:07:47.777000Z,2020-08-24T14:07:47.918000Z,334.219,141.0,134.0,51.917,0.0,0.0,0.0,24.347,2.455237,0.0,0.0,0.0
2020-08-24T14:07:49.777000Z,2020-08-24T14:07:49.998000Z,557.386,221.0,138.0,48.753,0.0,0.0,0.0,24.347,2.903346,0.0,0.0,0.0
2020-08-24T14:07:51.776000Z,2020-08-24T14:07:51.911000Z,305.19,135.0,122.0,32.225,0.0,0.0,0.0,24.347,2.955712,0.0,0.0,0.0
2020-08-24T14:07:53.778000Z,2020-08-24T14:07:54.136000Z,963.573,358.0,122.0,30.191,0.0,0.0,0.0,24.347,2.929219,0.0,0.0,0.0
2020-08-24T14:07:55.779000Z,2020-08-24T14:07:56.488000Z,1948.768,709.0,122.0,31.751,0.0,0.0,0.0,24.347,2.61544,0.0,0.0,0.0
2020-08-24T14:07:57.777000Z,2020-08-24T14:07:58.361999Z,1551.366,585.0,120.0,49.842,0.0,0.0,0.0,24.347,0.668365,0.0,0.0,0.0
2020-08-24T14:07:59.778000Z,2020-08-24T14:07:59.945999Z,341.092,168.0,120.0,54.416,0.0,0.0,0.0,24.347,0.56914,0.0,0.0,0.0
2020-08-24T14:08:01.775000Z,2020-08-24T14:08:01.926000Z,304.669,151.0,118.0,29.286,0.0,0.0,0.0,24.347,1.940342,0.0,0.0,0.0
2020-08-24T14:08:03.777000Z,2020-08-24T14:08:04.028000Z,554.533,251.0,116.0,51.414,0.0,0.0,0.0,24.347,2.172764,0.0,0.0,0.0
2020-08-24T14:08:05.777000Z,2020-08-24T14:08:05.912000Z,299.355,135.0,120.0,34.405,0.0,0.0,0.0,24.347,1.43655,0.0,0.0,0.0
2020-08-24T14:08:07.776000Z,2020-08-24T14:08:07.911000Z,304.24,135.0,120.0,37.427,0.0,0.0,0.0,24.347,2.529389,0.0,0.0,0.0
2020-08-24T14:08:09.776000Z,2020-08-24T14:08:10.005000Z,577.477,229.0,118.0,29.95,0.0,0.0,0.0,24.347,2.781186,0.0,0.0,0.0
2020-08-24T14:08:11.776000Z,2020-08-24T14:08:11.941000Z,305.744,165.0,116.0,34.42,0.0,0.0,0.0,24.347,2.90143,0.0,0.0,0.0
2020-08-24T14:08:13.777000Z,2020-08-24T14:08:13.911000Z,313.909,134.0,120.0,66.807,0.0,0.0,0.0,24.347,1.542536,0.0,0.0,0.0
2020-08-24T14:08:15.778000Z,2020-08-24T14:08:15.905999Z,290.497,128.0,120.0,29.661,0.0,0.0,0.0,24.347,2.78935,0.0,0.0,0.0
2020-08-24T14:08:17.779000Z,2020-08-24T14:08:18.366000Z,973.574,587.0,120.0,34.746,0.0,0.0,0.0,24.347,2.568298,0.0,0.0,0.0
2020-08-24T14:08:19.779000Z,2020-08-24T14:08:20.163000Z,1033.091,384.0,120.0,30.133,0.0,0.0,0.0,24.347,2.882323,0.0,0.0,0.0
2020-08-24T14:08:21.778000Z,2020-08-24T14:08:22.143000Z,951.508,365.0,122.0,47.275,0.0,0.0,0.0,24.347,2.806385,0.0,0.0,0.0
2020-08-24T14:08:23.779000Z,2020-08-24T14:08:23.967000Z,454.475,188.0,118.0,36.282,0.0,0.0,0.0,24.347,2.127322,0.0,0.0,0.0
2020-08-24T14:08:25.777000Z,2020-08-24T14:08:25.979000Z,515.092,202.0,120.0,40.371,0.0,0.0,0.0,24.347,2.670731,0.0,0.0,0.0
2020-08-24T14:08:27.777000Z,2020-08-24T14:08:27.928000Z,351.72,151.0,120.0,38.784,0.0,0.0,0.0,24.347,2.755719,0.0,0.0,0.0
2020-08-24T14:08:29.778000Z,2020-08-24T14:08:29.925000Z,340.09,147.0,120.0,32.454,0.0,0.0,0.0,24.347,2.901943,0.0,0.0,0.0
2020-08-24T14:08:31.784000Z,2020-08-24T14:08:31.936000Z,337.653,152.0,116.0,35.326,0.0,0.0,0.0,24.347,2.520834,0.0,0.0,0.0
2020-08-24T14:08:33.777000Z,2020-08-24T14:08:33.935000Z,355.858,158.0,116.0,29.59,0.0,0.0,0.0,24.347,2.66904,0.0,0.0,0.0
2020-08-24T14:08:35.777000Z,2020-08-24T14:08:35.963000Z,462.805,186.0,126.0,41.54,0.0,0.0,0.0,24.347,2.282685,0.0,0.0,0.0
2020-08-24T14:08:37.778000Z,2020-08-24T14:08:38.035000Z,656.078,257.0,126.0,51.255,0.0,0.0,0.0,24.347,3.105027,0.0,0.0,0.0
2020-08-24T14:08:39.778000Z,2020-08-24T14:08:40.059000Z,706.328,281.0,120.0,31.63,0.0,0.0,0.0,24.347,2.784612,0.0,0.0,0.0
2020-08-24T14:08:41.779000Z,2020-08-24T14:08:42.201000Z,1153.0,422.0,118.0,54.104,0.0,0.0,0.0,24.347,2.420636,0.0,0.0,0.0
2020-08-24T14:08:43.779000Z,2020-08-24T14:08:44.233999Z,1163.302,455.0,126.0,30.703,0.0,0.0,0.0,24.347,2.741368,0.0,0.0,0.0
2020-08-24T14:08:45.779000Z,2020-08-24T14:08:46.195000Z,1138.996,416.0,128.0,58.979,0.0,0.0,0.0,24.347,0.051247,0.0,0.0,0.0
2020-08-24T14:08:47.779000Z,2020-08-24T14:08:48.161999Z,958.172,383.0,122.0,54.073,0.0,0.0,0.0,24.347,2.67732,0.0,0.0,0.0
2020-08-24T14:08:49.779000Z,2020-08-24T14:08:50.052000Z,719.795,273.0,126.0,57.845,0.0,0.0,0.0,24.347,0.797997,0.0,0.0,0.0
2020-08-24T14:08:51.779000Z,2020-08-24T14:08:51.907000Z,290.297,128.0,126.0,55.706,0.0,0.0,0.0,24.347,2.740818,0.0,0.0,0.0
2020-08-24T14:08:53.778000Z,2020-08-24T14:08:54.147000Z,307.843,369.0,126.0,29.822,0.0,0.0,0.0,24.347,2.543923,0.0,0.0,0.0
2020-08-24T14:08:55.777000Z,2020-08-24T14:08:55.929000Z,346.141,152.0,116.0,32.577,0.0,0.0,0.0,24.347,2.814884,0.0,0.0,0.0
2020-08-24T14:08:57.779000Z,2020-08-24T14:08:57.924000Z,337.138,145.0,114.0,28.868,0.0,0.0,0.0,24.347,2.720158,0.0,0.0,0.0
2020-08-24T14:08:59.778000Z,2020-08-24T14:08:59.918000Z,320.613,140.0,116.0,36.133,0.0,0.0,0.0,24.347,2.651437,0.0,0.0,0.0
2020-08-24T14:09:01.779000Z,2020-08-24T14:09:01.926000Z,339.19,147.0,116.0,35.713,0.0,0.0,0.0,24.347,2.877009,0.0,0.0,0.0
2020-08-24T14:09:03.779000Z,2020-08-24T14:09:03.980000Z,505.339,201.0,116.0,29.37,0.0,0.0,0.0,24.347,2.80216,0.0,0.0,0.0
2020-08-24T14:09:05.781000Z,2020-08-24T14:09:06.059000Z,736.777,278.0,116.0,36.319,0.0,0.0,0.0,24.347,2.661429,0.0,0.0,0.0
2020-08-24T14:09:07.780000Z,2020-08-24T14:09:08.017000Z,615.774,237.0,118.0,31.038,0.0,0.0,0.0,24.347,2.920454,0.0,0.0,0.0
2020-08-24T14:09:09.779000Z,2020-08-24T14:09:10.043000Z,696.515,264.0,120.0,44.018,0.0,0.0,0.0,24.347,2.920628,0.0,0.0,0.0
2020-08-24T14:09:11.779000Z,2020-08-24T14:09:12.067000Z,676.016,288.0,120.0,48.328,0.0,0.0,0.0,24.347,2.904509,0.0,0.0,0.0
2020-08-24T14:09:13.778000Z,2020-08-24T14:09:13.909000Z,306.115,131.0,118.0,32.404,0.0,0.0,0.0,24.347,2.702273,0.0,0.0,0.0
2020-08-24T14:09:15.779000Z,2020-08-24T14:09:15.907000Z,290.181,128.0,122.0,34.74,0.0,0.0,0.0,24.347,2.654959,0.0,0.0,0.0
2020-08-24T14:09:17.779000Z,2020-08-24T14:09:17.940000Z,387.099,161.0,120.0,32.898,0.0,0.0,0.0,24.347,2.800306,0.0,0.0,0.0
2020-08-24T14:09:19.779000Z,2020-08-24T14:09:19.942000Z,401.937,163.0,128.0,37.823,0.0,0.0,0.0,24.347,2.682542,0.0,0.0,0.0
2020-08-24T14:09:21.780000Z,2020-08-24T14:09:21.950000Z,416.517,170.0,128.0,33.076,0.0,0.0,0.0,24.347,2.804456,0.0,0.0,0.0
2020-08-24T14:09:23.779000Z,2020-08-24T14:09:23.965000Z,422.463,186.0,124.0,49.399,0.0,0.0,0.0,24.347,2.799531,0.0,0.0,0.0
2020-08-24T14:09:25.779000Z,2020-08-24T14:09:25.945000Z,404.689,166.0,120.0,50.316,0.0,0.0,0.0,24.347,2.935516,0.0,0.0,0.0
2020-08-24T14:09:27.780000Z,2020-08-24T14:09:27.973000Z,484.432,193.0,120.0,30.339,0.0,0.0,0.0,24.347,2.82787,0.0,0.0,0.0
2020-08-24T14:09:29.779000Z,2020-08-24T14:09:29.934000Z,373.183,155.0,122.0,43.133,0.0,0.0,0.0,24.347,2.67008,0.0,0.0,0.0
2020-08-24T14:09:31.804000Z,2020-08-24T14:09:31.963000Z,385.412,159.0,122.0,30.025,0.0,0.0,0.0,24.347,2.749463,0.0,0.0,0.0
2020-08-24T14:09:33.781000Z,2020-08-24T14:09:33.925000Z,344.91,144.0,118.0,42.554,0.0,0.0,0.0,24.347,2.910346,0.0,0.0,0.0
2020-08-24T14:09:35.779000Z,2020-08-24T14:09:35.990000Z,437.45,211.0,122.0,31.197,0.0,0.0,0.0,24.347,2.890453,0.0,0.0,0.0
2020-08-24T14:09:37.779000Z,2020-08-24T14:09:37.937999Z,374.743,159.0,120.0,41.727,0.0,0.0,0.0,24.347,2.198885,0.0,0.0,0.0
2020-08-24T14:09:39.780000Z,2020-08-24T14:09:39.929999Z,361.098,150.0,120.0,39.122,0.0,0.0,0.0,24.347,2.900759,0.0,0.0,0.0
2020-08-24T14:09:41.782000Z,2020-08-24T14:09:41.881999Z,176.316,100.0,116.0,29.448,0.0,0.0,0.0,24.347,2.857453,0.0,0.0,0.0
2020-08-24T14:09:43.780000Z,2020-08-24T14:09:43.871000Z,175.293,91.0,116.0,36.6,0.0,0.0,0.0,24.347,1.48423,0.0,0.0,0.0
2020-08-24T14:09:45.780000Z,2020-08-24T14:09:45.869000Z,170.481,89.0,116.0,29.35,0.0,0.0,0.0,24.347,2.511916,0.0,0.0,0.0
2020-08-24T14:09:47.780000Z,2020-08-24T14:09:47.926000Z,347.047,146.0,116.0,34.119,0.0,0.0,0.0,24.347,2.896212,0.0,0.0,0.0
2020-08-24T14:09:49.780000Z,2020-08-24T14:09:50.145999Z,320.57,366.0,114.0,32.054,0.0,0.0,0.0,24.347,2.737389,0.0,0.0,0.0
2020-08-24T14:09:51.780000Z,2020-08-24T14:09:51.921999Z,305.913,142.0,118.0,63.593,0.0,0.0,0.0,24.347,0.122474,0.0,0.0,0.0
2020-08-24T14:09:53.782000Z,2020-08-24T14:09:54.129000Z,936.57,347.0,118.0,32.054,0.0,0.0,0.0,24.347,1.850194,0.0,0.0,0.0
2020-08-24T14:09:55.782000Z,2020-08-24T14:09:56.105999Z,836.122,324.0,120.0,36.767,0.0,0.0,0.0,24.347,2.695289,0.0,0.0,0.0
2020-08-24T14:09:57.781000Z,2020-08-24T14:09:58.139000Z,891.146,358.0,118.0,52.129,0.0,0.0,0.0,24.347,2.598257,0.0,0.0,0.0
2020-08-24T14:09:59.838000Z,2020-08-24T14:10:00.129000Z,761.03,291.0,120.0,32.198,0.0,0.0,0.0,24.347,1.505632,0.0,0.0,0.0
2020-08-24T14:10:02.031000Z,2020-08-24T14:10:02.340000Z,798.239,309.0,122.0,51.2,0.0,0.0,0.0,24.347,2.592243,0.0,0.0,0.0
2020-08-24T14:10:04.031000Z,2020-08-24T14:10:04.288000Z,649.348,257.0,126.0,57.061,0.0,0.0,0.0,24.347,2.671419,0.0,0.0,0.0
2020-08-24T14:10:06.030000Z,2020-08-24T14:10:06.191000Z,326.039,161.0,126.0,37.254,0.0,0.0,0.0,24.347,2.425483,0.0,0.0,0.0
2020-08-24T14:10:08.033000Z,2020-08-24T14:10:08.180000Z,353.331,147.0,126.0,46.719,0.0,0.0,0.0,24.347,1.068216,0.0,0.0,0.0
2020-08-24T14:10:10.031000Z,2020-08-24T14:10:10.171000Z,323.363,140.0,120.0,30.247,0.0,0.0,0.0,24.347,3.09664,0.0,0.0,0.0
2020-08-24T14:10:12.031000Z,2020-08-24T14:10:12.159000Z,292.836,128.0,124.0,36.023,0.0,0.0,0.0,24.347,2.880105,0.0,0.0,0.0
