start_time,end_time,size,trans_time,cwnd,rtt,rto,ssthresh,last_snd,min_rtt,delivery_rate,bytes_sent,bytes_retrans,client_trans_time
2020-08-24T23:30:27.771000Z,2020-08-24T23:30:27.935000Z,21.556,164.0,2541.0,137.28,0.0,0.0,0.0,136.487,12.115306,0.0,0.0,0.0
2020-08-24T23:30:27.935000Z,2020-08-24T23:30:28.081999Z,48.683,147.0,2660.0,144.039,0.0,0.0,0.0,136.487,12.634426,0.0,0.0,0.0
2020-08-24T23:30:28.081999Z,2020-08-24T23:30:28.371000Z,53.491,289.0,2660.0,142.891,0.0,0.0,0.0,136.487,12.634426,0.0,0.0,0.0
2020-08-24T23:30:28.372000Z,2020-08-24T23:30:28.527000Z,124.633,155.0,2660.0,143.822,0.0,0.0,0.0,136.487,12.634426,0.0,0.0,0.0
2020-08-24T23:30:28.528000Z,2020-08-24T23:30:28.816000Z,311.651,288.0,2660.0,146.261,0.0,0.0,0.0,136.487,12.634426,0.0,0.0,0.0
2020-08-24T23:30:28.819000Z,2020-08-24T23:30:29.069000Z,1343.681,250.0,2660.0,150.192,0.0,0.0,0.0,136.487,12.634426,0.0,0.0,0.0
2020-08-24T23:30:29.070000Z,2020-08-24T23:30:29.289999Z,974.224,220.0,2660.0,138.411,0.0,0.0,0.0,136.487,12.634426,0.0,0.0,0.0
2020-08-24T23:30:29.291000Z,2020-08-24T23:30:29.579000Z,195.594,288.0,2660.0,138.567,0.0,0.0,0.0,136.487,12.634426,0.0,0.0,0.0
2020-08-24T23:30:29.580000Z,2020-08-24T23:30:29.949000Z,327.393,369.0,282.0,144.806,0.0,0.0,0.0,136.487,1.312867,0.0,0.0,0.0
2020-08-24T23:30:31.334000Z,2020-08-24T23:30:31.696000Z,353.719,362.0,324.0,139.387,0.0,0.0,0.0,136.487,1.496916,0.0,0.0,0.0
2020-08-24T23:30:33.153999Z,2020-08-24T23:30:33.420000Z,211.004,266.0,368.0,137.651,0.0,0.0,0.0,136.487,1.725821,0.0,0.0,0.0
2020-08-24T23:30:35.233000Z,2020-08-24T23:30:35.468000Z,81.747,235.0,368.0,137.753,0.0,0.0,0.0,136.487,1.725821,0.0,0.0,0.0
2020-08-24T23:30:37.313000Z,2020-08-24T23:30:37.781000Z,417.805,468.0,368.0,137.759,0.0,0.0,0.0,136.487,1.725821,0.0,0.0,0.0
2020-08-24T23:30:39.133000Z,2020-08-24T23:30:39.355000Z,160.427,222.0,391.0,137.542,0.0,0.0,0.0,136.487,0.665718,0.0,0.0,0.0
2020-08-24T23:30:41.212999Z,2020-08-24T23:30:41.391000Z,69.946,178.0,418.0,138.414,0.0,0.0,0.0,136.487,0.740631,0.0,0.0,0.0
2020-08-24T23:30:43.293000Z,2020-08-24T23:30:44.022000Z,1231.994,729.0,418.0,138.126,0.0,0.0,0.0,136.487,0.740631,0.0,0.0,0.0
2020-08-24T23:30:45.374000Z,2020-08-24T23:30:45.845000Z,980.341,471.0,544.0,138.893,0.0,0.0,0.0,136.487,2.552106,0.0,0.0,0.0
2020-08-24T23:30:47.192999Z,2020-08-24T23:30:47.348000Z,31.329,155.0,704.0,138.161,0.0,0.0,0.0,136.487,3.152381,0.0,0.0,0.0
2020-08-24T23:30:49.274000Z,2020-08-24T23:30:49.439000Z,71.519,165.0,704.0,139.298,0.0,0.0,0.0,136.487,3.152381,0.0,0.0,0.0
2020-08-24T23:30:51.353000Z,2020-08-24T23:30:51.511000Z,45.908,158.0,704.0,137.825,0.0,0.0,0.0,136.487,3.152381,0.0,0.0,0.0
2020-08-24T23:30:53.174000Z,2020-08-24T23:30:53.348000Z,108.194,174.0,704.0,138.366,0.0,0.0,0.0,136.487,3.152381,0.0,0.0,0.0
2020-08-24T23:30:55.253000Z,2020-08-24T23:30:55.437000Z,139.122,184.0,704.0,138.736,0.0,0.0,0.0,136.487,3.152381,0.0,0.0,0.0
2020-08-24T23:30:57.333000Z,2020-08-24T23:30:57.523000Z,158.222,190.0,704.0,137.697,0.0,0.0,0.0,136.487,3.152381,0.0,0.0,0.0
2020-08-24T23:30:59.153000Z,2020-08-24T23:30:59.341000Z,72.588,188.0,706.0,137.991,0.0,0.0,0.0,136.487,3.152381,0.0,0.0,0.0
2020-08-24T23:31:01.244000Z,2020-08-24T23:31:01.425000Z,112.288,181.0,706.0,138.354,0.0,0.0,0.0,136.487,3.152381,0.0,0.0,0.0
2020-08-24T23:31:03.324000Z,2020-08-24T23:31:03.520000Z,175.441,196.0,706.0,139.214,0.0,0.0,0.0,136.487,3.152381,0.0,0.0,0.0
2020-08-24T23:31:05.404000Z,2020-08-24T23:31:05.569999Z,67.263,166.0,706.0,138.463,0.0,0.0,0.0,136.487,3.152381,0.0,0.0,0.0
2020-08-24T23:31:07.223000Z,2020-08-24T23:31:07.380000Z,53.25,157.0,706.0,138.627,0.0,0.0,0.0,136.487,3.152381,0.0,0.0,0.0
2020-08-24T23:31:09.297999Z,2020-08-24T23:31:09.449999Z,31.944,152.0,708.0,139.254,0.0,0.0,0.0,136.487,3.152381,0.0,0.0,0.0
2020-08-24T23:31:11.374000Z,2020-08-24T23:31:11.637000Z,399.808,263.0,708.0,139.008,0.0,0.0,0.0,136.487,3.152381,0.0,0.0,0.0
2020-08-24T23:31:13.190000Z,2020-08-24T23:31:13.555000Z,792.983,365.0,704.0,137.851,0.0,0.0,0.0,136.487,3.152381,0.0,0.0,0.0
2020-08-24T23:31:15.284999Z,2020-08-24T23:31:15.664000Z,943.051,379.0,794.0,138.042,0.0,0.0,0.0,136.487,3.571129,0.0,0.0,0.0
2020-08-24T23:31:17.366000Z,2020-08-24T23:31:17.665000Z,678.139,299.0,902.0,138.235,0.0,0.0,0.0,136.487,4.031632,0.0,0.0,0.0
2020-08-24T23:31:19.193999Z,2020-08-24T23:31:19.534000Z,892.149,340.0,922.0,138.145,0.0,0.0,0.0,136.487,4.369023,0.0,0.0,0.0
2020-08-24T23:31:21.274000Z,2020-08-24T23:31:21.515000Z,453.382,241.0,992.0,137.562,0.0,0.0,0.0,136.487,4.703571,0.0,0.0,0.0
2020-08-24T23:31:23.254000Z,2020-08-24T23:31:23.521000Z,618.16,267.0,992.0,137.921,0.0,0.0,0.0,136.487,4.703571,0.0,0.0,0.0
2020-08-24T23:31:25.435000Z,2020-08-24T23:31:25.732000Z,747.13,297.0,992.0,137.88,0.0,0.0,0.0,136.487,4.703571,0.0,0.0,0.0
2020-08-24T23:31:27.255000Z,2020-08-24T23:31:27.541000Z,698.693,286.0,1028.0,137.999,0.0,0.0,0.0,136.487,4.673476,0.0,0.0,0.0
2020-08-24T23:31:29.335000Z,2020-08-24T23:31:29.616000Z,676.683,281.0,1038.0,137.707,0.0,0.0,0.0,136.487,4.931938,0.0,0.0,0.0
2020-08-24T23:31:31.395000Z,2020-08-24T23:31:31.671000Z,655.972,276.0,1038.0,137.437,0.0,0.0,0.0,136.487,4.931938,0.0,0.0,0.0
2020-08-24T23:31:33.205000Z,2020-08-24T23:31:33.509000Z,793.904,304.0,1038.0,138.264,0.0,0.0,0.0,136.487,4.931938,0.0,0.0,0.0
2020-08-24T23:31:35.284999Z,2020-08-24T23:31:35.609999Z,967.776,325.0,1072.0,138.66,0.0,0.0,0.0,136.487,4.828921,0.0,0.0,0.0
2020-08-24T23:31:37.365000Z,2020-08-24T23:31:37.636000Z,700.888,271.0,1155.0,137.209,0.0,0.0,0.0,136.487,5.481105,0.0,0.0,0.0
2020-08-24T23:31:39.444000Z,2020-08-24T23:31:39.709000Z,671.425,265.0,1156.0,138.192,0.0,0.0,0.0,136.487,5.481105,0.0,0.0,0.0
2020-08-24T23:31:41.264999Z,2020-08-24T23:31:41.539000Z,718.744,274.0,1156.0,137.526,0.0,0.0,0.0,136.487,5.481105,0.0,0.0,0.0
2020-08-24T23:31:43.346000Z,2020-08-24T23:31:43.660000Z,712.16,314.0,1156.0,138.25,0.0,0.0,0.0,136.487,5.481105,0.0,0.0,0.0
2020-08-24T23:31:45.425000Z,2020-08-24T23:31:45.669000Z,558.383,244.0,1152.0,137.481,0.0,0.0,0.0,136.487,4.036373,0.0,0.0,0.0
2020-08-24T23:31:47.245000Z,2020-08-24T23:31:47.473999Z,407.586,229.0,1154.0,137.491,0.0,0.0,0.0,136.487,4.036373,0.0,0.0,0.0
2020-08-24T23:31:49.326000Z,2020-08-24T23:31:49.608000Z,763.347,282.0,1154.0,138.022,0.0,0.0,0.0,136.487,4.036373,0.0,0.0,0.0
2020-08-24T23:31:51.404000Z,2020-08-24T23:31:51.617999Z,402.089,214.0,1154.0,138.259,0.0,0.0,0.0,136.487,4.036373,0.0,0.0,0.0
2020-08-24T23:31:53.220000Z,2020-08-24T23:31:53.556000Z,291.572,336.0,1156.0,138.172,0.0,0.0,0.0,136.487,4.036373,0.0,0.0,0.0
2020-08-24T23:31:55.304000Z,2020-08-24T23:31:55.487000Z,142.139,183.0,852.0,137.545,0.0,0.0,0.0,136.487,0.391217,0.0,0.0,0.0
2020-08-24T23:31:57.379000Z,2020-08-24T23:31:57.551000Z,127.291,172.0,852.0,138.172,0.0,0.0,0.0,136.487,0.819596,0.0,0.0,0.0
2020-08-24T23:31:59.455000Z,2020-08-24T23:31:59.705000Z,440.781,250.0,852.0,137.754,0.0,0.0,0.0,136.487,0.819596,0.0,0.0,0.0
2020-08-24T23:32:01.276000Z,2020-08-24T23:32:01.596000Z,722.811,320.0,852.0,137.822,0.0,0.0,0.0,136.487,1.809117,0.0,0.0,0.0
2020-08-24T23:32:03.356000Z,2020-08-24T23:32:03.670000Z,748.779,314.0,874.0,138.079,0.0,0.0,0.0,136.487,4.154151,0.0,0.0,0.0
2020-08-24T23:32:05.426000Z,2020-08-24T23:32:05.720000Z,692.52,294.0,942.0,137.051,0.0,0.0,0.0,136.487,4.476879,0.0,0.0,0.0
2020-08-24T23:32:07.245000Z,2020-08-24T23:32:07.507000Z,558.384,262.0,968.0,138.102,0.0,0.0,0.0,136.487,4.595693,0.0,0.0,0.0
2020-08-24T23:32:09.325000Z,2020-08-24T23:32:09.590000Z,571.562,265.0,968.0,137.443,0.0,0.0,0.0,136.487,4.595693,0.0,0.0,0.0
2020-08-24T23:32:11.308000Z,2020-08-24T23:32:11.574000Z,597.14,266.0,968.0,139.281,0.0,0.0,0.0,136.485,4.595693,0.0,0.0,0.0
2020-08-24T23:32:13.225999Z,2020-08-24T23:32:13.505000Z,632.91,279.0,968.0,137.224,0.0,0.0,0.0,136.485,4.595693,0.0,0.0,0.0
2020-08-24T23:32:15.304999Z,2020-08-24T23:32:15.553000Z,488.783,248.0,968.0,138.175,0.0,0.0,0.0,136.485,4.595693,0.0,0.0,0.0
2020-08-24T23:32:17.385000Z,2020-08-24T23:32:17.587000Z,272.601,202.0,968.0,137.948,0.0,0.0,0.0,136.485,4.595693,0.0,0.0,0.0
2020-08-24T23:32:19.465000Z,2020-08-24T23:32:19.673999Z,288.861,209.0,968.0,138.053,0.0,0.0,0.0,136.485,4.595693,0.0,0.0,0.0
2020-08-24T23:32:21.284999Z,2020-08-24T23:32:21.481999Z,261.849,197.0,972.0,138.288,0.0,0.0,0.0,136.485,4.595693,0.0,0.0,0.0
2020-08-24T23:32:23.365000Z,2020-08-24T23:32:23.561000Z,251.844,196.0,968.0,137.175,0.0,0.0,0.0,136.485,4.595693,0.0,0.0,0.0
2020-08-24T23:32:25.442000Z,2020-08-24T23:32:25.663000Z,366.753,221.0,968.0,138.182,0.0,0.0,0.0,136.485,4.595693,0.0,0.0,0.0
2020-08-24T23:32:27.265999Z,2020-08-24T23:32:27.497999Z,422.616,232.0,968.0,140.146,0.0,0.0,0.0,136.485,4.595693,0.0,0.0,0.0
2020-08-24T23:32:29.346000Z,2020-08-24T23:32:29.756000Z,1375.237,410.0,968.0,137.933,0.0,0.0,0.0,136.485,4.595693,0.0,0.0,0.0
2020-08-24T23:32:31.428000Z,2020-08-24T23:32:31.797000Z,1411.089,369.0,1208.0,138.758,0.0,0.0,0.0,136.485,5.738082,0.0,0.0,0.0
2020-08-24T23:32:33.505999Z,2020-08-24T23:32:33.854000Z,1484.632,348.0,1414.0,137.321,0.0,0.0,0.0,136.485,6.699036,0.0,0.0,0.0
2020-08-24T23:32:35.317000Z,2020-08-24T23:32:35.649999Z,1401.309,333.0,1606.0,137.232,0.0,0.0,0.0,136.485,7.649324,0.0,0.0,0.0
2020-08-24T23:32:37.396999Z,2020-08-24T23:32:37.734000Z,1617.774,337.0,1702.0,138.995,0.0,0.0,0.0,136.485,7.518715,0.0,0.0,0.0
2020-08-24T23:32:39.476000Z,2020-08-24T23:32:39.761999Z,1197.032,286.0,1833.0,137.314,0.0,0.0,0.0,136.485,8.642628,0.0,0.0,0.0
2020-08-24T23:32:41.295000Z,2020-08-24T23:32:41.513999Z,622.025,219.0,1834.0,141.099,0.0,0.0,0.0,136.485,8.642628,0.0,0.0,0.0
2020-08-24T23:32:43.376000Z,2020-08-24T23:32:43.742000Z,594.256,366.0,1834.0,138.756,0.0,0.0,0.0,136.485,8.642628,0.0,0.0,0.0
2020-08-24T23:32:45.456000Z,2020-08-24T23:32:45.675000Z,646.547,219.0,1862.0,141.22,0.0,0.0,0.0,136.485,0.533133,0.0,0.0,0.0
2020-08-24T23:32:47.286000Z,2020-08-24T23:32:47.525000Z,805.19,239.0,1830.0,137.19,0.0,0.0,0.0,136.485,3.046608,0.0,0.0,0.0
2020-08-24T23:32:49.364000Z,2020-08-24T23:32:49.599000Z,794.539,235.0,1830.0,137.278,0.0,0.0,0.0,136.485,3.489178,0.0,0.0,0.0
2020-08-24T23:32:51.437000Z,2020-08-24T23:32:51.693000Z,946.435,256.0,1836.0,142.842,0.0,0.0,0.0,136.485,4.436275,0.0,0.0,0.0
2020-08-24T23:32:53.516000Z,2020-08-24T23:32:53.760000Z,854.036,244.0,1834.0,138.441,0.0,0.0,0.0,136.481,4.436275,0.0,0.0,0.0
2020-08-24T23:32:55.336000Z,2020-08-24T23:32:55.572000Z,796.46,236.0,1834.0,141.419,0.0,0.0,0.0,136.481,4.436275,0.0,0.0,0.0
2020-08-24T23:32:57.416000Z,2020-08-24T23:32:57.647000Z,755.482,231.0,1834.0,138.291,0.0,0.0,0.0,136.481,4.436275,0.0,0.0,0.0
2020-08-24T23:32:59.384000Z,2020-08-24T23:32:59.569999Z,391.231,186.0,1834.0,137.812,0.0,0.0,0.0,136.481,4.436275,0.0,0.0,0.0
2020-08-24T23:33:01.284999Z,2020-08-24T23:33:01.441999Z,117.271,157.0,1834.0,138.038,0.0,0.0,0.0,136.481,4.436275,0.0,0.0,0.0
2020-08-24T23:33:03.365000Z,2020-08-24T23:33:03.519000Z,96.173,154.0,1834.0,141.854,0.0,0.0,0.0,136.481,4.436275,0.0,0.0,0.0
2020-08-24T23:33:05.445000Z,2020-08-24T23:33:05.599000Z,96.376,154.0,1846.0,138.178,0.0,0.0,0.0,136.481,4.436275,0.0,0.0,0.0
2020-08-24T23:33:07.524999Z,2020-08-24T23:33:07.679000Z,95.962,154.0,1846.0,141.769,0.0,0.0,0.0,136.481,4.436275,0.0,0.0,0.0
2020-08-24T23:33:09.346000Z,2020-08-24T23:33:09.500000Z,96.223,154.0,1846.0,141.733,0.0,0.0,0.0,136.481,4.436275,0.0,0.0,0.0
2020-08-24T23:33:11.416000Z,2020-08-24T23:33:11.569000Z,96.351,153.0,1846.0,141.949,0.0,0.0,0.0,136.481,4.436275,0.0,0.0,0.0
2020-08-24T23:33:13.495000Z,2020-08-24T23:33:13.648000Z,95.909,153.0,1846.0,140.444,0.0,0.0,0.0,136.481,4.436275,0.0,0.0,0.0
2020-08-24T23:33:15.315000Z,2020-08-24T23:33:15.489999Z,306.695,175.0,1846.0,138.843,0.0,0.0,0.0,136.481,4.436275,0.0,0.0,0.0
2020-08-24T23:33:17.396000Z,2020-08-24T23:33:17.583000Z,397.487,187.0,1838.0,137.446,0.0,0.0,0.0,136.481,4.436275,0.0,0.0,0.0
2020-08-24T23:33:19.476000Z,2020-08-24T23:33:19.660000Z,373.297,184.0,1836.0,140.963,0.0,0.0,0.0,136.481,4.436275,0.0,0.0,0.0
2020-08-24T23:33:21.295000Z,2020-08-24T23:33:21.499000Z,541.631,204.0,1836.0,137.503,0.0,0.0,0.0,136.481,4.436275,0.0,0.0,0.0
2020-08-24T23:33:23.376000Z,2020-08-24T23:33:23.577000Z,515.21,201.0,1836.0,141.864,0.0,0.0,0.0,136.481,4.436275,0.0,0.0,0.0
2020-08-24T23:33:25.456000Z,2020-08-24T23:33:25.785999Z,479.614,330.0,1836.0,137.402,0.0,0.0,0.0,136.481,4.436275,0.0,0.0,0.0
2020-08-24T23:33:27.537000Z,2020-08-24T23:33:28.107000Z,671.483,570.0,340.0,137.565,0.0,0.0,0.0,136.481,1.530802,0.0,0.0,0.0
2020-08-24T23:33:29.358000Z,2020-08-24T23:33:30.255000Z,1713.381,897.0,338.0,138.026,0.0,0.0,0.0,136.481,1.564703,0.0,0.0,0.0
2020-08-24T23:33:31.418000Z,2020-08-24T23:33:32.115000Z,1829.413,697.0,644.0,138.76,0.0,0.0,0.0,136.481,2.819163,0.0,0.0,0.0
