start_time,end_time,size,trans_time,cwnd,rtt,rto,ssthresh,last_snd,min_rtt,delivery_rate,bytes_sent,bytes_retrans,client_trans_time
2020-08-24T15:24:56.972000Z,2020-08-24T15:24:57.276000Z,24.272,304.0,78.0,80.94,0.0,0.0,0.0,33.67,0.958174,0.0,0.0,0.0
2020-08-24T15:24:57.276000Z,2020-08-24T15:24:57.356000Z,45.669,80.0,78.0,53.385,0.0,0.0,0.0,33.67,0.863384,0.0,0.0,0.0
2020-08-24T15:24:57.356000Z,2020-08-24T15:24:57.460000Z,67.219,104.0,78.0,53.331,0.0,0.0,0.0,33.67,0.863384,0.0,0.0,0.0
2020-08-24T15:24:57.461000Z,2020-08-24T15:24:57.601999Z,86.928,141.0,78.0,63.444,0.0,0.0,0.0,33.67,1.009302,0.0,0.0,0.0
2020-08-24T15:24:57.601999Z,2020-08-24T15:24:57.816000Z,122.507,214.0,84.0,71.627,0.0,0.0,0.0,33.67,1.425011,0.0,0.0,0.0
2020-08-24T15:24:57.817000Z,2020-08-24T15:24:58.065999Z,166.622,249.0,84.0,93.521,0.0,0.0,0.0,33.67,0.688416,0.0,0.0,0.0
2020-08-24T15:24:58.067000Z,2020-08-24T15:24:58.377000Z,239.14,310.0,84.0,80.182,0.0,0.0,0.0,33.67,0.701487,0.0,0.0,0.0
2020-08-24T15:24:58.377999Z,2020-08-24T15:24:58.769999Z,319.294,392.0,84.0,56.797,0.0,0.0,0.0,33.67,0.460971,0.0,0.0,0.0
2020-08-24T15:24:58.771000Z,2020-08-24T15:24:59.132000Z,268.316,361.0,78.0,74.32,0.0,0.0,0.0,33.67,1.204269,0.0,0.0,0.0
2020-08-24T15:25:00.544999Z,2020-08-24T15:25:01.400000Z,661.679,855.0,80.0,68.1,0.0,0.0,0.0,33.67,0.927704,0.0,0.0,0.0
2020-08-24T15:25:02.405000Z,2020-08-24T15:25:02.771000Z,333.81,366.0,74.0,60.54,0.0,0.0,0.0,33.67,1.075487,0.0,0.0,0.0
2020-08-24T15:25:04.544999Z,2020-08-24T15:25:04.793999Z,222.696,249.0,74.0,57.065,0.0,0.0,0.0,33.67,1.005739,0.0,0.0,0.0
2020-08-24T15:25:06.545999Z,2020-08-24T15:25:06.804000Z,216.639,258.0,74.0,60.06,0.0,0.0,0.0,33.67,1.246109,0.0,0.0,0.0
2020-08-24T15:25:08.549000Z,2020-08-24T15:25:08.848000Z,222.093,299.0,72.0,57.812,0.0,0.0,0.0,32.859,1.245656,0.0,0.0,0.0
2020-08-24T15:25:10.547000Z,2020-08-24T15:25:11.632000Z,849.149,1085.0,72.0,57.191,0.0,0.0,0.0,32.859,0.538798,0.0,0.0,0.0
2020-08-24T15:25:12.547000Z,2020-08-24T15:25:13.500000Z,824.5,953.0,76.0,69.833,0.0,0.0,0.0,32.859,1.071962,0.0,0.0,0.0
2020-08-24T15:25:14.550000Z,2020-08-24T15:25:15.361000Z,750.905,811.0,66.0,62.126,0.0,0.0,0.0,32.859,0.808587,0.0,0.0,0.0
2020-08-24T15:25:16.544999Z,2020-08-24T15:25:17.583000Z,706.09,1038.0,68.0,60.438,0.0,0.0,0.0,32.859,1.156895,0.0,0.0,0.0
2020-08-24T15:25:18.547000Z,2020-08-24T15:25:19.436000Z,769.008,889.0,76.0,55.467,0.0,0.0,0.0,32.859,0.966222,0.0,0.0,0.0
2020-08-24T15:25:20.549000Z,2020-08-24T15:25:21.262000Z,520.273,713.0,76.0,68.574,0.0,0.0,0.0,32.859,1.232316,0.0,0.0,0.0
2020-08-24T15:25:22.545999Z,2020-08-24T15:25:23.172000Z,532.112,626.0,80.0,68.533,0.0,0.0,0.0,32.859,1.1066,0.0,0.0,0.0
2020-08-24T15:25:24.544999Z,2020-08-24T15:25:25.116000Z,503.645,571.0,72.0,73.843,0.0,0.0,0.0,32.859,0.762686,0.0,0.0,0.0
2020-08-24T15:25:26.553000Z,2020-08-24T15:25:27.335000Z,466.749,782.0,78.0,61.787,0.0,0.0,0.0,32.859,1.328615,0.0,0.0,0.0
2020-08-24T15:25:28.547000Z,2020-08-24T15:25:29.380000Z,747.485,833.0,84.0,81.343,0.0,0.0,0.0,32.859,0.590761,0.0,0.0,0.0
2020-08-24T15:25:30.544000Z,2020-08-24T15:25:31.644000Z,834.841,1100.0,74.0,52.309,0.0,0.0,0.0,32.859,0.997667,0.0,0.0,0.0
2020-08-24T15:25:32.547000Z,2020-08-24T15:25:33.357000Z,713.595,810.0,80.0,54.908,0.0,0.0,0.0,32.859,0.47194,0.0,0.0,0.0
2020-08-24T15:25:34.544999Z,2020-08-24T15:25:35.257000Z,599.337,712.0,88.0,71.465,0.0,0.0,0.0,32.859,0.718022,0.0,0.0,0.0
2020-08-24T15:25:36.548000Z,2020-08-24T15:25:37.461000Z,763.393,913.0,78.0,65.643,0.0,0.0,0.0,32.859,0.721471,0.0,0.0,0.0
2020-08-24T15:25:38.550000Z,2020-08-24T15:25:39.433000Z,811.29,883.0,80.0,97.541,0.0,0.0,0.0,32.859,0.789725,0.0,0.0,0.0
2020-08-24T15:25:40.544999Z,2020-08-24T15:25:41.814000Z,761.924,1269.0,78.0,54.791,0.0,0.0,0.0,32.859,0.663951,0.0,0.0,0.0
2020-08-24T15:25:42.545999Z,2020-08-24T15:25:43.312000Z,682.474,766.0,90.0,75.925,0.0,0.0,0.0,32.859,1.130267,0.0,0.0,0.0
2020-08-24T15:25:44.547000Z,2020-08-24T15:25:45.424000Z,768.856,877.0,72.0,56.779,0.0,0.0,0.0,32.859,1.171919,0.0,0.0,0.0
2020-08-24T15:25:46.544999Z,2020-08-24T15:25:47.149000Z,515.406,604.0,78.0,65.704,0.0,0.0,0.0,32.859,1.017745,0.0,0.0,0.0
2020-08-24T15:25:48.544999Z,2020-08-24T15:25:49.157000Z,517.057,612.0,78.0,64.848,0.0,0.0,0.0,32.859,0.807454,0.0,0.0,0.0
2020-08-24T15:25:50.549000Z,2020-08-24T15:25:51.276000Z,551.979,727.0,80.0,67.644,0.0,0.0,0.0,32.859,1.175467,0.0,0.0,0.0
2020-08-24T15:25:52.547000Z,2020-08-24T15:25:53.169999Z,502.927,623.0,78.0,71.45,0.0,0.0,0.0,32.859,1.081409,0.0,0.0,0.0
2020-08-24T15:25:54.550000Z,2020-08-24T15:25:55.212000Z,555.59,662.0,80.0,55.524,0.0,0.0,0.0,32.859,0.510492,0.0,0.0,0.0
2020-08-24T15:25:56.545999Z,2020-08-24T15:25:57.323000Z,700.093,777.0,4.0,64.626,0.0,0.0,0.0,32.859,0.891553,0.0,0.0,0.0
2020-08-24T15:25:58.545999Z,2020-08-24T15:25:59.272000Z,621.572,726.0,80.0,68.198,0.0,0.0,0.0,32.859,1.167915,0.0,0.0,0.0
2020-08-24T15:26:00.548000Z,2020-08-24T15:26:01.382000Z,643.073,834.0,84.0,64.387,0.0,0.0,0.0,32.859,0.722773,0.0,0.0,0.0
2020-08-24T15:26:02.549000Z,2020-08-24T15:26:03.294000Z,614.084,745.0,70.0,52.621,0.0,0.0,0.0,32.859,1.092367,0.0,0.0,0.0
2020-08-24T15:26:04.549000Z,2020-08-24T15:26:05.319000Z,605.488,770.0,72.0,53.755,0.0,0.0,0.0,32.859,0.926762,0.0,0.0,0.0
2020-08-24T15:26:06.554000Z,2020-08-24T15:26:07.449000Z,755.284,895.0,80.0,65.613,0.0,0.0,0.0,32.859,1.091314,0.0,0.0,0.0
2020-08-24T15:26:08.545999Z,2020-08-24T15:26:09.341000Z,688.437,795.0,80.0,55.402,0.0,0.0,0.0,32.859,0.543364,0.0,0.0,0.0
2020-08-24T15:26:10.545999Z,2020-08-24T15:26:11.464000Z,654.865,918.0,82.0,67.467,0.0,0.0,0.0,32.859,0.911637,0.0,0.0,0.0
2020-08-24T15:26:12.547000Z,2020-08-24T15:26:13.284000Z,632.488,737.0,70.0,59.43,0.0,0.0,0.0,31.544,0.290032,0.0,0.0,0.0
2020-08-24T15:26:14.544999Z,2020-08-24T15:26:15.331000Z,660.402,786.0,72.0,61.557,0.0,0.0,0.0,31.544,1.283902,0.0,0.0,0.0
2020-08-24T15:26:16.545999Z,2020-08-24T15:26:17.254000Z,556.489,708.0,74.0,59.095,0.0,0.0,0.0,31.544,0.673623,0.0,0.0,0.0
2020-08-24T15:26:18.544999Z,2020-08-24T15:26:19.157000Z,520.581,612.0,72.0,73.513,0.0,0.0,0.0,31.544,0.544226,0.0,0.0,0.0
2020-08-24T15:26:20.545999Z,2020-08-24T15:26:21.460000Z,533.511,914.0,74.0,60.124,0.0,0.0,0.0,31.544,1.207654,0.0,0.0,0.0
2020-08-24T15:26:22.548000Z,2020-08-24T15:26:23.168000Z,525.574,620.0,72.0,51.129,0.0,0.0,0.0,31.544,1.112562,0.0,0.0,0.0
2020-08-24T15:26:24.548000Z,2020-08-24T15:26:25.187000Z,556.177,639.0,78.0,65.545,0.0,0.0,0.0,31.544,1.04295,0.0,0.0,0.0
2020-08-24T15:26:26.549000Z,2020-08-24T15:26:27.145999Z,504.625,597.0,82.0,73.033,0.0,0.0,0.0,31.544,1.034692,0.0,0.0,0.0
2020-08-24T15:26:28.545999Z,2020-08-24T15:26:29.216000Z,512.33,670.0,84.0,56.872,0.0,0.0,0.0,31.544,0.507078,0.0,0.0,0.0
2020-08-24T15:26:30.544000Z,2020-08-24T15:26:31.529999Z,757.758,986.0,86.0,69.279,0.0,0.0,0.0,31.544,1.001672,0.0,0.0,0.0
2020-08-24T15:26:32.545999Z,2020-08-24T15:26:33.819000Z,1108.431,1273.0,86.0,60.861,0.0,0.0,0.0,31.544,0.399229,0.0,0.0,0.0
2020-08-24T15:26:34.544999Z,2020-08-24T15:26:35.253000Z,604.654,708.0,78.0,58.717,0.0,0.0,0.0,31.544,0.850509,0.0,0.0,0.0
2020-08-24T15:26:36.552000Z,2020-08-24T15:26:37.367000Z,700.873,815.0,84.0,57.982,0.0,0.0,0.0,31.544,0.413145,0.0,0.0,0.0
2020-08-24T15:26:38.544999Z,2020-08-24T15:26:39.433000Z,854.002,888.0,66.0,83.785,0.0,0.0,0.0,31.544,0.840148,0.0,0.0,0.0
2020-08-24T15:26:40.553000Z,2020-08-24T15:26:41.536000Z,837.51,983.0,76.0,85.074,0.0,0.0,0.0,31.544,0.924714,0.0,0.0,0.0
2020-08-24T15:26:42.549000Z,2020-08-24T15:26:44.548000Z,1541.72,1999.0,78.0,57.721,0.0,0.0,0.0,31.544,1.189608,0.0,0.0,0.0
2020-08-24T15:26:44.551000Z,2020-08-24T15:26:46.952000Z,1980.416,2401.0,82.0,71.982,0.0,0.0,0.0,31.544,0.956049,0.0,0.0,0.0
2020-08-24T15:26:46.953999Z,2020-08-24T15:26:48.240000Z,1125.951,1286.0,72.0,61.041,0.0,0.0,0.0,31.544,1.17998,0.0,0.0,0.0
2020-08-24T15:26:48.550000Z,2020-08-24T15:26:49.865999Z,1144.728,1316.0,72.0,65.089,0.0,0.0,0.0,31.195,1.160065,0.0,0.0,0.0
2020-08-24T15:26:50.545999Z,2020-08-24T15:26:51.577000Z,782.009,1031.0,72.0,68.755,0.0,0.0,0.0,31.195,1.162276,0.0,0.0,0.0
2020-08-24T15:26:52.545999Z,2020-08-24T15:26:53.271000Z,587.682,725.0,74.0,57.737,0.0,0.0,0.0,31.195,0.975394,0.0,0.0,0.0
2020-08-24T15:26:54.547000Z,2020-08-24T15:26:55.340000Z,651.39,793.0,72.0,56.172,0.0,0.0,0.0,31.195,1.13135,0.0,0.0,0.0
2020-08-24T15:26:56.548000Z,2020-08-24T15:26:57.640000Z,903.364,1092.0,70.0,57.487,0.0,0.0,0.0,31.195,0.84463,0.0,0.0,0.0
2020-08-24T15:26:58.561999Z,2020-08-24T15:26:59.625000Z,936.553,1063.0,72.0,62.286,0.0,0.0,0.0,31.195,1.079327,0.0,0.0,0.0
2020-08-24T15:27:00.545999Z,2020-08-24T15:27:02.455000Z,1495.442,1909.0,72.0,59.351,0.0,0.0,0.0,31.195,0.977628,0.0,0.0,0.0
2020-08-24T15:27:02.547000Z,2020-08-24T15:27:03.455000Z,788.821,908.0,78.0,64.397,0.0,0.0,0.0,31.195,0.909485,0.0,0.0,0.0
2020-08-24T15:27:04.544000Z,2020-08-24T15:27:04.742000Z,147.95,198.0,70.0,65.908,0.0,0.0,0.0,31.195,0.895928,0.0,0.0,0.0
2020-08-24T15:27:06.544999Z,2020-08-24T15:27:06.750000Z,147.212,205.0,70.0,55.872,0.0,0.0,0.0,31.195,0.947556,0.0,0.0,0.0
2020-08-24T15:27:08.544999Z,2020-08-24T15:27:08.744000Z,148.355,199.0,70.0,61.197,0.0,0.0,0.0,31.195,1.265551,0.0,0.0,0.0
2020-08-24T15:27:10.544000Z,2020-08-24T15:27:10.870000Z,148.112,326.0,72.0,48.789,0.0,0.0,0.0,31.195,0.813436,0.0,0.0,0.0
2020-08-24T15:27:12.549000Z,2020-08-24T15:27:13.844000Z,1120.425,1295.0,82.0,63.457,0.0,0.0,0.0,31.195,1.231604,0.0,0.0,0.0
2020-08-24T15:27:14.548000Z,2020-08-24T15:27:16.110000Z,1248.816,1562.0,80.0,73.146,0.0,0.0,0.0,31.195,1.334693,0.0,0.0,0.0
2020-08-24T15:27:16.551000Z,2020-08-24T15:27:17.094000Z,435.995,543.0,82.0,56.142,0.0,0.0,0.0,31.195,0.575022,0.0,0.0,0.0
2020-08-24T15:27:18.549000Z,2020-08-24T15:27:19.091000Z,461.476,542.0,68.0,55.695,0.0,0.0,0.0,31.195,1.111233,0.0,0.0,0.0
2020-08-24T15:27:20.544999Z,2020-08-24T15:27:21.148000Z,458.069,603.0,70.0,66.496,0.0,0.0,0.0,31.195,0.991158,0.0,0.0,0.0
2020-08-24T15:27:22.544000Z,2020-08-24T15:27:22.713000Z,131.895,169.0,70.0,55.793,0.0,0.0,0.0,31.195,1.146041,0.0,0.0,0.0
2020-08-24T15:27:24.550000Z,2020-08-24T15:27:24.728000Z,143.516,178.0,72.0,50.211,0.0,0.0,0.0,31.195,1.017904,0.0,0.0,0.0
2020-08-24T15:27:26.545999Z,2020-08-24T15:27:26.732000Z,140.515,186.0,70.0,60.835,0.0,0.0,0.0,31.195,1.257663,0.0,0.0,0.0
2020-08-24T15:27:28.547000Z,2020-08-24T15:27:28.723000Z,132.749,176.0,70.0,47.497,0.0,0.0,0.0,31.195,0.754785,0.0,0.0,0.0
2020-08-24T15:27:30.545999Z,2020-08-24T15:27:30.753999Z,130.087,208.0,70.0,49.744,0.0,0.0,0.0,31.195,0.709796,0.0,0.0,0.0
2020-08-24T15:27:32.800000Z,2020-08-24T15:27:33.548000Z,628.118,748.0,68.0,60.144,0.0,0.0,0.0,31.195,1.08981,0.0,0.0,0.0
2020-08-24T15:27:34.801000Z,2020-08-24T15:27:36.493000Z,1374.751,1692.0,74.0,58.148,0.0,0.0,0.0,31.195,1.116292,0.0,0.0,0.0
2020-08-24T15:27:36.586000Z,2020-08-24T15:27:37.702000Z,965.684,1116.0,72.0,65.743,0.0,0.0,0.0,31.195,0.872316,0.0,0.0,0.0
2020-08-24T15:27:38.798000Z,2020-08-24T15:27:39.790000Z,822.539,992.0,86.0,60.47,0.0,0.0,0.0,31.195,0.317835,0.0,0.0,0.0
2020-08-24T15:27:40.803000Z,2020-08-24T15:27:42.084000Z,1073.531,1281.0,76.0,51.914,0.0,0.0,0.0,31.195,0.459316,0.0,0.0,0.0
2020-08-24T15:27:42.799000Z,2020-08-24T15:27:43.637000Z,735.011,838.0,76.0,55.914,0.0,0.0,0.0,31.195,0.690915,0.0,0.0,0.0
2020-08-24T15:27:44.795000Z,2020-08-24T15:27:45.963000Z,865.367,1168.0,76.0,60.788,0.0,0.0,0.0,31.195,1.33991,0.0,0.0,0.0
2020-08-24T15:27:46.803000Z,2020-08-24T15:27:47.833999Z,863.248,1031.0,68.0,61.989,0.0,0.0,0.0,31.195,0.282196,0.0,0.0,0.0
2020-08-24T15:27:48.794000Z,2020-08-24T15:27:49.740000Z,650.874,946.0,78.0,65.663,0.0,0.0,0.0,31.195,1.058396,0.0,0.0,0.0
2020-08-24T15:27:50.795000Z,2020-08-24T15:27:51.449999Z,581.015,655.0,84.0,65.386,0.0,0.0,0.0,31.195,1.09241,0.0,0.0,0.0
2020-08-24T15:27:52.797000Z,2020-08-24T15:27:53.368000Z,481.593,571.0,84.0,71.914,0.0,0.0,0.0,31.195,1.068497,0.0,0.0,0.0
2020-08-24T15:27:54.804000Z,2020-08-24T15:27:56.296000Z,1164.309,1492.0,80.0,56.976,0.0,0.0,0.0,31.195,0.682138,0.0,0.0,0.0
2020-08-24T15:27:56.801000Z,2020-08-24T15:27:58.286000Z,1292.269,1485.0,80.0,77.081,0.0,0.0,0.0,31.195,1.077812,0.0,0.0,0.0
2020-08-24T15:27:58.799000Z,2020-08-24T15:27:59.628000Z,697.702,829.0,78.0,58.713,0.0,0.0,0.0,31.195,0.553363,0.0,0.0,0.0
2020-08-24T15:28:00.795000Z,2020-08-24T15:28:01.185999Z,342.62,391.0,74.0,57.043,0.0,0.0,0.0,31.195,1.168203,0.0,0.0,0.0
2020-08-24T15:28:02.803000Z,2020-08-24T15:28:03.325000Z,393.082,522.0,74.0,68.135,0.0,0.0,0.0,31.195,1.127015,0.0,0.0,0.0
