start_time,end_time,size,trans_time,cwnd,rtt,rto,ssthresh,last_snd,min_rtt,delivery_rate,bytes_sent,bytes_retrans,client_trans_time
2020-08-25T04:09:15.136000Z,2020-08-25T04:09:15.539000Z,53.434,403.0,268.0,156.222,0.0,0.0,0.0,148.431,1.185905,0.0,0.0,0.0
2020-08-25T04:09:15.539000Z,2020-08-25T04:09:15.735000Z,45.356,196.0,322.0,159.354,0.0,0.0,0.0,148.431,1.373087,0.0,0.0,0.0
2020-08-25T04:09:15.735000Z,2020-08-25T04:09:15.923000Z,30.109,188.0,322.0,158.965,0.0,0.0,0.0,148.431,1.373087,0.0,0.0,0.0
2020-08-25T04:09:15.923000Z,2020-08-25T04:09:16.175000Z,133.306,252.0,322.0,159.548,0.0,0.0,0.0,148.431,1.373087,0.0,0.0,0.0
2020-08-25T04:09:16.176000Z,2020-08-25T04:09:16.481000Z,201.501,305.0,322.0,157.441,0.0,0.0,0.0,148.431,1.373087,0.0,0.0,0.0
2020-08-25T04:09:16.481999Z,2020-08-25T04:09:16.780000Z,228.439,298.0,322.0,157.302,0.0,0.0,0.0,148.431,1.373087,0.0,0.0,0.0
2020-08-25T04:09:16.781000Z,2020-08-25T04:09:17.209000Z,397.252,428.0,324.0,163.331,0.0,0.0,0.0,148.431,1.443508,0.0,0.0,0.0
2020-08-25T04:09:17.211000Z,2020-08-25T04:09:18.028000Z,1204.072,817.0,378.0,157.833,0.0,0.0,0.0,148.431,1.643013,0.0,0.0,0.0
2020-08-25T04:09:18.030000Z,2020-08-25T04:09:18.755000Z,1148.596,725.0,462.0,159.279,0.0,0.0,0.0,148.431,2.008081,0.0,0.0,0.0
2020-08-25T04:09:18.876000Z,2020-08-25T04:09:20.109000Z,1313.03,1233.0,527.0,158.17,0.0,0.0,0.0,148.431,2.372886,0.0,0.0,0.0
2020-08-25T04:09:20.972000Z,2020-08-25T04:09:21.551000Z,1106.883,579.0,638.0,163.474,0.0,0.0,0.0,148.431,0.059582,0.0,0.0,0.0
2020-08-25T04:09:23.072000Z,2020-08-25T04:09:23.680000Z,1232.049,608.0,638.0,160.039,0.0,0.0,0.0,148.431,2.489021,0.0,0.0,0.0
2020-08-25T04:09:24.901000Z,2020-08-25T04:09:25.340000Z,918.062,439.0,754.0,161.772,0.0,0.0,0.0,148.431,2.738588,0.0,0.0,0.0
2020-08-25T04:09:26.993000Z,2020-08-25T04:09:27.453000Z,969.229,460.0,768.0,158.699,0.0,0.0,0.0,148.431,3.213998,0.0,0.0,0.0
2020-08-25T04:09:29.063000Z,2020-08-25T04:09:29.569999Z,1173.539,507.0,780.0,159.251,0.0,0.0,0.0,148.431,3.055498,0.0,0.0,0.0
2020-08-25T04:09:30.862000Z,2020-08-25T04:09:31.337999Z,1260.646,476.0,928.0,168.607,0.0,0.0,0.0,148.431,3.23331,0.0,0.0,0.0
2020-08-25T04:09:32.940000Z,2020-08-25T04:09:33.241000Z,577.614,301.0,948.0,164.568,0.0,0.0,0.0,148.431,3.765637,0.0,0.0,0.0
2020-08-25T04:09:35.001999Z,2020-08-25T04:09:35.451000Z,1294.392,449.0,948.0,160.705,0.0,0.0,0.0,148.431,3.765637,0.0,0.0,0.0
2020-08-25T04:09:37.100999Z,2020-08-25T04:09:37.519000Z,1204.581,418.0,1110.0,161.64,0.0,0.0,0.0,148.431,4.475406,0.0,0.0,0.0
2020-08-25T04:09:38.899000Z,2020-08-25T04:09:39.348000Z,1329.276,449.0,1130.0,158.844,0.0,0.0,0.0,148.431,4.965921,0.0,0.0,0.0
2020-08-25T04:09:40.991000Z,2020-08-25T04:09:41.339000Z,959.845,348.0,1194.0,169.699,0.0,0.0,0.0,148.431,4.902865,0.0,0.0,0.0
2020-08-25T04:09:43.057999Z,2020-08-25T04:09:43.427000Z,1116.191,369.0,1194.0,161.393,0.0,0.0,0.0,148.431,5.009472,0.0,0.0,0.0
2020-08-25T04:09:44.881000Z,2020-08-25T04:09:45.199000Z,798.851,318.0,1295.0,161.893,0.0,0.0,0.0,148.431,5.589807,0.0,0.0,0.0
2020-08-25T04:09:46.959000Z,2020-08-25T04:09:47.313000Z,858.478,354.0,1296.0,166.5,0.0,0.0,0.0,148.431,5.589807,0.0,0.0,0.0
2020-08-25T04:09:49.016000Z,2020-08-25T04:09:49.339000Z,858.197,323.0,1296.0,165.537,0.0,0.0,0.0,148.431,5.589807,0.0,0.0,0.0
2020-08-25T04:09:51.099000Z,2020-08-25T04:09:51.445000Z,982.622,346.0,1294.0,161.105,0.0,0.0,0.0,148.431,5.589807,0.0,0.0,0.0
2020-08-25T04:09:52.922000Z,2020-08-25T04:09:53.271000Z,1060.432,349.0,1338.0,161.536,0.0,0.0,0.0,148.431,5.443874,0.0,0.0,0.0
2020-08-25T04:09:55.011000Z,2020-08-25T04:09:55.357000Z,1117.793,346.0,1392.0,160.881,0.0,0.0,0.0,148.431,5.7903,0.0,0.0,0.0
2020-08-25T04:09:57.121000Z,2020-08-25T04:09:57.454000Z,953.219,333.0,1440.0,164.487,0.0,0.0,0.0,148.431,5.94749,0.0,0.0,0.0
2020-08-25T04:09:58.918000Z,2020-08-25T04:09:59.273000Z,1043.874,355.0,1440.0,165.503,0.0,0.0,0.0,148.431,5.852617,0.0,0.0,0.0
2020-08-25T04:10:01.022000Z,2020-08-25T04:10:01.443000Z,918.571,421.0,4.0,169.201,0.0,0.0,0.0,148.431,5.884829,0.0,0.0,0.0
2020-08-25T04:10:03.091000Z,2020-08-25T04:10:03.448000Z,1137.949,357.0,1488.0,181.349,0.0,0.0,0.0,148.431,5.884829,0.0,0.0,0.0
2020-08-25T04:10:04.939000Z,2020-08-25T04:10:05.425000Z,989.983,486.0,1452.0,180.495,0.0,0.0,0.0,148.431,5.79043,0.0,0.0,0.0
2020-08-25T04:10:06.915000Z,2020-08-25T04:10:07.249000Z,890.546,334.0,1456.0,164.292,0.0,0.0,0.0,148.431,5.79043,0.0,0.0,0.0
2020-08-25T04:10:09.099000Z,2020-08-25T04:10:09.414000Z,910.168,315.0,1456.0,185.567,0.0,0.0,0.0,148.431,5.79043,0.0,0.0,0.0
2020-08-25T04:10:10.896999Z,2020-08-25T04:10:11.334000Z,959.496,437.0,1456.0,162.756,0.0,0.0,0.0,148.431,5.79043,0.0,0.0,0.0
2020-08-25T04:10:12.949000Z,2020-08-25T04:10:13.297999Z,1071.141,349.0,1456.0,167.079,0.0,0.0,0.0,148.431,5.79043,0.0,0.0,0.0
2020-08-25T04:10:15.031000Z,2020-08-25T04:10:15.420000Z,1090.126,389.0,4.0,174.192,0.0,0.0,0.0,148.431,5.79043,0.0,0.0,0.0
2020-08-25T04:10:17.075000Z,2020-08-25T04:10:17.537000Z,925.718,462.0,1326.0,170.544,0.0,0.0,0.0,148.431,4.894458,0.0,0.0,0.0
2020-08-25T04:10:19.136999Z,2020-08-25T04:10:19.550000Z,1168.52,413.0,1328.0,285.325,0.0,0.0,0.0,148.431,4.894458,0.0,0.0,0.0
2020-08-25T04:10:20.958000Z,2020-08-25T04:10:21.520000Z,1251.205,562.0,1167.0,201.217,0.0,0.0,0.0,148.431,4.976306,0.0,0.0,0.0
2020-08-25T04:10:23.025999Z,2020-08-25T04:10:23.385999Z,958.397,360.0,1164.0,306.108,0.0,0.0,0.0,148.431,3.352982,0.0,0.0,0.0
2020-08-25T04:10:25.116000Z,2020-08-25T04:10:25.552000Z,1330.094,436.0,1188.0,162.282,0.0,0.0,0.0,148.431,5.17471,0.0,0.0,0.0
2020-08-25T04:10:26.943000Z,2020-08-25T04:10:27.321000Z,1090.651,378.0,1214.0,158.995,0.0,0.0,0.0,148.431,5.133341,0.0,0.0,0.0
2020-08-25T04:10:29.005000Z,2020-08-25T04:10:29.363000Z,1035.371,358.0,1290.0,163.223,0.0,0.0,0.0,148.431,5.556426,0.0,0.0,0.0
2020-08-25T04:10:31.102000Z,2020-08-25T04:10:31.457000Z,993.466,355.0,1300.0,164.433,0.0,0.0,0.0,148.431,5.515978,0.0,0.0,0.0
2020-08-25T04:10:33.171000Z,2020-08-25T04:10:33.513999Z,1035.093,343.0,1310.0,165.635,0.0,0.0,0.0,148.431,4.989749,0.0,0.0,0.0
2020-08-25T04:10:35.001000Z,2020-08-25T04:10:35.372000Z,1103.502,371.0,1370.0,159.693,0.0,0.0,0.0,148.431,5.942121,0.0,0.0,0.0
2020-08-25T04:10:37.099000Z,2020-08-25T04:10:37.431000Z,1009.236,332.0,1404.0,156.99,0.0,0.0,0.0,148.431,5.81367,0.0,0.0,0.0
2020-08-25T04:10:38.924000Z,2020-08-25T04:10:39.271000Z,1026.789,347.0,1404.0,162.809,0.0,0.0,0.0,148.431,5.81367,0.0,0.0,0.0
2020-08-25T04:10:41.005000Z,2020-08-25T04:10:41.401000Z,1156.328,396.0,1404.0,160.404,0.0,0.0,0.0,148.431,5.967773,0.0,0.0,0.0
2020-08-25T04:10:43.120000Z,2020-08-25T04:10:43.408000Z,697.924,288.0,4.0,216.48,0.0,0.0,0.0,148.431,4.761183,0.0,0.0,0.0
2020-08-25T04:10:45.127000Z,2020-08-25T04:10:45.413000Z,665.252,286.0,1422.0,166.372,0.0,0.0,0.0,148.431,4.761183,0.0,0.0,0.0
2020-08-25T04:10:47.027000Z,2020-08-25T04:10:47.395000Z,1103.783,368.0,1422.0,167.913,0.0,0.0,0.0,148.431,4.761183,0.0,0.0,0.0
2020-08-25T04:10:49.091000Z,2020-08-25T04:10:49.439000Z,1081.166,348.0,1388.0,192.438,0.0,0.0,0.0,148.431,5.447343,0.0,0.0,0.0
2020-08-25T04:10:51.162000Z,2020-08-25T04:10:51.551000Z,1334.295,389.0,1438.0,165.548,0.0,0.0,0.0,148.431,5.725018,0.0,0.0,0.0
2020-08-25T04:10:52.991000Z,2020-08-25T04:10:53.468000Z,1371.098,477.0,1496.0,165.043,0.0,0.0,0.0,148.431,6.510059,0.0,0.0,0.0
2020-08-25T04:10:55.049000Z,2020-08-25T04:10:55.440000Z,1399.418,391.0,1496.0,160.537,0.0,0.0,0.0,148.431,5.306619,0.0,0.0,0.0
2020-08-25T04:10:57.140000Z,2020-08-25T04:10:57.507000Z,1373.148,367.0,1574.0,167.024,0.0,0.0,0.0,148.431,6.716328,0.0,0.0,0.0
2020-08-25T04:10:59.228000Z,2020-08-25T04:10:59.633999Z,1542.723,406.0,1602.0,170.2,0.0,0.0,0.0,148.431,6.861423,0.0,0.0,0.0
2020-08-25T04:11:01.036000Z,2020-08-25T04:11:01.480000Z,1257.006,444.0,1670.0,178.289,0.0,0.0,0.0,148.431,7.210953,0.0,0.0,0.0
2020-08-25T04:11:03.118000Z,2020-08-25T04:11:03.509000Z,1521.711,391.0,4.0,246.988,0.0,0.0,0.0,148.431,4.830506,0.0,0.0,0.0
2020-08-25T04:11:05.201000Z,2020-08-25T04:11:05.615000Z,1317.269,414.0,1722.0,160.885,0.0,0.0,0.0,148.431,6.404552,0.0,0.0,0.0
2020-08-25T04:11:07.039000Z,2020-08-25T04:11:07.375000Z,1212.442,336.0,1726.0,236.976,0.0,0.0,0.0,148.431,5.273113,0.0,0.0,0.0
2020-08-25T04:11:09.124000Z,2020-08-25T04:11:09.489999Z,1416.124,366.0,1723.0,159.853,0.0,0.0,0.0,148.431,7.563725,0.0,0.0,0.0
2020-08-25T04:11:11.208000Z,2020-08-25T04:11:11.585000Z,1611.764,377.0,1858.0,167.792,0.0,0.0,0.0,148.431,7.619356,0.0,0.0,0.0
2020-08-25T04:11:13.017000Z,2020-08-25T04:11:13.289000Z,915.296,272.0,1914.0,176.454,0.0,0.0,0.0,148.431,8.329646,0.0,0.0,0.0
2020-08-25T04:11:15.090000Z,2020-08-25T04:11:15.247000Z,12.804,157.0,1918.0,160.772,0.0,0.0,0.0,148.431,8.329646,0.0,0.0,0.0
2020-08-25T04:11:17.169000Z,2020-08-25T04:11:17.382000Z,286.072,213.0,1918.0,157.807,0.0,0.0,0.0,148.431,8.329646,0.0,0.0,0.0
2020-08-25T04:11:19.228000Z,2020-08-25T04:11:19.580000Z,798.533,352.0,1910.0,161.684,0.0,0.0,0.0,148.431,8.329646,0.0,0.0,0.0
2020-08-25T04:11:21.052000Z,2020-08-25T04:11:21.300000Z,573.676,248.0,1910.0,257.903,0.0,0.0,0.0,148.431,8.329646,0.0,0.0,0.0
2020-08-25T04:11:23.144000Z,2020-08-25T04:11:23.382000Z,523.734,238.0,1910.0,164.824,0.0,0.0,0.0,148.431,8.329646,0.0,0.0,0.0
2020-08-25T04:11:24.963000Z,2020-08-25T04:11:25.198000Z,543.563,235.0,1910.0,163.443,0.0,0.0,0.0,148.431,8.329646,0.0,0.0,0.0
2020-08-25T04:11:27.021000Z,2020-08-25T04:11:27.300000Z,777.614,279.0,1910.0,171.072,0.0,0.0,0.0,148.431,8.329646,0.0,0.0,0.0
2020-08-25T04:11:29.111000Z,2020-08-25T04:11:29.419000Z,749.782,308.0,1910.0,161.725,0.0,0.0,0.0,148.431,8.329646,0.0,0.0,0.0
2020-08-25T04:11:31.190000Z,2020-08-25T04:11:31.451000Z,708.468,261.0,1942.0,212.106,0.0,0.0,0.0,148.431,8.329646,0.0,0.0,0.0
2020-08-25T04:11:33.035000Z,2020-08-25T04:11:33.365000Z,1137.618,330.0,1942.0,166.614,0.0,0.0,0.0,148.431,8.329646,0.0,0.0,0.0
2020-08-25T04:11:35.092000Z,2020-08-25T04:11:35.473999Z,1282.941,382.0,1942.0,172.895,0.0,0.0,0.0,148.431,8.329646,0.0,0.0,0.0
2020-08-25T04:11:37.166000Z,2020-08-25T04:11:37.428000Z,760.753,262.0,1942.0,226.844,0.0,0.0,0.0,148.431,8.329646,0.0,0.0,0.0
2020-08-25T04:11:39.255000Z,2020-08-25T04:11:39.893000Z,1387.818,638.0,1934.0,159.125,0.0,0.0,0.0,148.431,8.329646,0.0,0.0,0.0
2020-08-25T04:11:41.039000Z,2020-08-25T04:11:41.349000Z,1064.388,310.0,1934.0,455.379,0.0,0.0,0.0,148.431,8.329646,0.0,0.0,0.0
2020-08-25T04:11:43.153999Z,2020-08-25T04:11:43.445000Z,991.841,291.0,1928.0,157.676,0.0,0.0,0.0,148.431,8.329646,0.0,0.0,0.0
2020-08-25T04:11:45.241999Z,2020-08-25T04:11:45.531000Z,922.147,289.0,1928.0,164.114,0.0,0.0,0.0,148.431,8.329646,0.0,0.0,0.0
2020-08-25T04:11:47.064999Z,2020-08-25T04:11:47.403000Z,1045.529,338.0,1914.0,168.088,0.0,0.0,0.0,148.431,8.329646,0.0,0.0,0.0
2020-08-25T04:11:49.148000Z,2020-08-25T04:11:49.473999Z,1169.105,326.0,1914.0,160.098,0.0,0.0,0.0,148.431,8.329646,0.0,0.0,0.0
2020-08-25T04:11:51.247000Z,2020-08-25T04:11:51.518000Z,862.487,271.0,1914.0,166.221,0.0,0.0,0.0,148.431,8.329646,0.0,0.0,0.0
2020-08-25T04:11:53.076000Z,2020-08-25T04:11:54.493000Z,1521.762,1417.0,1914.0,168.759,0.0,0.0,0.0,148.431,8.329646,0.0,0.0,0.0
2020-08-25T04:11:55.176000Z,2020-08-25T04:11:55.647000Z,1424.908,471.0,1110.0,292.982,0.0,0.0,0.0,148.431,0.008583,0.0,0.0,0.0
2020-08-25T04:11:57.008000Z,2020-08-25T04:11:57.593000Z,1935.628,585.0,1096.0,159.957,0.0,0.0,0.0,148.431,4.397129,0.0,0.0,0.0
2020-08-25T04:11:59.081999Z,2020-08-25T04:11:59.651000Z,2025.921,569.0,1214.0,162.417,0.0,0.0,0.0,148.431,4.533078,0.0,0.0,0.0
2020-08-25T04:12:01.159000Z,2020-08-25T04:12:01.757000Z,2577.159,598.0,1400.0,164.355,0.0,0.0,0.0,148.431,5.072013,0.0,0.0,0.0
2020-08-25T04:12:03.254000Z,2020-08-25T04:12:03.637000Z,1373.076,383.0,1432.0,158.988,0.0,0.0,0.0,148.431,5.743492,0.0,0.0,0.0
2020-08-25T04:12:05.067000Z,2020-08-25T04:12:05.500000Z,1527.113,433.0,1534.0,162.431,0.0,0.0,0.0,148.431,5.931138,0.0,0.0,0.0
2020-08-25T04:12:07.541000Z,2020-08-25T04:12:07.857000Z,961.094,316.0,4.0,221.013,0.0,0.0,0.0,148.431,5.409807,0.0,0.0,0.0
2020-08-25T04:12:09.104000Z,2020-08-25T04:12:09.433999Z,1046.271,330.0,1550.0,156.854,0.0,0.0,0.0,148.431,5.409807,0.0,0.0,0.0
2020-08-25T04:12:11.152000Z,2020-08-25T04:12:11.449000Z,756.7,297.0,1552.0,161.378,0.0,0.0,0.0,148.431,5.409807,0.0,0.0,0.0
2020-08-25T04:12:13.243000Z,2020-08-25T04:12:13.567000Z,1035.996,324.0,1552.0,161.27,0.0,0.0,0.0,148.431,5.409807,0.0,0.0,0.0
2020-08-25T04:12:15.077000Z,2020-08-25T04:12:15.447000Z,831.556,370.0,1552.0,164.54,0.0,0.0,0.0,148.431,5.409807,0.0,0.0,0.0
2020-08-25T04:12:17.160000Z,2020-08-25T04:12:17.341000Z,102.749,181.0,1552.0,159.031,0.0,0.0,0.0,148.431,5.409807,0.0,0.0,0.0
2020-08-25T04:12:19.219000Z,2020-08-25T04:12:19.576000Z,1185.403,357.0,1552.0,163.047,0.0,0.0,0.0,148.431,5.409807,0.0,0.0,0.0
2020-08-25T04:12:21.188000Z,2020-08-25T04:12:21.392000Z,247.05,204.0,1528.0,158.132,0.0,0.0,0.0,148.431,6.473473,0.0,0.0,0.0
2020-08-25T04:12:23.089000Z,2020-08-25T04:12:23.441999Z,970.321,353.0,1528.0,160.249,0.0,0.0,0.0,148.431,6.473473,0.0,0.0,0.0
2020-08-25T04:12:25.179000Z,2020-08-25T04:12:25.423000Z,442.574,244.0,1528.0,208.951,0.0,0.0,0.0,148.431,6.473473,0.0,0.0,0.0
2020-08-25T04:12:27.273000Z,2020-08-25T04:12:27.603000Z,452.343,330.0,1528.0,160.498,0.0,0.0,0.0,148.431,6.473473,0.0,0.0,0.0
2020-08-25T04:12:29.092000Z,2020-08-25T04:12:29.535000Z,590.153,443.0,1528.0,263.615,0.0,0.0,0.0,148.431,6.473473,0.0,0.0,0.0
2020-08-25T04:12:31.139000Z,2020-08-25T04:12:31.631000Z,878.322,492.0,1522.0,283.114,0.0,0.0,0.0,148.431,1.522659,0.0,0.0,0.0
2020-08-25T04:12:33.208000Z,2020-08-25T04:12:33.596000Z,1346.163,388.0,1910.0,344.089,0.0,0.0,0.0,148.431,1.866476,0.0,0.0,0.0
2020-08-25T04:12:35.264000Z,2020-08-25T04:12:35.665999Z,1431.231,402.0,1532.0,159.777,0.0,0.0,0.0,148.431,6.591829,0.0,0.0,0.0
2020-08-25T04:12:37.089000Z,2020-08-25T04:12:37.453000Z,1070.09,364.0,1604.0,172.809,0.0,0.0,0.0,148.431,6.137037,0.0,0.0,0.0
2020-08-25T04:12:39.161000Z,2020-08-25T04:12:39.470000Z,888.261,309.0,1604.0,200.982,0.0,0.0,0.0,148.431,6.137037,0.0,0.0,0.0
2020-08-25T04:12:41.220000Z,2020-08-25T04:12:41.523000Z,884.852,303.0,1602.0,172.976,0.0,0.0,0.0,148.431,6.137037,0.0,0.0,0.0
2020-08-25T04:12:43.054000Z,2020-08-25T04:12:43.401999Z,1265.471,348.0,1594.0,169.244,0.0,0.0,0.0,148.431,6.137037,0.0,0.0,0.0
2020-08-25T04:12:45.068000Z,2020-08-25T04:12:45.417999Z,1242.277,350.0,1632.0,166.046,0.0,0.0,0.0,148.431,7.013288,0.0,0.0,0.0
2020-08-25T04:12:47.231000Z,2020-08-25T04:12:47.510000Z,699.913,279.0,1632.0,162.136,0.0,0.0,0.0,148.431,7.00635,0.0,0.0,0.0
2020-08-25T04:12:49.305999Z,2020-08-25T04:12:49.483000Z,118.725,177.0,1632.0,176.512,0.0,0.0,0.0,148.431,7.00635,0.0,0.0,0.0
2020-08-25T04:12:51.113999Z,2020-08-25T04:12:51.315000Z,195.357,201.0,1632.0,165.755,0.0,0.0,0.0,148.431,7.00635,0.0,0.0,0.0
2020-08-25T04:12:53.183000Z,2020-08-25T04:12:53.415000Z,234.828,232.0,1632.0,170.14,0.0,0.0,0.0,148.431,7.00635,0.0,0.0,0.0
2020-08-25T04:12:55.252000Z,2020-08-25T04:12:55.457999Z,299.565,206.0,1648.0,162.799,0.0,0.0,0.0,148.431,7.00635,0.0,0.0,0.0
2020-08-25T04:12:57.073000Z,2020-08-25T04:12:57.344000Z,724.507,271.0,1644.0,158.526,0.0,0.0,0.0,148.431,7.00635,0.0,0.0,0.0
2020-08-25T04:12:59.160000Z,2020-08-25T04:12:59.423000Z,639.216,263.0,1644.0,166.165,0.0,0.0,0.0,148.431,7.00635,0.0,0.0,0.0
2020-08-25T04:13:01.230000Z,2020-08-25T04:13:01.457000Z,384.918,227.0,1630.0,163.351,0.0,0.0,0.0,148.431,7.00635,0.0,0.0,0.0
2020-08-25T04:13:03.314000Z,2020-08-25T04:13:03.513999Z,262.162,200.0,1630.0,173.617,0.0,0.0,0.0,148.431,7.00635,0.0,0.0,0.0
2020-08-25T04:13:05.116000Z,2020-08-25T04:13:05.499000Z,1125.737,383.0,1630.0,160.665,0.0,0.0,0.0,148.431,7.00635,0.0,0.0,0.0
2020-08-25T04:13:07.212000Z,2020-08-25T04:13:07.638000Z,1266.087,426.0,1170.0,217.821,0.0,0.0,0.0,148.431,4.938577,0.0,0.0,0.0
2020-08-25T04:13:09.188000Z,2020-08-25T04:13:10.188000Z,1895.696,1000.0,1242.0,165.638,0.0,0.0,0.0,148.431,4.603205,0.0,0.0,0.0
2020-08-25T04:13:11.304000Z,2020-08-25T04:13:11.775000Z,1833.809,471.0,1482.0,168.132,0.0,0.0,0.0,148.431,4.832851,0.0,0.0,0.0
2020-08-25T04:13:13.092000Z,2020-08-25T04:13:13.559000Z,2005.462,467.0,1488.0,167.411,0.0,0.0,0.0,148.431,5.560371,0.0,0.0,0.0
2020-08-25T04:13:15.148000Z,2020-08-25T04:13:15.625000Z,2135.925,477.0,1708.0,163.111,0.0,0.0,0.0,148.431,6.61509,0.0,0.0,0.0
2020-08-25T04:13:17.248999Z,2020-08-25T04:13:17.689999Z,2133.305,441.0,1714.0,203.421,0.0,0.0,0.0,148.431,6.631119,0.0,0.0,0.0
2020-08-25T04:13:19.328000Z,2020-08-25T04:13:19.833000Z,1998.322,505.0,1810.0,157.257,0.0,0.0,0.0,148.431,7.579631,0.0,0.0,0.0
2020-08-25T04:13:21.160000Z,2020-08-25T04:13:21.534000Z,1356.506,374.0,1810.0,266.779,0.0,0.0,0.0,148.431,5.32761,0.0,0.0,0.0
2020-08-25T04:13:23.274000Z,2020-08-25T04:13:23.541000Z,760.914,267.0,1856.0,206.944,0.0,0.0,0.0,148.431,6.338016,0.0,0.0,0.0
2020-08-25T04:13:25.105000Z,2020-08-25T04:13:25.392000Z,954.714,287.0,1854.0,160.004,0.0,0.0,0.0,148.431,6.338016,0.0,0.0,0.0
2020-08-25T04:13:27.206000Z,2020-08-25T04:13:27.477000Z,733.661,271.0,1824.0,167.848,0.0,0.0,0.0,148.431,6.338016,0.0,0.0,0.0
2020-08-25T04:13:29.292000Z,2020-08-25T04:13:29.637000Z,1265.759,345.0,1824.0,159.925,0.0,0.0,0.0,148.431,6.338016,0.0,0.0,0.0
2020-08-25T04:13:31.333000Z,2020-08-25T04:13:31.643000Z,925.058,310.0,1714.0,170.309,0.0,0.0,0.0,148.431,6.728045,0.0,0.0,0.0
2020-08-25T04:13:33.113999Z,2020-08-25T04:13:33.397000Z,765.274,283.0,1714.0,166.122,0.0,0.0,0.0,148.431,6.728045,0.0,0.0,0.0
2020-08-25T04:13:35.172999Z,2020-08-25T04:13:35.437000Z,658.232,264.0,1714.0,163.113,0.0,0.0,0.0,148.431,6.728045,0.0,0.0,0.0
2020-08-25T04:13:37.225999Z,2020-08-25T04:13:37.503000Z,749.687,277.0,1700.0,165.876,0.0,0.0,0.0,148.431,6.728045,0.0,0.0,0.0
2020-08-25T04:13:39.271000Z,2020-08-25T04:13:39.613000Z,1154.787,342.0,1700.0,156.385,0.0,0.0,0.0,148.431,6.728045,0.0,0.0,0.0
2020-08-25T04:13:41.336000Z,2020-08-25T04:13:41.623000Z,844.471,287.0,1700.0,158.737,0.0,0.0,0.0,148.431,6.728045,0.0,0.0,0.0
2020-08-25T04:13:43.368000Z,2020-08-25T04:13:43.651000Z,749.328,283.0,1700.0,161.804,0.0,0.0,0.0,148.431,6.728045,0.0,0.0,0.0
2020-08-25T04:13:45.150000Z,2020-08-25T04:13:45.347000Z,232.924,197.0,1700.0,167.064,0.0,0.0,0.0,148.431,6.728045,0.0,0.0,0.0
2020-08-25T04:13:47.228999Z,2020-08-25T04:13:47.439000Z,333.362,210.0,1700.0,165.42,0.0,0.0,0.0,148.431,6.728045,0.0,0.0,0.0
2020-08-25T04:13:49.281999Z,2020-08-25T04:13:49.521999Z,573.413,240.0,1700.0,165.798,0.0,0.0,0.0,148.431,6.728045,0.0,0.0,0.0
2020-08-25T04:13:51.370000Z,2020-08-25T04:13:51.593000Z,455.607,223.0,1702.0,163.067,0.0,0.0,0.0,148.431,6.728045,0.0,0.0,0.0
2020-08-25T04:13:53.185999Z,2020-08-25T04:13:53.798000Z,2979.364,612.0,1702.0,157.874,0.0,0.0,0.0,148.431,6.728045,0.0,0.0,0.0
2020-08-25T04:13:55.251000Z,2020-08-25T04:13:55.771000Z,2516.931,520.0,1824.0,163.639,0.0,0.0,0.0,148.431,7.085377,0.0,0.0,0.0
2020-08-25T04:13:57.268000Z,2020-08-25T04:13:57.597000Z,1438.261,329.0,1876.0,168.403,0.0,0.0,0.0,148.431,7.443047,0.0,0.0,0.0
2020-08-25T04:13:59.178000Z,2020-08-25T04:13:59.529999Z,1342.797,352.0,1876.0,161.472,0.0,0.0,0.0,148.431,7.443047,0.0,0.0,0.0
2020-08-25T04:14:01.254000Z,2020-08-25T04:14:01.588000Z,1225.054,334.0,1876.0,165.551,0.0,0.0,0.0,148.431,7.443047,0.0,0.0,0.0
2020-08-25T04:14:03.317000Z,2020-08-25T04:14:03.531000Z,383.555,214.0,1876.0,166.867,0.0,0.0,0.0,148.431,7.443047,0.0,0.0,0.0
2020-08-25T04:14:05.358000Z,2020-08-25T04:14:05.589000Z,537.776,231.0,1912.0,160.309,0.0,0.0,0.0,148.431,7.443047,0.0,0.0,0.0
2020-08-25T04:14:07.169000Z,2020-08-25T04:14:07.391000Z,442.177,222.0,1880.0,163.314,0.0,0.0,0.0,148.431,7.443047,0.0,0.0,0.0
2020-08-25T04:14:09.230000Z,2020-08-25T04:14:09.421000Z,241.967,191.0,1872.0,161.895,0.0,0.0,0.0,148.431,7.443047,0.0,0.0,0.0
2020-08-25T04:14:11.261000Z,2020-08-25T04:14:11.439000Z,74.996,178.0,1872.0,163.347,0.0,0.0,0.0,151.959,7.443047,0.0,0.0,0.0
2020-08-25T04:14:13.321999Z,2020-08-25T04:14:13.609999Z,889.263,288.0,1872.0,161.495,0.0,0.0,0.0,151.959,7.443047,0.0,0.0,0.0
2020-08-25T04:14:15.371000Z,2020-08-25T04:14:15.672000Z,1048.64,301.0,1872.0,165.893,0.0,0.0,0.0,151.959,7.443047,0.0,0.0,0.0
2020-08-25T04:14:17.169999Z,2020-08-25T04:14:17.593000Z,1961.542,423.0,1872.0,159.664,0.0,0.0,0.0,151.959,7.443047,0.0,0.0,0.0
2020-08-25T04:14:19.208999Z,2020-08-25T04:14:19.477000Z,747.624,268.0,1958.0,193.751,0.0,0.0,0.0,151.959,7.463704,0.0,0.0,0.0
2020-08-25T04:14:21.149000Z,2020-08-25T04:14:21.415000Z,735.646,266.0,1956.0,162.194,0.0,0.0,0.0,151.959,7.463704,0.0,0.0,0.0
2020-08-25T04:14:23.329000Z,2020-08-25T04:14:23.615000Z,1015.545,286.0,1956.0,170.77,0.0,0.0,0.0,151.959,7.463704,0.0,0.0,0.0
2020-08-25T04:14:25.422000Z,2020-08-25T04:14:25.761999Z,1354.845,340.0,1938.0,157.165,0.0,0.0,0.0,151.959,7.463704,0.0,0.0,0.0
2020-08-25T04:14:27.256000Z,2020-08-25T04:14:27.563000Z,1177.449,307.0,1934.0,160.53,0.0,0.0,0.0,151.959,7.392466,0.0,0.0,0.0
2020-08-25T04:14:29.324000Z,2020-08-25T04:14:29.585000Z,795.452,261.0,1920.0,159.951,0.0,0.0,0.0,151.959,7.392466,0.0,0.0,0.0
2020-08-25T04:14:31.395000Z,2020-08-25T04:14:31.601000Z,326.491,206.0,1920.0,160.639,0.0,0.0,0.0,151.959,7.392466,0.0,0.0,0.0
2020-08-25T04:14:33.184000Z,2020-08-25T04:14:33.391000Z,365.59,207.0,1920.0,168.299,0.0,0.0,0.0,151.959,7.392466,0.0,0.0,0.0
2020-08-25T04:14:35.255000Z,2020-08-25T04:14:35.555000Z,969.351,300.0,1920.0,158.737,0.0,0.0,0.0,151.959,7.392466,0.0,0.0,0.0
2020-08-25T04:14:37.304000Z,2020-08-25T04:14:37.581000Z,886.784,277.0,1920.0,157.164,0.0,0.0,0.0,151.959,7.392466,0.0,0.0,0.0
2020-08-25T04:14:39.381000Z,2020-08-25T04:14:39.759000Z,1676.083,378.0,1934.0,170.092,0.0,0.0,0.0,151.959,7.392466,0.0,0.0,0.0
2020-08-25T04:14:41.408000Z,2020-08-25T04:14:41.665000Z,730.33,257.0,2048.0,169.267,0.0,0.0,0.0,151.959,7.489756,0.0,0.0,0.0
2020-08-25T04:14:43.195000Z,2020-08-25T04:14:43.481999Z,1091.27,287.0,2022.0,167.42,0.0,0.0,0.0,151.905,7.489756,0.0,0.0,0.0
2020-08-25T04:14:45.218000Z,2020-08-25T04:14:45.497000Z,872.527,279.0,2022.0,162.583,0.0,0.0,0.0,151.905,7.489756,0.0,0.0,0.0
2020-08-25T04:14:47.234000Z,2020-08-25T04:14:47.526000Z,721.239,292.0,2022.0,171.731,0.0,0.0,0.0,151.905,7.489756,0.0,0.0,0.0
2020-08-25T04:14:49.283000Z,2020-08-25T04:14:49.540000Z,742.362,257.0,2022.0,172.566,0.0,0.0,0.0,151.905,7.489756,0.0,0.0,0.0
2020-08-25T04:14:51.346000Z,2020-08-25T04:14:51.577999Z,534.25,232.0,2022.0,160.149,0.0,0.0,0.0,151.905,7.489756,0.0,0.0,0.0
2020-08-25T04:14:53.377999Z,2020-08-25T04:14:53.648000Z,783.601,270.0,4.0,171.387,0.0,0.0,0.0,151.905,7.489756,0.0,0.0,0.0
2020-08-25T04:14:55.421000Z,2020-08-25T04:14:55.696000Z,949.125,275.0,2068.0,173.919,0.0,0.0,0.0,151.905,7.489756,0.0,0.0,0.0
2020-08-25T04:14:57.238000Z,2020-08-25T04:14:57.449999Z,437.59,212.0,2054.0,158.882,0.0,0.0,0.0,151.905,7.489756,0.0,0.0,0.0
2020-08-25T04:14:59.312000Z,2020-08-25T04:14:59.527000Z,481.902,215.0,2054.0,158.637,0.0,0.0,0.0,151.905,7.489756,0.0,0.0,0.0
2020-08-25T04:15:01.398000Z,2020-08-25T04:15:01.631000Z,575.62,233.0,2054.0,160.512,0.0,0.0,0.0,151.905,7.489756,0.0,0.0,0.0
2020-08-25T04:15:03.228999Z,2020-08-25T04:15:03.462000Z,530.045,233.0,2054.0,170.321,0.0,0.0,0.0,151.905,7.489756,0.0,0.0,0.0
2020-08-25T04:15:05.279000Z,2020-08-25T04:15:05.479000Z,289.297,200.0,2054.0,163.328,0.0,0.0,0.0,151.905,7.489756,0.0,0.0,0.0
2020-08-25T04:15:07.314000Z,2020-08-25T04:15:07.534000Z,439.727,220.0,2054.0,167.158,0.0,0.0,0.0,151.905,7.489756,0.0,0.0,0.0
2020-08-25T04:15:09.320999Z,2020-08-25T04:15:09.615000Z,1057.245,294.0,2158.0,185.214,0.0,0.0,0.0,151.905,7.489756,0.0,0.0,0.0
2020-08-25T04:15:11.431000Z,2020-08-25T04:15:11.777000Z,1470.845,346.0,2066.0,166.454,0.0,0.0,0.0,151.905,7.489756,0.0,0.0,0.0
2020-08-25T04:15:13.243000Z,2020-08-25T04:15:13.607000Z,1334.832,364.0,1841.0,180.322,0.0,0.0,0.0,151.905,7.992645,0.0,0.0,0.0
2020-08-25T04:15:15.283000Z,2020-08-25T04:15:15.579000Z,1051.369,296.0,1852.0,169.483,0.0,0.0,0.0,151.905,7.992645,0.0,0.0,0.0
2020-08-25T04:15:17.366000Z,2020-08-25T04:15:17.703000Z,1248.371,337.0,1840.0,159.952,0.0,0.0,0.0,151.905,7.992645,0.0,0.0,0.0
2020-08-25T04:15:19.433999Z,2020-08-25T04:15:19.784000Z,1465.503,350.0,1834.0,163.558,0.0,0.0,0.0,151.905,0.453036,0.0,0.0,0.0
2020-08-25T04:15:21.255000Z,2020-08-25T04:15:21.631000Z,1651.554,376.0,1880.0,157.38,0.0,0.0,0.0,151.905,8.159187,0.0,0.0,0.0
2020-08-25T04:15:23.308000Z,2020-08-25T04:15:23.657999Z,1418.478,350.0,1930.0,166.065,0.0,0.0,0.0,151.905,7.579946,0.0,0.0,0.0
2020-08-25T04:15:25.386000Z,2020-08-25T04:15:25.759000Z,1794.143,373.0,1902.0,163.665,0.0,0.0,0.0,150.581,0.497022,0.0,0.0,0.0
2020-08-25T04:15:27.214000Z,2020-08-25T04:15:27.549000Z,1462.78,335.0,2060.0,162.405,0.0,0.0,0.0,150.581,8.096187,0.0,0.0,0.0
2020-08-25T04:15:29.288000Z,2020-08-25T04:15:29.619000Z,1446.224,331.0,2060.0,161.002,0.0,0.0,0.0,150.581,8.096187,0.0,0.0,0.0
2020-08-25T04:15:31.384000Z,2020-08-25T04:15:31.704000Z,1391.25,320.0,2060.0,174.212,0.0,0.0,0.0,150.581,8.096187,0.0,0.0,0.0
2020-08-25T04:15:33.468000Z,2020-08-25T04:15:33.812000Z,1496.457,344.0,2060.0,166.489,0.0,0.0,0.0,150.581,8.096187,0.0,0.0,0.0
2020-08-25T04:15:35.248000Z,2020-08-25T04:15:35.580000Z,1452.991,332.0,4.0,160.053,0.0,0.0,0.0,150.581,8.096187,0.0,0.0,0.0
2020-08-25T04:15:37.315000Z,2020-08-25T04:15:37.691000Z,1694.119,376.0,2108.0,161.261,0.0,0.0,0.0,150.581,8.249599,0.0,0.0,0.0
2020-08-25T04:15:39.391000Z,2020-08-25T04:15:39.814000Z,2095.462,423.0,2102.0,162.002,0.0,0.0,0.0,150.581,8.567834,0.0,0.0,0.0
2020-08-25T04:15:41.416999Z,2020-08-25T04:15:41.846000Z,1985.787,429.0,2032.0,198.697,0.0,0.0,0.0,150.581,7.802187,0.0,0.0,0.0
2020-08-25T04:15:43.468000Z,2020-08-25T04:15:43.845000Z,1659.111,377.0,2032.0,158.692,0.0,0.0,0.0,150.581,7.764809,0.0,0.0,0.0
2020-08-25T04:15:45.259000Z,2020-08-25T04:15:45.689000Z,1769.537,430.0,2040.0,167.573,0.0,0.0,0.0,150.581,8.592411,0.0,0.0,0.0
2020-08-25T04:15:47.347000Z,2020-08-25T04:15:47.787000Z,1618.019,440.0,2040.0,235.509,0.0,0.0,0.0,150.581,6.318193,0.0,0.0,0.0
2020-08-25T04:15:49.411000Z,2020-08-25T04:15:49.765000Z,1347.238,354.0,2072.0,239.745,0.0,0.0,0.0,150.581,6.013086,0.0,0.0,0.0
2020-08-25T04:15:51.451000Z,2020-08-25T04:15:51.921000Z,1780.119,470.0,2040.0,170.945,0.0,0.0,0.0,150.581,7.857616,0.0,0.0,0.0
2020-08-25T04:15:53.286000Z,2020-08-25T04:15:53.817000Z,1577.072,531.0,2040.0,159.138,0.0,0.0,0.0,150.581,5.505321,0.0,0.0,0.0
2020-08-25T04:15:55.365000Z,2020-08-25T04:15:55.865999Z,1938.09,501.0,1802.0,348.932,0.0,0.0,0.0,150.581,4.069732,0.0,0.0,0.0
2020-08-25T04:15:57.435000Z,2020-08-25T04:15:57.921999Z,1770.087,487.0,1802.0,161.67,0.0,0.0,0.0,150.581,6.055009,0.0,0.0,0.0
2020-08-25T04:15:59.521999Z,2020-08-25T04:16:00.118000Z,1807.865,596.0,1802.0,269.17,0.0,0.0,0.0,150.581,5.250821,0.0,0.0,0.0
2020-08-25T04:16:01.331000Z,2020-08-25T04:16:02.049000Z,1756.229,718.0,1774.0,375.009,0.0,0.0,0.0,150.581,3.889973,0.0,0.0,0.0
2020-08-25T04:16:03.390000Z,2020-08-25T04:16:03.619000Z,529.943,229.0,1768.0,164.8,0.0,0.0,0.0,150.581,0.008395,0.0,0.0,0.0
2020-08-25T04:16:05.493000Z,2020-08-25T04:16:05.917000Z,1826.754,424.0,1776.0,158.078,0.0,0.0,0.0,150.581,2.346852,0.0,0.0,0.0
2020-08-25T04:16:07.315000Z,2020-08-25T04:16:07.757000Z,2009.457,442.0,1774.0,171.024,0.0,0.0,0.0,150.581,7.346428,0.0,0.0,0.0
2020-08-25T04:16:09.387000Z,2020-08-25T04:16:09.861000Z,1614.199,474.0,1774.0,197.113,0.0,0.0,0.0,150.581,7.240832,0.0,0.0,0.0
2020-08-25T04:16:11.449999Z,2020-08-25T04:16:11.871000Z,1736.172,421.0,1774.0,273.16,0.0,0.0,0.0,150.581,5.102652,0.0,0.0,0.0
2020-08-25T04:16:13.515000Z,2020-08-25T04:16:13.935000Z,1567.784,420.0,1774.0,192.412,0.0,0.0,0.0,150.581,7.203526,0.0,0.0,0.0
2020-08-25T04:16:15.337000Z,2020-08-25T04:16:15.733000Z,1479.148,396.0,1770.0,230.53,0.0,0.0,0.0,150.581,5.685244,0.0,0.0,0.0
2020-08-25T04:16:17.432000Z,2020-08-25T04:16:18.032000Z,1629.788,600.0,1818.0,158.788,0.0,0.0,0.0,150.581,7.916118,0.0,0.0,0.0
2020-08-25T04:16:19.524000Z,2020-08-25T04:16:19.911000Z,1392.709,387.0,1812.0,210.73,0.0,0.0,0.0,150.581,0.589892,0.0,0.0,0.0
2020-08-25T04:16:21.319000Z,2020-08-25T04:16:22.141000Z,1434.294,822.0,1812.0,167.228,0.0,0.0,0.0,150.581,6.518878,0.0,0.0,0.0
2020-08-25T04:16:23.377999Z,2020-08-25T04:16:23.875000Z,1496.818,497.0,1812.0,306.192,0.0,0.0,0.0,150.581,0.968072,0.0,0.0,0.0
2020-08-25T04:16:25.449999Z,2020-08-25T04:16:25.945000Z,1648.166,495.0,4.0,311.729,0.0,0.0,0.0,150.581,4.304489,0.0,0.0,0.0
2020-08-25T04:16:27.516000Z,2020-08-25T04:16:27.921999Z,1529.837,406.0,1528.0,206.94,0.0,0.0,0.0,150.581,5.396203,0.0,0.0,0.0
2020-08-25T04:16:29.349000Z,2020-08-25T04:16:29.774000Z,1434.01,425.0,1520.0,188.464,0.0,0.0,0.0,150.581,6.218551,0.0,0.0,0.0
2020-08-25T04:16:31.412000Z,2020-08-25T04:16:31.846000Z,1768.349,434.0,1530.0,168.992,0.0,0.0,0.0,150.581,5.405204,0.0,0.0,0.0
2020-08-25T04:16:33.452000Z,2020-08-25T04:16:33.887000Z,1642.243,435.0,1642.0,179.856,0.0,0.0,0.0,150.581,6.708433,0.0,0.0,0.0
2020-08-25T04:16:35.505000Z,2020-08-25T04:16:36.049000Z,1652.662,544.0,1642.0,217.319,0.0,0.0,0.0,150.581,5.999436,0.0,0.0,0.0
2020-08-25T04:16:37.330000Z,2020-08-25T04:16:37.872000Z,1328.391,542.0,1642.0,306.809,0.0,0.0,0.0,150.581,4.046292,0.0,0.0,0.0
2020-08-25T04:16:39.412000Z,2020-08-25T04:16:39.790000Z,1471.823,378.0,1642.0,364.749,0.0,0.0,0.0,150.581,3.253771,0.0,0.0,0.0
2020-08-25T04:16:41.463000Z,2020-08-25T04:16:41.864000Z,1584.026,401.0,1664.0,174.199,0.0,0.0,0.0,150.581,6.557158,0.0,0.0,0.0
2020-08-25T04:16:43.515000Z,2020-08-25T04:16:43.919000Z,1463.83,404.0,1610.0,190.361,0.0,0.0,0.0,150.581,6.479289,0.0,0.0,0.0
2020-08-25T04:16:45.371000Z,2020-08-25T04:16:45.740000Z,1407.408,369.0,1598.0,161.943,0.0,0.0,0.0,150.581,6.005901,0.0,0.0,0.0
2020-08-25T04:16:47.445000Z,2020-08-25T04:16:47.873000Z,1513.765,428.0,1706.0,163.651,0.0,0.0,0.0,150.581,7.136895,0.0,0.0,0.0
2020-08-25T04:16:49.530000Z,2020-08-25T04:16:49.889999Z,1359.726,360.0,1706.0,232.163,0.0,0.0,0.0,150.581,6.041002,0.0,0.0,0.0
2020-08-25T04:16:51.370000Z,2020-08-25T04:16:51.824000Z,2021.524,454.0,1706.0,171.711,0.0,0.0,0.0,150.581,7.108395,0.0,0.0,0.0
2020-08-25T04:16:53.463000Z,2020-08-25T04:16:54.289000Z,1692.8,826.0,1706.0,207.804,0.0,0.0,0.0,150.581,6.651772,0.0,0.0,0.0
2020-08-25T04:16:55.533000Z,2020-08-25T04:16:56.021000Z,1855.237,488.0,1632.0,168.927,0.0,0.0,0.0,150.581,0.740928,0.0,0.0,0.0
2020-08-25T04:16:57.339000Z,2020-08-25T04:16:58.121000Z,1929.869,782.0,1654.0,221.237,0.0,0.0,0.0,150.581,5.229487,0.0,0.0,0.0
2020-08-25T04:16:59.420000Z,2020-08-25T04:17:00.381000Z,1739.103,961.0,1650.0,342.856,0.0,0.0,0.0,150.581,0.608518,0.0,0.0,0.0
2020-08-25T04:17:01.550000Z,2020-08-25T04:17:02.015000Z,1626.483,465.0,1650.0,345.457,0.0,0.0,0.0,150.581,1.151093,0.0,0.0,0.0
2020-08-25T04:17:03.368000Z,2020-08-25T04:17:03.769000Z,1005.959,401.0,1654.0,250.157,0.0,0.0,0.0,150.581,5.231382,0.0,0.0,0.0
2020-08-25T04:17:05.396000Z,2020-08-25T04:17:05.852000Z,1315.292,456.0,1202.0,159.738,0.0,0.0,0.0,150.581,3.841753,0.0,0.0,0.0
2020-08-25T04:17:07.452000Z,2020-08-25T04:17:07.907000Z,1435.09,455.0,1202.0,162.351,0.0,0.0,0.0,150.581,5.039695,0.0,0.0,0.0
2020-08-25T04:17:09.497000Z,2020-08-25T04:17:09.932000Z,1269.399,435.0,1204.0,174.421,0.0,0.0,0.0,150.581,5.223055,0.0,0.0,0.0
2020-08-25T04:17:11.702000Z,2020-08-25T04:17:12.227000Z,1263.69,525.0,1264.0,197.549,0.0,0.0,0.0,150.581,4.653752,0.0,0.0,0.0
2020-08-25T04:17:13.486000Z,2020-08-25T04:17:13.869000Z,1186.937,383.0,1264.0,291.336,0.0,0.0,0.0,150.581,3.516038,0.0,0.0,0.0
2020-08-25T04:17:15.570000Z,2020-08-25T04:17:15.920000Z,1104.074,350.0,1362.0,167.665,0.0,0.0,0.0,150.581,5.611042,0.0,0.0,0.0
2020-08-25T04:17:17.381000Z,2020-08-25T04:17:17.879000Z,1188.711,498.0,1429.0,162.64,0.0,0.0,0.0,150.581,6.114423,0.0,0.0,0.0
2020-08-25T04:17:19.465000Z,2020-08-25T04:17:19.828000Z,1123.068,363.0,1474.0,161.567,0.0,0.0,0.0,150.581,6.114652,0.0,0.0,0.0
2020-08-25T04:17:21.555000Z,2020-08-25T04:17:21.934000Z,1366.508,379.0,1486.0,169.882,0.0,0.0,0.0,150.581,5.448359,0.0,0.0,0.0
2020-08-25T04:17:23.369000Z,2020-08-25T04:17:23.862000Z,1422.979,493.0,1576.0,159.626,0.0,0.0,0.0,150.581,6.763069,0.0,0.0,0.0
2020-08-25T04:17:25.524000Z,2020-08-25T04:17:27.343000Z,1743.846,1819.0,4.0,180.171,0.0,0.0,0.0,150.581,3.841667,0.0,0.0,0.0
2020-08-25T04:17:27.346000Z,2020-08-25T04:17:28.012000Z,1732.314,666.0,1619.0,448.026,0.0,0.0,0.0,150.581,1.217505,0.0,0.0,0.0
2020-08-25T04:17:29.407000Z,2020-08-25T04:17:30.201999Z,1553.927,795.0,752.0,176.127,0.0,0.0,0.0,150.581,3.21853,0.0,0.0,0.0
2020-08-25T04:17:31.494000Z,2020-08-25T04:17:32.307000Z,1852.961,813.0,756.0,192.684,0.0,0.0,0.0,150.581,1.628878,0.0,0.0,0.0
2020-08-25T04:17:33.568000Z,2020-08-25T04:17:34.383000Z,1825.898,815.0,754.0,169.908,0.0,0.0,0.0,149.707,3.327057,0.0,0.0,0.0
2020-08-25T04:17:35.429000Z,2020-08-25T04:17:36.062000Z,1657.35,633.0,762.0,274.311,0.0,0.0,0.0,149.707,2.201293,0.0,0.0,0.0
2020-08-25T04:17:37.516000Z,2020-08-25T04:17:38.089999Z,1661.209,574.0,918.0,157.326,0.0,0.0,0.0,149.707,3.069939,0.0,0.0,0.0
2020-08-25T04:17:39.584000Z,2020-08-25T04:17:40.115000Z,1574.295,531.0,950.0,155.345,0.0,0.0,0.0,149.707,4.197864,0.0,0.0,0.0
2020-08-25T04:17:41.414000Z,2020-08-25T04:17:41.915000Z,1535.417,501.0,1016.0,156.359,0.0,0.0,0.0,149.707,4.557224,0.0,0.0,0.0
2020-08-25T04:17:43.505999Z,2020-08-25T04:17:43.984000Z,1576.536,478.0,1240.0,157.184,0.0,0.0,0.0,149.707,5.30369,0.0,0.0,0.0
2020-08-25T04:17:45.554000Z,2020-08-25T04:17:46.044000Z,1654.013,490.0,1234.0,160.323,0.0,0.0,0.0,149.707,5.247582,0.0,0.0,0.0
2020-08-25T04:17:47.389000Z,2020-08-25T04:17:47.815000Z,1441.452,426.0,1235.0,160.292,0.0,0.0,0.0,149.707,4.770736,0.0,0.0,0.0
2020-08-25T04:17:49.460000Z,2020-08-25T04:17:49.867000Z,1478.08,407.0,1420.0,162.662,0.0,0.0,0.0,149.707,5.961673,0.0,0.0,0.0
2020-08-25T04:17:51.528000Z,2020-08-25T04:17:51.955000Z,1718.883,427.0,1530.0,166.244,0.0,0.0,0.0,149.707,6.283035,0.0,0.0,0.0
2020-08-25T04:17:53.359000Z,2020-08-25T04:17:53.917000Z,1632.365,558.0,1594.0,161.161,0.0,0.0,0.0,149.707,6.9106,0.0,0.0,0.0
2020-08-25T04:17:55.444000Z,2020-08-25T04:17:55.813000Z,1517.453,369.0,1700.0,168.846,0.0,0.0,0.0,149.707,0.00793,0.0,0.0,0.0
2020-08-25T04:17:57.552000Z,2020-08-25T04:17:57.907000Z,1443.113,355.0,1778.0,171.455,0.0,0.0,0.0,149.707,7.222211,0.0,0.0,0.0
2020-08-25T04:17:59.599000Z,2020-08-25T04:17:59.963000Z,1518.695,364.0,1778.0,167.482,0.0,0.0,0.0,149.707,7.671305,0.0,0.0,0.0
2020-08-25T04:18:01.419000Z,2020-08-25T04:18:01.931000Z,1750.326,512.0,1778.0,166.032,0.0,0.0,0.0,149.707,7.196037,0.0,0.0,0.0
2020-08-25T04:18:03.493000Z,2020-08-25T04:18:03.891000Z,1664.879,398.0,1804.0,161.037,0.0,0.0,0.0,149.707,6.476861,0.0,0.0,0.0
2020-08-25T04:18:05.558000Z,2020-08-25T04:18:06.007000Z,1822.212,449.0,1772.0,200.41,0.0,0.0,0.0,149.707,7.055321,0.0,0.0,0.0
2020-08-25T04:18:07.649999Z,2020-08-25T04:18:08.239000Z,1859.937,589.0,1772.0,161.422,0.0,0.0,0.0,149.707,6.264206,0.0,0.0,0.0
2020-08-25T04:18:09.463000Z,2020-08-25T04:18:09.781000Z,1102.2,318.0,1792.0,182.058,0.0,0.0,0.0,149.707,0.178254,0.0,0.0,0.0
2020-08-25T04:18:11.536000Z,2020-08-25T04:18:12.085000Z,1640.97,549.0,1792.0,178.539,0.0,0.0,0.0,149.707,3.514103,0.0,0.0,0.0
2020-08-25T04:18:13.638000Z,2020-08-25T04:18:14.121000Z,1571.227,483.0,1812.0,180.341,0.0,0.0,0.0,149.707,7.775398,0.0,0.0,0.0
2020-08-25T04:18:15.430000Z,2020-08-25T04:18:15.821000Z,1582.084,391.0,1908.0,169.236,0.0,0.0,0.0,149.707,7.156536,0.0,0.0,0.0
2020-08-25T04:18:17.494000Z,2020-08-25T04:18:17.903000Z,1580.816,409.0,1908.0,168.555,0.0,0.0,0.0,149.707,7.000461,0.0,0.0,0.0
2020-08-25T04:18:19.541000Z,2020-08-25T04:18:19.911000Z,1451.184,370.0,1888.0,213.645,0.0,0.0,0.0,149.707,6.343725,0.0,0.0,0.0
2020-08-25T04:18:21.612000Z,2020-08-25T04:18:21.963000Z,1552.887,351.0,1888.0,165.703,0.0,0.0,0.0,149.707,7.802242,0.0,0.0,0.0
2020-08-25T04:18:23.444000Z,2020-08-25T04:18:23.807000Z,1663.073,363.0,1940.0,160.03,0.0,0.0,0.0,149.707,8.37539,0.0,0.0,0.0
2020-08-25T04:18:25.544999Z,2020-08-25T04:18:25.929000Z,1771.016,384.0,1948.0,169.401,0.0,0.0,0.0,149.707,8.218393,0.0,0.0,0.0
2020-08-25T04:18:27.639000Z,2020-08-25T04:18:27.975000Z,1556.343,336.0,2062.0,165.242,0.0,0.0,0.0,149.707,8.835589,0.0,0.0,0.0
2020-08-25T04:18:29.483000Z,2020-08-25T04:18:29.815000Z,1441.234,332.0,2125.0,158.011,0.0,0.0,0.0,149.707,9.329234,0.0,0.0,0.0
2020-08-25T04:18:31.541000Z,2020-08-25T04:18:31.845000Z,1208.833,304.0,2130.0,159.099,0.0,0.0,0.0,149.707,9.329234,0.0,0.0,0.0
2020-08-25T04:18:33.647000Z,2020-08-25T04:18:34.057000Z,1519.497,410.0,2130.0,175.781,0.0,0.0,0.0,149.707,9.329234,0.0,0.0,0.0
2020-08-25T04:18:35.447000Z,2020-08-25T04:18:35.910000Z,1531.376,463.0,2172.0,250.86,0.0,0.0,0.0,149.707,5.966819,0.0,0.0,0.0
2020-08-25T04:18:37.514000Z,2020-08-25T04:18:37.873000Z,1296.451,359.0,2172.0,292.939,0.0,0.0,0.0,149.707,5.39193,0.0,0.0,0.0
2020-08-25T04:18:39.585000Z,2020-08-25T04:18:39.964000Z,1523.368,379.0,2172.0,221.103,0.0,0.0,0.0,149.707,5.39193,0.0,0.0,0.0
2020-08-25T04:18:41.672000Z,2020-08-25T04:18:42.068000Z,1593.855,396.0,2172.0,160.123,0.0,0.0,0.0,149.707,6.889326,0.0,0.0,0.0
2020-08-25T04:18:43.488999Z,2020-08-25T04:18:43.943000Z,1642.976,454.0,1584.0,230.125,0.0,0.0,0.0,149.707,6.465993,0.0,0.0,0.0
2020-08-25T04:18:45.574000Z,2020-08-25T04:18:45.973000Z,1604.834,399.0,1600.0,160.941,0.0,0.0,0.0,149.707,5.467719,0.0,0.0,0.0
2020-08-25T04:18:47.643000Z,2020-08-25T04:18:48.025999Z,1407.204,383.0,1706.0,172.561,0.0,0.0,0.0,149.707,6.718565,0.0,0.0,0.0
2020-08-25T04:18:49.703000Z,2020-08-25T04:18:50.099000Z,1442.151,396.0,1706.0,196.963,0.0,0.0,0.0,149.707,6.330105,0.0,0.0,0.0
2020-08-25T04:18:51.497000Z,2020-08-25T04:18:51.897999Z,1333.391,401.0,1706.0,203.413,0.0,0.0,0.0,149.707,6.19213,0.0,0.0,0.0
2020-08-25T04:18:53.558000Z,2020-08-25T04:18:53.943000Z,1294.576,385.0,1706.0,230.433,0.0,0.0,0.0,149.707,5.474306,0.0,0.0,0.0
2020-08-25T04:18:55.632000Z,2020-08-25T04:18:56.089999Z,1426.342,458.0,1706.0,163.618,0.0,0.0,0.0,149.707,5.708289,0.0,0.0,0.0
2020-08-25T04:18:57.472000Z,2020-08-25T04:18:57.867000Z,1425.841,395.0,1462.0,277.175,0.0,0.0,0.0,149.707,4.516769,0.0,0.0,0.0
2020-08-25T04:18:59.483000Z,2020-08-25T04:18:59.883000Z,1649.63,400.0,1602.0,160.232,0.0,0.0,0.0,149.707,6.047935,0.0,0.0,0.0
2020-08-25T04:19:01.672999Z,2020-08-25T04:19:02.029000Z,1508.407,356.0,1770.0,163.52,0.0,0.0,0.0,149.707,7.701766,0.0,0.0,0.0
2020-08-25T04:19:03.507000Z,2020-08-25T04:19:03.837000Z,1328.697,330.0,1864.0,166.407,0.0,0.0,0.0,149.707,7.902859,0.0,0.0,0.0
2020-08-25T04:19:05.586000Z,2020-08-25T04:19:06.003000Z,1212.698,417.0,1864.0,166.672,0.0,0.0,0.0,149.707,7.902859,0.0,0.0,0.0
2020-08-25T04:19:07.683000Z,2020-08-25T04:19:08.061000Z,1404.378,378.0,1862.0,161.971,0.0,0.0,0.0,149.707,4.390519,0.0,0.0,0.0
2020-08-25T04:19:09.498000Z,2020-08-25T04:19:09.933000Z,1327.482,435.0,1862.0,160.387,0.0,0.0,0.0,149.707,6.316819,0.0,0.0,0.0
2020-08-25T04:19:11.550000Z,2020-08-25T04:19:11.995000Z,1516.018,445.0,1863.0,162.895,0.0,0.0,0.0,149.707,4.789229,0.0,0.0,0.0
2020-08-25T04:19:13.651000Z,2020-08-25T04:19:14.016000Z,1413.885,365.0,4.0,255.606,0.0,0.0,0.0,149.707,5.045694,0.0,0.0,0.0
2020-08-25T04:19:15.465000Z,2020-08-25T04:19:15.923000Z,1550.153,458.0,1810.0,167.99,0.0,0.0,0.0,149.707,7.667787,0.0,0.0,0.0
2020-08-25T04:19:17.531000Z,2020-08-25T04:19:17.950000Z,1456.136,419.0,1816.0,267.02,0.0,0.0,0.0,149.707,5.003758,0.0,0.0,0.0
2020-08-25T04:19:19.592000Z,2020-08-25T04:19:20.021000Z,1699.267,429.0,1810.0,163.291,0.0,0.0,0.0,149.707,6.586895,0.0,0.0,0.0
2020-08-25T04:19:21.692000Z,2020-08-25T04:19:22.133000Z,1582.482,441.0,1786.0,196.863,0.0,0.0,0.0,149.707,5.962616,0.0,0.0,0.0
2020-08-25T04:19:23.523000Z,2020-08-25T04:19:24.053000Z,1655.614,530.0,1792.0,239.73,0.0,0.0,0.0,149.707,5.348781,0.0,0.0,0.0
2020-08-25T04:19:25.563000Z,2020-08-25T04:19:26.157000Z,1745.683,594.0,4.0,318.562,0.0,0.0,0.0,149.707,4.579,0.0,0.0,0.0
2020-08-25T04:19:27.654000Z,2020-08-25T04:19:28.193000Z,1574.758,539.0,1788.0,198.509,0.0,0.0,0.0,149.707,1.847074,0.0,0.0,0.0
2020-08-25T04:19:29.510000Z,2020-08-25T04:19:29.951000Z,1749.543,441.0,1774.0,158.126,0.0,0.0,0.0,149.707,0.87952,0.0,0.0,0.0
2020-08-25T04:19:31.572000Z,2020-08-25T04:19:31.985999Z,1624.033,414.0,1750.0,207.876,0.0,0.0,0.0,149.707,5.934272,0.0,0.0,0.0
2020-08-25T04:19:33.659000Z,2020-08-25T04:19:34.079000Z,2042.2,420.0,1756.0,163.945,0.0,0.0,0.0,149.707,6.123879,0.0,0.0,0.0
2020-08-25T04:19:35.474000Z,2020-08-25T04:19:35.889000Z,1656.101,415.0,1786.0,179.502,0.0,0.0,0.0,149.707,7.969106,0.0,0.0,0.0
2020-08-25T04:19:37.533000Z,2020-08-25T04:19:38.029000Z,1864.317,496.0,1810.0,205.324,0.0,0.0,0.0,149.707,6.990175,0.0,0.0,0.0
2020-08-25T04:19:39.622000Z,2020-08-25T04:19:39.987000Z,1499.426,365.0,1810.0,251.514,0.0,0.0,0.0,149.707,5.69814,0.0,0.0,0.0
2020-08-25T04:19:41.720000Z,2020-08-25T04:19:42.073000Z,1552.098,353.0,1856.0,165.786,0.0,0.0,0.0,149.707,7.990202,0.0,0.0,0.0
2020-08-25T04:19:43.534000Z,2020-08-25T04:19:44.001999Z,1715.848,468.0,1946.0,162.954,0.0,0.0,0.0,149.707,8.458248,0.0,0.0,0.0
2020-08-25T04:19:45.589000Z,2020-08-25T04:19:46.185000Z,1866.89,596.0,1946.0,264.543,0.0,0.0,0.0,149.707,5.559714,0.0,0.0,0.0
2020-08-25T04:19:47.598000Z,2020-08-25T04:19:48.124000Z,1902.822,526.0,1946.0,163.434,0.0,0.0,0.0,149.707,3.952082,0.0,0.0,0.0
2020-08-25T04:19:49.507000Z,2020-08-25T04:19:49.995000Z,1838.645,488.0,1946.0,304.159,0.0,0.0,0.0,149.707,4.911032,0.0,0.0,0.0
2020-08-25T04:19:51.556000Z,2020-08-25T04:19:52.147000Z,1660.227,591.0,1946.0,280.778,0.0,0.0,0.0,149.707,5.347195,0.0,0.0,0.0
2020-08-25T04:19:53.645000Z,2020-08-25T04:19:54.041999Z,1371.316,397.0,1348.0,158.45,0.0,0.0,0.0,149.707,3.584161,0.0,0.0,0.0
2020-08-25T04:19:55.682000Z,2020-08-25T04:19:56.176000Z,1602.591,494.0,1465.0,164.912,0.0,0.0,0.0,149.707,5.912118,0.0,0.0,0.0
2020-08-25T04:19:57.536000Z,2020-08-25T04:19:58.009000Z,1628.366,473.0,1470.0,163.891,0.0,0.0,0.0,149.707,4.672081,0.0,0.0,0.0
2020-08-25T04:19:59.604000Z,2020-08-25T04:20:00.126000Z,1601.56,522.0,1470.0,225.432,0.0,0.0,0.0,149.707,5.143289,0.0,0.0,0.0
2020-08-25T04:20:01.699000Z,2020-08-25T04:20:02.239000Z,1768.57,540.0,1444.0,267.747,0.0,0.0,0.0,149.707,4.130114,0.0,0.0,0.0
2020-08-25T04:20:03.534000Z,2020-08-25T04:20:04.008000Z,1886.479,474.0,1444.0,258.318,0.0,0.0,0.0,149.707,4.637924,0.0,0.0,0.0
2020-08-25T04:20:05.596000Z,2020-08-25T04:20:06.046000Z,1479.477,450.0,1662.0,166.425,0.0,0.0,0.0,149.707,6.140333,0.0,0.0,0.0
2020-08-25T04:20:07.677000Z,2020-08-25T04:20:08.067000Z,1404.207,390.0,1662.0,166.286,0.0,0.0,0.0,149.707,4.91241,0.0,0.0,0.0
2020-08-25T04:20:09.518000Z,2020-08-25T04:20:09.913000Z,1558.698,395.0,1664.0,168.733,0.0,0.0,0.0,149.707,6.685526,0.0,0.0,0.0
2020-08-25T04:20:11.515000Z,2020-08-25T04:20:11.887000Z,1471.362,372.0,1686.0,157.78,0.0,0.0,0.0,149.707,7.1059,0.0,0.0,0.0
2020-08-25T04:20:13.692000Z,2020-08-25T04:20:14.043000Z,1278.403,351.0,1780.0,165.907,0.0,0.0,0.0,149.707,7.414905,0.0,0.0,0.0
2020-08-25T04:20:15.514000Z,2020-08-25T04:20:15.889000Z,1347.228,375.0,1780.0,175.879,0.0,0.0,0.0,149.707,6.86495,0.0,0.0,0.0
2020-08-25T04:20:17.608000Z,2020-08-25T04:20:17.989000Z,1277.442,381.0,1780.0,184.02,0.0,0.0,0.0,149.707,6.157384,0.0,0.0,0.0
2020-08-25T04:20:19.711000Z,2020-08-25T04:20:20.080000Z,1253.495,369.0,1780.0,212.49,0.0,0.0,0.0,149.707,5.633784,0.0,0.0,0.0
2020-08-25T04:20:21.544999Z,2020-08-25T04:20:21.869000Z,1093.316,324.0,1780.0,156.844,0.0,0.0,0.0,149.707,7.496055,0.0,0.0,0.0
2020-08-25T04:20:23.635000Z,2020-08-25T04:20:23.980000Z,1240.79,345.0,1780.0,170.505,0.0,0.0,0.0,149.707,7.496055,0.0,0.0,0.0
2020-08-25T04:20:25.737000Z,2020-08-25T04:20:26.097999Z,1327.733,361.0,1722.0,178.336,0.0,0.0,0.0,149.707,6.772311,0.0,0.0,0.0
2020-08-25T04:20:27.541000Z,2020-08-25T04:20:27.919000Z,1331.252,378.0,1722.0,171.441,0.0,0.0,0.0,149.707,7.04741,0.0,0.0,0.0
2020-08-25T04:20:29.620000Z,2020-08-25T04:20:29.959000Z,1248.618,339.0,1722.0,198.643,0.0,0.0,0.0,149.707,6.163184,0.0,0.0,0.0
2020-08-25T04:20:31.712999Z,2020-08-25T04:20:32.219000Z,1311.333,506.0,1730.0,166.858,0.0,0.0,0.0,149.707,7.48474,0.0,0.0,0.0
2020-08-25T04:20:33.551000Z,2020-08-25T04:20:33.881000Z,1191.476,330.0,1736.0,249.666,0.0,0.0,0.0,149.707,4.761793,0.0,0.0,0.0
2020-08-25T04:20:35.533000Z,2020-08-25T04:20:35.878000Z,1426.595,345.0,1716.0,158.445,0.0,0.0,0.0,149.707,4.761793,0.0,0.0,0.0
2020-08-25T04:20:37.712000Z,2020-08-25T04:20:38.153000Z,1348.636,441.0,1817.0,160.14,0.0,0.0,0.0,149.707,7.609921,0.0,0.0,0.0
2020-08-25T04:20:39.803000Z,2020-08-25T04:20:40.301000Z,1586.462,498.0,1946.0,285.333,0.0,0.0,0.0,149.707,7.609921,0.0,0.0,0.0
2020-08-25T04:20:41.616000Z,2020-08-25T04:20:42.040000Z,1261.265,424.0,1946.0,164.909,0.0,0.0,0.0,149.707,4.578658,0.0,0.0,0.0
2020-08-25T04:20:43.721000Z,2020-08-25T04:20:44.221000Z,1315.126,500.0,1946.0,278.689,0.0,0.0,0.0,149.707,4.578658,0.0,0.0,0.0
2020-08-25T04:20:45.560999Z,2020-08-25T04:20:45.926000Z,1208.329,365.0,1946.0,162.312,0.0,0.0,0.0,149.707,4.578658,0.0,0.0,0.0
2020-08-25T04:20:47.652000Z,2020-08-25T04:20:47.967000Z,1104.662,315.0,1964.0,219.148,0.0,0.0,0.0,149.707,4.578658,0.0,0.0,0.0
2020-08-25T04:20:49.736000Z,2020-08-25T04:20:50.237000Z,1342.602,501.0,1964.0,182.711,0.0,0.0,0.0,149.707,4.578658,0.0,0.0,0.0
2020-08-25T04:20:51.810000Z,2020-08-25T04:20:52.317000Z,1213.487,507.0,1964.0,303.473,0.0,0.0,0.0,149.707,4.578658,0.0,0.0,0.0
2020-08-25T04:20:53.642000Z,2020-08-25T04:20:54.061000Z,1439.736,419.0,1964.0,356.588,0.0,0.0,0.0,149.707,4.578658,0.0,0.0,0.0
2020-08-25T04:20:55.721000Z,2020-08-25T04:20:56.105999Z,1274.659,385.0,1758.0,158.763,0.0,0.0,0.0,149.707,6.614015,0.0,0.0,0.0
2020-08-25T04:20:57.806000Z,2020-08-25T04:20:58.217000Z,1306.449,411.0,1758.0,214.953,0.0,0.0,0.0,149.707,5.57576,0.0,0.0,0.0
2020-08-25T04:20:59.609000Z,2020-08-25T04:20:59.964000Z,1152.172,355.0,1758.0,160.271,0.0,0.0,0.0,149.707,5.13818,0.0,0.0,0.0
2020-08-25T04:21:01.651000Z,2020-08-25T04:21:02.049000Z,1316.688,398.0,1758.0,175.863,0.0,0.0,0.0,149.707,5.13818,0.0,0.0,0.0
2020-08-25T04:21:03.710000Z,2020-08-25T04:21:04.133000Z,1560.98,423.0,1758.0,231.57,0.0,0.0,0.0,149.707,5.407807,0.0,0.0,0.0
2020-08-25T04:21:05.798000Z,2020-08-25T04:21:06.227000Z,1449.731,429.0,1380.0,164.966,0.0,0.0,0.0,149.707,5.79852,0.0,0.0,0.0
2020-08-25T04:21:07.633000Z,2020-08-25T04:21:08.030000Z,1403.062,397.0,1406.0,204.834,0.0,0.0,0.0,149.707,5.209575,0.0,0.0,0.0
2020-08-25T04:21:09.727000Z,2020-08-25T04:21:10.231000Z,1359.826,504.0,1478.0,156.768,0.0,0.0,0.0,149.707,5.807651,0.0,0.0,0.0
2020-08-25T04:21:11.784999Z,2020-08-25T04:21:12.167000Z,1419.131,382.0,1478.0,301.305,0.0,0.0,0.0,149.707,3.739251,0.0,0.0,0.0
2020-08-25T04:21:13.616999Z,2020-08-25T04:21:14.073000Z,1158.112,456.0,1606.0,165.766,0.0,0.0,0.0,149.707,6.258674,0.0,0.0,0.0
2020-08-25T04:21:15.685000Z,2020-08-25T04:21:16.056000Z,1295.943,371.0,1608.0,246.937,0.0,0.0,0.0,149.707,0.306853,0.0,0.0,0.0
2020-08-25T04:21:17.782000Z,2020-08-25T04:21:18.137000Z,1223.452,355.0,1622.0,172.331,0.0,0.0,0.0,149.707,6.894468,0.0,0.0,0.0
2020-08-25T04:21:19.603000Z,2020-08-25T04:21:19.903000Z,897.779,300.0,1622.0,163.455,0.0,0.0,0.0,149.707,6.417648,0.0,0.0,0.0
2020-08-25T04:21:21.659000Z,2020-08-25T04:21:21.974000Z,819.162,315.0,1644.0,161.69,0.0,0.0,0.0,149.707,6.417648,0.0,0.0,0.0
2020-08-25T04:21:23.606000Z,2020-08-25T04:21:23.950000Z,1137.491,344.0,1644.0,160.868,0.0,0.0,0.0,149.707,6.417648,0.0,0.0,0.0
2020-08-25T04:21:25.739000Z,2020-08-25T04:21:26.043000Z,889.906,304.0,1638.0,163.961,0.0,0.0,0.0,149.707,6.417648,0.0,0.0,0.0
2020-08-25T04:21:27.823000Z,2020-08-25T04:21:28.175000Z,1053.877,352.0,1620.0,176.261,0.0,0.0,0.0,149.707,6.417648,0.0,0.0,0.0
2020-08-25T04:21:29.598000Z,2020-08-25T04:21:29.960000Z,1027.682,362.0,1620.0,171.443,0.0,0.0,0.0,149.707,6.417648,0.0,0.0,0.0
2020-08-25T04:21:31.666000Z,2020-08-25T04:21:32.123000Z,1089.669,457.0,1620.0,212.318,0.0,0.0,0.0,149.707,6.417648,0.0,0.0,0.0
2020-08-25T04:21:33.770000Z,2020-08-25T04:21:34.479000Z,878.252,709.0,386.0,157.249,0.0,0.0,0.0,149.707,1.59192,0.0,0.0,0.0
2020-08-25T04:21:35.844000Z,2020-08-25T04:21:36.617999Z,1098.394,774.0,388.0,162.975,0.0,0.0,0.0,149.707,1.427784,0.0,0.0,0.0
2020-08-25T04:21:38.938000Z,2020-08-25T04:21:39.568000Z,941.989,630.0,466.0,162.791,0.0,0.0,0.0,149.707,1.764638,0.0,0.0,0.0
2020-08-25T04:21:39.592000Z,2020-08-25T04:21:40.293000Z,1206.213,701.0,490.0,161.284,0.0,0.0,0.0,149.707,2.060408,0.0,0.0,0.0
2020-08-25T04:21:41.784999Z,2020-08-25T04:21:42.355000Z,1024.005,570.0,594.0,159.105,0.0,0.0,0.0,149.707,2.548885,0.0,0.0,0.0
2020-08-25T04:21:43.856000Z,2020-08-25T04:21:44.287000Z,788.32,431.0,604.0,157.087,0.0,0.0,0.0,149.707,2.609809,0.0,0.0,0.0
2020-08-25T04:21:45.715000Z,2020-08-25T04:21:46.076000Z,636.818,361.0,718.0,158.068,0.0,0.0,0.0,149.707,3.009948,0.0,0.0,0.0
2020-08-25T04:21:47.669000Z,2020-08-25T04:21:48.037000Z,752.887,368.0,764.0,157.36,0.0,0.0,0.0,149.707,3.091553,0.0,0.0,0.0
2020-08-25T04:21:49.856999Z,2020-08-25T04:21:50.243000Z,780.062,386.0,868.0,161.5,0.0,0.0,0.0,149.707,3.622935,0.0,0.0,0.0
2020-08-25T04:21:51.671000Z,2020-08-25T04:21:52.031000Z,741.978,360.0,926.0,166.453,0.0,0.0,0.0,149.707,3.977723,0.0,0.0,0.0
2020-08-25T04:21:53.748999Z,2020-08-25T04:21:54.169999Z,881.797,421.0,944.0,160.391,0.0,0.0,0.0,149.707,3.592846,0.0,0.0,0.0
2020-08-25T04:21:55.649000Z,2020-08-25T04:21:56.033999Z,935.689,385.0,944.0,220.093,0.0,0.0,0.0,149.707,3.198868,0.0,0.0,0.0
2020-08-25T04:21:57.723000Z,2020-08-25T04:21:58.065000Z,743.457,342.0,962.0,159.56,0.0,0.0,0.0,149.707,4.031578,0.0,0.0,0.0
2020-08-25T04:21:59.806000Z,2020-08-25T04:22:00.150000Z,749.153,344.0,962.0,165.531,0.0,0.0,0.0,149.707,3.910326,0.0,0.0,0.0
2020-08-25T04:22:01.881000Z,2020-08-25T04:22:02.277000Z,782.296,396.0,964.0,165.64,0.0,0.0,0.0,149.707,3.901627,0.0,0.0,0.0
2020-08-25T04:22:03.712999Z,2020-08-25T04:22:04.116000Z,720.977,403.0,964.0,165.722,0.0,0.0,0.0,149.707,0.469749,0.0,0.0,0.0
2020-08-25T04:22:05.766000Z,2020-08-25T04:22:06.225999Z,1103.708,460.0,964.0,176.368,0.0,0.0,0.0,149.707,3.407398,0.0,0.0,0.0
2020-08-25T04:22:07.839000Z,2020-08-25T04:22:08.273999Z,1199.033,435.0,1098.0,165.686,0.0,0.0,0.0,149.707,3.41379,0.0,0.0,0.0
2020-08-25T04:22:09.641000Z,2020-08-25T04:22:10.048000Z,1183.353,407.0,1146.0,205.985,0.0,0.0,0.0,149.707,4.130008,0.0,0.0,0.0
2020-08-25T04:22:11.641000Z,2020-08-25T04:22:12.001000Z,972.627,360.0,1236.0,164.31,0.0,0.0,0.0,149.707,4.773626,0.0,0.0,0.0
2020-08-25T04:22:13.812000Z,2020-08-25T04:22:14.121000Z,703.031,309.0,1277.0,162.806,0.0,0.0,0.0,149.707,5.261744,0.0,0.0,0.0
2020-08-25T04:22:15.641000Z,2020-08-25T04:22:15.920000Z,620.711,279.0,1288.0,171.831,0.0,0.0,0.0,149.707,5.261744,0.0,0.0,0.0
2020-08-25T04:22:17.743000Z,2020-08-25T04:22:18.181000Z,999.094,438.0,1288.0,159.945,0.0,0.0,0.0,149.707,5.261744,0.0,0.0,0.0
2020-08-25T04:22:19.869000Z,2020-08-25T04:22:20.377999Z,1344.624,509.0,1288.0,166.76,0.0,0.0,0.0,149.707,5.54676,0.0,0.0,0.0
2020-08-25T04:22:21.904000Z,2020-08-25T04:22:22.329000Z,1273.795,425.0,1282.0,160.91,0.0,0.0,0.0,149.707,3.674112,0.0,0.0,0.0
2020-08-25T04:22:23.701000Z,2020-08-25T04:22:24.036000Z,916.803,335.0,1282.0,213.182,0.0,0.0,0.0,149.707,4.699953,0.0,0.0,0.0
2020-08-25T04:22:25.787000Z,2020-08-25T04:22:26.136000Z,1015.161,349.0,1283.0,162.723,0.0,0.0,0.0,149.707,5.657839,0.0,0.0,0.0
2020-08-25T04:22:27.883000Z,2020-08-25T04:22:28.246000Z,1025.646,363.0,1324.0,161.308,0.0,0.0,0.0,149.707,0.476821,0.0,0.0,0.0
2020-08-25T04:22:29.691000Z,2020-08-25T04:22:30.008000Z,846.566,317.0,1324.0,194.006,0.0,0.0,0.0,149.707,4.869378,0.0,0.0,0.0
2020-08-25T04:22:31.778000Z,2020-08-25T04:22:32.169999Z,1267.936,392.0,1324.0,160.345,0.0,0.0,0.0,149.707,4.869378,0.0,0.0,0.0
2020-08-25T04:22:33.857999Z,2020-08-25T04:22:34.207000Z,982.691,349.0,1438.0,163.561,0.0,0.0,0.0,151.358,6.286603,0.0,0.0,0.0
2020-08-25T04:22:35.688000Z,2020-08-25T04:22:36.073000Z,1136.314,385.0,1438.0,162.45,0.0,0.0,0.0,151.358,6.286603,0.0,0.0,0.0
2020-08-25T04:22:37.767000Z,2020-08-25T04:22:38.073999Z,938.825,307.0,4.0,194.239,0.0,0.0,0.0,151.358,5.263856,0.0,0.0,0.0
2020-08-25T04:22:39.875000Z,2020-08-25T04:22:40.246000Z,1368.964,371.0,1454.0,156.889,0.0,0.0,0.0,151.358,5.263856,0.0,0.0,0.0
2020-08-25T04:22:41.700000Z,2020-08-25T04:22:42.245000Z,1788.901,545.0,1530.0,156.917,0.0,0.0,0.0,149.246,6.778884,0.0,0.0,0.0
2020-08-25T04:22:43.777000Z,2020-08-25T04:22:44.225000Z,1728.081,448.0,1526.0,279.331,0.0,0.0,0.0,149.246,4.543156,0.0,0.0,0.0
2020-08-25T04:22:45.867000Z,2020-08-25T04:22:46.244000Z,1417.123,377.0,1546.0,159.043,0.0,0.0,0.0,149.246,6.683,0.0,0.0,0.0
2020-08-25T04:22:47.695000Z,2020-08-25T04:22:48.313000Z,2162.194,618.0,1586.0,160.92,0.0,0.0,0.0,149.246,6.275056,0.0,0.0,0.0
2020-08-25T04:22:49.766000Z,2020-08-25T04:22:50.417000Z,2693.98,651.0,1584.0,318.476,0.0,0.0,0.0,149.246,4.26025,0.0,0.0,0.0
2020-08-25T04:22:51.824000Z,2020-08-25T04:22:52.433000Z,2104.08,609.0,4.0,253.342,0.0,0.0,0.0,149.246,4.722792,0.0,0.0,0.0
2020-08-25T04:22:53.900000Z,2020-08-25T04:22:54.377999Z,1969.696,478.0,1710.0,321.89,0.0,0.0,0.0,149.246,4.730097,0.0,0.0,0.0
2020-08-25T04:22:55.744000Z,2020-08-25T04:22:56.149000Z,1754.995,405.0,1658.0,158.408,0.0,0.0,0.0,149.246,5.628478,0.0,0.0,0.0
2020-08-25T04:22:57.823000Z,2020-08-25T04:22:58.209999Z,1626.873,387.0,1675.0,176.137,0.0,0.0,0.0,149.246,7.558516,0.0,0.0,0.0
2020-08-25T04:22:59.665000Z,2020-08-25T04:23:00.222000Z,1693.002,557.0,1862.0,162.14,0.0,0.0,0.0,149.246,7.503478,0.0,0.0,0.0
2020-08-25T04:23:01.731000Z,2020-08-25T04:23:02.203000Z,1710.901,472.0,1862.0,353.975,0.0,0.0,0.0,149.246,4.143926,0.0,0.0,0.0
2020-08-25T04:23:03.846000Z,2020-08-25T04:23:04.403000Z,1427.712,557.0,1862.0,256.605,0.0,0.0,0.0,149.246,5.556937,0.0,0.0,0.0
2020-08-25T04:23:05.925000Z,2020-08-25T04:23:06.277000Z,1327.701,352.0,1858.0,166.031,0.0,0.0,0.0,149.246,0.008477,0.0,0.0,0.0
2020-08-25T04:23:07.757000Z,2020-08-25T04:23:08.091000Z,1222.312,334.0,1870.0,192.887,0.0,0.0,0.0,149.246,6.687664,0.0,0.0,0.0
2020-08-25T04:23:09.820000Z,2020-08-25T04:23:10.220000Z,1327.826,400.0,1716.0,158.403,0.0,0.0,0.0,149.246,0.259286,0.0,0.0,0.0
2020-08-25T04:23:11.717000Z,2020-08-25T04:23:12.063000Z,1211.102,346.0,1716.0,169.449,0.0,0.0,0.0,149.246,6.972525,0.0,0.0,0.0
2020-08-25T04:23:13.796000Z,2020-08-25T04:23:14.540000Z,1708.757,744.0,1622.0,183.449,0.0,0.0,0.0,149.246,6.378171,0.0,0.0,0.0
2020-08-25T04:23:15.831000Z,2020-08-25T04:23:16.161000Z,1074.799,330.0,1618.0,340.058,0.0,0.0,0.0,149.246,4.322723,0.0,0.0,0.0
2020-08-25T04:23:17.910000Z,2020-08-25T04:23:18.280000Z,673.311,370.0,1618.0,169.031,0.0,0.0,0.0,149.246,4.322723,0.0,0.0,0.0
2020-08-25T04:23:19.717000Z,2020-08-25T04:23:19.875000Z,5.325,158.0,1622.0,168.95,0.0,0.0,0.0,149.246,4.322723,0.0,0.0,0.0
2020-08-25T04:23:21.776000Z,2020-08-25T04:23:22.027000Z,565.219,251.0,1622.0,165.302,0.0,0.0,0.0,149.246,4.322723,0.0,0.0,0.0
2020-08-25T04:23:23.804999Z,2020-08-25T04:23:24.068000Z,650.405,263.0,1648.0,158.3,0.0,0.0,0.0,149.246,4.322723,0.0,0.0,0.0
2020-08-25T04:23:25.863000Z,2020-08-25T04:23:26.176000Z,1043.343,313.0,1640.0,161.246,0.0,0.0,0.0,149.246,4.322723,0.0,0.0,0.0
2020-08-25T04:23:27.939000Z,2020-08-25T04:23:28.259000Z,912.31,320.0,1620.0,159.659,0.0,0.0,0.0,149.246,4.322723,0.0,0.0,0.0
2020-08-25T04:23:29.778000Z,2020-08-25T04:23:30.094000Z,965.634,316.0,1620.0,168.442,0.0,0.0,0.0,149.246,4.322723,0.0,0.0,0.0
2020-08-25T04:23:31.887000Z,2020-08-25T04:23:32.187000Z,896.665,300.0,1620.0,168.815,0.0,0.0,0.0,149.246,4.322723,0.0,0.0,0.0
2020-08-25T04:23:33.929999Z,2020-08-25T04:23:34.160000Z,418.835,230.0,1620.0,159.709,0.0,0.0,0.0,149.246,4.322723,0.0,0.0,0.0
2020-08-25T04:23:35.737000Z,2020-08-25T04:23:36.001999Z,642.417,265.0,1620.0,171.895,0.0,0.0,0.0,149.246,4.322723,0.0,0.0,0.0
2020-08-25T04:23:37.779000Z,2020-08-25T04:23:38.157000Z,345.14,378.0,1620.0,166.162,0.0,0.0,0.0,149.246,4.322723,0.0,0.0,0.0
2020-08-25T04:23:39.820999Z,2020-08-25T04:23:40.124000Z,145.154,303.0,238.0,159.538,0.0,0.0,0.0,149.246,0.944158,0.0,0.0,0.0
2020-08-25T04:23:41.926000Z,2020-08-25T04:23:42.505999Z,413.98,580.0,230.0,154.458,0.0,0.0,0.0,149.246,0.944158,0.0,0.0,0.0
2020-08-25T04:23:43.962000Z,2020-08-25T04:23:44.613000Z,527.945,651.0,230.0,161.113,0.0,0.0,0.0,149.154,0.978197,0.0,0.0,0.0
2020-08-25T04:23:45.753000Z,2020-08-25T04:23:46.615000Z,880.254,862.0,282.0,158.908,0.0,0.0,0.0,149.154,0.989823,0.0,0.0,0.0
2020-08-25T04:23:47.835000Z,2020-08-25T04:23:48.517000Z,721.504,682.0,298.0,157.083,0.0,0.0,0.0,149.154,1.257085,0.0,0.0,0.0
2020-08-25T04:23:49.913999Z,2020-08-25T04:23:50.311000Z,349.944,397.0,337.0,158.115,0.0,0.0,0.0,149.154,1.496805,0.0,0.0,0.0
2020-08-25T04:23:51.943000Z,2020-08-25T04:23:53.350000Z,848.83,1407.0,340.0,156.8,0.0,0.0,0.0,149.154,1.433598,0.0,0.0,0.0
2020-08-25T04:23:53.753000Z,2020-08-25T04:23:54.337999Z,688.478,585.0,350.0,165.971,0.0,0.0,0.0,149.154,1.442183,0.0,0.0,0.0
2020-08-25T04:23:55.823000Z,2020-08-25T04:23:56.428000Z,825.337,605.0,436.0,158.542,0.0,0.0,0.0,149.154,1.575393,0.0,0.0,0.0
2020-08-25T04:23:57.916000Z,2020-08-25T04:23:58.603000Z,1149.857,687.0,436.0,156.369,0.0,0.0,0.0,149.154,1.753567,0.0,0.0,0.0
2020-08-25T04:23:59.748999Z,2020-08-25T04:24:00.180000Z,798.747,431.0,600.0,156.808,0.0,0.0,0.0,149.154,2.656283,0.0,0.0,0.0
2020-08-25T04:24:01.843000Z,2020-08-25T04:24:02.275000Z,799.397,432.0,703.0,158.724,0.0,0.0,0.0,149.154,3.058852,0.0,0.0,0.0
2020-08-25T04:24:03.929999Z,2020-08-25T04:24:04.315000Z,786.069,385.0,802.0,154.335,0.0,0.0,0.0,149.154,3.447469,0.0,0.0,0.0
2020-08-25T04:24:06.017000Z,2020-08-25T04:24:06.463000Z,999.531,446.0,816.0,158.288,0.0,0.0,0.0,149.154,3.329711,0.0,0.0,0.0
2020-08-25T04:24:07.804999Z,2020-08-25T04:24:07.969000Z,10.065,164.0,830.0,163.221,0.0,0.0,0.0,149.154,3.31827,0.0,0.0,0.0
2020-08-25T04:24:09.860000Z,2020-08-25T04:24:10.028000Z,21.061,168.0,832.0,160.597,0.0,0.0,0.0,149.154,3.31827,0.0,0.0,0.0
2020-08-25T04:24:11.896000Z,2020-08-25T04:24:12.057999Z,27.442,162.0,848.0,164.802,0.0,0.0,0.0,149.154,3.31827,0.0,0.0,0.0
2020-08-25T04:24:13.962000Z,2020-08-25T04:24:14.164000Z,125.495,202.0,842.0,157.669,0.0,0.0,0.0,149.154,3.31827,0.0,0.0,0.0
2020-08-25T04:24:15.752000Z,2020-08-25T04:24:15.915000Z,6.901,163.0,842.0,162.953,0.0,0.0,0.0,149.154,3.31827,0.0,0.0,0.0
2020-08-25T04:24:17.837000Z,2020-08-25T04:24:18.005000Z,7.425,168.0,842.0,158.602,0.0,0.0,0.0,149.154,3.31827,0.0,0.0,0.0
2020-08-25T04:24:19.902000Z,2020-08-25T04:24:20.065999Z,6.633,164.0,842.0,159.669,0.0,0.0,0.0,149.154,3.31827,0.0,0.0,0.0
2020-08-25T04:24:22.006000Z,2020-08-25T04:24:22.355000Z,685.479,349.0,842.0,160.313,0.0,0.0,0.0,149.154,3.31827,0.0,0.0,0.0
2020-08-25T04:24:23.817999Z,2020-08-25T04:24:24.409000Z,1695.482,591.0,888.0,158.844,0.0,0.0,0.0,149.154,3.850375,0.0,0.0,0.0
2020-08-25T04:24:25.879000Z,2020-08-25T04:24:26.541000Z,2163.864,662.0,1062.0,156.463,0.0,0.0,0.0,149.154,3.885031,0.0,0.0,0.0
2020-08-25T04:24:27.983000Z,2020-08-25T04:24:28.459000Z,1558.597,476.0,1108.0,161.221,0.0,0.0,0.0,149.154,4.008531,0.0,0.0,0.0
2020-08-25T04:24:29.822000Z,2020-08-25T04:24:30.277000Z,1881.691,455.0,1332.0,159.731,0.0,0.0,0.0,149.154,5.814452,0.0,0.0,0.0
2020-08-25T04:24:31.906000Z,2020-08-25T04:24:32.139000Z,469.901,233.0,1646.0,159.202,0.0,0.0,0.0,149.154,7.163419,0.0,0.0,0.0
2020-08-25T04:24:33.993000Z,2020-08-25T04:24:34.163000Z,68.995,170.0,1646.0,157.49,0.0,0.0,0.0,149.154,7.163419,0.0,0.0,0.0
2020-08-25T04:24:35.817999Z,2020-08-25T04:24:36.013000Z,147.262,195.0,1646.0,160.038,0.0,0.0,0.0,149.154,7.163419,0.0,0.0,0.0
2020-08-25T04:24:37.873999Z,2020-08-25T04:24:38.233000Z,1240.028,359.0,1646.0,168.232,0.0,0.0,0.0,149.154,7.163419,0.0,0.0,0.0
2020-08-25T04:24:39.948000Z,2020-08-25T04:24:40.303000Z,1341.819,355.0,1668.0,167.405,0.0,0.0,0.0,149.154,6.987924,0.0,0.0,0.0
2020-08-25T04:24:42.008000Z,2020-08-25T04:24:42.471000Z,1986.335,463.0,1750.0,162.656,0.0,0.0,0.0,149.154,7.606843,0.0,0.0,0.0
2020-08-25T04:24:43.801000Z,2020-08-25T04:24:44.215000Z,1816.812,414.0,1830.0,183.539,0.0,0.0,0.0,149.154,7.11659,0.0,0.0,0.0
2020-08-25T04:24:45.860999Z,2020-08-25T04:24:46.557000Z,1947.3,696.0,1830.0,160.308,0.0,0.0,0.0,149.154,7.976445,0.0,0.0,0.0
2020-08-25T04:24:47.928000Z,2020-08-25T04:24:48.360000Z,1507.137,432.0,1830.0,296.871,0.0,0.0,0.0,149.154,1.333271,0.0,0.0,0.0
2020-08-25T04:24:49.887000Z,2020-08-25T04:24:50.311000Z,1372.978,424.0,1830.0,159.111,0.0,0.0,0.0,149.154,5.377821,0.0,0.0,0.0
2020-08-25T04:24:52.001000Z,2020-08-25T04:24:52.479000Z,813.584,478.0,1332.0,254.579,0.0,0.0,0.0,149.154,5.103231,0.0,0.0,0.0
2020-08-25T04:24:53.810000Z,2020-08-25T04:24:54.209000Z,1301.95,399.0,4.0,339.314,0.0,0.0,0.0,149.154,5.103231,0.0,0.0,0.0
2020-08-25T04:24:55.905000Z,2020-08-25T04:24:56.411000Z,1864.748,506.0,1390.0,160.859,0.0,0.0,0.0,149.154,5.346647,0.0,0.0,0.0
2020-08-25T04:24:57.973000Z,2020-08-25T04:24:58.308000Z,1038.393,335.0,1416.0,177.078,0.0,0.0,0.0,149.154,4.850002,0.0,0.0,0.0
2020-08-25T04:25:00.057999Z,2020-08-25T04:25:00.347000Z,836.654,289.0,1432.0,165.331,0.0,0.0,0.0,149.154,6.075365,0.0,0.0,0.0
2020-08-25T04:25:01.865000Z,2020-08-25T04:25:02.129999Z,639.163,265.0,1432.0,157.439,0.0,0.0,0.0,149.154,6.075365,0.0,0.0,0.0
2020-08-25T04:25:03.932999Z,2020-08-25T04:25:04.313000Z,1373.446,380.0,1432.0,159.112,0.0,0.0,0.0,149.154,6.075365,0.0,0.0,0.0
2020-08-25T04:25:06.015000Z,2020-08-25T04:25:06.468000Z,1472.925,453.0,1580.0,164.114,0.0,0.0,0.0,149.154,6.744019,0.0,0.0,0.0
2020-08-25T04:25:08.077000Z,2020-08-25T04:25:08.436000Z,1287.788,359.0,4.0,157.381,0.0,0.0,0.0,149.154,4.075534,0.0,0.0,0.0
2020-08-25T04:25:09.864000Z,2020-08-25T04:25:10.102000Z,504.178,238.0,1726.0,158.533,0.0,0.0,0.0,149.154,7.284256,0.0,0.0,0.0
2020-08-25T04:25:11.896999Z,2020-08-25T04:25:12.139000Z,562.265,242.0,1730.0,163.849,0.0,0.0,0.0,149.154,7.284256,0.0,0.0,0.0
2020-08-25T04:25:13.904000Z,2020-08-25T04:25:14.128000Z,345.367,224.0,1730.0,168.848,0.0,0.0,0.0,149.154,7.284256,0.0,0.0,0.0
2020-08-25T04:25:15.801000Z,2020-08-25T04:25:16.045000Z,526.68,244.0,1730.0,173.969,0.0,0.0,0.0,149.154,7.284256,0.0,0.0,0.0
2020-08-25T04:25:17.894000Z,2020-08-25T04:25:18.191000Z,878.2,297.0,1708.0,166.964,0.0,0.0,0.0,149.154,7.284256,0.0,0.0,0.0
2020-08-25T04:25:19.941000Z,2020-08-25T04:25:20.166000Z,468.722,225.0,1708.0,164.934,0.0,0.0,0.0,149.154,7.284256,0.0,0.0,0.0
2020-08-25T04:25:22.000000Z,2020-08-25T04:25:22.173000Z,82.814,173.0,1708.0,159.957,0.0,0.0,0.0,149.154,7.284256,0.0,0.0,0.0
2020-08-25T04:25:23.811000Z,2020-08-25T04:25:24.013000Z,273.437,202.0,1708.0,158.672,0.0,0.0,0.0,149.154,7.284256,0.0,0.0,0.0
2020-08-25T04:25:25.852000Z,2020-08-25T04:25:26.084000Z,537.623,232.0,1708.0,161.911,0.0,0.0,0.0,149.154,7.284256,0.0,0.0,0.0
2020-08-25T04:25:27.885000Z,2020-08-25T04:25:28.149000Z,785.139,264.0,1738.0,160.19,0.0,0.0,0.0,149.154,7.284256,0.0,0.0,0.0
2020-08-25T04:25:29.926000Z,2020-08-25T04:25:30.206000Z,810.785,280.0,1732.0,164.398,0.0,0.0,0.0,149.154,7.284256,0.0,0.0,0.0
2020-08-25T04:25:32.019000Z,2020-08-25T04:25:32.289999Z,780.813,271.0,1724.0,155.127,0.0,0.0,0.0,149.154,7.284256,0.0,0.0,0.0
2020-08-25T04:25:33.851000Z,2020-08-25T04:25:34.035000Z,186.477,184.0,1716.0,162.754,0.0,0.0,0.0,149.154,7.284256,0.0,0.0,0.0
2020-08-25T04:25:35.935000Z,2020-08-25T04:25:36.175000Z,575.448,240.0,1716.0,158.275,0.0,0.0,0.0,149.154,7.284256,0.0,0.0,0.0
2020-08-25T04:25:37.952000Z,2020-08-25T04:25:38.201000Z,613.22,249.0,1716.0,160.766,0.0,0.0,0.0,149.154,7.284256,0.0,0.0,0.0
2020-08-25T04:25:39.850000Z,2020-08-25T04:25:40.164000Z,1008.169,314.0,1716.0,162.502,0.0,0.0,0.0,149.154,7.284256,0.0,0.0,0.0
2020-08-25T04:25:41.939000Z,2020-08-25T04:25:42.249000Z,1039.916,310.0,1716.0,158.743,0.0,0.0,0.0,149.154,7.284256,0.0,0.0,0.0
2020-08-25T04:25:44.008999Z,2020-08-25T04:25:44.352000Z,1188.03,343.0,1710.0,158.706,0.0,0.0,0.0,149.154,7.284256,0.0,0.0,0.0
2020-08-25T04:25:45.852000Z,2020-08-25T04:25:46.123000Z,543.091,271.0,1434.0,183.809,0.0,0.0,0.0,149.154,6.345887,0.0,0.0,0.0
2020-08-25T04:25:47.937000Z,2020-08-25T04:25:48.187000Z,531.747,250.0,1446.0,157.768,0.0,0.0,0.0,149.154,6.345887,0.0,0.0,0.0
2020-08-25T04:25:50.016000Z,2020-08-25T04:25:50.257000Z,400.097,241.0,1446.0,163.635,0.0,0.0,0.0,149.154,6.345887,0.0,0.0,0.0
2020-08-25T04:25:52.073000Z,2020-08-25T04:25:52.496000Z,1633.84,423.0,1446.0,175.553,0.0,0.0,0.0,149.154,6.345887,0.0,0.0,0.0
2020-08-25T04:25:53.920000Z,2020-08-25T04:25:54.323000Z,1684.781,403.0,1611.0,158.907,0.0,0.0,0.0,149.154,6.395168,0.0,0.0,0.0
2020-08-25T04:25:55.977000Z,2020-08-25T04:25:56.311000Z,1146.498,334.0,1755.0,161.984,0.0,0.0,0.0,149.154,7.646528,0.0,0.0,0.0
2020-08-25T04:25:58.049000Z,2020-08-25T04:25:58.913999Z,4770.021,865.0,1774.0,166.225,0.0,0.0,0.0,149.154,7.646528,0.0,0.0,0.0
2020-08-25T04:26:00.090000Z,2020-08-25T04:26:00.457999Z,1601.396,368.0,2022.0,169.673,0.0,0.0,0.0,149.154,7.565711,0.0,0.0,0.0
2020-08-25T04:26:01.869000Z,2020-08-25T04:26:02.609000Z,3136.731,740.0,2055.0,164.047,0.0,0.0,0.0,149.154,8.966223,0.0,0.0,0.0
2020-08-25T04:26:03.889999Z,2020-08-25T04:26:04.291000Z,1498.636,401.0,2065.0,233.393,0.0,0.0,0.0,149.154,2.816394,0.0,0.0,0.0
2020-08-25T04:26:05.935000Z,2020-08-25T04:26:06.299000Z,1810.453,364.0,4.0,230.382,0.0,0.0,0.0,149.154,6.384663,0.0,0.0,0.0
2020-08-25T04:26:07.982000Z,2020-08-25T04:26:08.310000Z,1445.852,328.0,2246.0,157.132,0.0,0.0,0.0,149.154,9.428452,0.0,0.0,0.0
2020-08-25T04:26:09.990000Z,2020-08-25T04:26:10.360000Z,1742.268,370.0,2246.0,165.882,0.0,0.0,0.0,149.154,9.428452,0.0,0.0,0.0
2020-08-25T04:26:12.040000Z,2020-08-25T04:26:12.375000Z,1203.787,335.0,2236.0,162.786,0.0,0.0,0.0,149.154,9.356539,0.0,0.0,0.0
2020-08-25T04:26:14.100999Z,2020-08-25T04:26:14.377000Z,1008.924,276.0,2236.0,213.979,0.0,0.0,0.0,149.154,9.356539,0.0,0.0,0.0
2020-08-25T04:26:15.927000Z,2020-08-25T04:26:16.286000Z,1758.715,359.0,2236.0,171.275,0.0,0.0,0.0,149.154,9.356539,0.0,0.0,0.0
2020-08-25T04:26:18.031000Z,2020-08-25T04:26:18.431000Z,2159.658,400.0,2236.0,175.407,0.0,0.0,0.0,149.154,9.32951,0.0,0.0,0.0
2020-08-25T04:26:20.094000Z,2020-08-25T04:26:20.633999Z,3681.633,540.0,2430.0,173.578,0.0,0.0,0.0,149.154,10.580578,0.0,0.0,0.0
2020-08-25T04:26:21.904000Z,2020-08-25T04:26:22.760000Z,2346.393,856.0,2816.0,177.116,0.0,0.0,0.0,149.154,10.390566,0.0,0.0,0.0
2020-08-25T04:26:23.999000Z,2020-08-25T04:26:24.317000Z,1737.77,318.0,2899.0,330.0,0.0,0.0,0.0,149.154,1.180076,0.0,0.0,0.0
2020-08-25T04:26:26.008999Z,2020-08-25T04:26:26.369999Z,2163.572,361.0,2848.0,161.6,0.0,0.0,0.0,149.154,5.646513,0.0,0.0,0.0
2020-08-25T04:26:27.903000Z,2020-08-25T04:26:28.349000Z,1938.702,446.0,2902.0,164.625,0.0,0.0,0.0,149.154,11.45476,0.0,0.0,0.0
2020-08-25T04:26:29.967000Z,2020-08-25T04:26:30.505999Z,2470.821,539.0,2878.0,291.413,0.0,0.0,0.0,149.154,11.45476,0.0,0.0,0.0
2020-08-25T04:26:32.011000Z,2020-08-25T04:26:32.437000Z,1733.292,426.0,2878.0,167.269,0.0,0.0,0.0,149.154,6.37053,0.0,0.0,0.0
2020-08-25T04:26:34.054000Z,2020-08-25T04:26:34.559000Z,2019.192,505.0,2878.0,291.748,0.0,0.0,0.0,149.154,6.37053,0.0,0.0,0.0
2020-08-25T04:26:36.072000Z,2020-08-25T04:26:36.489999Z,2133.705,418.0,2878.0,161.889,0.0,0.0,0.0,149.154,6.37053,0.0,0.0,0.0
2020-08-25T04:26:38.126000Z,2020-08-25T04:26:38.593000Z,1860.54,467.0,2878.0,250.662,0.0,0.0,0.0,149.154,8.203298,0.0,0.0,0.0
2020-08-25T04:26:40.165000Z,2020-08-25T04:26:40.363000Z,273.871,198.0,1964.0,167.822,0.0,0.0,0.0,149.154,3.683777,0.0,0.0,0.0
2020-08-25T04:26:41.963000Z,2020-08-25T04:26:42.143000Z,114.457,180.0,1934.0,162.261,0.0,0.0,0.0,149.154,3.683777,0.0,0.0,0.0
2020-08-25T04:26:44.043000Z,2020-08-25T04:26:44.219000Z,109.356,176.0,1934.0,167.162,0.0,0.0,0.0,149.154,3.683777,0.0,0.0,0.0
2020-08-25T04:26:46.080999Z,2020-08-25T04:26:46.355000Z,823.48,274.0,1936.0,161.67,0.0,0.0,0.0,149.154,3.683777,0.0,0.0,0.0
2020-08-25T04:26:47.901000Z,2020-08-25T04:26:48.225000Z,1233.721,324.0,1936.0,165.481,0.0,0.0,0.0,149.154,3.683777,0.0,0.0,0.0
2020-08-25T04:26:49.973000Z,2020-08-25T04:26:50.341000Z,1629.842,368.0,1936.0,174.451,0.0,0.0,0.0,149.154,3.840498,0.0,0.0,0.0
2020-08-25T04:26:52.052000Z,2020-08-25T04:26:52.525000Z,1398.406,473.0,2015.0,156.745,0.0,0.0,0.0,149.154,8.713767,0.0,0.0,0.0
2020-08-25T04:26:54.141000Z,2020-08-25T04:26:54.411000Z,845.807,270.0,2010.0,156.157,0.0,0.0,0.0,149.154,2.743111,0.0,0.0,0.0
2020-08-25T04:26:55.950000Z,2020-08-25T04:26:56.173000Z,465.285,223.0,2010.0,157.869,0.0,0.0,0.0,149.154,3.255281,0.0,0.0,0.0
2020-08-25T04:26:58.021000Z,2020-08-25T04:26:58.529000Z,1072.97,508.0,2010.0,168.198,0.0,0.0,0.0,149.154,3.255281,0.0,0.0,0.0
2020-08-25T04:27:00.077000Z,2020-08-25T04:27:00.553000Z,1250.643,476.0,2016.0,158.2,0.0,0.0,0.0,149.154,0.748701,0.0,0.0,0.0
2020-08-25T04:27:02.136999Z,2020-08-25T04:27:02.649999Z,1885.739,513.0,2016.0,303.417,0.0,0.0,0.0,149.154,3.029624,0.0,0.0,0.0
