start_time,end_time,size,trans_time,cwnd,rtt,rto,ssthresh,last_snd,min_rtt,delivery_rate,bytes_sent,bytes_retrans,client_trans_time
2020-08-25T07:56:06.723000Z,2020-08-25T07:56:06.833999Z,49.34,111.0,182.0,39.155,0.0,0.0,0.0,27.532,3.774929,0.0,0.0,0.0
2020-08-25T07:56:06.833999Z,2020-08-25T07:56:06.941000Z,25.109,107.0,182.0,45.33,0.0,0.0,0.0,27.532,3.774929,0.0,0.0,0.0
2020-08-25T07:56:06.941000Z,2020-08-25T07:56:06.980000Z,22.943,39.0,182.0,41.373,0.0,0.0,0.0,27.532,3.774929,0.0,0.0,0.0
2020-08-25T07:56:06.980000Z,2020-08-25T07:56:07.097999Z,54.347,118.0,182.0,39.677,0.0,0.0,0.0,27.532,3.774929,0.0,0.0,0.0
2020-08-25T07:56:07.097999Z,2020-08-25T07:56:07.187000Z,93.375,89.0,182.0,35.898,0.0,0.0,0.0,27.532,3.774929,0.0,0.0,0.0
2020-08-25T07:56:07.187000Z,2020-08-25T07:56:07.323000Z,174.71,136.0,182.0,38.219,0.0,0.0,0.0,27.532,3.774929,0.0,0.0,0.0
2020-08-25T07:56:07.323000Z,2020-08-25T07:56:07.494000Z,255.948,171.0,156.0,40.498,0.0,0.0,0.0,27.532,3.781558,0.0,0.0,0.0
2020-08-25T07:56:07.495000Z,2020-08-25T07:56:07.681999Z,523.681,187.0,156.0,38.416,0.0,0.0,0.0,27.532,3.559084,0.0,0.0,0.0
2020-08-25T07:56:08.115000Z,2020-08-25T07:56:08.335000Z,509.873,220.0,166.0,41.739,0.0,0.0,0.0,27.532,2.466669,0.0,0.0,0.0
2020-08-25T07:56:10.115000Z,2020-08-25T07:56:10.323000Z,308.998,208.0,188.0,40.502,0.0,0.0,0.0,27.532,4.368934,0.0,0.0,0.0
2020-08-25T07:56:12.116000Z,2020-08-25T07:56:12.430000Z,1004.712,314.0,198.0,46.164,0.0,0.0,0.0,27.532,1.540884,0.0,0.0,0.0
2020-08-25T07:56:14.112000Z,2020-08-25T07:56:14.377000Z,618.041,265.0,198.0,37.611,0.0,0.0,0.0,27.532,3.245734,0.0,0.0,0.0
2020-08-25T07:56:16.113000Z,2020-08-25T07:56:16.462000Z,1179.158,349.0,198.0,47.695,0.0,0.0,0.0,27.532,3.08326,0.0,0.0,0.0
2020-08-25T07:56:18.165000Z,2020-08-25T07:56:18.441999Z,790.284,277.0,210.0,40.06,0.0,0.0,0.0,27.532,4.795823,0.0,0.0,0.0
2020-08-25T07:56:20.113999Z,2020-08-25T07:56:20.339000Z,343.658,225.0,210.0,42.672,0.0,0.0,0.0,27.532,4.804601,0.0,0.0,0.0
2020-08-25T07:56:22.115000Z,2020-08-25T07:56:22.396000Z,662.945,281.0,212.0,65.043,0.0,0.0,0.0,27.532,2.223544,0.0,0.0,0.0
2020-08-25T07:56:24.110000Z,2020-08-25T07:56:24.358000Z,470.06,248.0,222.0,82.017,0.0,0.0,0.0,27.532,4.397564,0.0,0.0,0.0
2020-08-25T07:56:26.116999Z,2020-08-25T07:56:26.379000Z,492.704,262.0,224.0,121.992,0.0,0.0,0.0,27.532,2.778916,0.0,0.0,0.0
2020-08-25T07:56:28.113000Z,2020-08-25T07:56:28.361999Z,587.188,249.0,222.0,124.695,0.0,0.0,0.0,27.532,2.580956,0.0,0.0,0.0
2020-08-25T07:56:30.115000Z,2020-08-25T07:56:30.539000Z,922.679,424.0,222.0,88.632,0.0,0.0,0.0,27.532,2.830398,0.0,0.0,0.0
2020-08-25T07:56:32.112000Z,2020-08-25T07:56:32.457000Z,978.77,345.0,212.0,43.253,0.0,0.0,0.0,27.532,1.385597,0.0,0.0,0.0
2020-08-25T07:56:34.112000Z,2020-08-25T07:56:34.507000Z,718.016,395.0,202.0,55.438,0.0,0.0,0.0,27.532,4.08169,0.0,0.0,0.0
2020-08-25T07:56:36.123000Z,2020-08-25T07:56:36.393000Z,412.735,270.0,176.0,73.335,0.0,0.0,0.0,27.532,1.876088,0.0,0.0,0.0
2020-08-25T07:56:38.113999Z,2020-08-25T07:56:38.281999Z,345.968,168.0,174.0,52.61,0.0,0.0,0.0,27.532,1.622661,0.0,0.0,0.0
2020-08-25T07:56:40.123000Z,2020-08-25T07:56:40.374000Z,438.619,251.0,176.0,54.809,0.0,0.0,0.0,27.532,3.261038,0.0,0.0,0.0
2020-08-25T07:56:42.116000Z,2020-08-25T07:56:42.377000Z,645.247,261.0,170.0,43.292,0.0,0.0,0.0,27.532,3.376812,0.0,0.0,0.0
2020-08-25T07:56:44.113000Z,2020-08-25T07:56:44.420000Z,839.828,307.0,170.0,50.934,0.0,0.0,0.0,27.532,2.810414,0.0,0.0,0.0
2020-08-25T07:56:46.112000Z,2020-08-25T07:56:46.467000Z,619.635,355.0,214.0,36.51,0.0,0.0,0.0,27.532,4.558324,0.0,0.0,0.0
2020-08-25T07:56:48.113000Z,2020-08-25T07:56:48.273000Z,172.53,160.0,218.0,109.634,0.0,0.0,0.0,27.532,0.317578,0.0,0.0,0.0
2020-08-25T07:56:50.113000Z,2020-08-25T07:56:50.516000Z,373.495,403.0,218.0,49.696,0.0,0.0,0.0,27.532,2.596905,0.0,0.0,0.0
2020-08-25T07:56:52.110000Z,2020-08-25T07:56:52.344000Z,553.624,234.0,214.0,36.38,0.0,0.0,0.0,27.532,4.621627,0.0,0.0,0.0
2020-08-25T07:56:54.113999Z,2020-08-25T07:56:54.312000Z,611.399,198.0,192.0,75.215,0.0,0.0,0.0,27.532,2.81887,0.0,0.0,0.0
2020-08-25T07:56:56.113999Z,2020-08-25T07:56:56.308000Z,571.329,194.0,196.0,40.473,0.0,0.0,0.0,27.532,4.6234,0.0,0.0,0.0
2020-08-25T07:56:58.115000Z,2020-08-25T07:56:58.369999Z,542.854,255.0,198.0,45.037,0.0,0.0,0.0,27.532,4.123505,0.0,0.0,0.0
2020-08-25T07:57:00.115000Z,2020-08-25T07:57:00.320000Z,621.67,205.0,202.0,101.259,0.0,0.0,0.0,27.532,3.161808,0.0,0.0,0.0
2020-08-25T07:57:02.112000Z,2020-08-25T07:57:02.307000Z,285.428,195.0,200.0,52.129,0.0,0.0,0.0,27.532,4.69294,0.0,0.0,0.0
2020-08-25T07:57:04.112000Z,2020-08-25T07:57:04.317000Z,397.87,205.0,256.0,96.969,0.0,0.0,0.0,27.532,2.251243,0.0,0.0,0.0
2020-08-25T07:57:06.112000Z,2020-08-25T07:57:06.165000Z,49.362,53.0,204.0,67.198,0.0,0.0,0.0,27.532,2.691037,0.0,0.0,0.0
2020-08-25T07:57:08.113000Z,2020-08-25T07:57:08.181000Z,90.028,68.0,204.0,57.128,0.0,0.0,0.0,27.532,2.691037,0.0,0.0,0.0
2020-08-25T07:57:10.112000Z,2020-08-25T07:57:10.439000Z,997.143,327.0,208.0,43.173,0.0,0.0,0.0,27.532,2.691037,0.0,0.0,0.0
2020-08-25T07:57:12.116000Z,2020-08-25T07:57:12.633000Z,1298.668,517.0,194.0,51.599,0.0,0.0,0.0,27.532,2.934968,0.0,0.0,0.0
2020-08-25T07:57:14.112000Z,2020-08-25T07:57:14.361999Z,413.617,250.0,204.0,117.749,0.0,0.0,0.0,27.532,0.306466,0.0,0.0,0.0
2020-08-25T07:57:16.112000Z,2020-08-25T07:57:16.253000Z,350.514,141.0,244.0,77.885,0.0,0.0,0.0,27.532,3.850466,0.0,0.0,0.0
2020-08-25T07:57:18.111000Z,2020-08-25T07:57:18.251000Z,177.013,140.0,198.0,43.637,0.0,0.0,0.0,27.532,4.53213,0.0,0.0,0.0
2020-08-25T07:57:20.112000Z,2020-08-25T07:57:20.396000Z,261.314,284.0,200.0,35.927,0.0,0.0,0.0,27.532,3.770918,0.0,0.0,0.0
2020-08-25T07:57:22.112000Z,2020-08-25T07:57:22.440000Z,1031.34,328.0,198.0,206.376,0.0,0.0,0.0,27.532,3.770918,0.0,0.0,0.0
2020-08-25T07:57:24.125000Z,2020-08-25T07:57:24.652000Z,948.734,527.0,202.0,82.537,0.0,0.0,0.0,27.532,3.808958,0.0,0.0,0.0
2020-08-25T07:57:26.116000Z,2020-08-25T07:57:26.672000Z,1596.652,556.0,202.0,62.701,0.0,0.0,0.0,27.532,3.385773,0.0,0.0,0.0
2020-08-25T07:57:28.110000Z,2020-08-25T07:57:28.436000Z,1270.547,326.0,194.0,84.338,0.0,0.0,0.0,27.532,2.535072,0.0,0.0,0.0
2020-08-25T07:57:30.112000Z,2020-08-25T07:57:30.812000Z,1743.239,700.0,224.0,40.501,0.0,0.0,0.0,27.532,4.830171,0.0,0.0,0.0
2020-08-25T07:57:32.115000Z,2020-08-25T07:57:32.624000Z,1276.447,509.0,224.0,70.66,0.0,0.0,0.0,27.532,2.285775,0.0,0.0,0.0
2020-08-25T07:57:34.112000Z,2020-08-25T07:57:34.495000Z,1397.465,383.0,192.0,42.146,0.0,0.0,0.0,27.532,4.264655,0.0,0.0,0.0
2020-08-25T07:57:36.218000Z,2020-08-25T07:57:36.543000Z,1278.425,325.0,218.0,44.835,0.0,0.0,0.0,27.532,4.804892,0.0,0.0,0.0
2020-08-25T07:57:38.115000Z,2020-08-25T07:57:38.551000Z,1515.983,436.0,238.0,41.283,0.0,0.0,0.0,27.532,5.343813,0.0,0.0,0.0
2020-08-25T07:57:40.113999Z,2020-08-25T07:57:40.416000Z,896.233,302.0,258.0,49.196,0.0,0.0,0.0,27.532,5.708171,0.0,0.0,0.0
2020-08-25T07:57:42.113999Z,2020-08-25T07:57:42.283000Z,513.098,169.0,248.0,65.142,0.0,0.0,0.0,27.532,5.571746,0.0,0.0,0.0
2020-08-25T07:57:44.108000Z,2020-08-25T07:57:44.433999Z,1136.164,326.0,248.0,44.903,0.0,0.0,0.0,27.532,3.330314,0.0,0.0,0.0
2020-08-25T07:57:46.109000Z,2020-08-25T07:57:46.453000Z,1055.483,344.0,246.0,67.803,0.0,0.0,0.0,27.532,5.59054,0.0,0.0,0.0
2020-08-25T07:57:48.116000Z,2020-08-25T07:57:48.470000Z,885.643,354.0,246.0,56.144,0.0,0.0,0.0,27.532,2.08162,0.0,0.0,0.0
2020-08-25T07:57:50.109000Z,2020-08-25T07:57:50.718000Z,877.757,609.0,250.0,48.543,0.0,0.0,0.0,27.532,5.502042,0.0,0.0,0.0
2020-08-25T07:57:52.115000Z,2020-08-25T07:57:52.599000Z,1448.182,484.0,236.0,40.096,0.0,0.0,0.0,27.532,5.062423,0.0,0.0,0.0
2020-08-25T07:57:54.108000Z,2020-08-25T07:57:54.451000Z,1180.5,343.0,206.0,55.696,0.0,0.0,0.0,27.532,4.00605,0.0,0.0,0.0
2020-08-25T07:57:56.116999Z,2020-08-25T07:57:56.463000Z,997.591,346.0,214.0,45.156,0.0,0.0,0.0,27.532,4.949767,0.0,0.0,0.0
2020-08-25T07:57:58.111000Z,2020-08-25T07:57:58.364000Z,787.57,253.0,214.0,44.642,0.0,0.0,0.0,27.532,4.275825,0.0,0.0,0.0
2020-08-25T07:58:00.116999Z,2020-08-25T07:58:00.407000Z,804.247,290.0,204.0,72.236,0.0,0.0,0.0,27.532,2.906937,0.0,0.0,0.0
2020-08-25T07:58:02.113999Z,2020-08-25T07:58:02.615000Z,1832.035,501.0,204.0,47.763,0.0,0.0,0.0,27.532,3.572719,0.0,0.0,0.0
2020-08-25T07:58:04.109000Z,2020-08-25T07:58:04.151000Z,10.698,42.0,230.0,54.127,0.0,0.0,0.0,27.532,4.244479,0.0,0.0,0.0
2020-08-25T07:58:06.113000Z,2020-08-25T07:58:06.527000Z,1343.718,414.0,230.0,50.232,0.0,0.0,0.0,27.532,4.244479,0.0,0.0,0.0
2020-08-25T07:58:08.116000Z,2020-08-25T07:58:08.859000Z,2779.22,743.0,234.0,43.393,0.0,0.0,0.0,27.532,3.120557,0.0,0.0,0.0
2020-08-25T07:58:10.113000Z,2020-08-25T07:58:10.750000Z,2849.541,637.0,268.0,74.905,0.0,0.0,0.0,27.532,5.030437,0.0,0.0,0.0
2020-08-25T07:58:12.121000Z,2020-08-25T07:58:13.451000Z,4479.637,1330.0,286.0,40.339,0.0,0.0,0.0,27.532,4.776079,0.0,0.0,0.0
2020-08-25T07:58:14.116999Z,2020-08-25T07:58:15.215000Z,4382.522,1098.0,274.0,106.024,0.0,0.0,0.0,27.532,2.98241,0.0,0.0,0.0
2020-08-25T07:58:16.120000Z,2020-08-25T07:58:17.585999Z,4707.918,1466.0,278.0,87.744,0.0,0.0,0.0,27.532,2.001903,0.0,0.0,0.0
2020-08-25T07:58:18.118000Z,2020-08-25T07:58:19.289000Z,3926.094,1171.0,192.0,58.575,0.0,0.0,0.0,27.532,4.111196,0.0,0.0,0.0
2020-08-25T07:58:20.116000Z,2020-08-25T07:58:21.200000Z,4129.817,1084.0,184.0,55.128,0.0,0.0,0.0,27.489,0.468494,0.0,0.0,0.0
2020-08-25T07:58:22.116999Z,2020-08-25T07:58:23.755000Z,5261.692,1638.0,218.0,41.587,0.0,0.0,0.0,27.489,4.911538,0.0,0.0,0.0
2020-08-25T07:58:24.113999Z,2020-08-25T07:58:24.775000Z,2849.012,661.0,246.0,85.343,0.0,0.0,0.0,27.489,0.047996,0.0,0.0,0.0
2020-08-25T07:58:26.113000Z,2020-08-25T07:58:27.038000Z,3114.429,925.0,248.0,45.53,0.0,0.0,0.0,27.489,5.870352,0.0,0.0,0.0
2020-08-25T07:58:28.368000Z,2020-08-25T07:58:29.252000Z,2931.46,884.0,246.0,90.14,0.0,0.0,0.0,27.489,3.151317,0.0,0.0,0.0
2020-08-25T07:58:30.363000Z,2020-08-25T07:58:31.105000Z,2859.874,742.0,222.0,36.507,0.0,0.0,0.0,27.489,2.938558,0.0,0.0,0.0
2020-08-25T07:58:32.862000Z,2020-08-25T07:58:33.295000Z,1533.827,433.0,260.0,64.791,0.0,0.0,0.0,27.489,4.096813,0.0,0.0,0.0
2020-08-25T07:58:34.859000Z,2020-08-25T07:58:35.239000Z,1289.756,380.0,222.0,70.04,0.0,0.0,0.0,27.489,3.428603,0.0,0.0,0.0
2020-08-25T07:58:36.857999Z,2020-08-25T07:58:37.077000Z,820.341,219.0,224.0,47.38,0.0,0.0,0.0,27.489,4.481005,0.0,0.0,0.0
2020-08-25T07:58:38.862000Z,2020-08-25T07:58:39.319000Z,1553.463,457.0,222.0,45.109,0.0,0.0,0.0,27.489,4.822989,0.0,0.0,0.0
2020-08-25T07:58:40.863000Z,2020-08-25T07:58:41.243000Z,1420.562,380.0,234.0,62.349,0.0,0.0,0.0,27.489,4.288252,0.0,0.0,0.0
2020-08-25T07:58:42.862000Z,2020-08-25T07:58:43.206000Z,1367.041,344.0,388.0,74.771,0.0,0.0,0.0,27.489,5.192651,0.0,0.0,0.0
2020-08-25T07:58:44.860000Z,2020-08-25T07:58:45.216000Z,1348.42,356.0,314.0,55.733,0.0,0.0,0.0,27.489,5.531806,0.0,0.0,0.0
2020-08-25T07:58:46.860000Z,2020-08-25T07:58:47.342000Z,1256.998,482.0,278.0,43.534,0.0,0.0,0.0,27.489,5.068942,0.0,0.0,0.0
2020-08-25T07:58:48.859000Z,2020-08-25T07:58:49.049000Z,369.932,190.0,270.0,82.926,0.0,0.0,0.0,27.489,4.150517,0.0,0.0,0.0
2020-08-25T07:58:50.859000Z,2020-08-25T07:58:51.039000Z,358.219,180.0,274.0,105.452,0.0,0.0,0.0,27.489,3.188959,0.0,0.0,0.0
2020-08-25T07:58:52.860999Z,2020-08-25T07:58:53.014000Z,402.754,153.0,222.0,53.868,0.0,0.0,0.0,27.489,3.090898,0.0,0.0,0.0
2020-08-25T07:58:54.867000Z,2020-08-25T07:58:55.249999Z,848.879,383.0,222.0,60.25,0.0,0.0,0.0,27.489,4.037153,0.0,0.0,0.0
2020-08-25T07:58:56.857999Z,2020-08-25T07:58:57.117000Z,806.759,259.0,222.0,42.713,0.0,0.0,0.0,27.489,2.95282,0.0,0.0,0.0
2020-08-25T07:58:58.860000Z,2020-08-25T07:58:59.182000Z,359.46,322.0,232.0,77.226,0.0,0.0,0.0,27.489,3.291002,0.0,0.0,0.0
2020-08-25T07:59:05.017000Z,2020-08-25T07:59:07.212000Z,378.001,2195.0,234.0,175.196,0.0,0.0,0.0,27.489,0.072248,0.0,0.0,0.0
2020-08-25T07:59:07.212999Z,2020-08-25T07:59:07.998000Z,502.442,785.0,4.0,196.722,0.0,0.0,0.0,27.489,0.02548,0.0,0.0,0.0
2020-08-25T07:59:08.859000Z,2020-08-25T07:59:09.132000Z,320.94,273.0,58.0,29.493,0.0,0.0,0.0,27.489,1.295873,0.0,0.0,0.0
2020-08-25T07:59:10.854000Z,2020-08-25T07:59:11.102000Z,268.49,248.0,76.0,30.305,0.0,0.0,0.0,27.489,1.692522,0.0,0.0,0.0
2020-08-25T07:59:12.862000Z,2020-08-25T07:59:13.120000Z,387.157,258.0,82.0,33.434,0.0,0.0,0.0,27.489,1.84534,0.0,0.0,0.0
2020-08-25T07:59:14.863000Z,2020-08-25T07:59:15.104000Z,331.655,241.0,100.0,37.009,0.0,0.0,0.0,27.489,2.263956,0.0,0.0,0.0
2020-08-25T07:59:16.856999Z,2020-08-25T07:59:17.072000Z,354.86,215.0,118.0,35.726,0.0,0.0,0.0,27.489,2.000169,0.0,0.0,0.0
2020-08-25T07:59:18.863000Z,2020-08-25T07:59:19.084000Z,240.233,221.0,126.0,44.105,0.0,0.0,0.0,27.489,2.83757,0.0,0.0,0.0
2020-08-25T07:59:20.859000Z,2020-08-25T07:59:21.053000Z,441.937,194.0,130.0,61.114,0.0,0.0,0.0,27.489,1.489186,0.0,0.0,0.0
2020-08-25T07:59:22.856999Z,2020-08-25T07:59:23.059000Z,329.578,202.0,144.0,38.796,0.0,0.0,0.0,27.489,3.101287,0.0,0.0,0.0
2020-08-25T07:59:24.859000Z,2020-08-25T07:59:24.991000Z,202.875,132.0,152.0,42.851,0.0,0.0,0.0,27.489,2.989622,0.0,0.0,0.0
2020-08-25T07:59:26.854000Z,2020-08-25T07:59:27.031000Z,255.298,177.0,152.0,54.45,0.0,0.0,0.0,27.489,2.432844,0.0,0.0,0.0
2020-08-25T07:59:28.856000Z,2020-08-25T07:59:29.089999Z,343.627,234.0,148.0,55.114,0.0,0.0,0.0,27.489,1.889553,0.0,0.0,0.0
2020-08-25T07:59:30.855000Z,2020-08-25T07:59:31.070000Z,433.833,215.0,148.0,44.394,0.0,0.0,0.0,27.489,2.534497,0.0,0.0,0.0
2020-08-25T07:59:32.857999Z,2020-08-25T07:59:33.003000Z,306.804,145.0,168.0,33.497,0.0,0.0,0.0,27.489,3.183982,0.0,0.0,0.0
2020-08-25T07:59:34.856000Z,2020-08-25T07:59:34.979000Z,212.231,123.0,170.0,55.191,0.0,0.0,0.0,27.489,3.871164,0.0,0.0,0.0
2020-08-25T07:59:36.860000Z,2020-08-25T07:59:37.387000Z,338.613,527.0,168.0,49.571,0.0,0.0,0.0,27.489,3.871164,0.0,0.0,0.0
2020-08-25T07:59:38.857999Z,2020-08-25T07:59:39.017000Z,337.901,159.0,176.0,36.38,0.0,0.0,0.0,27.489,1.589293,0.0,0.0,0.0
2020-08-25T07:59:40.856000Z,2020-08-25T07:59:41.011000Z,354.616,155.0,166.0,50.294,0.0,0.0,0.0,27.489,3.788663,0.0,0.0,0.0
2020-08-25T07:59:42.855000Z,2020-08-25T07:59:43.020000Z,302.714,165.0,168.0,39.424,0.0,0.0,0.0,27.489,3.597898,0.0,0.0,0.0
2020-08-25T07:59:44.857999Z,2020-08-25T07:59:44.984000Z,223.248,126.0,168.0,63.007,0.0,0.0,0.0,27.489,3.325031,0.0,0.0,0.0
2020-08-25T07:59:46.857999Z,2020-08-25T07:59:47.016000Z,188.227,158.0,168.0,53.397,0.0,0.0,0.0,27.489,3.331496,0.0,0.0,0.0
2020-08-25T07:59:48.865000Z,2020-08-25T07:59:49.008000Z,208.34,143.0,172.0,40.107,0.0,0.0,0.0,27.489,3.816202,0.0,0.0,0.0
2020-08-25T07:59:50.863000Z,2020-08-25T07:59:50.999000Z,244.954,136.0,168.0,37.728,0.0,0.0,0.0,27.489,3.816202,0.0,0.0,0.0
2020-08-25T07:59:52.856000Z,2020-08-25T07:59:53.001999Z,199.289,146.0,162.0,39.02,0.0,0.0,0.0,27.489,3.670971,0.0,0.0,0.0
2020-08-25T07:59:54.860000Z,2020-08-25T07:59:55.020000Z,186.573,160.0,166.0,46.976,0.0,0.0,0.0,27.489,3.96978,0.0,0.0,0.0
2020-08-25T07:59:56.856999Z,2020-08-25T07:59:57.031000Z,457.901,174.0,166.0,47.242,0.0,0.0,0.0,27.489,3.324697,0.0,0.0,0.0
2020-08-25T07:59:58.856999Z,2020-08-25T07:59:59.127000Z,428.153,270.0,170.0,39.519,0.0,0.0,0.0,27.489,4.147099,0.0,0.0,0.0
2020-08-25T08:00:00.855000Z,2020-08-25T08:00:01.062000Z,690.615,207.0,170.0,78.087,0.0,0.0,0.0,27.489,2.648128,0.0,0.0,0.0
2020-08-25T08:00:02.860000Z,2020-08-25T08:00:03.027000Z,437.991,167.0,184.0,37.06,0.0,0.0,0.0,27.489,4.378086,0.0,0.0,0.0
2020-08-25T08:00:04.860999Z,2020-08-25T08:00:05.302000Z,866.37,441.0,208.0,39.907,0.0,0.0,0.0,27.489,4.083225,0.0,0.0,0.0
2020-08-25T08:00:06.855000Z,2020-08-25T08:00:07.245000Z,858.637,390.0,192.0,43.009,0.0,0.0,0.0,27.489,2.369,0.0,0.0,0.0
2020-08-25T08:00:08.863000Z,2020-08-25T08:00:09.009999Z,305.012,147.0,186.0,42.829,0.0,0.0,0.0,27.489,3.927609,0.0,0.0,0.0
2020-08-25T08:00:10.857999Z,2020-08-25T08:00:11.076000Z,252.357,218.0,186.0,31.869,0.0,0.0,0.0,27.489,0.621726,0.0,0.0,0.0
2020-08-25T08:00:12.869000Z,2020-08-25T08:00:12.974000Z,221.717,105.0,174.0,37.51,0.0,0.0,0.0,27.489,0.764242,0.0,0.0,0.0
2020-08-25T08:00:14.852000Z,2020-08-25T08:00:15.035000Z,214.039,183.0,180.0,38.804,0.0,0.0,0.0,27.489,3.404815,0.0,0.0,0.0
2020-08-25T08:00:16.867000Z,2020-08-25T08:00:17.029000Z,288.736,162.0,180.0,37.713,0.0,0.0,0.0,27.489,1.489071,0.0,0.0,0.0
2020-08-25T08:00:18.855000Z,2020-08-25T08:00:19.091000Z,205.63,236.0,180.0,40.994,0.0,0.0,0.0,27.489,2.243029,0.0,0.0,0.0
2020-08-25T08:00:20.856999Z,2020-08-25T08:00:21.055000Z,228.573,198.0,208.0,38.18,0.0,0.0,0.0,27.489,4.384804,0.0,0.0,0.0
2020-08-25T08:00:22.860000Z,2020-08-25T08:00:23.103000Z,199.923,243.0,212.0,57.358,0.0,0.0,0.0,27.489,4.587288,0.0,0.0,0.0
2020-08-25T08:00:24.853000Z,2020-08-25T08:00:25.027000Z,195.552,174.0,206.0,43.818,0.0,0.0,0.0,27.489,0.258129,0.0,0.0,0.0
2020-08-25T08:00:26.851000Z,2020-08-25T08:00:27.020000Z,220.103,169.0,206.0,41.378,0.0,0.0,0.0,27.489,2.947593,0.0,0.0,0.0
2020-08-25T08:00:28.889000Z,2020-08-25T08:00:29.564000Z,191.883,675.0,202.0,40.943,0.0,0.0,0.0,27.489,2.043867,0.0,0.0,0.0
2020-08-25T08:00:30.853000Z,2020-08-25T08:00:31.000000Z,187.477,147.0,150.0,36.571,0.0,0.0,0.0,27.489,1.370563,0.0,0.0,0.0
2020-08-25T08:00:32.853000Z,2020-08-25T08:00:33.059000Z,211.273,206.0,154.0,42.104,0.0,0.0,0.0,27.489,3.27624,0.0,0.0,0.0
2020-08-25T08:00:34.857999Z,2020-08-25T08:00:34.993000Z,201.458,135.0,152.0,31.492,0.0,0.0,0.0,27.489,1.039284,0.0,0.0,0.0
2020-08-25T08:00:36.857999Z,2020-08-25T08:00:37.281000Z,444.671,423.0,154.0,36.43,0.0,0.0,0.0,27.489,1.468749,0.0,0.0,0.0
2020-08-25T08:00:38.854000Z,2020-08-25T08:00:39.057000Z,171.091,203.0,136.0,39.296,0.0,0.0,0.0,27.489,1.217071,0.0,0.0,0.0
2020-08-25T08:00:40.867000Z,2020-08-25T08:00:40.967000Z,138.004,100.0,136.0,31.669,0.0,0.0,0.0,27.489,1.190107,0.0,0.0,0.0
2020-08-25T08:00:42.851000Z,2020-08-25T08:00:43.015000Z,159.587,164.0,109.0,51.191,0.0,0.0,0.0,27.489,2.597705,0.0,0.0,0.0
2020-08-25T08:00:44.852000Z,2020-08-25T08:00:44.999000Z,164.088,147.0,112.0,40.201,0.0,0.0,0.0,27.489,2.525505,0.0,0.0,0.0
2020-08-25T08:00:46.856999Z,2020-08-25T08:00:47.012000Z,190.255,155.0,116.0,34.637,0.0,0.0,0.0,27.489,1.233685,0.0,0.0,0.0
2020-08-25T08:00:48.855000Z,2020-08-25T08:00:48.987000Z,230.856,132.0,128.0,34.885,0.0,0.0,0.0,27.489,2.268025,0.0,0.0,0.0
2020-08-25T08:00:50.856999Z,2020-08-25T08:00:51.142000Z,175.103,285.0,132.0,47.223,0.0,0.0,0.0,27.489,3.176023,0.0,0.0,0.0
2020-08-25T08:00:52.859000Z,2020-08-25T08:00:53.020000Z,237.865,161.0,132.0,62.964,0.0,0.0,0.0,27.489,0.572261,0.0,0.0,0.0
2020-08-25T08:00:54.853000Z,2020-08-25T08:00:55.000000Z,139.721,147.0,132.0,71.499,0.0,0.0,0.0,27.489,1.66923,0.0,0.0,0.0
2020-08-25T08:00:56.853000Z,2020-08-25T08:00:56.999000Z,157.291,146.0,132.0,39.09,0.0,0.0,0.0,27.489,2.872727,0.0,0.0,0.0
2020-08-25T08:00:58.853000Z,2020-08-25T08:00:58.988000Z,173.326,135.0,136.0,35.38,0.0,0.0,0.0,27.489,3.231697,0.0,0.0,0.0
2020-08-25T08:01:00.850000Z,2020-08-25T08:01:00.988000Z,162.294,138.0,146.0,35.229,0.0,0.0,0.0,27.489,3.294947,0.0,0.0,0.0
2020-08-25T08:01:02.853000Z,2020-08-25T08:01:03.014000Z,178.702,161.0,162.0,36.478,0.0,0.0,0.0,27.489,3.765416,0.0,0.0,0.0
2020-08-25T08:01:04.854000Z,2020-08-25T08:01:05.001999Z,178.968,148.0,158.0,42.202,0.0,0.0,0.0,27.489,3.033637,0.0,0.0,0.0
2020-08-25T08:01:06.853000Z,2020-08-25T08:01:06.987000Z,207.342,134.0,162.0,67.528,0.0,0.0,0.0,27.489,2.07368,0.0,0.0,0.0
2020-08-25T08:01:08.856999Z,2020-08-25T08:01:08.976000Z,231.283,119.0,162.0,38.648,0.0,0.0,0.0,27.489,3.51466,0.0,0.0,0.0
2020-08-25T08:01:10.853000Z,2020-08-25T08:01:10.976000Z,249.865,123.0,162.0,38.632,0.0,0.0,0.0,27.489,3.86858,0.0,0.0,0.0
2020-08-25T08:01:12.852000Z,2020-08-25T08:01:12.993999Z,200.134,142.0,164.0,43.894,0.0,0.0,0.0,27.489,3.805609,0.0,0.0,0.0
2020-08-25T08:01:14.851000Z,2020-08-25T08:01:14.974000Z,216.331,123.0,188.0,36.976,0.0,0.0,0.0,27.489,4.067004,0.0,0.0,0.0
2020-08-25T08:01:17.103000Z,2020-08-25T08:01:17.251000Z,175.735,148.0,186.0,55.373,0.0,0.0,0.0,27.489,3.12551,0.0,0.0,0.0
2020-08-25T08:01:19.103000Z,2020-08-25T08:01:19.236000Z,230.909,133.0,180.0,42.964,0.0,0.0,0.0,27.489,2.83115,0.0,0.0,0.0
2020-08-25T08:01:21.107000Z,2020-08-25T08:01:21.225999Z,235.89,119.0,178.0,39.143,0.0,0.0,0.0,27.489,3.958756,0.0,0.0,0.0
2020-08-25T08:01:23.102000Z,2020-08-25T08:01:23.220000Z,234.686,118.0,200.0,45.718,0.0,0.0,0.0,27.489,4.474361,0.0,0.0,0.0
2020-08-25T08:01:25.100999Z,2020-08-25T08:01:25.277000Z,301.218,176.0,198.0,36.582,0.0,0.0,0.0,27.489,4.523372,0.0,0.0,0.0
2020-08-25T08:01:27.103000Z,2020-08-25T08:01:27.227000Z,115.401,124.0,198.0,52.456,0.0,0.0,0.0,27.489,2.756345,0.0,0.0,0.0
2020-08-25T08:01:29.103000Z,2020-08-25T08:01:29.161999Z,93.514,59.0,194.0,34.423,0.0,0.0,0.0,27.489,2.756345,0.0,0.0,0.0
2020-08-25T08:01:31.127000Z,2020-08-25T08:01:31.279000Z,126.707,152.0,194.0,37.723,0.0,0.0,0.0,27.489,2.756345,0.0,0.0,0.0
2020-08-25T08:01:33.107000Z,2020-08-25T08:01:33.400000Z,638.343,293.0,194.0,49.877,0.0,0.0,0.0,27.489,2.756345,0.0,0.0,0.0
2020-08-25T08:01:35.103000Z,2020-08-25T08:01:35.358000Z,736.561,255.0,194.0,36.974,0.0,0.0,0.0,27.489,4.536503,0.0,0.0,0.0
2020-08-25T08:01:37.102000Z,2020-08-25T08:01:37.392000Z,756.924,290.0,218.0,36.633,0.0,0.0,0.0,27.489,4.406411,0.0,0.0,0.0
2020-08-25T08:01:39.106000Z,2020-08-25T08:01:39.237000Z,351.933,131.0,220.0,42.762,0.0,0.0,0.0,27.489,4.137441,0.0,0.0,0.0
2020-08-25T08:01:41.102000Z,2020-08-25T08:01:41.209000Z,284.665,107.0,258.0,39.48,0.0,0.0,0.0,27.489,5.358293,0.0,0.0,0.0
2020-08-25T08:01:43.100999Z,2020-08-25T08:01:43.284000Z,295.694,183.0,240.0,34.898,0.0,0.0,0.0,27.489,5.50127,0.0,0.0,0.0
2020-08-25T08:01:45.105000Z,2020-08-25T08:01:45.219000Z,243.44,114.0,244.0,53.002,0.0,0.0,0.0,27.489,4.787226,0.0,0.0,0.0
2020-08-25T08:01:47.102000Z,2020-08-25T08:01:47.228000Z,295.864,126.0,244.0,43.343,0.0,0.0,0.0,27.489,4.484025,0.0,0.0,0.0
2020-08-25T08:01:49.104000Z,2020-08-25T08:01:49.247000Z,140.889,143.0,240.0,47.885,0.0,0.0,0.0,27.489,4.100774,0.0,0.0,0.0
2020-08-25T08:01:51.100999Z,2020-08-25T08:01:51.243000Z,222.812,142.0,240.0,49.337,0.0,0.0,0.0,27.489,4.100774,0.0,0.0,0.0
2020-08-25T08:01:53.105000Z,2020-08-25T08:01:53.233999Z,193.517,129.0,218.0,40.874,0.0,0.0,0.0,27.489,0.468598,0.0,0.0,0.0
2020-08-25T08:01:55.104000Z,2020-08-25T08:01:55.256000Z,179.693,152.0,206.0,37.531,0.0,0.0,0.0,27.489,4.578563,0.0,0.0,0.0
2020-08-25T08:01:57.106000Z,2020-08-25T08:01:57.325000Z,580.85,219.0,206.0,39.24,0.0,0.0,0.0,27.489,4.490338,0.0,0.0,0.0
2020-08-25T08:01:59.099000Z,2020-08-25T08:01:59.412000Z,768.878,313.0,220.0,34.887,0.0,0.0,0.0,27.489,4.82086,0.0,0.0,0.0
2020-08-25T08:02:01.097999Z,2020-08-25T08:02:01.285000Z,595.206,187.0,220.0,71.165,0.0,0.0,0.0,27.489,2.57022,0.0,0.0,0.0
2020-08-25T08:02:03.133000Z,2020-08-25T08:02:03.441000Z,645.092,308.0,222.0,51.503,0.0,0.0,0.0,27.489,3.967498,0.0,0.0,0.0
2020-08-25T08:02:05.106000Z,2020-08-25T08:02:05.289999Z,608.559,184.0,234.0,82.183,0.0,0.0,0.0,27.489,0.019618,0.0,0.0,0.0
2020-08-25T08:02:07.100000Z,2020-08-25T08:02:07.276000Z,526.954,176.0,258.0,35.743,0.0,0.0,0.0,27.489,4.553243,0.0,0.0,0.0
2020-08-25T08:02:09.110000Z,2020-08-25T08:02:09.337999Z,721.45,228.0,260.0,47.111,0.0,0.0,0.0,27.489,4.23923,0.0,0.0,0.0
2020-08-25T08:02:11.100000Z,2020-08-25T08:02:11.366000Z,892.648,266.0,258.0,49.28,0.0,0.0,0.0,27.489,5.627112,0.0,0.0,0.0
2020-08-25T08:02:13.103000Z,2020-08-25T08:02:13.289000Z,496.183,186.0,254.0,46.174,0.0,0.0,0.0,27.489,3.533899,0.0,0.0,0.0
2020-08-25T08:02:15.112000Z,2020-08-25T08:02:15.355000Z,613.254,243.0,254.0,48.775,0.0,0.0,0.0,27.489,4.078547,0.0,0.0,0.0
2020-08-25T08:02:17.100000Z,2020-08-25T08:02:17.251000Z,194.194,151.0,254.0,49.134,0.0,0.0,0.0,27.489,3.464706,0.0,0.0,0.0
2020-08-25T08:02:19.100000Z,2020-08-25T08:02:19.243000Z,188.684,143.0,298.0,41.377,0.0,0.0,0.0,27.489,3.464706,0.0,0.0,0.0
2020-08-25T08:02:21.097999Z,2020-08-25T08:02:21.198000Z,181.581,100.0,266.0,46.117,0.0,0.0,0.0,27.489,3.464706,0.0,0.0,0.0
2020-08-25T08:02:23.100000Z,2020-08-25T08:02:23.240000Z,176.847,140.0,260.0,42.173,0.0,0.0,0.0,27.489,3.464706,0.0,0.0,0.0
2020-08-25T08:02:25.103000Z,2020-08-25T08:02:25.236000Z,178.419,133.0,260.0,43.559,0.0,0.0,0.0,27.489,3.464706,0.0,0.0,0.0
2020-08-25T08:02:27.100000Z,2020-08-25T08:02:27.241999Z,200.874,142.0,260.0,41.999,0.0,0.0,0.0,27.489,3.464706,0.0,0.0,0.0
2020-08-25T08:02:29.104000Z,2020-08-25T08:02:29.219000Z,229.436,115.0,260.0,57.937,0.0,0.0,0.0,27.489,3.464706,0.0,0.0,0.0
2020-08-25T08:02:31.097000Z,2020-08-25T08:02:31.340000Z,232.913,243.0,208.0,77.035,0.0,0.0,0.0,27.489,0.232696,0.0,0.0,0.0
2020-08-25T08:02:33.135000Z,2020-08-25T08:02:33.403000Z,250.078,268.0,4.0,34.055,0.0,0.0,0.0,27.489,2.185175,0.0,0.0,0.0
2020-08-25T08:02:35.130000Z,2020-08-25T08:02:35.252000Z,256.12,122.0,199.0,52.422,0.0,0.0,0.0,27.489,0.958923,0.0,0.0,0.0
2020-08-25T08:02:37.106000Z,2020-08-25T08:02:37.369999Z,385.534,264.0,138.0,33.224,0.0,0.0,0.0,27.489,3.187542,0.0,0.0,0.0
2020-08-25T08:02:39.097999Z,2020-08-25T08:02:39.279000Z,307.215,181.0,138.0,76.655,0.0,0.0,0.0,27.489,1.80831,0.0,0.0,0.0
2020-08-25T08:02:41.097000Z,2020-08-25T08:02:41.348000Z,329.013,251.0,134.0,46.18,0.0,0.0,0.0,27.0,3.14717,0.0,0.0,0.0
2020-08-25T08:02:43.097999Z,2020-08-25T08:02:43.301000Z,263.92,203.0,132.0,43.313,0.0,0.0,0.0,27.0,2.499145,0.0,0.0,0.0
2020-08-25T08:02:45.096000Z,2020-08-25T08:02:45.209999Z,178.577,114.0,132.0,35.671,0.0,0.0,0.0,27.0,2.669597,0.0,0.0,0.0
2020-08-25T08:02:47.100000Z,2020-08-25T08:02:47.256000Z,213.587,156.0,132.0,52.543,0.0,0.0,0.0,27.0,3.237275,0.0,0.0,0.0
2020-08-25T08:02:49.100999Z,2020-08-25T08:02:49.252000Z,240.906,151.0,132.0,39.534,0.0,0.0,0.0,27.0,3.069915,0.0,0.0,0.0
2020-08-25T08:02:51.108000Z,2020-08-25T08:02:51.284000Z,274.323,176.0,172.0,44.943,0.0,0.0,0.0,27.0,2.355266,0.0,0.0,0.0
2020-08-25T08:02:53.096000Z,2020-08-25T08:02:53.230000Z,187.583,134.0,144.0,70.29,0.0,0.0,0.0,27.0,0.397706,0.0,0.0,0.0
2020-08-25T08:02:55.110000Z,2020-08-25T08:02:55.262000Z,174.271,152.0,144.0,41.413,0.0,0.0,0.0,27.0,2.363884,0.0,0.0,0.0
2020-08-25T08:02:57.104000Z,2020-08-25T08:02:57.277000Z,166.787,173.0,144.0,46.624,0.0,0.0,0.0,27.0,2.363884,0.0,0.0,0.0
2020-08-25T08:02:59.102000Z,2020-08-25T08:02:59.374000Z,668.483,272.0,144.0,52.142,0.0,0.0,0.0,27.0,2.667747,0.0,0.0,0.0
2020-08-25T08:03:01.097999Z,2020-08-25T08:03:01.255000Z,305.347,157.0,174.0,38.421,0.0,0.0,0.0,27.0,3.212401,0.0,0.0,0.0
2020-08-25T08:03:03.107000Z,2020-08-25T08:03:03.233000Z,203.516,126.0,204.0,37.032,0.0,0.0,0.0,27.0,4.848731,0.0,0.0,0.0
2020-08-25T08:03:05.100999Z,2020-08-25T08:03:05.296000Z,553.141,195.0,204.0,41.877,0.0,0.0,0.0,27.0,3.103072,0.0,0.0,0.0
2020-08-25T08:03:07.097999Z,2020-08-25T08:03:07.217000Z,257.461,119.0,204.0,59.713,0.0,0.0,0.0,27.0,3.425923,0.0,0.0,0.0
2020-08-25T08:03:09.096000Z,2020-08-25T08:03:09.269000Z,565.301,173.0,204.0,53.186,0.0,0.0,0.0,27.0,4.182104,0.0,0.0,0.0
2020-08-25T08:03:11.103000Z,2020-08-25T08:03:11.232000Z,352.157,129.0,202.0,41.541,0.0,0.0,0.0,27.0,4.128999,0.0,0.0,0.0
2020-08-25T08:03:13.102000Z,2020-08-25T08:03:13.264000Z,292.348,162.0,224.0,37.192,0.0,0.0,0.0,27.0,4.265148,0.0,0.0,0.0
2020-08-25T08:03:15.097000Z,2020-08-25T08:03:15.211000Z,257.194,114.0,214.0,35.258,0.0,0.0,0.0,27.0,4.30369,0.0,0.0,0.0
2020-08-25T08:03:17.100999Z,2020-08-25T08:03:17.216000Z,336.412,115.0,216.0,41.639,0.0,0.0,0.0,27.0,5.048766,0.0,0.0,0.0
2020-08-25T08:03:19.099000Z,2020-08-25T08:03:19.204000Z,242.661,105.0,214.0,37.544,0.0,0.0,0.0,27.0,5.005355,0.0,0.0,0.0
2020-08-25T08:03:21.126000Z,2020-08-25T08:03:21.251000Z,242.803,125.0,222.0,34.432,0.0,0.0,0.0,27.0,5.016063,0.0,0.0,0.0
2020-08-25T08:03:23.100000Z,2020-08-25T08:03:23.422000Z,393.058,322.0,218.0,48.482,0.0,0.0,0.0,27.0,4.036605,0.0,0.0,0.0
2020-08-25T08:03:25.097999Z,2020-08-25T08:03:25.241000Z,182.471,143.0,212.0,32.99,0.0,0.0,0.0,27.0,1.710792,0.0,0.0,0.0
2020-08-25T08:03:27.118000Z,2020-08-25T08:03:27.228000Z,245.115,110.0,212.0,44.807,0.0,0.0,0.0,27.0,3.922853,0.0,0.0,0.0
2020-08-25T08:03:29.099000Z,2020-08-25T08:03:29.238000Z,288.042,139.0,200.0,49.663,0.0,0.0,0.0,27.0,4.804459,0.0,0.0,0.0
2020-08-25T08:03:31.097000Z,2020-08-25T08:03:31.220000Z,262.422,123.0,200.0,50.89,0.0,0.0,0.0,27.0,4.768997,0.0,0.0,0.0
2020-08-25T08:03:33.100000Z,2020-08-25T08:03:33.278000Z,466.762,178.0,200.0,47.157,0.0,0.0,0.0,27.0,4.349177,0.0,0.0,0.0
2020-08-25T08:03:35.097999Z,2020-08-25T08:03:35.300000Z,724.423,202.0,208.0,43.762,0.0,0.0,0.0,27.0,4.561891,0.0,0.0,0.0
2020-08-25T08:03:37.097999Z,2020-08-25T08:03:37.417999Z,817.494,320.0,230.0,36.021,0.0,0.0,0.0,27.0,5.128641,0.0,0.0,0.0
2020-08-25T08:03:39.108000Z,2020-08-25T08:03:39.293000Z,583.777,185.0,230.0,55.201,0.0,0.0,0.0,27.0,3.568061,0.0,0.0,0.0
2020-08-25T08:03:41.108000Z,2020-08-25T08:03:41.209000Z,311.376,101.0,234.0,50.33,0.0,0.0,0.0,27.0,4.90752,0.0,0.0,0.0
2020-08-25T08:03:43.099000Z,2020-08-25T08:03:43.417000Z,319.901,318.0,248.0,39.3,0.0,0.0,0.0,27.0,5.496375,0.0,0.0,0.0
2020-08-25T08:03:45.095000Z,2020-08-25T08:03:45.256000Z,329.091,161.0,242.0,33.415,0.0,0.0,0.0,27.0,3.135265,0.0,0.0,0.0
2020-08-25T08:03:47.097000Z,2020-08-25T08:03:47.203000Z,235.562,106.0,260.0,36.79,0.0,0.0,0.0,27.0,5.941669,0.0,0.0,0.0
2020-08-25T08:03:49.100000Z,2020-08-25T08:03:49.208000Z,248.778,108.0,256.0,37.234,0.0,0.0,0.0,27.0,5.267515,0.0,0.0,0.0
2020-08-25T08:03:51.123000Z,2020-08-25T08:03:51.241000Z,305.232,118.0,254.0,42.938,0.0,0.0,0.0,27.0,4.982936,0.0,0.0,0.0
2020-08-25T08:03:53.097000Z,2020-08-25T08:03:53.209999Z,269.328,113.0,258.0,40.739,0.0,0.0,0.0,27.0,5.883521,0.0,0.0,0.0
2020-08-25T08:03:55.096000Z,2020-08-25T08:03:55.324000Z,401.836,228.0,254.0,45.45,0.0,0.0,0.0,27.0,4.579905,0.0,0.0,0.0
2020-08-25T08:03:57.097999Z,2020-08-25T08:03:57.216000Z,187.52,118.0,246.0,51.981,0.0,0.0,0.0,27.0,2.917912,0.0,0.0,0.0
2020-08-25T08:03:59.096000Z,2020-08-25T08:03:59.200000Z,222.028,104.0,248.0,44.236,0.0,0.0,0.0,27.0,5.219392,0.0,0.0,0.0
2020-08-25T08:04:01.099000Z,2020-08-25T08:04:01.241999Z,217.344,143.0,304.0,41.638,0.0,0.0,0.0,27.0,5.219392,0.0,0.0,0.0
2020-08-25T08:04:03.094000Z,2020-08-25T08:04:03.352000Z,216.244,258.0,258.0,39.614,0.0,0.0,0.0,27.0,4.933278,0.0,0.0,0.0
2020-08-25T08:04:05.095000Z,2020-08-25T08:04:05.200000Z,221.233,105.0,214.0,36.585,0.0,0.0,0.0,27.0,0.211181,0.0,0.0,0.0
2020-08-25T08:04:07.225000Z,2020-08-25T08:04:08.670000Z,232.923,1445.0,7.0,442.921,0.0,0.0,0.0,27.0,5.074814,0.0,0.0,0.0
2020-08-25T08:04:09.385000Z,2020-08-25T08:04:09.571000Z,225.577,186.0,213.0,260.035,0.0,0.0,0.0,27.0,0.594316,0.0,0.0,0.0
2020-08-25T08:04:11.097000Z,2020-08-25T08:04:11.288000Z,239.424,191.0,218.0,40.094,0.0,0.0,0.0,27.0,5.255966,0.0,0.0,0.0
2020-08-25T08:04:13.111000Z,2020-08-25T08:04:13.367000Z,433.774,256.0,217.0,32.265,0.0,0.0,0.0,27.0,0.294326,0.0,0.0,0.0
2020-08-25T08:04:15.097000Z,2020-08-25T08:04:15.252000Z,208.498,155.0,216.0,49.051,0.0,0.0,0.0,27.0,1.95573,0.0,0.0,0.0
2020-08-25T08:04:17.096000Z,2020-08-25T08:04:17.238000Z,229.546,142.0,182.0,43.079,0.0,0.0,0.0,27.0,4.413606,0.0,0.0,0.0
2020-08-25T08:04:19.097000Z,2020-08-25T08:04:19.211000Z,269.26,114.0,195.0,39.642,0.0,0.0,0.0,27.0,4.832628,0.0,0.0,0.0
2020-08-25T08:04:21.097000Z,2020-08-25T08:04:21.268000Z,214.904,171.0,200.0,44.248,0.0,0.0,0.0,27.0,4.423717,0.0,0.0,0.0
2020-08-25T08:04:23.099000Z,2020-08-25T08:04:23.382000Z,213.163,283.0,208.0,42.309,0.0,0.0,0.0,27.0,4.817335,0.0,0.0,0.0
2020-08-25T08:04:25.095000Z,2020-08-25T08:04:25.200000Z,244.944,105.0,234.0,79.961,0.0,0.0,0.0,27.0,1.994552,0.0,0.0,0.0
2020-08-25T08:04:27.097999Z,2020-08-25T08:04:27.225999Z,254.566,128.0,216.0,47.788,0.0,0.0,0.0,27.0,5.089416,0.0,0.0,0.0
2020-08-25T08:04:29.100000Z,2020-08-25T08:04:29.238000Z,239.453,138.0,216.0,65.733,0.0,0.0,0.0,27.0,3.410892,0.0,0.0,0.0
2020-08-25T08:04:31.146000Z,2020-08-25T08:04:31.581000Z,525.313,435.0,217.0,68.121,0.0,0.0,0.0,27.0,0.253102,0.0,0.0,0.0
2020-08-25T08:04:33.095000Z,2020-08-25T08:04:33.302000Z,180.211,207.0,164.0,44.91,0.0,0.0,0.0,27.0,0.08556,0.0,0.0,0.0
2020-08-25T08:04:35.184000Z,2020-08-25T08:04:35.647000Z,448.303,463.0,134.0,46.741,0.0,0.0,0.0,27.0,0.907926,0.0,0.0,0.0
2020-08-25T08:04:37.235000Z,2020-08-25T08:04:37.518000Z,262.277,283.0,144.0,31.68,0.0,0.0,0.0,27.0,3.380349,0.0,0.0,0.0
2020-08-25T08:04:39.124000Z,2020-08-25T08:04:39.615000Z,236.063,491.0,144.0,42.875,0.0,0.0,0.0,27.0,3.127767,0.0,0.0,0.0
2020-08-25T08:04:41.095000Z,2020-08-25T08:04:41.344000Z,244.528,249.0,144.0,36.115,0.0,0.0,0.0,27.0,0.317048,0.0,0.0,0.0
2020-08-25T08:04:43.196000Z,2020-08-25T08:04:43.489000Z,204.817,293.0,148.0,42.679,0.0,0.0,0.0,27.0,0.105782,0.0,0.0,0.0
2020-08-25T08:04:45.094000Z,2020-08-25T08:04:45.341000Z,192.297,247.0,144.0,36.104,0.0,0.0,0.0,27.0,0.820563,0.0,0.0,0.0
2020-08-25T08:04:47.094000Z,2020-08-25T08:04:47.257000Z,274.727,163.0,144.0,36.308,0.0,0.0,0.0,27.0,0.160185,0.0,0.0,0.0
2020-08-25T08:04:49.096000Z,2020-08-25T08:04:49.295000Z,288.273,199.0,148.0,46.073,0.0,0.0,0.0,27.0,0.9298,0.0,0.0,0.0
2020-08-25T08:04:51.094000Z,2020-08-25T08:04:51.341000Z,648.19,247.0,130.0,37.333,0.0,0.0,0.0,27.0,2.986622,0.0,0.0,0.0
2020-08-25T08:04:53.097000Z,2020-08-25T08:04:53.217000Z,267.342,120.0,172.0,40.721,0.0,0.0,0.0,27.0,3.690491,0.0,0.0,0.0
2020-08-25T08:04:55.100000Z,2020-08-25T08:04:55.265000Z,242.237,165.0,208.0,46.111,0.0,0.0,0.0,27.0,3.804211,0.0,0.0,0.0
2020-08-25T08:04:57.096000Z,2020-08-25T08:04:57.244000Z,256.034,148.0,186.0,47.992,0.0,0.0,0.0,27.0,3.913046,0.0,0.0,0.0
2020-08-25T08:04:59.129000Z,2020-08-25T08:04:59.448000Z,208.284,319.0,186.0,56.521,0.0,0.0,0.0,27.0,3.815753,0.0,0.0,0.0
2020-08-25T08:05:01.092000Z,2020-08-25T08:05:01.211000Z,164.857,119.0,166.0,32.171,0.0,0.0,0.0,27.0,1.540902,0.0,0.0,0.0
2020-08-25T08:05:03.332000Z,2020-08-25T08:05:03.472000Z,172.797,140.0,166.0,33.773,0.0,0.0,0.0,27.0,2.274956,0.0,0.0,0.0
2020-08-25T08:05:05.105000Z,2020-08-25T08:05:05.414000Z,548.413,309.0,172.0,35.69,0.0,0.0,0.0,27.0,3.982934,0.0,0.0,0.0
2020-08-25T08:05:07.096000Z,2020-08-25T08:05:07.313999Z,651.288,218.0,188.0,31.541,0.0,0.0,0.0,27.0,3.596609,0.0,0.0,0.0
2020-08-25T08:05:09.142000Z,2020-08-25T08:05:09.289999Z,212.118,148.0,200.0,41.337,0.0,0.0,0.0,27.0,4.252095,0.0,0.0,0.0
2020-08-25T08:05:11.106000Z,2020-08-25T08:05:11.249000Z,374.139,143.0,200.0,68.741,0.0,0.0,0.0,27.0,3.181592,0.0,0.0,0.0
2020-08-25T08:05:13.097999Z,2020-08-25T08:05:13.231000Z,209.26,133.0,206.0,39.353,0.0,0.0,0.0,27.0,4.504849,0.0,0.0,0.0
2020-08-25T08:05:15.096000Z,2020-08-25T08:05:15.263000Z,324.706,167.0,206.0,52.46,0.0,0.0,0.0,27.0,4.231788,0.0,0.0,0.0
2020-08-25T08:05:17.160000Z,2020-08-25T08:05:17.286000Z,308.473,126.0,200.0,60.749,0.0,0.0,0.0,27.0,1.48787,0.0,0.0,0.0
2020-08-25T08:05:19.096000Z,2020-08-25T08:05:19.384000Z,532.951,288.0,200.0,44.291,0.0,0.0,0.0,27.0,4.629,0.0,0.0,0.0
2020-08-25T08:05:21.094000Z,2020-08-25T08:05:21.311000Z,613.827,217.0,194.0,60.532,0.0,0.0,0.0,27.0,1.384595,0.0,0.0,0.0
2020-08-25T08:05:23.133000Z,2020-08-25T08:05:23.675000Z,743.318,542.0,194.0,55.147,0.0,0.0,0.0,27.0,4.222765,0.0,0.0,0.0
2020-08-25T08:05:25.108000Z,2020-08-25T08:05:25.363000Z,683.478,255.0,194.0,36.996,0.0,0.0,0.0,27.0,1.526313,0.0,0.0,0.0
2020-08-25T08:05:27.353000Z,2020-08-25T08:05:27.744000Z,377.268,391.0,224.0,35.794,0.0,0.0,0.0,27.0,5.437062,0.0,0.0,0.0
2020-08-25T08:05:29.376999Z,2020-08-25T08:05:29.673999Z,316.78,297.0,228.0,33.526,0.0,0.0,0.0,27.0,2.050741,0.0,0.0,0.0
2020-08-25T08:05:31.393999Z,2020-08-25T08:05:31.515000Z,310.627,121.0,218.0,37.718,0.0,0.0,0.0,27.0,0.299038,0.0,0.0,0.0
2020-08-25T08:05:33.172999Z,2020-08-25T08:05:33.444000Z,337.395,271.0,222.0,44.245,0.0,0.0,0.0,27.0,5.224631,0.0,0.0,0.0
2020-08-25T08:05:35.340000Z,2020-08-25T08:05:35.645000Z,262.203,305.0,208.0,50.826,0.0,0.0,0.0,27.0,0.909026,0.0,0.0,0.0
2020-08-25T08:05:37.340999Z,2020-08-25T08:05:37.479000Z,331.109,138.0,208.0,162.311,0.0,0.0,0.0,27.0,1.390832,0.0,0.0,0.0
2020-08-25T08:05:39.342000Z,2020-08-25T08:05:39.712000Z,663.391,370.0,216.0,43.679,0.0,0.0,0.0,27.0,4.084419,0.0,0.0,0.0
2020-08-25T08:05:41.345000Z,2020-08-25T08:05:41.452000Z,262.912,107.0,4.0,52.718,0.0,0.0,0.0,27.0,3.033956,0.0,0.0,0.0
2020-08-25T08:05:43.353000Z,2020-08-25T08:05:43.461000Z,230.28,108.0,234.0,40.959,0.0,0.0,0.0,27.0,3.403223,0.0,0.0,0.0
2020-08-25T08:05:45.348000Z,2020-08-25T08:05:45.449999Z,234.577,102.0,244.0,36.134,0.0,0.0,0.0,27.0,5.583075,0.0,0.0,0.0
2020-08-25T08:05:47.343000Z,2020-08-25T08:05:47.457999Z,362.361,115.0,246.0,37.591,0.0,0.0,0.0,27.0,5.648444,0.0,0.0,0.0
2020-08-25T08:05:49.340999Z,2020-08-25T08:05:49.518000Z,229.417,177.0,240.0,40.979,0.0,0.0,0.0,27.0,5.701262,0.0,0.0,0.0
2020-08-25T08:05:51.345000Z,2020-08-25T08:05:51.486000Z,245.52,141.0,240.0,33.322,0.0,0.0,0.0,27.0,0.467021,0.0,0.0,0.0
2020-08-25T08:05:53.344000Z,2020-08-25T08:05:53.478000Z,412.382,134.0,244.0,35.954,0.0,0.0,0.0,27.0,3.238295,0.0,0.0,0.0
2020-08-25T08:05:55.345000Z,2020-08-25T08:05:55.499000Z,328.335,154.0,244.0,40.797,0.0,0.0,0.0,27.0,5.814822,0.0,0.0,0.0
2020-08-25T08:05:57.145000Z,2020-08-25T08:05:57.261000Z,236.188,116.0,244.0,52.018,0.0,0.0,0.0,27.0,2.370997,0.0,0.0,0.0
2020-08-25T08:05:59.350000Z,2020-08-25T08:05:59.459000Z,240.386,109.0,248.0,53.428,0.0,0.0,0.0,27.0,4.333333,0.0,0.0,0.0
2020-08-25T08:06:01.340999Z,2020-08-25T08:06:01.454000Z,282.939,113.0,268.0,48.055,0.0,0.0,0.0,27.0,4.288015,0.0,0.0,0.0
2020-08-25T08:06:03.347000Z,2020-08-25T08:06:03.500000Z,307.962,153.0,252.0,58.488,0.0,0.0,0.0,27.0,5.30539,0.0,0.0,0.0
2020-08-25T08:06:05.342000Z,2020-08-25T08:06:05.542000Z,581.418,200.0,222.0,64.796,0.0,0.0,0.0,27.0,2.529125,0.0,0.0,0.0
2020-08-25T08:06:07.345000Z,2020-08-25T08:06:07.509000Z,284.687,164.0,222.0,39.722,0.0,0.0,0.0,27.0,5.019829,0.0,0.0,0.0
2020-08-25T08:06:09.348000Z,2020-08-25T08:06:09.483000Z,245.304,135.0,222.0,95.454,0.0,0.0,0.0,27.0,5.019829,0.0,0.0,0.0
2020-08-25T08:06:11.340999Z,2020-08-25T08:06:11.557000Z,191.862,216.0,224.0,70.275,0.0,0.0,0.0,27.0,3.014452,0.0,0.0,0.0
2020-08-25T08:06:13.340999Z,2020-08-25T08:06:13.489999Z,143.346,149.0,206.0,32.851,0.0,0.0,0.0,27.0,3.47393,0.0,0.0,0.0
2020-08-25T08:06:15.344000Z,2020-08-25T08:06:15.483000Z,129.799,139.0,206.0,55.287,0.0,0.0,0.0,27.0,3.47393,0.0,0.0,0.0
2020-08-25T08:06:17.343000Z,2020-08-25T08:06:18.265999Z,173.77,923.0,210.0,35.61,0.0,0.0,0.0,27.0,3.47393,0.0,0.0,0.0
2020-08-25T08:06:19.340999Z,2020-08-25T08:06:19.761999Z,190.175,421.0,16.0,29.567,0.0,0.0,0.0,27.0,0.188523,0.0,0.0,0.0
2020-08-25T08:06:21.206000Z,2020-08-25T08:06:21.620000Z,573.501,414.0,54.0,32.715,0.0,0.0,0.0,27.0,1.158687,0.0,0.0,0.0
2020-08-25T08:06:23.340000Z,2020-08-25T08:06:23.692000Z,450.092,352.0,90.0,34.148,0.0,0.0,0.0,27.0,1.937454,0.0,0.0,0.0
2020-08-25T08:06:25.339000Z,2020-08-25T08:06:25.473000Z,220.145,134.0,100.0,35.214,0.0,0.0,0.0,27.0,2.368408,0.0,0.0,0.0
2020-08-25T08:06:27.344000Z,2020-08-25T08:06:27.469000Z,204.016,125.0,104.0,39.243,0.0,0.0,0.0,27.0,2.157291,0.0,0.0,0.0
2020-08-25T08:06:29.353999Z,2020-08-25T08:06:29.567000Z,300.253,213.0,104.0,40.208,0.0,0.0,0.0,27.0,1.890046,0.0,0.0,0.0
2020-08-25T08:06:31.360999Z,2020-08-25T08:06:31.641000Z,291.606,280.0,106.0,33.187,0.0,0.0,0.0,27.0,2.289089,0.0,0.0,0.0
2020-08-25T08:06:33.340999Z,2020-08-25T08:06:33.555000Z,345.873,214.0,114.0,43.048,0.0,0.0,0.0,27.0,1.716184,0.0,0.0,0.0
2020-08-25T08:06:35.343000Z,2020-08-25T08:06:35.479000Z,240.986,136.0,138.0,34.159,0.0,0.0,0.0,27.0,3.236596,0.0,0.0,0.0
2020-08-25T08:06:37.352000Z,2020-08-25T08:06:37.519000Z,250.809,167.0,144.0,32.468,0.0,0.0,0.0,27.0,2.632129,0.0,0.0,0.0
2020-08-25T08:06:39.476000Z,2020-08-25T08:06:39.668000Z,244.182,192.0,144.0,72.972,0.0,0.0,0.0,27.0,2.604687,0.0,0.0,0.0
2020-08-25T08:06:41.342000Z,2020-08-25T08:06:41.523000Z,246.11,181.0,144.0,33.763,0.0,0.0,0.0,27.0,3.045425,0.0,0.0,0.0
2020-08-25T08:06:43.348000Z,2020-08-25T08:06:43.596000Z,385.089,248.0,152.0,47.387,0.0,0.0,0.0,27.0,3.666799,0.0,0.0,0.0
2020-08-25T08:06:45.340999Z,2020-08-25T08:06:45.521999Z,202.646,181.0,152.0,47.643,0.0,0.0,0.0,27.0,2.096655,0.0,0.0,0.0
2020-08-25T08:06:47.340999Z,2020-08-25T08:06:47.539000Z,210.485,198.0,152.0,72.533,0.0,0.0,0.0,27.0,2.407936,0.0,0.0,0.0
2020-08-25T08:06:49.339000Z,2020-08-25T08:06:49.553999Z,419.846,215.0,156.0,39.282,0.0,0.0,0.0,27.0,1.800951,0.0,0.0,0.0
2020-08-25T08:06:51.337999Z,2020-08-25T08:06:51.492000Z,283.005,154.0,174.0,43.934,0.0,0.0,0.0,27.0,4.214346,0.0,0.0,0.0
2020-08-25T08:06:53.343000Z,2020-08-25T08:06:53.513999Z,384.233,171.0,188.0,41.775,0.0,0.0,0.0,27.0,3.991036,0.0,0.0,0.0
2020-08-25T08:06:55.345000Z,2020-08-25T08:06:55.453000Z,229.911,108.0,200.0,33.681,0.0,0.0,0.0,27.0,4.4661,0.0,0.0,0.0
2020-08-25T08:06:57.339000Z,2020-08-25T08:06:57.481999Z,187.397,143.0,204.0,38.312,0.0,0.0,0.0,27.0,4.557324,0.0,0.0,0.0
2020-08-25T08:06:59.337000Z,2020-08-25T08:06:59.462000Z,195.029,125.0,204.0,49.687,0.0,0.0,0.0,27.0,4.557324,0.0,0.0,0.0
2020-08-25T08:07:01.343000Z,2020-08-25T08:07:01.497000Z,202.127,154.0,206.0,38.587,0.0,0.0,0.0,27.0,0.036942,0.0,0.0,0.0
2020-08-25T08:07:03.340999Z,2020-08-25T08:07:03.535000Z,436.256,194.0,204.0,50.094,0.0,0.0,0.0,27.0,3.34688,0.0,0.0,0.0
2020-08-25T08:07:05.337999Z,2020-08-25T08:07:05.518000Z,331.987,180.0,222.0,36.138,0.0,0.0,0.0,27.0,4.4894,0.0,0.0,0.0
2020-08-25T08:07:07.340000Z,2020-08-25T08:07:07.441999Z,288.702,102.0,228.0,50.908,0.0,0.0,0.0,27.0,4.923737,0.0,0.0,0.0
2020-08-25T08:07:09.339000Z,2020-08-25T08:07:09.625999Z,517.974,287.0,238.0,37.248,0.0,0.0,0.0,27.0,5.485073,0.0,0.0,0.0
2020-08-25T08:07:11.340000Z,2020-08-25T08:07:11.884000Z,519.16,544.0,234.0,143.747,0.0,0.0,0.0,27.0,1.942403,0.0,0.0,0.0
2020-08-25T08:07:13.340999Z,2020-08-25T08:07:13.611000Z,940.838,270.0,244.0,39.183,0.0,0.0,0.0,27.0,5.764832,0.0,0.0,0.0
2020-08-25T08:07:15.342000Z,2020-08-25T08:07:15.647000Z,795.352,305.0,256.0,41.78,0.0,0.0,0.0,27.0,5.003305,0.0,0.0,0.0
2020-08-25T08:07:17.340999Z,2020-08-25T08:07:17.673999Z,787.082,333.0,256.0,59.673,0.0,0.0,0.0,27.0,2.570498,0.0,0.0,0.0
2020-08-25T08:07:19.364000Z,2020-08-25T08:07:19.678000Z,891.862,314.0,256.0,44.706,0.0,0.0,0.0,27.0,3.038997,0.0,0.0,0.0
2020-08-25T08:07:21.336000Z,2020-08-25T08:07:21.381000Z,35.616,45.0,198.0,41.791,0.0,0.0,0.0,27.0,4.779863,0.0,0.0,0.0
2020-08-25T08:07:23.337999Z,2020-08-25T08:07:23.385000Z,81.032,47.0,198.0,39.808,0.0,0.0,0.0,27.0,4.779863,0.0,0.0,0.0
2020-08-25T08:07:25.353999Z,2020-08-25T08:07:25.541000Z,190.493,187.0,204.0,41.358,0.0,0.0,0.0,27.0,4.779863,0.0,0.0,0.0
2020-08-25T08:07:27.368000Z,2020-08-25T08:07:27.566000Z,486.211,198.0,199.0,62.169,0.0,0.0,0.0,27.0,1.070749,0.0,0.0,0.0
2020-08-25T08:07:29.340999Z,2020-08-25T08:07:29.455000Z,175.445,114.0,204.0,37.051,0.0,0.0,0.0,27.0,3.15969,0.0,0.0,0.0
2020-08-25T08:07:31.345000Z,2020-08-25T08:07:31.569999Z,329.029,225.0,164.0,57.807,0.0,0.0,0.0,27.0,2.750025,0.0,0.0,0.0
