start_time,end_time,size,trans_time,cwnd,rtt,rto,ssthresh,last_snd,min_rtt,delivery_rate,bytes_sent,bytes_retrans,client_trans_time
2020-08-25T00:03:33.577999Z,2020-08-25T00:03:33.715000Z,139.642,137.0,14.0,34.728,0.0,0.0,0.0,30.028,0.092789,0.0,0.0,0.0
2020-08-25T00:03:33.715000Z,2020-08-25T00:03:33.823000Z,149.461,108.0,141.0,30.288,0.0,0.0,0.0,23.422,2.955373,0.0,0.0,0.0
2020-08-25T00:03:33.823000Z,2020-08-25T00:03:33.903000Z,206.904,80.0,208.0,30.444,0.0,0.0,0.0,23.422,3.758858,0.0,0.0,0.0
2020-08-25T00:03:33.904000Z,2020-08-25T00:03:34.013000Z,371.32,109.0,242.0,31.698,0.0,0.0,0.0,23.422,4.525987,0.0,0.0,0.0
2020-08-25T00:03:34.014000Z,2020-08-25T00:03:34.126000Z,594.215,112.0,334.0,34.022,0.0,0.0,0.0,23.422,1.965464,0.0,0.0,0.0
2020-08-25T00:03:34.127000Z,2020-08-25T00:03:34.259000Z,780.073,132.0,335.0,36.113,0.0,0.0,0.0,23.422,9.918317,0.0,0.0,0.0
2020-08-25T00:03:34.262000Z,2020-08-25T00:03:34.553000Z,2150.639,291.0,537.0,48.158,0.0,0.0,0.0,23.422,1.644361,0.0,0.0,0.0
2020-08-25T00:03:34.556000Z,2020-08-25T00:03:34.823000Z,1742.35,267.0,502.0,34.588,0.0,0.0,0.0,23.422,12.647188,0.0,0.0,0.0
2020-08-25T00:03:35.388000Z,2020-08-25T00:03:35.600000Z,1600.343,212.0,496.0,37.352,0.0,0.0,0.0,23.422,5.088563,0.0,0.0,0.0
2020-08-25T00:03:37.386000Z,2020-08-25T00:03:37.495000Z,553.388,109.0,494.0,43.707,0.0,0.0,0.0,23.422,1.355716,0.0,0.0,0.0
2020-08-25T00:03:39.387000Z,2020-08-25T00:03:39.547000Z,1305.819,160.0,458.0,35.614,0.0,0.0,0.0,23.422,2.522101,0.0,0.0,0.0
2020-08-25T00:03:41.388000Z,2020-08-25T00:03:41.553000Z,1464.107,165.0,464.0,38.128,0.0,0.0,0.0,23.422,8.853102,0.0,0.0,0.0
2020-08-25T00:03:43.391000Z,2020-08-25T00:03:43.675000Z,2380.492,284.0,452.0,34.156,0.0,0.0,0.0,23.422,9.347251,0.0,0.0,0.0
2020-08-25T00:03:45.391000Z,2020-08-25T00:03:45.871000Z,4512.972,480.0,455.0,40.314,0.0,0.0,0.0,23.422,3.204606,0.0,0.0,0.0
2020-08-25T00:03:47.392000Z,2020-08-25T00:03:47.955000Z,4713.39,563.0,486.0,42.224,0.0,0.0,0.0,23.422,1.609915,0.0,0.0,0.0
2020-08-25T00:03:49.396999Z,2020-08-25T00:03:49.969000Z,5111.353,572.0,500.0,40.851,0.0,0.0,0.0,23.422,4.640813,0.0,0.0,0.0
2020-08-25T00:03:51.393000Z,2020-08-25T00:03:51.841000Z,4146.483,448.0,444.0,45.157,0.0,0.0,0.0,23.422,1.353441,0.0,0.0,0.0
2020-08-25T00:03:53.386000Z,2020-08-25T00:03:53.545000Z,878.355,159.0,474.0,43.596,0.0,0.0,0.0,23.422,1.59996,0.0,0.0,0.0
2020-08-25T00:03:55.388000Z,2020-08-25T00:03:55.469000Z,552.726,81.0,474.0,45.544,0.0,0.0,0.0,23.422,5.152747,0.0,0.0,0.0
2020-08-25T00:03:57.388000Z,2020-08-25T00:03:57.467000Z,504.957,79.0,474.0,37.04,0.0,0.0,0.0,23.422,11.577992,0.0,0.0,0.0
2020-08-25T00:03:59.387000Z,2020-08-25T00:03:59.561000Z,1189.27,174.0,450.0,34.82,0.0,0.0,0.0,23.422,9.367394,0.0,0.0,0.0
2020-08-25T00:04:01.392000Z,2020-08-25T00:04:01.621000Z,2107.919,229.0,446.0,42.228,0.0,0.0,0.0,23.422,1.227801,0.0,0.0,0.0
2020-08-25T00:04:03.388000Z,2020-08-25T00:04:03.683000Z,2362.556,295.0,450.0,35.023,0.0,0.0,0.0,23.422,11.02244,0.0,0.0,0.0
2020-08-25T00:04:05.390000Z,2020-08-25T00:04:05.669000Z,2481.091,279.0,483.0,42.767,0.0,0.0,0.0,23.422,3.669071,0.0,0.0,0.0
2020-08-25T00:04:07.389000Z,2020-08-25T00:04:07.683000Z,2419.248,294.0,482.0,45.698,0.0,0.0,0.0,23.422,2.660018,0.0,0.0,0.0
2020-08-25T00:04:09.388000Z,2020-08-25T00:04:09.589000Z,1837.83,201.0,468.0,36.279,0.0,0.0,0.0,23.422,2.078633,0.0,0.0,0.0
2020-08-25T00:04:11.387000Z,2020-08-25T00:04:11.583000Z,1730.126,196.0,448.0,33.095,0.0,0.0,0.0,23.422,10.411253,0.0,0.0,0.0
2020-08-25T00:04:13.393000Z,2020-08-25T00:04:13.553000Z,1413.922,160.0,474.0,40.453,0.0,0.0,0.0,23.422,10.29741,0.0,0.0,0.0
2020-08-25T00:04:15.390000Z,2020-08-25T00:04:15.555000Z,1355.107,165.0,468.0,38.552,0.0,0.0,0.0,23.422,11.613361,0.0,0.0,0.0
2020-08-25T00:04:17.389000Z,2020-08-25T00:04:17.591000Z,1375.322,202.0,468.0,44.94,0.0,0.0,0.0,23.422,10.918874,0.0,0.0,0.0
2020-08-25T00:04:19.387000Z,2020-08-25T00:04:19.525000Z,1155.504,138.0,466.0,39.152,0.0,0.0,0.0,23.422,0.098003,0.0,0.0,0.0
2020-08-25T00:04:21.389000Z,2020-08-25T00:04:21.555000Z,1237.453,166.0,458.0,34.626,0.0,0.0,0.0,23.422,11.25739,0.0,0.0,0.0
2020-08-25T00:04:23.386000Z,2020-08-25T00:04:23.485000Z,740.397,99.0,418.0,37.094,0.0,0.0,0.0,23.422,2.504119,0.0,0.0,0.0
2020-08-25T00:04:25.388000Z,2020-08-25T00:04:25.515000Z,678.062,127.0,452.0,33.464,0.0,0.0,0.0,23.422,8.684807,0.0,0.0,0.0
2020-08-25T00:04:27.386000Z,2020-08-25T00:04:27.477000Z,672.011,91.0,458.0,35.879,0.0,0.0,0.0,23.422,1.996767,0.0,0.0,0.0
2020-08-25T00:04:29.386000Z,2020-08-25T00:04:29.485000Z,672.155,99.0,452.0,36.67,0.0,0.0,0.0,23.422,10.601148,0.0,0.0,0.0
2020-08-25T00:04:31.389000Z,2020-08-25T00:04:31.523000Z,704.763,134.0,452.0,38.582,0.0,0.0,0.0,23.422,8.233672,0.0,0.0,0.0
2020-08-25T00:04:33.386000Z,2020-08-25T00:04:33.491000Z,755.857,105.0,430.0,34.013,0.0,0.0,0.0,23.422,1.835046,0.0,0.0,0.0
2020-08-25T00:04:35.386000Z,2020-08-25T00:04:35.488000Z,642.998,102.0,564.0,41.381,0.0,0.0,0.0,23.422,10.553798,0.0,0.0,0.0
2020-08-25T00:04:37.388000Z,2020-08-25T00:04:37.471000Z,558.177,83.0,450.0,32.801,0.0,0.0,0.0,23.422,1.481746,0.0,0.0,0.0
2020-08-25T00:04:39.386000Z,2020-08-25T00:04:39.477000Z,626.503,91.0,426.0,35.582,0.0,0.0,0.0,23.422,10.379146,0.0,0.0,0.0
2020-08-25T00:04:41.388000Z,2020-08-25T00:04:41.483000Z,593.248,95.0,431.0,34.673,0.0,0.0,0.0,23.422,9.509565,0.0,0.0,0.0
2020-08-25T00:04:43.386000Z,2020-08-25T00:04:43.471000Z,580.363,85.0,474.0,34.192,0.0,0.0,0.0,23.422,10.082766,0.0,0.0,0.0
2020-08-25T00:04:45.386000Z,2020-08-25T00:04:45.479000Z,570.203,93.0,474.0,38.225,0.0,0.0,0.0,23.422,11.82327,0.0,0.0,0.0
2020-08-25T00:04:47.388000Z,2020-08-25T00:04:47.473000Z,485.053,85.0,480.0,39.141,0.0,0.0,0.0,23.422,9.676253,0.0,0.0,0.0
2020-08-25T00:04:49.387000Z,2020-08-25T00:04:49.573000Z,1604.554,186.0,474.0,38.59,0.0,0.0,0.0,23.422,9.603425,0.0,0.0,0.0
2020-08-25T00:04:51.388000Z,2020-08-25T00:04:51.827000Z,1808.884,439.0,480.0,35.361,0.0,0.0,0.0,23.422,8.936816,0.0,0.0,0.0
2020-08-25T00:04:53.388000Z,2020-08-25T00:04:53.621000Z,1765.551,233.0,452.0,34.342,0.0,0.0,0.0,23.422,9.704894,0.0,0.0,0.0
2020-08-25T00:04:55.392000Z,2020-08-25T00:04:55.727000Z,2948.682,335.0,452.0,48.47,0.0,0.0,0.0,23.422,0.352692,0.0,0.0,0.0
2020-08-25T00:04:57.388000Z,2020-08-25T00:04:57.691000Z,2498.19,303.0,479.0,39.862,0.0,0.0,0.0,23.422,2.309168,0.0,0.0,0.0
2020-08-25T00:04:59.389000Z,2020-08-25T00:04:59.617000Z,1764.969,228.0,484.0,45.441,0.0,0.0,0.0,23.422,5.300587,0.0,0.0,0.0
2020-08-25T00:05:01.388000Z,2020-08-25T00:05:01.577000Z,1709.085,189.0,432.0,41.539,0.0,0.0,0.0,23.422,2.45205,0.0,0.0,0.0
2020-08-25T00:05:03.387000Z,2020-08-25T00:05:03.551000Z,1258.538,164.0,464.0,41.189,0.0,0.0,0.0,23.422,9.715668,0.0,0.0,0.0
2020-08-25T00:05:05.388000Z,2020-08-25T00:05:05.625000Z,1869.605,237.0,484.0,40.2,0.0,0.0,0.0,23.422,6.089858,0.0,0.0,0.0
2020-08-25T00:05:07.388000Z,2020-08-25T00:05:07.641000Z,1937.973,253.0,484.0,49.114,0.0,0.0,0.0,23.422,2.684418,0.0,0.0,0.0
2020-08-25T00:05:09.386000Z,2020-08-25T00:05:09.551000Z,1183.34,165.0,488.0,44.445,0.0,0.0,0.0,23.422,4.06178,0.0,0.0,0.0
2020-08-25T00:05:11.396999Z,2020-08-25T00:05:11.601000Z,1625.493,204.0,494.0,38.425,0.0,0.0,0.0,23.422,3.286541,0.0,0.0,0.0
2020-08-25T00:05:13.388000Z,2020-08-25T00:05:13.559000Z,1404.316,171.0,448.0,43.274,0.0,0.0,0.0,23.422,3.94236,0.0,0.0,0.0
2020-08-25T00:05:15.391000Z,2020-08-25T00:05:15.665000Z,2272.842,274.0,448.0,38.531,0.0,0.0,0.0,23.422,6.954847,0.0,0.0,0.0
2020-08-25T00:05:17.388000Z,2020-08-25T00:05:17.669000Z,2140.51,281.0,440.0,37.224,0.0,0.0,0.0,23.422,10.493434,0.0,0.0,0.0
2020-08-25T00:05:19.387000Z,2020-08-25T00:05:19.567000Z,1125.771,180.0,496.0,40.137,0.0,0.0,0.0,23.422,1.688633,0.0,0.0,0.0
2020-08-25T00:05:21.390000Z,2020-08-25T00:05:21.657000Z,1855.129,267.0,496.0,40.0,0.0,0.0,0.0,23.422,7.097202,0.0,0.0,0.0
2020-08-25T00:05:23.390000Z,2020-08-25T00:05:23.579000Z,1395.38,189.0,456.0,40.038,0.0,0.0,0.0,23.422,5.814107,0.0,0.0,0.0
2020-08-25T00:05:25.386000Z,2020-08-25T00:05:25.745000Z,1016.894,359.0,456.0,34.724,0.0,0.0,0.0,23.422,7.377914,0.0,0.0,0.0
2020-08-25T00:05:27.387000Z,2020-08-25T00:05:27.551000Z,1383.197,164.0,450.0,34.492,0.0,0.0,0.0,23.422,10.493089,0.0,0.0,0.0
2020-08-25T00:05:29.387000Z,2020-08-25T00:05:29.565000Z,1439.486,178.0,454.0,41.181,0.0,0.0,0.0,23.422,11.479228,0.0,0.0,0.0
2020-08-25T00:05:31.392000Z,2020-08-25T00:05:31.653000Z,2397.111,261.0,444.0,34.087,0.0,0.0,0.0,23.422,12.83199,0.0,0.0,0.0
2020-08-25T00:05:33.388000Z,2020-08-25T00:05:33.619000Z,1944.214,231.0,444.0,38.738,0.0,0.0,0.0,23.422,11.029272,0.0,0.0,0.0
2020-08-25T00:05:35.387000Z,2020-08-25T00:05:35.585000Z,1768.19,198.0,444.0,39.714,0.0,0.0,0.0,23.422,4.634354,0.0,0.0,0.0
2020-08-25T00:05:37.387000Z,2020-08-25T00:05:37.563000Z,1270.686,176.0,480.0,38.424,0.0,0.0,0.0,23.422,9.952946,0.0,0.0,0.0
2020-08-25T00:05:39.389000Z,2020-08-25T00:05:39.553000Z,1365.078,164.0,504.0,34.938,0.0,0.0,0.0,23.422,9.226024,0.0,0.0,0.0
2020-08-25T00:05:41.387000Z,2020-08-25T00:05:41.539000Z,1268.863,152.0,510.0,34.146,0.0,0.0,0.0,23.422,11.254002,0.0,0.0,0.0
2020-08-25T00:05:43.388000Z,2020-08-25T00:05:43.525000Z,1076.234,137.0,438.0,39.324,0.0,0.0,0.0,23.422,11.464971,0.0,0.0,0.0
2020-08-25T00:05:45.389000Z,2020-08-25T00:05:45.591000Z,1106.376,202.0,446.0,36.892,0.0,0.0,0.0,23.422,7.228592,0.0,0.0,0.0
2020-08-25T00:05:47.387000Z,2020-08-25T00:05:47.589000Z,1591.25,202.0,446.0,40.224,0.0,0.0,0.0,23.422,0.950577,0.0,0.0,0.0
2020-08-25T00:05:49.387000Z,2020-08-25T00:05:49.587000Z,1359.992,200.0,446.0,34.563,0.0,0.0,0.0,23.422,7.870514,0.0,0.0,0.0
2020-08-25T00:05:51.387000Z,2020-08-25T00:05:51.563000Z,1497.508,176.0,450.0,40.974,0.0,0.0,0.0,23.422,5.571893,0.0,0.0,0.0
2020-08-25T00:05:53.388000Z,2020-08-25T00:05:53.535000Z,823.517,147.0,454.0,39.255,0.0,0.0,0.0,23.422,7.778637,0.0,0.0,0.0
2020-08-25T00:05:55.389000Z,2020-08-25T00:05:55.571000Z,1280.635,182.0,455.0,43.857,0.0,0.0,0.0,23.422,0.828624,0.0,0.0,0.0
2020-08-25T00:05:57.386000Z,2020-08-25T00:05:57.559000Z,1038.087,173.0,476.0,44.755,0.0,0.0,0.0,23.422,3.038501,0.0,0.0,0.0
2020-08-25T00:05:59.386000Z,2020-08-25T00:05:59.515000Z,952.621,129.0,444.0,41.35,0.0,0.0,0.0,23.422,4.91293,0.0,0.0,0.0
2020-08-25T00:06:01.389000Z,2020-08-25T00:06:01.687000Z,2802.519,298.0,428.0,33.254,0.0,0.0,0.0,23.422,10.324734,0.0,0.0,0.0
2020-08-25T00:06:03.389000Z,2020-08-25T00:06:03.675000Z,2798.591,286.0,458.0,37.445,0.0,0.0,0.0,23.422,9.638669,0.0,0.0,0.0
2020-08-25T00:06:05.388000Z,2020-08-25T00:06:05.643000Z,2166.569,255.0,448.0,41.972,0.0,0.0,0.0,23.422,11.158122,0.0,0.0,0.0
2020-08-25T00:06:07.388000Z,2020-08-25T00:06:07.525000Z,1020.706,137.0,436.0,42.513,0.0,0.0,0.0,23.422,4.730565,0.0,0.0,0.0
2020-08-25T00:06:09.402000Z,2020-08-25T00:06:09.529000Z,960.053,127.0,442.0,39.265,0.0,0.0,0.0,23.422,11.496888,0.0,0.0,0.0
2020-08-25T00:06:11.386000Z,2020-08-25T00:06:11.749000Z,940.197,363.0,436.0,34.65,0.0,0.0,0.0,23.422,10.014824,0.0,0.0,0.0
2020-08-25T00:06:13.386000Z,2020-08-25T00:06:13.511000Z,927.526,125.0,512.0,32.516,0.0,0.0,0.0,23.422,10.002625,0.0,0.0,0.0
2020-08-25T00:06:15.636000Z,2020-08-25T00:06:15.785000Z,984.838,149.0,506.0,39.937,0.0,0.0,0.0,23.422,7.248581,0.0,0.0,0.0
2020-08-25T00:06:17.428000Z,2020-08-25T00:06:17.553000Z,672.42,125.0,510.0,40.799,0.0,0.0,0.0,23.422,2.419184,0.0,0.0,0.0
2020-08-25T00:06:19.635000Z,2020-08-25T00:06:19.703000Z,347.117,68.0,504.0,44.756,0.0,0.0,0.0,23.422,1.60726,0.0,0.0,0.0
2020-08-25T00:06:21.635000Z,2020-08-25T00:06:21.701000Z,328.703,66.0,500.0,36.818,0.0,0.0,0.0,23.422,6.191336,0.0,0.0,0.0
2020-08-25T00:06:23.636999Z,2020-08-25T00:06:23.735000Z,330.096,98.0,506.0,34.869,0.0,0.0,0.0,23.422,6.191336,0.0,0.0,0.0
2020-08-25T00:06:25.636000Z,2020-08-25T00:06:25.723000Z,592.289,87.0,438.0,39.42,0.0,0.0,0.0,23.422,0.337624,0.0,0.0,0.0
2020-08-25T00:06:27.640000Z,2020-08-25T00:06:27.847000Z,1869.751,207.0,446.0,32.366,0.0,0.0,0.0,23.422,10.708636,0.0,0.0,0.0
2020-08-25T00:06:29.638000Z,2020-08-25T00:06:30.117000Z,2182.516,479.0,450.0,32.921,0.0,0.0,0.0,23.422,10.671175,0.0,0.0,0.0
2020-08-25T00:06:31.636000Z,2020-08-25T00:06:31.751000Z,857.016,115.0,504.0,38.49,0.0,0.0,0.0,23.422,9.584706,0.0,0.0,0.0
2020-08-25T00:06:33.636000Z,2020-08-25T00:06:33.739000Z,776.127,103.0,460.0,33.477,0.0,0.0,0.0,23.422,10.098723,0.0,0.0,0.0
2020-08-25T00:06:35.636999Z,2020-08-25T00:06:35.813000Z,1277.871,176.0,460.0,35.05,0.0,0.0,0.0,23.422,9.909042,0.0,0.0,0.0
2020-08-25T00:06:37.636000Z,2020-08-25T00:06:37.709000Z,419.832,73.0,470.0,39.134,0.0,0.0,0.0,23.422,2.621717,0.0,0.0,0.0
2020-08-25T00:06:39.646000Z,2020-08-25T00:06:39.713000Z,383.729,67.0,470.0,35.352,0.0,0.0,0.0,23.422,9.180624,0.0,0.0,0.0
2020-08-25T00:06:41.437000Z,2020-08-25T00:06:41.507000Z,374.608,70.0,470.0,33.663,0.0,0.0,0.0,23.422,9.180624,0.0,0.0,0.0
2020-08-25T00:06:43.635000Z,2020-08-25T00:06:43.777999Z,373.45,143.0,470.0,39.771,0.0,0.0,0.0,23.422,9.180624,0.0,0.0,0.0
2020-08-25T00:06:45.638000Z,2020-08-25T00:06:45.709000Z,396.595,71.0,4.0,40.588,0.0,0.0,0.0,23.422,9.180624,0.0,0.0,0.0
2020-08-25T00:06:47.635000Z,2020-08-25T00:06:47.705000Z,382.096,70.0,554.0,32.702,0.0,0.0,0.0,23.422,9.180624,0.0,0.0,0.0
2020-08-25T00:06:49.635000Z,2020-08-25T00:06:49.701000Z,389.674,66.0,564.0,37.032,0.0,0.0,0.0,23.422,9.180624,0.0,0.0,0.0
2020-08-25T00:06:51.635000Z,2020-08-25T00:06:51.707000Z,383.691,72.0,558.0,32.82,0.0,0.0,0.0,23.422,9.180624,0.0,0.0,0.0
2020-08-25T00:06:53.635000Z,2020-08-25T00:06:53.831000Z,390.276,196.0,558.0,40.501,0.0,0.0,0.0,23.422,9.180624,0.0,0.0,0.0
2020-08-25T00:06:55.635000Z,2020-08-25T00:06:56.093000Z,382.191,458.0,26.0,42.925,0.0,0.0,0.0,23.422,0.268262,0.0,0.0,0.0
2020-08-25T00:06:57.636000Z,2020-08-25T00:06:57.877000Z,388.064,241.0,76.0,32.994,0.0,0.0,0.0,23.422,1.500395,0.0,0.0,0.0
2020-08-25T00:06:59.635000Z,2020-08-25T00:06:59.831000Z,383.572,196.0,96.0,32.428,0.0,0.0,0.0,23.422,1.998044,0.0,0.0,0.0
2020-08-25T00:07:01.640000Z,2020-08-25T00:07:01.807000Z,383.134,167.0,102.0,30.905,0.0,0.0,0.0,23.422,2.495574,0.0,0.0,0.0
2020-08-25T00:07:03.635000Z,2020-08-25T00:07:03.781000Z,381.299,146.0,118.0,30.38,0.0,0.0,0.0,23.283,2.101591,0.0,0.0,0.0
2020-08-25T00:07:05.444000Z,2020-08-25T00:07:05.621000Z,503.389,177.0,126.0,32.49,0.0,0.0,0.0,23.283,3.460164,0.0,0.0,0.0
2020-08-25T00:07:07.636999Z,2020-08-25T00:07:07.939000Z,1210.33,302.0,130.0,33.128,0.0,0.0,0.0,23.283,3.166341,0.0,0.0,0.0
2020-08-25T00:07:09.635000Z,2020-08-25T00:07:09.739000Z,383.688,104.0,194.0,30.988,0.0,0.0,0.0,23.137,4.092814,0.0,0.0,0.0
2020-08-25T00:07:11.636999Z,2020-08-25T00:07:11.865000Z,1274.651,228.0,218.0,29.974,0.0,0.0,0.0,23.137,4.258414,0.0,0.0,0.0
2020-08-25T00:07:13.633999Z,2020-08-25T00:07:13.729000Z,390.339,95.0,270.0,30.794,0.0,0.0,0.0,23.137,6.732646,0.0,0.0,0.0
2020-08-25T00:07:15.635000Z,2020-08-25T00:07:15.715000Z,356.541,80.0,274.0,31.683,0.0,0.0,0.0,23.137,5.754479,0.0,0.0,0.0
2020-08-25T00:07:17.636999Z,2020-08-25T00:07:17.717000Z,352.929,80.0,272.0,33.235,0.0,0.0,0.0,23.137,6.916153,0.0,0.0,0.0
2020-08-25T00:07:19.635000Z,2020-08-25T00:07:19.763000Z,751.501,128.0,274.0,32.479,0.0,0.0,0.0,23.137,6.965214,0.0,0.0,0.0
2020-08-25T00:07:21.638000Z,2020-08-25T00:07:21.761000Z,862.503,123.0,346.0,31.233,0.0,0.0,0.0,23.137,6.836628,0.0,0.0,0.0
2020-08-25T00:07:23.636000Z,2020-08-25T00:07:23.727000Z,641.934,91.0,360.0,31.453,0.0,0.0,0.0,23.137,7.691787,0.0,0.0,0.0
2020-08-25T00:07:25.644000Z,2020-08-25T00:07:25.773000Z,673.46,129.0,464.0,31.817,0.0,0.0,0.0,23.137,10.351428,0.0,0.0,0.0
2020-08-25T00:07:27.636000Z,2020-08-25T00:07:27.793000Z,631.26,157.0,465.0,46.966,0.0,0.0,0.0,23.137,1.117697,0.0,0.0,0.0
2020-08-25T00:07:29.635000Z,2020-08-25T00:07:29.756000Z,671.152,121.0,464.0,33.403,0.0,0.0,0.0,23.137,2.107132,0.0,0.0,0.0
2020-08-25T00:07:31.636000Z,2020-08-25T00:07:31.759000Z,587.734,123.0,408.0,40.672,0.0,0.0,0.0,23.137,1.473337,0.0,0.0,0.0
2020-08-25T00:07:33.633999Z,2020-08-25T00:07:33.731000Z,694.098,97.0,434.0,36.987,0.0,0.0,0.0,23.137,0.321807,0.0,0.0,0.0
2020-08-25T00:07:35.633999Z,2020-08-25T00:07:35.715000Z,465.11,81.0,434.0,32.319,0.0,0.0,0.0,23.137,0.328865,0.0,0.0,0.0
2020-08-25T00:07:37.636000Z,2020-08-25T00:07:37.745999Z,432.798,110.0,434.0,35.763,0.0,0.0,0.0,23.137,9.884245,0.0,0.0,0.0
2020-08-25T00:07:39.636000Z,2020-08-25T00:07:39.739000Z,409.522,103.0,430.0,36.973,0.0,0.0,0.0,23.137,2.330102,0.0,0.0,0.0
2020-08-25T00:07:41.635000Z,2020-08-25T00:07:41.731000Z,655.634,96.0,424.0,37.165,0.0,0.0,0.0,23.137,2.415659,0.0,0.0,0.0
2020-08-25T00:07:43.633999Z,2020-08-25T00:07:43.733000Z,712.571,99.0,424.0,36.365,0.0,0.0,0.0,23.137,9.463322,0.0,0.0,0.0
2020-08-25T00:07:45.635000Z,2020-08-25T00:07:45.733000Z,720.506,98.0,460.0,32.534,0.0,0.0,0.0,23.137,12.301488,0.0,0.0,0.0
2020-08-25T00:07:47.644000Z,2020-08-25T00:07:47.740000Z,688.138,96.0,454.0,34.156,0.0,0.0,0.0,23.137,11.482563,0.0,0.0,0.0
2020-08-25T00:07:49.633999Z,2020-08-25T00:07:49.755000Z,689.224,121.0,452.0,35.216,0.0,0.0,0.0,23.137,11.536605,0.0,0.0,0.0
2020-08-25T00:07:51.633999Z,2020-08-25T00:07:51.825000Z,660.389,191.0,452.0,40.986,0.0,0.0,0.0,23.137,0.794218,0.0,0.0,0.0
2020-08-25T00:07:53.633999Z,2020-08-25T00:07:53.723000Z,588.449,89.0,456.0,33.08,0.0,0.0,0.0,23.137,2.136447,0.0,0.0,0.0
2020-08-25T00:07:55.636999Z,2020-08-25T00:07:55.718000Z,543.869,81.0,450.0,39.333,0.0,0.0,0.0,23.137,10.809386,0.0,0.0,0.0
2020-08-25T00:07:57.633999Z,2020-08-25T00:07:57.749000Z,555.159,115.0,426.0,36.137,0.0,0.0,0.0,23.137,9.7601,0.0,0.0,0.0
2020-08-25T00:07:59.633999Z,2020-08-25T00:07:59.735000Z,361.832,101.0,432.0,32.582,0.0,0.0,0.0,23.137,3.264462,0.0,0.0,0.0
2020-08-25T00:08:01.635000Z,2020-08-25T00:08:01.702000Z,368.44,67.0,526.0,38.312,0.0,0.0,0.0,23.137,0.410296,0.0,0.0,0.0
2020-08-25T00:08:03.633999Z,2020-08-25T00:08:03.703000Z,388.441,69.0,418.0,33.076,0.0,0.0,0.0,23.137,6.219538,0.0,0.0,0.0
2020-08-25T00:08:05.633999Z,2020-08-25T00:08:05.702000Z,399.776,68.0,424.0,33.401,0.0,0.0,0.0,23.137,6.219538,0.0,0.0,0.0
2020-08-25T00:08:07.636000Z,2020-08-25T00:08:07.705000Z,411.309,69.0,424.0,37.187,0.0,0.0,0.0,23.137,10.440331,0.0,0.0,0.0
2020-08-25T00:08:09.633999Z,2020-08-25T00:08:09.707000Z,410.118,73.0,418.0,34.187,0.0,0.0,0.0,23.137,10.440331,0.0,0.0,0.0
2020-08-25T00:08:11.636000Z,2020-08-25T00:08:11.785000Z,359.751,149.0,374.0,34.766,0.0,0.0,0.0,23.137,10.84964,0.0,0.0,0.0
2020-08-25T00:08:13.633999Z,2020-08-25T00:08:13.737999Z,373.811,104.0,376.0,34.103,0.0,0.0,0.0,23.137,1.93757,0.0,0.0,0.0
2020-08-25T00:08:15.633999Z,2020-08-25T00:08:15.701000Z,336.752,67.0,468.0,37.197,0.0,0.0,0.0,23.137,3.027032,0.0,0.0,0.0
2020-08-25T00:08:17.633999Z,2020-08-25T00:08:17.701000Z,344.837,67.0,470.0,32.319,0.0,0.0,0.0,23.137,5.412242,0.0,0.0,0.0
2020-08-25T00:08:19.633999Z,2020-08-25T00:08:19.719000Z,552.805,85.0,470.0,32.545,0.0,0.0,0.0,23.137,5.619198,0.0,0.0,0.0
2020-08-25T00:08:21.638000Z,2020-08-25T00:08:21.694000Z,253.015,56.0,486.0,35.279,0.0,0.0,0.0,23.137,11.260681,0.0,0.0,0.0
2020-08-25T00:08:23.633999Z,2020-08-25T00:08:23.683000Z,182.467,49.0,482.0,33.193,0.0,0.0,0.0,23.137,11.260681,0.0,0.0,0.0
2020-08-25T00:08:25.636000Z,2020-08-25T00:08:25.685000Z,149.093,49.0,482.0,33.082,0.0,0.0,0.0,23.137,11.260681,0.0,0.0,0.0
2020-08-25T00:08:27.635000Z,2020-08-25T00:08:27.683000Z,144.61,48.0,482.0,32.259,0.0,0.0,0.0,23.137,11.260681,0.0,0.0,0.0
2020-08-25T00:08:29.635000Z,2020-08-25T00:08:29.683000Z,154.001,48.0,482.0,32.195,0.0,0.0,0.0,23.137,11.260681,0.0,0.0,0.0
2020-08-25T00:08:31.633999Z,2020-08-25T00:08:31.737999Z,729.617,104.0,482.0,35.599,0.0,0.0,0.0,23.137,11.260681,0.0,0.0,0.0
2020-08-25T00:08:33.633999Z,2020-08-25T00:08:33.713000Z,488.415,79.0,506.0,31.658,0.0,0.0,0.0,23.137,10.229123,0.0,0.0,0.0
2020-08-25T00:08:35.638000Z,2020-08-25T00:08:35.713999Z,494.776,76.0,506.0,35.323,0.0,0.0,0.0,23.137,9.584706,0.0,0.0,0.0
2020-08-25T00:08:37.636000Z,2020-08-25T00:08:37.719000Z,545.93,83.0,432.0,33.549,0.0,0.0,0.0,23.137,10.658041,0.0,0.0,0.0
2020-08-25T00:08:39.639000Z,2020-08-25T00:08:39.761000Z,559.237,122.0,462.0,33.847,0.0,0.0,0.0,23.137,11.168831,0.0,0.0,0.0
2020-08-25T00:08:41.633999Z,2020-08-25T00:08:41.745000Z,448.837,111.0,462.0,33.575,0.0,0.0,0.0,23.137,2.06839,0.0,0.0,0.0
2020-08-25T00:08:43.633999Z,2020-08-25T00:08:43.720000Z,462.803,86.0,462.0,42.5,0.0,0.0,0.0,23.137,1.669017,0.0,0.0,0.0
2020-08-25T00:08:45.633999Z,2020-08-25T00:08:45.707000Z,457.747,73.0,462.0,40.684,0.0,0.0,0.0,23.137,7.864878,0.0,0.0,0.0
2020-08-25T00:08:47.636000Z,2020-08-25T00:08:47.713999Z,454.221,78.0,468.0,34.242,0.0,0.0,0.0,23.137,10.49185,0.0,0.0,0.0
2020-08-25T00:08:49.633999Z,2020-08-25T00:08:49.707000Z,443.981,73.0,498.0,39.144,0.0,0.0,0.0,23.137,10.603905,0.0,0.0,0.0
2020-08-25T00:08:51.636000Z,2020-08-25T00:08:51.708000Z,436.883,72.0,412.0,31.775,0.0,0.0,0.0,23.137,10.999933,0.0,0.0,0.0
2020-08-25T00:08:53.633999Z,2020-08-25T00:08:53.747000Z,687.588,113.0,406.0,35.387,0.0,0.0,0.0,23.137,10.571859,0.0,0.0,0.0
2020-08-25T00:08:55.633999Z,2020-08-25T00:08:55.721000Z,595.08,87.0,406.0,37.101,0.0,0.0,0.0,23.137,7.467717,0.0,0.0,0.0
2020-08-25T00:08:57.633999Z,2020-08-25T00:08:57.705999Z,404.535,72.0,448.0,31.605,0.0,0.0,0.0,23.137,9.594635,0.0,0.0,0.0
2020-08-25T00:08:59.633999Z,2020-08-25T00:08:59.731000Z,525.78,97.0,448.0,41.086,0.0,0.0,0.0,23.137,9.594635,0.0,0.0,0.0
2020-08-25T00:09:01.633999Z,2020-08-25T00:09:01.749000Z,541.947,115.0,440.0,36.991,0.0,0.0,0.0,23.137,6.149267,0.0,0.0,0.0
2020-08-25T00:09:03.633999Z,2020-08-25T00:09:03.725000Z,604.934,91.0,442.0,38.776,0.0,0.0,0.0,23.137,0.188513,0.0,0.0,0.0
2020-08-25T00:09:05.633999Z,2020-08-25T00:09:05.965000Z,532.087,331.0,440.0,32.908,0.0,0.0,0.0,23.137,11.485742,0.0,0.0,0.0
2020-08-25T00:09:07.635000Z,2020-08-25T00:09:07.719000Z,557.118,84.0,448.0,31.65,0.0,0.0,0.0,23.137,10.644869,0.0,0.0,0.0
2020-08-25T00:09:09.633999Z,2020-08-25T00:09:09.719000Z,561.987,85.0,422.0,31.942,0.0,0.0,0.0,23.137,10.453144,0.0,0.0,0.0
2020-08-25T00:09:11.633999Z,2020-08-25T00:09:11.717000Z,568.264,83.0,440.0,33.375,0.0,0.0,0.0,23.137,11.385133,0.0,0.0,0.0
2020-08-25T00:09:13.633999Z,2020-08-25T00:09:13.721000Z,576.744,87.0,434.0,34.24,0.0,0.0,0.0,23.137,10.387409,0.0,0.0,0.0
2020-08-25T00:09:15.633999Z,2020-08-25T00:09:15.785000Z,541.617,151.0,430.0,31.895,0.0,0.0,0.0,23.137,10.228673,0.0,0.0,0.0
2020-08-25T00:09:17.633999Z,2020-08-25T00:09:17.744000Z,572.32,110.0,436.0,40.32,0.0,0.0,0.0,23.137,0.242952,0.0,0.0,0.0
2020-08-25T00:09:19.633999Z,2020-08-25T00:09:19.719000Z,576.665,85.0,430.0,39.346,0.0,0.0,0.0,23.137,3.044396,0.0,0.0,0.0
2020-08-25T00:09:21.638000Z,2020-08-25T00:09:21.739000Z,532.875,101.0,462.0,34.521,0.0,0.0,0.0,23.137,11.453035,0.0,0.0,0.0
2020-08-25T00:09:23.633999Z,2020-08-25T00:09:23.729000Z,577.868,95.0,462.0,44.33,0.0,0.0,0.0,23.137,5.930676,0.0,0.0,0.0
2020-08-25T00:09:25.636000Z,2020-08-25T00:09:25.747000Z,593.033,111.0,462.0,38.933,0.0,0.0,0.0,23.137,10.436795,0.0,0.0,0.0
2020-08-25T00:09:27.633999Z,2020-08-25T00:09:27.723000Z,599.06,89.0,470.0,40.38,0.0,0.0,0.0,23.137,1.407643,0.0,0.0,0.0
2020-08-25T00:09:29.633999Z,2020-08-25T00:09:29.719000Z,546.547,85.0,470.0,33.772,0.0,0.0,0.0,23.137,11.637875,0.0,0.0,0.0
2020-08-25T00:09:31.633999Z,2020-08-25T00:09:31.723000Z,637.406,89.0,444.0,39.098,0.0,0.0,0.0,23.137,10.794215,0.0,0.0,0.0
2020-08-25T00:09:33.633999Z,2020-08-25T00:09:33.723000Z,652.951,89.0,458.0,35.167,0.0,0.0,0.0,23.137,11.181036,0.0,0.0,0.0
2020-08-25T00:09:35.636000Z,2020-08-25T00:09:35.715000Z,480.947,79.0,472.0,33.056,0.0,0.0,0.0,23.137,10.850759,0.0,0.0,0.0
2020-08-25T00:09:37.636000Z,2020-08-25T00:09:37.697000Z,248.733,61.0,4.0,39.084,0.0,0.0,0.0,23.137,10.99779,0.0,0.0,0.0
2020-08-25T00:09:39.633999Z,2020-08-25T00:09:39.747000Z,247.346,113.0,494.0,35.219,0.0,0.0,0.0,23.137,10.99779,0.0,0.0,0.0
2020-08-25T00:09:41.633999Z,2020-08-25T00:09:41.697000Z,248.513,63.0,488.0,41.89,0.0,0.0,0.0,23.137,0.221391,0.0,0.0,0.0
2020-08-25T00:09:43.633999Z,2020-08-25T00:09:43.697000Z,252.75,63.0,488.0,38.791,0.0,0.0,0.0,23.137,4.486737,0.0,0.0,0.0
2020-08-25T00:09:45.633999Z,2020-08-25T00:09:45.689000Z,254.949,55.0,488.0,35.676,0.0,0.0,0.0,23.137,5.73262,0.0,0.0,0.0
2020-08-25T00:09:47.636000Z,2020-08-25T00:09:47.696000Z,246.985,60.0,488.0,35.319,0.0,0.0,0.0,23.137,5.73262,0.0,0.0,0.0
2020-08-25T00:09:49.633999Z,2020-08-25T00:09:49.689000Z,253.176,55.0,494.0,33.038,0.0,0.0,0.0,23.137,5.73262,0.0,0.0,0.0
2020-08-25T00:09:51.633999Z,2020-08-25T00:09:51.691000Z,255.174,57.0,580.0,35.744,0.0,0.0,0.0,23.137,5.73262,0.0,0.0,0.0
2020-08-25T00:09:53.633999Z,2020-08-25T00:09:53.696000Z,263.772,62.0,566.0,32.933,0.0,0.0,0.0,23.137,5.73262,0.0,0.0,0.0
2020-08-25T00:09:55.633999Z,2020-08-25T00:09:55.726000Z,271.795,92.0,566.0,41.413,0.0,0.0,0.0,23.137,5.73262,0.0,0.0,0.0
2020-08-25T00:09:57.633999Z,2020-08-25T00:09:57.779000Z,277.857,145.0,110.0,38.485,0.0,0.0,0.0,23.137,1.936247,0.0,0.0,0.0
2020-08-25T00:09:59.633999Z,2020-08-25T00:09:59.764000Z,251.876,130.0,110.0,33.453,0.0,0.0,0.0,23.137,2.193411,0.0,0.0,0.0
2020-08-25T00:10:01.638000Z,2020-08-25T00:10:01.837000Z,510.045,199.0,130.0,34.906,0.0,0.0,0.0,23.137,2.136343,0.0,0.0,0.0
2020-08-25T00:10:03.633999Z,2020-08-25T00:10:03.757000Z,279.292,123.0,138.0,33.468,0.0,0.0,0.0,23.137,3.243733,0.0,0.0,0.0
2020-08-25T00:10:05.633999Z,2020-08-25T00:10:05.737999Z,252.761,104.0,124.0,31.819,0.0,0.0,0.0,23.137,1.957012,0.0,0.0,0.0
2020-08-25T00:10:07.636999Z,2020-08-25T00:10:07.877000Z,768.793,240.0,126.0,31.227,0.0,0.0,0.0,23.137,3.085146,0.0,0.0,0.0
2020-08-25T00:10:09.635000Z,2020-08-25T00:10:09.827000Z,724.304,192.0,158.0,31.799,0.0,0.0,0.0,23.137,4.549666,0.0,0.0,0.0
2020-08-25T00:10:11.635000Z,2020-08-25T00:10:11.841000Z,1007.402,206.0,182.0,31.72,0.0,0.0,0.0,23.137,3.40213,0.0,0.0,0.0
2020-08-25T00:10:13.635000Z,2020-08-25T00:10:13.859000Z,1256.972,224.0,236.0,32.206,0.0,0.0,0.0,23.137,4.998025,0.0,0.0,0.0
2020-08-25T00:10:15.635000Z,2020-08-25T00:10:15.805000Z,1203.699,170.0,289.0,32.375,0.0,0.0,0.0,23.137,5.047677,0.0,0.0,0.0
2020-08-25T00:10:17.636000Z,2020-08-25T00:10:17.773000Z,1051.074,137.0,352.0,31.29,0.0,0.0,0.0,23.137,8.631257,0.0,0.0,0.0
2020-08-25T00:10:19.636999Z,2020-08-25T00:10:19.757000Z,940.256,120.0,424.0,32.292,0.0,0.0,0.0,23.137,8.975409,0.0,0.0,0.0
2020-08-25T00:10:21.633999Z,2020-08-25T00:10:21.767000Z,772.06,133.0,438.0,35.884,0.0,0.0,0.0,23.137,10.018693,0.0,0.0,0.0
2020-08-25T00:10:23.635000Z,2020-08-25T00:10:23.781000Z,827.13,146.0,438.0,41.204,0.0,0.0,0.0,23.137,2.495726,0.0,0.0,0.0
2020-08-25T00:10:25.639000Z,2020-08-25T00:10:25.799000Z,782.848,160.0,4.0,39.897,0.0,0.0,0.0,23.137,9.088498,0.0,0.0,0.0
2020-08-25T00:10:27.887000Z,2020-08-25T00:10:27.977000Z,607.682,90.0,476.0,37.478,0.0,0.0,0.0,23.137,2.454971,0.0,0.0,0.0
2020-08-25T00:10:29.885000Z,2020-08-25T00:10:30.020000Z,656.248,135.0,456.0,34.943,0.0,0.0,0.0,23.137,9.578813,0.0,0.0,0.0
2020-08-25T00:10:31.677000Z,2020-08-25T00:10:31.789000Z,829.221,112.0,440.0,43.36,0.0,0.0,0.0,23.137,2.427815,0.0,0.0,0.0
2020-08-25T00:10:33.884000Z,2020-08-25T00:10:34.017000Z,712.647,133.0,442.0,40.001,0.0,0.0,0.0,23.137,11.517354,0.0,0.0,0.0
2020-08-25T00:10:35.888000Z,2020-08-25T00:10:35.996000Z,807.392,108.0,437.0,46.786,0.0,0.0,0.0,23.137,0.894729,0.0,0.0,0.0
2020-08-25T00:10:37.887000Z,2020-08-25T00:10:38.005000Z,647.129,118.0,460.0,34.731,0.0,0.0,0.0,23.137,9.921608,0.0,0.0,0.0
2020-08-25T00:10:39.884000Z,2020-08-25T00:10:39.975000Z,638.518,91.0,450.0,40.649,0.0,0.0,0.0,23.137,1.184816,0.0,0.0,0.0
2020-08-25T00:10:41.888000Z,2020-08-25T00:10:41.977000Z,605.475,89.0,460.0,32.323,0.0,0.0,0.0,23.137,11.468888,0.0,0.0,0.0
2020-08-25T00:10:43.884000Z,2020-08-25T00:10:43.981000Z,689.683,97.0,450.0,37.56,0.0,0.0,0.0,23.137,11.801851,0.0,0.0,0.0
2020-08-25T00:10:45.884000Z,2020-08-25T00:10:45.975000Z,625.554,91.0,448.0,35.868,0.0,0.0,0.0,23.137,11.155454,0.0,0.0,0.0
2020-08-25T00:10:47.884000Z,2020-08-25T00:10:47.965000Z,554.551,81.0,454.0,33.631,0.0,0.0,0.0,23.137,10.066188,0.0,0.0,0.0
2020-08-25T00:10:49.885000Z,2020-08-25T00:10:50.003000Z,611.939,118.0,552.0,38.458,0.0,0.0,0.0,23.137,10.68505,0.0,0.0,0.0
2020-08-25T00:10:51.884000Z,2020-08-25T00:10:51.979000Z,629.962,95.0,462.0,41.112,0.0,0.0,0.0,23.137,2.530887,0.0,0.0,0.0
2020-08-25T00:10:53.884000Z,2020-08-25T00:10:54.007000Z,622.065,123.0,438.0,42.516,0.0,0.0,0.0,23.137,10.521027,0.0,0.0,0.0
2020-08-25T00:10:55.680000Z,2020-08-25T00:10:55.779000Z,614.676,99.0,432.0,36.026,0.0,0.0,0.0,23.137,2.429137,0.0,0.0,0.0
2020-08-25T00:10:57.888000Z,2020-08-25T00:10:57.987000Z,640.523,99.0,425.0,37.782,0.0,0.0,0.0,23.137,10.617573,0.0,0.0,0.0
2020-08-25T00:10:59.884000Z,2020-08-25T00:10:59.976000Z,637.402,92.0,419.0,38.446,0.0,0.0,0.0,23.137,9.648822,0.0,0.0,0.0
2020-08-25T00:11:01.884000Z,2020-08-25T00:11:01.979000Z,656.141,95.0,416.0,36.389,0.0,0.0,0.0,23.137,10.763981,0.0,0.0,0.0
2020-08-25T00:11:03.885000Z,2020-08-25T00:11:03.977000Z,638.815,92.0,476.0,34.584,0.0,0.0,0.0,23.137,10.550286,0.0,0.0,0.0
2020-08-25T00:11:05.884000Z,2020-08-25T00:11:06.009999Z,639.302,126.0,470.0,32.518,0.0,0.0,0.0,23.137,12.334155,0.0,0.0,0.0
2020-08-25T00:11:07.884000Z,2020-08-25T00:11:07.999000Z,619.218,115.0,471.0,38.701,0.0,0.0,0.0,23.137,1.444614,0.0,0.0,0.0
2020-08-25T00:11:09.882000Z,2020-08-25T00:11:10.001000Z,660.941,119.0,470.0,41.267,0.0,0.0,0.0,23.137,0.722207,0.0,0.0,0.0
2020-08-25T00:11:11.886000Z,2020-08-25T00:11:12.015000Z,738.021,129.0,424.0,33.476,0.0,0.0,0.0,23.137,2.121756,0.0,0.0,0.0
2020-08-25T00:11:13.882000Z,2020-08-25T00:11:13.985000Z,766.324,103.0,524.0,44.237,0.0,0.0,0.0,23.137,2.490556,0.0,0.0,0.0
2020-08-25T00:11:15.884000Z,2020-08-25T00:11:16.017000Z,710.399,133.0,442.0,32.97,0.0,0.0,0.0,23.137,9.91373,0.0,0.0,0.0
2020-08-25T00:11:17.884000Z,2020-08-25T00:11:18.023000Z,748.838,139.0,442.0,43.822,0.0,0.0,0.0,23.137,0.877783,0.0,0.0,0.0
2020-08-25T00:11:19.884000Z,2020-08-25T00:11:19.983000Z,694.03,99.0,446.0,41.182,0.0,0.0,0.0,23.137,2.609428,0.0,0.0,0.0
2020-08-25T00:11:21.882000Z,2020-08-25T00:11:21.969999Z,619.179,88.0,404.0,35.098,0.0,0.0,0.0,23.137,10.466463,0.0,0.0,0.0
2020-08-25T00:11:23.884000Z,2020-08-25T00:11:23.976000Z,664.892,92.0,414.0,34.912,0.0,0.0,0.0,23.137,10.256614,0.0,0.0,0.0
2020-08-25T00:11:25.884000Z,2020-08-25T00:11:25.973000Z,605.022,89.0,422.0,33.855,0.0,0.0,0.0,23.137,10.976068,0.0,0.0,0.0
2020-08-25T00:11:27.884000Z,2020-08-25T00:11:27.983000Z,687.002,99.0,426.0,32.467,0.0,0.0,0.0,23.137,8.038846,0.0,0.0,0.0
2020-08-25T00:11:29.882000Z,2020-08-25T00:11:29.977000Z,606.133,95.0,426.0,32.74,0.0,0.0,0.0,23.137,10.340191,0.0,0.0,0.0
2020-08-25T00:11:31.882000Z,2020-08-25T00:11:31.975000Z,598.901,93.0,432.0,42.494,0.0,0.0,0.0,23.137,10.289193,0.0,0.0,0.0
2020-08-25T00:11:33.883000Z,2020-08-25T00:11:33.996000Z,618.952,113.0,426.0,37.456,0.0,0.0,0.0,23.137,9.030307,0.0,0.0,0.0
2020-08-25T00:11:35.884000Z,2020-08-25T00:11:36.015000Z,591.715,131.0,432.0,33.494,0.0,0.0,0.0,23.137,4.338619,0.0,0.0,0.0
2020-08-25T00:11:37.882000Z,2020-08-25T00:11:37.979000Z,661.097,97.0,520.0,49.732,0.0,0.0,0.0,23.137,1.987056,0.0,0.0,0.0
2020-08-25T00:11:39.893000Z,2020-08-25T00:11:40.021000Z,1046.778,128.0,442.0,35.539,0.0,0.0,0.0,23.137,10.938179,0.0,0.0,0.0
2020-08-25T00:11:41.883000Z,2020-08-25T00:11:42.029000Z,1189.631,146.0,428.0,33.64,0.0,0.0,0.0,23.137,10.711665,0.0,0.0,0.0
2020-08-25T00:11:43.885000Z,2020-08-25T00:11:44.015000Z,1062.159,130.0,442.0,37.934,0.0,0.0,0.0,23.137,9.564393,0.0,0.0,0.0
2020-08-25T00:11:45.886000Z,2020-08-25T00:11:45.981000Z,681.003,95.0,448.0,34.541,0.0,0.0,0.0,23.137,10.062323,0.0,0.0,0.0
2020-08-25T00:11:47.884000Z,2020-08-25T00:11:48.005000Z,676.373,121.0,448.0,36.372,0.0,0.0,0.0,23.137,9.754755,0.0,0.0,0.0
2020-08-25T00:11:49.884000Z,2020-08-25T00:11:50.017000Z,720.088,133.0,452.0,37.325,0.0,0.0,0.0,23.137,2.484091,0.0,0.0,0.0
2020-08-25T00:11:51.882000Z,2020-08-25T00:11:51.937000Z,242.294,55.0,453.0,41.699,0.0,0.0,0.0,23.137,0.286239,0.0,0.0,0.0
2020-08-25T00:11:53.884000Z,2020-08-25T00:11:53.945000Z,246.614,61.0,462.0,33.597,0.0,0.0,0.0,23.137,4.843034,0.0,0.0,0.0
2020-08-25T00:11:55.883000Z,2020-08-25T00:11:55.937999Z,243.06,55.0,462.0,38.56,0.0,0.0,0.0,23.137,4.843034,0.0,0.0,0.0
2020-08-25T00:11:57.881000Z,2020-08-25T00:11:57.972000Z,259.487,91.0,462.0,36.274,0.0,0.0,0.0,23.137,4.843034,0.0,0.0,0.0
2020-08-25T00:11:59.885000Z,2020-08-25T00:11:59.947000Z,276.818,62.0,410.0,33.705,0.0,0.0,0.0,23.137,2.056917,0.0,0.0,0.0
2020-08-25T00:12:01.884000Z,2020-08-25T00:12:01.967000Z,541.18,83.0,516.0,33.981,0.0,0.0,0.0,23.137,4.994358,0.0,0.0,0.0
2020-08-25T00:12:03.882000Z,2020-08-25T00:12:03.973000Z,611.161,91.0,474.0,34.365,0.0,0.0,0.0,23.137,11.202811,0.0,0.0,0.0
2020-08-25T00:12:05.882000Z,2020-08-25T00:12:05.969000Z,589.016,87.0,484.0,37.258,0.0,0.0,0.0,23.137,10.8321,0.0,0.0,0.0
2020-08-25T00:12:07.884000Z,2020-08-25T00:12:08.033000Z,587.606,149.0,436.0,33.018,0.0,0.0,0.0,23.137,10.168252,0.0,0.0,0.0
2020-08-25T00:12:09.884000Z,2020-08-25T00:12:09.971000Z,568.764,87.0,428.0,37.015,0.0,0.0,0.0,23.314,0.824639,0.0,0.0,0.0
2020-08-25T00:12:11.882000Z,2020-08-25T00:12:11.995000Z,587.638,113.0,426.0,38.152,0.0,0.0,0.0,23.314,9.305501,0.0,0.0,0.0
2020-08-25T00:12:13.888000Z,2020-08-25T00:12:13.973000Z,538.036,85.0,426.0,38.586,0.0,0.0,0.0,23.314,3.728334,0.0,0.0,0.0
2020-08-25T00:12:15.882000Z,2020-08-25T00:12:15.989000Z,564.54,107.0,454.0,34.919,0.0,0.0,0.0,23.314,8.913197,0.0,0.0,0.0
2020-08-25T00:12:17.883000Z,2020-08-25T00:12:18.221000Z,697.799,338.0,448.0,32.85,0.0,0.0,0.0,23.314,4.821112,0.0,0.0,0.0
2020-08-25T00:12:19.884000Z,2020-08-25T00:12:19.989000Z,665.404,105.0,505.0,34.034,0.0,0.0,0.0,23.314,11.705861,0.0,0.0,0.0
2020-08-25T00:12:21.887000Z,2020-08-25T00:12:21.999000Z,880.224,112.0,436.0,41.487,0.0,0.0,0.0,23.314,10.26476,0.0,0.0,0.0
2020-08-25T00:12:23.883000Z,2020-08-25T00:12:24.041000Z,1390.319,158.0,416.0,32.59,0.0,0.0,0.0,23.314,9.778913,0.0,0.0,0.0
2020-08-25T00:12:25.887000Z,2020-08-25T00:12:26.000000Z,899.502,113.0,444.0,38.569,0.0,0.0,0.0,23.314,9.121855,0.0,0.0,0.0
2020-08-25T00:12:27.885000Z,2020-08-25T00:12:27.981000Z,682.323,96.0,442.0,32.527,0.0,0.0,0.0,23.314,10.067117,0.0,0.0,0.0
2020-08-25T00:12:29.884000Z,2020-08-25T00:12:29.975000Z,604.129,91.0,442.0,35.404,0.0,0.0,0.0,23.314,8.344249,0.0,0.0,0.0
2020-08-25T00:12:31.882000Z,2020-08-25T00:12:31.967000Z,555.564,85.0,448.0,33.862,0.0,0.0,0.0,23.314,9.358974,0.0,0.0,0.0
2020-08-25T00:12:33.882000Z,2020-08-25T00:12:33.961000Z,465.337,79.0,442.0,35.425,0.0,0.0,0.0,23.314,10.562756,0.0,0.0,0.0
2020-08-25T00:12:35.883000Z,2020-08-25T00:12:35.961000Z,466.842,78.0,428.0,41.373,0.0,0.0,0.0,23.314,9.495826,0.0,0.0,0.0
2020-08-25T00:12:37.882000Z,2020-08-25T00:12:37.989000Z,452.968,107.0,434.0,33.955,0.0,0.0,0.0,23.314,9.47118,0.0,0.0,0.0
2020-08-25T00:12:39.882000Z,2020-08-25T00:12:39.987000Z,462.186,105.0,428.0,39.239,0.0,0.0,0.0,23.314,1.822216,0.0,0.0,0.0
2020-08-25T00:12:41.889000Z,2020-08-25T00:12:41.983000Z,677.423,94.0,404.0,32.89,0.0,0.0,0.0,23.314,4.606859,0.0,0.0,0.0
2020-08-25T00:12:43.884000Z,2020-08-25T00:12:43.963000Z,504.885,79.0,520.0,37.099,0.0,0.0,0.0,23.314,11.879101,0.0,0.0,0.0
2020-08-25T00:12:45.884000Z,2020-08-25T00:12:45.951000Z,365.569,67.0,442.0,33.309,0.0,0.0,0.0,23.314,11.011967,0.0,0.0,0.0
2020-08-25T00:12:47.882000Z,2020-08-25T00:12:47.949000Z,339.476,67.0,442.0,33.983,0.0,0.0,0.0,23.314,11.011967,0.0,0.0,0.0
2020-08-25T00:12:49.884000Z,2020-08-25T00:12:49.955000Z,341.771,71.0,442.0,35.497,0.0,0.0,0.0,23.314,11.011967,0.0,0.0,0.0
2020-08-25T00:12:51.884000Z,2020-08-25T00:12:51.956000Z,368.396,72.0,442.0,32.947,0.0,0.0,0.0,23.314,11.011967,0.0,0.0,0.0
2020-08-25T00:12:53.882000Z,2020-08-25T00:12:53.999000Z,892.087,117.0,442.0,39.96,0.0,0.0,0.0,23.314,11.011967,0.0,0.0,0.0
2020-08-25T00:12:55.882000Z,2020-08-25T00:12:55.943000Z,316.591,61.0,432.0,39.215,0.0,0.0,0.0,23.314,9.962321,0.0,0.0,0.0
2020-08-25T00:12:57.889999Z,2020-08-25T00:12:58.069000Z,1594.967,179.0,432.0,34.868,0.0,0.0,0.0,23.314,9.962321,0.0,0.0,0.0
2020-08-25T00:12:59.883000Z,2020-08-25T00:13:00.051000Z,1214.455,168.0,438.0,33.487,0.0,0.0,0.0,23.314,10.90757,0.0,0.0,0.0
2020-08-25T00:13:01.885000Z,2020-08-25T00:13:02.055000Z,1116.926,170.0,438.0,41.009,0.0,0.0,0.0,23.314,2.455432,0.0,0.0,0.0
2020-08-25T00:13:03.886000Z,2020-08-25T00:13:04.061000Z,1215.28,175.0,440.0,42.613,0.0,0.0,0.0,23.314,1.267896,0.0,0.0,0.0
2020-08-25T00:13:05.883000Z,2020-08-25T00:13:06.017000Z,1067.793,134.0,444.0,38.061,0.0,0.0,0.0,23.314,2.525694,0.0,0.0,0.0
2020-08-25T00:13:07.883000Z,2020-08-25T00:13:08.065000Z,1319.138,182.0,438.0,39.117,0.0,0.0,0.0,23.314,10.318726,0.0,0.0,0.0
2020-08-25T00:13:09.883000Z,2020-08-25T00:13:10.006000Z,799.809,123.0,438.0,44.854,0.0,0.0,0.0,23.314,1.544104,0.0,0.0,0.0
2020-08-25T00:13:11.885000Z,2020-08-25T00:13:12.035000Z,1245.631,150.0,444.0,38.835,0.0,0.0,0.0,23.314,4.740768,0.0,0.0,0.0
2020-08-25T00:13:13.886000Z,2020-08-25T00:13:14.159000Z,2081.147,273.0,424.0,36.604,0.0,0.0,0.0,23.314,12.218927,0.0,0.0,0.0
2020-08-25T00:13:15.884000Z,2020-08-25T00:13:16.081000Z,1557.863,197.0,470.0,40.813,0.0,0.0,0.0,23.314,5.954865,0.0,0.0,0.0
2020-08-25T00:13:17.883000Z,2020-08-25T00:13:18.055000Z,1468.284,172.0,504.0,38.16,0.0,0.0,0.0,23.314,9.209634,0.0,0.0,0.0
2020-08-25T00:13:19.884000Z,2020-08-25T00:13:20.099000Z,1686.653,215.0,450.0,39.842,0.0,0.0,0.0,23.314,10.804728,0.0,0.0,0.0
2020-08-25T00:13:21.887000Z,2020-08-25T00:13:22.187000Z,2347.017,300.0,464.0,42.55,0.0,0.0,0.0,23.314,2.479025,0.0,0.0,0.0
2020-08-25T00:13:23.887000Z,2020-08-25T00:13:24.179000Z,2603.805,292.0,475.0,40.392,0.0,0.0,0.0,23.314,4.240854,0.0,0.0,0.0
2020-08-25T00:13:25.886000Z,2020-08-25T00:13:26.113000Z,2163.182,227.0,474.0,40.536,0.0,0.0,0.0,23.314,2.409776,0.0,0.0,0.0
2020-08-25T00:13:27.888000Z,2020-08-25T00:13:28.113000Z,1763.346,225.0,474.0,38.311,0.0,0.0,0.0,23.314,9.125,0.0,0.0,0.0
2020-08-25T00:13:29.884000Z,2020-08-25T00:13:30.071000Z,1714.054,187.0,474.0,39.883,0.0,0.0,0.0,23.314,2.485683,0.0,0.0,0.0
2020-08-25T00:13:31.886000Z,2020-08-25T00:13:32.079000Z,1799.15,193.0,476.0,37.882,0.0,0.0,0.0,23.314,11.444189,0.0,0.0,0.0
2020-08-25T00:13:33.882000Z,2020-08-25T00:13:33.959000Z,481.184,77.0,482.0,35.509,0.0,0.0,0.0,23.314,11.763875,0.0,0.0,0.0
2020-08-25T00:13:35.884000Z,2020-08-25T00:13:35.943000Z,266.293,59.0,478.0,34.426,0.0,0.0,0.0,23.314,8.550976,0.0,0.0,0.0
2020-08-25T00:13:37.883000Z,2020-08-25T00:13:38.017000Z,912.123,134.0,478.0,33.455,0.0,0.0,0.0,23.314,8.550976,0.0,0.0,0.0
2020-08-25T00:13:39.883000Z,2020-08-25T00:13:40.031000Z,1236.182,148.0,442.0,35.004,0.0,0.0,0.0,23.314,5.625459,0.0,0.0,0.0
2020-08-25T00:13:41.881000Z,2020-08-25T00:13:41.917000Z,19.642,36.0,476.0,37.258,0.0,0.0,0.0,23.314,12.979504,0.0,0.0,0.0
2020-08-25T00:13:43.886000Z,2020-08-25T00:13:43.941000Z,193.696,55.0,474.0,33.577,0.0,0.0,0.0,23.314,12.979504,0.0,0.0,0.0
2020-08-25T00:13:45.884000Z,2020-08-25T00:13:46.087000Z,1820.241,203.0,474.0,33.493,0.0,0.0,0.0,23.314,12.979504,0.0,0.0,0.0
2020-08-25T00:13:47.883000Z,2020-08-25T00:13:48.085000Z,1466.382,202.0,464.0,36.213,0.0,0.0,0.0,23.314,10.538726,0.0,0.0,0.0
2020-08-25T00:13:49.888000Z,2020-08-25T00:13:50.199000Z,2895.51,311.0,444.0,37.549,0.0,0.0,0.0,23.314,6.655705,0.0,0.0,0.0
2020-08-25T00:13:51.885000Z,2020-08-25T00:13:52.183000Z,2345.515,298.0,450.0,38.882,0.0,0.0,0.0,23.314,10.376447,0.0,0.0,0.0
2020-08-25T00:13:53.884000Z,2020-08-25T00:13:54.139000Z,2054.046,255.0,470.0,42.292,0.0,0.0,0.0,23.314,2.425869,0.0,0.0,0.0
2020-08-25T00:13:55.886000Z,2020-08-25T00:13:56.223000Z,3028.291,337.0,459.0,42.364,0.0,0.0,0.0,23.314,0.693165,0.0,0.0,0.0
2020-08-25T00:13:57.886000Z,2020-08-25T00:13:58.189000Z,2914.249,303.0,458.0,45.244,0.0,0.0,0.0,23.314,6.123335,0.0,0.0,0.0
