start_time,end_time,size,trans_time,cwnd,rtt,rto,ssthresh,last_snd,min_rtt,delivery_rate,bytes_sent,bytes_retrans,client_trans_time
2020-08-25T05:01:08.053000Z,2020-08-25T05:01:08.673999Z,135.249,621.0,94.0,44.723,0.0,0.0,0.0,27.04,1.185099,0.0,0.0,0.0
2020-08-25T05:01:08.675000Z,2020-08-25T05:01:08.873999Z,231.337,199.0,92.0,139.296,0.0,0.0,0.0,27.04,0.974775,0.0,0.0,0.0
2020-08-25T05:01:08.873999Z,2020-08-25T05:01:09.085000Z,302.84,211.0,92.0,87.036,0.0,0.0,0.0,27.04,1.226188,0.0,0.0,0.0
2020-08-25T05:01:09.086000Z,2020-08-25T05:01:09.396000Z,337.235,310.0,88.0,68.118,0.0,0.0,0.0,27.04,0.924674,0.0,0.0,0.0
2020-08-25T05:01:09.400000Z,2020-08-25T05:01:11.052000Z,2420.039,1652.0,84.0,55.039,0.0,0.0,0.0,27.04,0.63732,0.0,0.0,0.0
2020-08-25T05:01:11.054000Z,2020-08-25T05:01:12.385000Z,1141.168,1331.0,90.0,48.499,0.0,0.0,0.0,27.04,1.6,0.0,0.0,0.0
2020-08-25T05:01:12.386000Z,2020-08-25T05:01:12.753000Z,405.444,367.0,94.0,57.67,0.0,0.0,0.0,27.04,1.057596,0.0,0.0,0.0
2020-08-25T05:01:12.754000Z,2020-08-25T05:01:13.339000Z,751.097,585.0,66.0,70.355,0.0,0.0,0.0,27.04,1.223929,0.0,0.0,0.0
2020-08-25T05:01:13.340999Z,2020-08-25T05:01:14.342000Z,1441.443,1000.9999999999999,74.0,50.222,0.0,0.0,0.0,27.04,0.692008,0.0,0.0,0.0
2020-08-25T05:01:14.344000Z,2020-08-25T05:01:15.240000Z,1543.4,896.0,80.0,51.302,0.0,0.0,0.0,27.04,1.357583,0.0,0.0,0.0
2020-08-25T05:01:15.241999Z,2020-08-25T05:01:15.809000Z,979.103,567.0,106.0,62.363,0.0,0.0,0.0,27.04,2.138219,0.0,0.0,0.0
2020-08-25T05:01:16.001000Z,2020-08-25T05:01:16.472000Z,766.823,471.0,106.0,114.84,0.0,0.0,0.0,27.04,0.8713,0.0,0.0,0.0
2020-08-25T05:01:17.993000Z,2020-08-25T05:01:18.496000Z,710.044,503.0,102.0,40.48,0.0,0.0,0.0,27.04,1.217146,0.0,0.0,0.0
2020-08-25T05:01:19.998000Z,2020-08-25T05:01:20.623000Z,785.6,625.0,102.0,82.274,0.0,0.0,0.0,27.04,0.084404,0.0,0.0,0.0
2020-08-25T05:01:21.991000Z,2020-08-25T05:01:22.398000Z,625.169,407.0,102.0,85.716,0.0,0.0,0.0,27.04,1.379156,0.0,0.0,0.0
2020-08-25T05:01:23.997000Z,2020-08-25T05:01:24.484000Z,661.889,487.0,90.0,43.448,0.0,0.0,0.0,27.04,1.479362,0.0,0.0,0.0
2020-08-25T05:01:25.998000Z,2020-08-25T05:01:26.593999Z,716.081,596.0,78.0,76.077,0.0,0.0,0.0,27.04,1.192612,0.0,0.0,0.0
2020-08-25T05:01:28.003000Z,2020-08-25T05:01:28.499000Z,657.202,496.0,82.0,63.902,0.0,0.0,0.0,27.04,0.350648,0.0,0.0,0.0
2020-08-25T05:01:30.001000Z,2020-08-25T05:01:30.504000Z,696.643,503.0,86.0,46.028,0.0,0.0,0.0,27.04,1.877519,0.0,0.0,0.0
2020-08-25T05:01:31.944000Z,2020-08-25T05:01:32.390000Z,654.228,446.0,84.0,86.564,0.0,0.0,0.0,27.04,0.324727,0.0,0.0,0.0
2020-08-25T05:01:33.991000Z,2020-08-25T05:01:35.195000Z,956.939,1204.0,84.0,51.463,0.0,0.0,0.0,27.04,1.493085,0.0,0.0,0.0
2020-08-25T05:01:35.988999Z,2020-08-25T05:01:36.313000Z,446.092,324.0,84.0,52.955,0.0,0.0,0.0,27.04,1.983456,0.0,0.0,0.0
2020-08-25T05:01:37.998000Z,2020-08-25T05:01:38.324000Z,450.797,326.0,84.0,37.509,0.0,0.0,0.0,27.04,1.085727,0.0,0.0,0.0
2020-08-25T05:01:40.001999Z,2020-08-25T05:01:40.361999Z,464.124,360.0,80.0,37.72,0.0,0.0,0.0,27.04,1.338286,0.0,0.0,0.0
2020-08-25T05:01:42.014000Z,2020-08-25T05:01:42.337000Z,419.957,323.0,80.0,46.034,0.0,0.0,0.0,27.04,1.198878,0.0,0.0,0.0
2020-08-25T05:01:44.001999Z,2020-08-25T05:01:44.273000Z,423.796,271.0,82.0,54.105,0.0,0.0,0.0,27.04,1.882987,0.0,0.0,0.0
2020-08-25T05:01:45.991000Z,2020-08-25T05:01:46.511000Z,413.79,520.0,92.0,56.204,0.0,0.0,0.0,27.04,1.842155,0.0,0.0,0.0
2020-08-25T05:01:47.992000Z,2020-08-25T05:01:48.279000Z,419.711,287.0,96.0,60.147,0.0,0.0,0.0,27.04,1.232614,0.0,0.0,0.0
2020-08-25T05:01:49.998000Z,2020-08-25T05:01:50.379000Z,399.101,381.0,96.0,56.315,0.0,0.0,0.0,27.04,1.374231,0.0,0.0,0.0
2020-08-25T05:01:51.997000Z,2020-08-25T05:01:52.280000Z,466.061,283.0,96.0,58.199,0.0,0.0,0.0,27.04,1.29588,0.0,0.0,0.0
2020-08-25T05:01:53.999000Z,2020-08-25T05:01:54.196000Z,309.676,197.0,106.0,51.539,0.0,0.0,0.0,27.04,1.705607,0.0,0.0,0.0
2020-08-25T05:01:55.991000Z,2020-08-25T05:01:56.109000Z,162.085,118.0,106.0,54.114,0.0,0.0,0.0,27.04,1.602048,0.0,0.0,0.0
2020-08-25T05:01:58.001000Z,2020-08-25T05:01:58.411000Z,207.147,410.0,106.0,59.462,0.0,0.0,0.0,27.04,1.800276,0.0,0.0,0.0
2020-08-25T05:01:59.993000Z,2020-08-25T05:02:00.252000Z,174.634,259.0,106.0,141.107,0.0,0.0,0.0,27.04,0.222315,0.0,0.0,0.0
2020-08-25T05:02:01.998000Z,2020-08-25T05:02:02.195000Z,178.766,197.0,76.0,62.786,0.0,0.0,0.0,27.04,0.928355,0.0,0.0,0.0
2020-08-25T05:02:03.992000Z,2020-08-25T05:02:04.233000Z,246.7,241.0,4.0,75.15,0.0,0.0,0.0,27.04,0.89056,0.0,0.0,0.0
2020-08-25T05:02:05.998000Z,2020-08-25T05:02:06.187000Z,211.254,189.0,78.0,51.755,0.0,0.0,0.0,27.04,0.980121,0.0,0.0,0.0
2020-08-25T05:02:08.004000Z,2020-08-25T05:02:08.323000Z,203.524,319.0,78.0,70.205,0.0,0.0,0.0,27.04,1.467134,0.0,0.0,0.0
2020-08-25T05:02:09.991000Z,2020-08-25T05:02:10.536000Z,435.691,545.0,78.0,119.973,0.0,0.0,0.0,27.04,0.626512,0.0,0.0,0.0
2020-08-25T05:02:12.000000Z,2020-08-25T05:02:12.868000Z,1078.328,868.0,66.0,46.24,0.0,0.0,0.0,27.04,1.327365,0.0,0.0,0.0
2020-08-25T05:02:13.998000Z,2020-08-25T05:02:14.881000Z,971.295,883.0,82.0,93.862,0.0,0.0,0.0,27.04,0.512379,0.0,0.0,0.0
2020-08-25T05:02:16.001999Z,2020-08-25T05:02:16.783000Z,747.681,781.0,76.0,59.19,0.0,0.0,0.0,27.04,1.580579,0.0,0.0,0.0
2020-08-25T05:02:18.001000Z,2020-08-25T05:02:18.925000Z,817.838,924.0,72.0,53.93,0.0,0.0,0.0,27.04,0.852993,0.0,0.0,0.0
2020-08-25T05:02:19.887000Z,2020-08-25T05:02:20.413000Z,679.151,526.0,76.0,48.114,0.0,0.0,0.0,27.04,0.411303,0.0,0.0,0.0
2020-08-25T05:02:22.006000Z,2020-08-25T05:02:23.017999Z,840.78,1012.0,84.0,48.345,0.0,0.0,0.0,27.04,1.284521,0.0,0.0,0.0
2020-08-25T05:02:24.000000Z,2020-08-25T05:02:24.663000Z,997.17,663.0,82.0,58.89,0.0,0.0,0.0,27.04,0.218595,0.0,0.0,0.0
2020-08-25T05:02:25.998000Z,2020-08-25T05:02:27.081000Z,1383.098,1083.0,84.0,92.831,0.0,0.0,0.0,27.04,0.514566,0.0,0.0,0.0
2020-08-25T05:02:27.994000Z,2020-08-25T05:02:29.142000Z,1301.039,1148.0,84.0,48.499,0.0,0.0,0.0,27.04,1.927774,0.0,0.0,0.0
2020-08-25T05:02:29.992000Z,2020-08-25T05:02:31.004000Z,1453.889,1012.0,82.0,67.866,0.0,0.0,0.0,27.04,0.739022,0.0,0.0,0.0
2020-08-25T05:02:32.003000Z,2020-08-25T05:02:32.691000Z,1072.486,688.0,82.0,43.497,0.0,0.0,0.0,27.04,1.624736,0.0,0.0,0.0
2020-08-25T05:02:34.003000Z,2020-08-25T05:02:34.361000Z,479.574,358.0,92.0,47.955,0.0,0.0,0.0,27.04,1.261795,0.0,0.0,0.0
2020-08-25T05:02:36.001999Z,2020-08-25T05:02:36.278000Z,393.431,276.0,92.0,58.821,0.0,0.0,0.0,27.04,0.453754,0.0,0.0,0.0
2020-08-25T05:02:38.001999Z,2020-08-25T05:02:38.600000Z,888.469,598.0,88.0,55.538,0.0,0.0,0.0,27.04,1.428967,0.0,0.0,0.0
2020-08-25T05:02:39.996000Z,2020-08-25T05:02:40.132000Z,189.843,136.0,92.0,91.491,0.0,0.0,0.0,27.04,0.608754,0.0,0.0,0.0
2020-08-25T05:02:42.001999Z,2020-08-25T05:02:42.136000Z,199.937,134.0,102.0,46.501,0.0,0.0,0.0,27.04,1.739375,0.0,0.0,0.0
2020-08-25T05:02:44.018000Z,2020-08-25T05:02:44.185999Z,203.064,168.0,104.0,54.657,0.0,0.0,0.0,27.04,0.476711,0.0,0.0,0.0
2020-08-25T05:02:46.008999Z,2020-08-25T05:02:46.148000Z,197.631,139.0,104.0,72.487,0.0,0.0,0.0,27.04,1.363623,0.0,0.0,0.0
2020-08-25T05:02:47.999000Z,2020-08-25T05:02:48.141000Z,179.274,142.0,104.0,64.067,0.0,0.0,0.0,27.04,2.06162,0.0,0.0,0.0
2020-08-25T05:02:50.003000Z,2020-08-25T05:02:50.135000Z,197.261,132.0,104.0,52.893,0.0,0.0,0.0,27.04,2.077467,0.0,0.0,0.0
2020-08-25T05:02:51.997000Z,2020-08-25T05:02:52.350000Z,496.785,353.0,94.0,59.26,0.0,0.0,0.0,27.04,2.083524,0.0,0.0,0.0
2020-08-25T05:02:53.997000Z,2020-08-25T05:02:54.995000Z,1959.722,998.0,108.0,46.093,0.0,0.0,0.0,27.04,2.074914,0.0,0.0,0.0
2020-08-25T05:02:55.995000Z,2020-08-25T05:02:57.589000Z,2177.843,1594.0,110.0,75.781,0.0,0.0,0.0,27.04,2.078625,0.0,0.0,0.0
2020-08-25T05:02:58.001999Z,2020-08-25T05:02:59.155000Z,1533.235,1153.0,100.0,102.214,0.0,0.0,0.0,27.04,0.765046,0.0,0.0,0.0
2020-08-25T05:02:59.998000Z,2020-08-25T05:03:01.036000Z,1372.541,1038.0,80.0,59.867,0.0,0.0,0.0,27.04,0.92873,0.0,0.0,0.0
2020-08-25T05:03:01.998000Z,2020-08-25T05:03:02.716000Z,955.894,718.0,82.0,61.557,0.0,0.0,0.0,27.04,1.362225,0.0,0.0,0.0
2020-08-25T05:03:04.001999Z,2020-08-25T05:03:05.331000Z,1104.42,1329.0,78.0,44.553,0.0,0.0,0.0,27.04,0.545835,0.0,0.0,0.0
2020-08-25T05:03:05.995000Z,2020-08-25T05:03:06.496000Z,531.108,501.0,68.0,76.151,0.0,0.0,0.0,27.04,0.638254,0.0,0.0,0.0
2020-08-25T05:03:08.014000Z,2020-08-25T05:03:09.291000Z,1304.69,1277.0,68.0,64.344,0.0,0.0,0.0,27.04,0.608736,0.0,0.0,0.0
2020-08-25T05:03:10.004000Z,2020-08-25T05:03:11.008000Z,1275.64,1004.0,74.0,41.882,0.0,0.0,0.0,27.04,1.388528,0.0,0.0,0.0
2020-08-25T05:03:12.028000Z,2020-08-25T05:03:13.196000Z,1503.16,1168.0,96.0,81.327,0.0,0.0,0.0,27.04,0.820109,0.0,0.0,0.0
2020-08-25T05:03:14.005000Z,2020-08-25T05:03:14.511000Z,825.789,506.0,90.0,62.313,0.0,0.0,0.0,27.04,1.103954,0.0,0.0,0.0
2020-08-25T05:03:15.997000Z,2020-08-25T05:03:16.172000Z,185.349,175.0,90.0,67.409,0.0,0.0,0.0,27.04,1.738122,0.0,0.0,0.0
2020-08-25T05:03:18.022000Z,2020-08-25T05:03:18.148000Z,169.231,126.0,92.0,40.383,0.0,0.0,0.0,27.04,2.062828,0.0,0.0,0.0
2020-08-25T05:03:20.000000Z,2020-08-25T05:03:20.211000Z,183.948,211.0,110.0,47.377,0.0,0.0,0.0,27.04,2.317278,0.0,0.0,0.0
2020-08-25T05:03:22.003000Z,2020-08-25T05:03:22.233000Z,182.768,230.0,110.0,86.876,0.0,0.0,0.0,27.04,1.084984,0.0,0.0,0.0
2020-08-25T05:03:23.992000Z,2020-08-25T05:03:24.126000Z,185.117,134.0,110.0,76.103,0.0,0.0,0.0,27.04,0.045838,0.0,0.0,0.0
2020-08-25T05:03:25.999000Z,2020-08-25T05:03:26.145000Z,182.013,146.0,110.0,62.058,0.0,0.0,0.0,27.04,2.335558,0.0,0.0,0.0
2020-08-25T05:03:28.003000Z,2020-08-25T05:03:28.681000Z,553.825,678.0,108.0,74.864,0.0,0.0,0.0,27.04,0.741176,0.0,0.0,0.0
2020-08-25T05:03:29.998000Z,2020-08-25T05:03:30.423000Z,547.393,425.0,94.0,54.336,0.0,0.0,0.0,27.04,0.102117,0.0,0.0,0.0
2020-08-25T05:03:32.000000Z,2020-08-25T05:03:32.555000Z,520.698,555.0,78.0,72.506,0.0,0.0,0.0,27.04,1.22326,0.0,0.0,0.0
2020-08-25T05:03:34.001999Z,2020-08-25T05:03:34.548000Z,545.565,546.0,76.0,51.169,0.0,0.0,0.0,27.04,1.474169,0.0,0.0,0.0
2020-08-25T05:03:35.998000Z,2020-08-25T05:03:36.337000Z,511.718,339.0,82.0,50.49,0.0,0.0,0.0,27.04,0.884215,0.0,0.0,0.0
2020-08-25T05:03:38.001999Z,2020-08-25T05:03:38.361000Z,515.142,359.0,86.0,51.135,0.0,0.0,0.0,27.04,1.467945,0.0,0.0,0.0
2020-08-25T05:03:39.998000Z,2020-08-25T05:03:40.407000Z,548.778,409.0,86.0,43.539,0.0,0.0,0.0,27.04,1.581876,0.0,0.0,0.0
2020-08-25T05:03:42.003000Z,2020-08-25T05:03:42.400000Z,496.457,397.0,90.0,53.736,0.0,0.0,0.0,27.04,1.131559,0.0,0.0,0.0
2020-08-25T05:03:43.996000Z,2020-08-25T05:03:44.771000Z,490.796,775.0,90.0,72.795,0.0,0.0,0.0,27.04,1.579184,0.0,0.0,0.0
2020-08-25T05:03:46.003000Z,2020-08-25T05:03:46.597000Z,485.402,594.0,78.0,74.531,0.0,0.0,0.0,27.04,0.782914,0.0,0.0,0.0
2020-08-25T05:03:48.003000Z,2020-08-25T05:03:48.433999Z,569.597,431.0,80.0,57.854,0.0,0.0,0.0,27.04,0.780546,0.0,0.0,0.0
2020-08-25T05:03:49.999000Z,2020-08-25T05:03:50.921000Z,1139.074,922.0,88.0,53.246,0.0,0.0,0.0,27.04,0.875299,0.0,0.0,0.0
2020-08-25T05:03:52.004000Z,2020-08-25T05:03:52.907000Z,1060.479,903.0,80.0,95.328,0.0,0.0,0.0,27.04,0.614033,0.0,0.0,0.0
2020-08-25T05:03:54.001000Z,2020-08-25T05:03:54.320000Z,382.136,319.0,92.0,51.653,0.0,0.0,0.0,27.04,1.348449,0.0,0.0,0.0
2020-08-25T05:03:55.992000Z,2020-08-25T05:03:56.598000Z,931.441,606.0,94.0,71.033,0.0,0.0,0.0,27.04,0.949739,0.0,0.0,0.0
2020-08-25T05:03:58.001999Z,2020-08-25T05:03:58.789000Z,917.003,787.0,94.0,61.262,0.0,0.0,0.0,27.04,1.03695,0.0,0.0,0.0
2020-08-25T05:04:00.000000Z,2020-08-25T05:04:01.191000Z,999.136,1191.0,96.0,129.553,0.0,0.0,0.0,27.04,0.039532,0.0,0.0,0.0
2020-08-25T05:04:02.006000Z,2020-08-25T05:04:02.837000Z,1026.028,831.0,56.0,47.357,0.0,0.0,0.0,27.04,0.92541,0.0,0.0,0.0
2020-08-25T05:04:03.999000Z,2020-08-25T05:04:04.695000Z,1042.068,696.0,86.0,52.604,0.0,0.0,0.0,27.04,1.2759,0.0,0.0,0.0
2020-08-25T05:04:06.019000Z,2020-08-25T05:04:06.787000Z,1003.552,768.0,88.0,88.269,0.0,0.0,0.0,27.04,0.666204,0.0,0.0,0.0
2020-08-25T05:04:08.004000Z,2020-08-25T05:04:08.640000Z,984.628,636.0,102.0,147.886,0.0,0.0,0.0,27.04,0.821695,0.0,0.0,0.0
2020-08-25T05:04:10.001999Z,2020-08-25T05:04:10.773000Z,810.176,771.0,92.0,40.034,0.0,0.0,0.0,27.04,1.887127,0.0,0.0,0.0
2020-08-25T05:04:11.998000Z,2020-08-25T05:04:12.683000Z,535.479,685.0,102.0,45.695,0.0,0.0,0.0,27.04,0.652209,0.0,0.0,0.0
2020-08-25T05:04:14.005000Z,2020-08-25T05:04:14.846000Z,968.31,841.0,92.0,117.543,0.0,0.0,0.0,27.04,0.850063,0.0,0.0,0.0
2020-08-25T05:04:16.244000Z,2020-08-25T05:04:16.796000Z,978.561,552.0,98.0,65.762,0.0,0.0,0.0,27.04,1.692816,0.0,0.0,0.0
2020-08-25T05:04:18.003000Z,2020-08-25T05:04:18.774000Z,1164.204,771.0,106.0,61.012,0.0,0.0,0.0,27.04,1.877662,0.0,0.0,0.0
2020-08-25T05:04:20.246000Z,2020-08-25T05:04:21.671000Z,1776.857,1425.0,98.0,99.099,0.0,0.0,0.0,27.04,0.764103,0.0,0.0,0.0
2020-08-25T05:04:22.247000Z,2020-08-25T05:04:24.217999Z,2258.362,1971.0,84.0,85.844,0.0,0.0,0.0,27.04,0.436628,0.0,0.0,0.0
2020-08-25T05:04:24.221000Z,2020-08-25T05:04:25.590000Z,1926.034,1369.0,96.0,57.539,0.0,0.0,0.0,27.04,0.999325,0.0,0.0,0.0
2020-08-25T05:04:26.247000Z,2020-08-25T05:04:27.862000Z,1992.211,1615.0,84.0,74.29,0.0,0.0,0.0,27.04,1.285633,0.0,0.0,0.0
2020-08-25T05:04:28.246000Z,2020-08-25T05:04:30.225000Z,1725.576,1979.0,84.0,83.15,0.0,0.0,0.0,27.04,0.329378,0.0,0.0,0.0
2020-08-25T05:04:30.228000Z,2020-08-25T05:04:31.548000Z,1751.638,1320.0,72.0,36.716,0.0,0.0,0.0,27.04,1.534555,0.0,0.0,0.0
2020-08-25T05:04:32.246000Z,2020-08-25T05:04:33.903000Z,2197.614,1657.0,80.0,54.25,0.0,0.0,0.0,27.04,1.38358,0.0,0.0,0.0
2020-08-25T05:04:34.095000Z,2020-08-25T05:04:35.608000Z,1847.531,1513.0,78.0,55.122,0.0,0.0,0.0,27.04,1.216145,0.0,0.0,0.0
2020-08-25T05:04:36.247000Z,2020-08-25T05:04:38.784000Z,2121.382,2537.0,86.0,54.197,0.0,0.0,0.0,27.04,1.891723,0.0,0.0,0.0
2020-08-25T05:04:38.785999Z,2020-08-25T05:04:39.879000Z,1272.706,1093.0,64.0,57.68,0.0,0.0,0.0,27.04,1.393105,0.0,0.0,0.0
2020-08-25T05:04:40.257000Z,2020-08-25T05:04:41.661000Z,1944.735,1404.0,78.0,37.104,0.0,0.0,0.0,27.04,1.128709,0.0,0.0,0.0
2020-08-25T05:04:42.247000Z,2020-08-25T05:04:44.144000Z,2640.896,1897.0,90.0,100.769,0.0,0.0,0.0,27.04,0.891254,0.0,0.0,0.0
2020-08-25T05:04:44.148000Z,2020-08-25T05:04:45.431000Z,2346.028,1283.0,96.0,43.784,0.0,0.0,0.0,27.04,1.401953,0.0,0.0,0.0
2020-08-25T05:04:46.247000Z,2020-08-25T05:04:47.872000Z,2184.918,1625.0,112.0,69.515,0.0,0.0,0.0,27.04,1.18945,0.0,0.0,0.0
2020-08-25T05:04:48.248000Z,2020-08-25T05:04:50.352000Z,2504.931,2104.0,78.0,52.318,0.0,0.0,0.0,27.04,1.404755,0.0,0.0,0.0
2020-08-25T05:04:50.356999Z,2020-08-25T05:04:52.851000Z,2703.881,2494.0,82.0,60.101,0.0,0.0,0.0,27.04,1.499413,0.0,0.0,0.0
2020-08-25T05:04:52.855000Z,2020-08-25T05:04:54.621000Z,2252.984,1766.0,82.0,80.048,0.0,0.0,0.0,27.04,1.230254,0.0,0.0,0.0
2020-08-25T05:04:54.623000Z,2020-08-25T05:04:56.151000Z,1713.41,1528.0,76.0,63.722,0.0,0.0,0.0,27.04,1.65856,0.0,0.0,0.0
2020-08-25T05:04:56.153000Z,2020-08-25T05:04:57.241999Z,1578.411,1089.0,82.0,72.309,0.0,0.0,0.0,27.04,0.986338,0.0,0.0,0.0
2020-08-25T05:04:58.113000Z,2020-08-25T05:04:58.763000Z,789.764,650.0,86.0,65.894,0.0,0.0,0.0,27.04,0.054206,0.0,0.0,0.0
2020-08-25T05:05:00.245000Z,2020-08-25T05:05:00.875000Z,712.51,630.0,88.0,65.412,0.0,0.0,0.0,27.04,1.168776,0.0,0.0,0.0
2020-08-25T05:05:02.245000Z,2020-08-25T05:05:03.100000Z,1076.915,855.0,88.0,81.752,0.0,0.0,0.0,27.04,0.771179,0.0,0.0,0.0
2020-08-25T05:05:04.245000Z,2020-08-25T05:05:05.006000Z,988.643,761.0,76.0,49.909,0.0,0.0,0.0,27.04,1.512471,0.0,0.0,0.0
2020-08-25T05:05:06.246000Z,2020-08-25T05:05:06.966000Z,1003.175,720.0,76.0,74.433,0.0,0.0,0.0,27.04,0.975813,0.0,0.0,0.0
2020-08-25T05:05:08.245000Z,2020-08-25T05:05:09.225999Z,1019.84,981.0,78.0,40.526,0.0,0.0,0.0,27.04,1.422269,0.0,0.0,0.0
2020-08-25T05:05:10.245000Z,2020-08-25T05:05:10.937000Z,723.511,692.0,70.0,54.432,0.0,0.0,0.0,27.04,1.209952,0.0,0.0,0.0
2020-08-25T05:05:12.244000Z,2020-08-25T05:05:12.787000Z,577.514,543.0,114.0,69.494,0.0,0.0,0.0,27.04,1.24586,0.0,0.0,0.0
2020-08-25T05:05:14.245000Z,2020-08-25T05:05:14.761000Z,580.497,516.0,92.0,54.712,0.0,0.0,0.0,27.04,1.152285,0.0,0.0,0.0
2020-08-25T05:05:16.244000Z,2020-08-25T05:05:16.673999Z,565.036,430.0,92.0,84.044,0.0,0.0,0.0,27.04,1.038504,0.0,0.0,0.0
2020-08-25T05:05:18.255000Z,2020-08-25T05:05:19.295000Z,1096.048,1040.0,90.0,45.207,0.0,0.0,0.0,27.04,1.555929,0.0,0.0,0.0
2020-08-25T05:05:20.246000Z,2020-08-25T05:05:21.391000Z,1312.349,1145.0,112.0,126.472,0.0,0.0,0.0,27.04,0.913743,0.0,0.0,0.0
2020-08-25T05:05:22.164000Z,2020-08-25T05:05:23.608000Z,1995.003,1444.0,86.0,59.744,0.0,0.0,0.0,27.04,0.997453,0.0,0.0,0.0
2020-08-25T05:05:24.249999Z,2020-08-25T05:05:26.251000Z,2848.786,2001.0,78.0,59.752,0.0,0.0,0.0,27.04,1.066401,0.0,0.0,0.0
2020-08-25T05:05:26.256000Z,2020-08-25T05:05:28.796000Z,3142.984,2540.0,102.0,58.609,0.0,0.0,0.0,27.04,1.747441,0.0,0.0,0.0
2020-08-25T05:05:28.800000Z,2020-08-25T05:05:30.809000Z,2551.715,2009.0,78.0,80.959,0.0,0.0,0.0,27.04,0.387292,0.0,0.0,0.0
2020-08-25T05:05:30.814000Z,2020-08-25T05:05:33.805000Z,3278.941,2991.0,84.0,76.131,0.0,0.0,0.0,27.04,0.689669,0.0,0.0,0.0
2020-08-25T05:05:33.808000Z,2020-08-25T05:05:35.526000Z,2163.077,1718.0,68.0,37.452,0.0,0.0,0.0,27.175,0.972399,0.0,0.0,0.0
2020-08-25T05:05:35.526000Z,2020-08-25T05:05:35.665999Z,86.634,140.0,90.0,77.393,0.0,0.0,0.0,27.175,0.725068,0.0,0.0,0.0
2020-08-25T05:05:36.247000Z,2020-08-25T05:05:36.581000Z,410.564,334.0,90.0,90.868,0.0,0.0,0.0,27.175,0.788925,0.0,0.0,0.0
2020-08-25T05:05:38.244000Z,2020-08-25T05:05:38.984000Z,977.764,740.0,66.0,44.075,0.0,0.0,0.0,27.175,1.133577,0.0,0.0,0.0
2020-08-25T05:05:40.246000Z,2020-08-25T05:05:42.046000Z,947.009,1800.0,70.0,49.423,0.0,0.0,0.0,27.175,1.223388,0.0,0.0,0.0
2020-08-25T05:05:42.150000Z,2020-08-25T05:05:43.275000Z,958.861,1125.0,48.0,73.474,0.0,0.0,0.0,27.175,0.41638,0.0,0.0,0.0
2020-08-25T05:05:44.246000Z,2020-08-25T05:05:45.031000Z,840.85,785.0,68.0,77.423,0.0,0.0,0.0,27.175,0.736185,0.0,0.0,0.0
2020-08-25T05:05:46.144000Z,2020-08-25T05:05:46.820000Z,524.488,676.0,74.0,43.469,0.0,0.0,0.0,27.175,1.003113,0.0,0.0,0.0
2020-08-25T05:05:48.244000Z,2020-08-25T05:05:48.981000Z,507.752,737.0,76.0,55.256,0.0,0.0,0.0,27.175,0.71674,0.0,0.0,0.0
2020-08-25T05:05:50.257000Z,2020-08-25T05:05:51.109000Z,602.968,852.0,56.0,178.687,0.0,0.0,0.0,27.175,0.412119,0.0,0.0,0.0
2020-08-25T05:05:52.243000Z,2020-08-25T05:05:53.065000Z,674.862,822.0,52.0,45.676,0.0,0.0,0.0,27.175,0.724495,0.0,0.0,0.0
2020-08-25T05:05:54.245000Z,2020-08-25T05:05:54.387000Z,132.061,142.0,70.0,58.522,0.0,0.0,0.0,27.175,0.891683,0.0,0.0,0.0
2020-08-25T05:05:56.249999Z,2020-08-25T05:05:56.568000Z,302.403,318.0,72.0,58.066,0.0,0.0,0.0,27.175,0.903477,0.0,0.0,0.0
2020-08-25T05:05:58.244000Z,2020-08-25T05:05:58.673000Z,353.626,429.0,70.0,77.398,0.0,0.0,0.0,27.175,0.862788,0.0,0.0,0.0
2020-08-25T05:06:00.243000Z,2020-08-25T05:06:00.547000Z,347.921,304.0,70.0,72.561,0.0,0.0,0.0,27.175,0.803808,0.0,0.0,0.0
2020-08-25T05:06:02.245000Z,2020-08-25T05:06:02.631000Z,352.494,386.0,64.0,58.81,0.0,0.0,0.0,27.175,1.001342,0.0,0.0,0.0
2020-08-25T05:06:04.244000Z,2020-08-25T05:06:04.633999Z,363.668,390.0,66.0,53.198,0.0,0.0,0.0,27.175,1.24077,0.0,0.0,0.0
2020-08-25T05:06:06.260000Z,2020-08-25T05:06:06.651000Z,467.596,391.0,66.0,51.963,0.0,0.0,0.0,27.175,1.167695,0.0,0.0,0.0
2020-08-25T05:06:08.246000Z,2020-08-25T05:06:09.294000Z,1186.607,1048.0,66.0,46.185,0.0,0.0,0.0,27.175,1.304807,0.0,0.0,0.0
2020-08-25T05:06:10.246000Z,2020-08-25T05:06:11.072000Z,1007.135,826.0,72.0,48.931,0.0,0.0,0.0,27.175,1.437432,0.0,0.0,0.0
2020-08-25T05:06:12.247000Z,2020-08-25T05:06:13.095000Z,994.342,848.0,84.0,42.883,0.0,0.0,0.0,27.175,1.591466,0.0,0.0,0.0
2020-08-25T05:06:14.247000Z,2020-08-25T05:06:15.469000Z,1041.207,1222.0,84.0,115.263,0.0,0.0,0.0,27.175,0.383388,0.0,0.0,0.0
2020-08-25T05:06:16.268000Z,2020-08-25T05:06:17.193999Z,1018.532,926.0,74.0,53.075,0.0,0.0,0.0,27.175,1.432016,0.0,0.0,0.0
2020-08-25T05:06:18.246000Z,2020-08-25T05:06:19.016000Z,1004.988,770.0,96.0,49.192,0.0,0.0,0.0,27.175,2.133092,0.0,0.0,0.0
2020-08-25T05:06:20.247000Z,2020-08-25T05:06:21.061000Z,1040.914,814.0,88.0,51.536,0.0,0.0,0.0,27.175,1.07566,0.0,0.0,0.0
2020-08-25T05:06:22.245000Z,2020-08-25T05:06:22.975000Z,1020.562,730.0,88.0,57.774,0.0,0.0,0.0,27.175,0.368461,0.0,0.0,0.0
2020-08-25T05:06:24.246000Z,2020-08-25T05:06:24.956000Z,1007.89,710.0,94.0,69.553,0.0,0.0,0.0,27.175,1.403846,0.0,0.0,0.0
2020-08-25T05:06:26.246000Z,2020-08-25T05:06:26.935000Z,937.756,689.0,96.0,93.149,0.0,0.0,0.0,27.175,0.171644,0.0,0.0,0.0
2020-08-25T05:06:28.247000Z,2020-08-25T05:06:28.975000Z,914.22,728.0,90.0,53.308,0.0,0.0,0.0,27.175,2.025636,0.0,0.0,0.0
2020-08-25T05:06:30.249999Z,2020-08-25T05:06:30.944000Z,984.806,694.0,92.0,59.569,0.0,0.0,0.0,27.175,0.882708,0.0,0.0,0.0
2020-08-25T05:06:32.247000Z,2020-08-25T05:06:32.864000Z,985.229,617.0,94.0,57.62,0.0,0.0,0.0,27.175,1.005914,0.0,0.0,0.0
2020-08-25T05:06:34.248999Z,2020-08-25T05:06:34.889999Z,1004.468,641.0,88.0,58.098,0.0,0.0,0.0,27.175,1.287246,0.0,0.0,0.0
2020-08-25T05:06:36.246000Z,2020-08-25T05:06:36.870000Z,607.588,624.0,94.0,81.668,0.0,0.0,0.0,27.175,1.278628,0.0,0.0,0.0
2020-08-25T05:06:38.246000Z,2020-08-25T05:06:38.599000Z,488.658,353.0,90.0,64.526,0.0,0.0,0.0,27.175,0.785728,0.0,0.0,0.0
2020-08-25T05:06:40.246000Z,2020-08-25T05:06:40.633999Z,565.103,388.0,100.0,64.177,0.0,0.0,0.0,27.175,1.111821,0.0,0.0,0.0
2020-08-25T05:06:42.247000Z,2020-08-25T05:06:42.696000Z,598.73,449.0,100.0,70.967,0.0,0.0,0.0,27.175,1.285443,0.0,0.0,0.0
2020-08-25T05:06:44.248999Z,2020-08-25T05:06:44.904000Z,538.005,655.0,92.0,52.404,0.0,0.0,0.0,27.175,1.367292,0.0,0.0,0.0
2020-08-25T05:06:46.246000Z,2020-08-25T05:06:46.568000Z,563.254,322.0,84.0,52.399,0.0,0.0,0.0,27.175,1.427463,0.0,0.0,0.0
2020-08-25T05:06:48.246000Z,2020-08-25T05:06:48.614000Z,549.902,368.0,100.0,45.068,0.0,0.0,0.0,27.175,2.256811,0.0,0.0,0.0
2020-08-25T05:06:50.246000Z,2020-08-25T05:06:50.772000Z,493.519,526.0,100.0,58.987,0.0,0.0,0.0,27.175,1.258213,0.0,0.0,0.0
2020-08-25T05:06:52.247000Z,2020-08-25T05:06:52.579000Z,457.23,332.0,80.0,61.418,0.0,0.0,0.0,27.175,0.349786,0.0,0.0,0.0
2020-08-25T05:06:54.264999Z,2020-08-25T05:06:54.422000Z,214.028,157.0,80.0,41.306,0.0,0.0,0.0,27.175,1.504072,0.0,0.0,0.0
2020-08-25T05:06:56.246000Z,2020-08-25T05:06:56.439000Z,209.229,193.0,80.0,42.503,0.0,0.0,0.0,27.175,1.643887,0.0,0.0,0.0
2020-08-25T05:06:58.244000Z,2020-08-25T05:06:58.526000Z,189.311,282.0,84.0,46.517,0.0,0.0,0.0,27.175,1.185225,0.0,0.0,0.0
2020-08-25T05:07:00.246000Z,2020-08-25T05:07:00.516000Z,228.543,270.0,84.0,152.502,0.0,0.0,0.0,27.175,0.612539,0.0,0.0,0.0
2020-08-25T05:07:02.247000Z,2020-08-25T05:07:02.391000Z,196.413,144.0,90.0,55.179,0.0,0.0,0.0,27.175,0.012529,0.0,0.0,0.0
2020-08-25T05:07:04.247000Z,2020-08-25T05:07:04.425000Z,218.585,178.0,90.0,49.614,0.0,0.0,0.0,27.175,1.316622,0.0,0.0,0.0
2020-08-25T05:07:06.248000Z,2020-08-25T05:07:06.665999Z,213.62,418.0,90.0,63.99,0.0,0.0,0.0,27.175,1.673435,0.0,0.0,0.0
2020-08-25T05:07:08.245000Z,2020-08-25T05:07:08.425000Z,199.247,180.0,92.0,43.955,0.0,0.0,0.0,27.175,1.564194,0.0,0.0,0.0
2020-08-25T05:07:10.246000Z,2020-08-25T05:07:10.465000Z,191.329,219.0,76.0,57.436,0.0,0.0,0.0,27.175,1.270049,0.0,0.0,0.0
2020-08-25T05:07:12.248000Z,2020-08-25T05:07:13.137000Z,962.548,889.0,76.0,50.225,0.0,0.0,0.0,27.175,0.739105,0.0,0.0,0.0
2020-08-25T05:07:14.251000Z,2020-08-25T05:07:17.484000Z,3869.84,3233.0,82.0,110.584,0.0,0.0,0.0,27.175,0.740493,0.0,0.0,0.0
2020-08-25T05:07:17.488999Z,2020-08-25T05:07:20.339000Z,3120.613,2850.0,84.0,66.76,0.0,0.0,0.0,27.175,0.903282,0.0,0.0,0.0
2020-08-25T05:07:20.344000Z,2020-08-25T05:07:23.239000Z,3127.378,2895.0,82.0,175.837,0.0,0.0,0.0,27.175,0.123507,0.0,0.0,0.0
2020-08-25T05:07:23.241000Z,2020-08-25T05:07:24.665999Z,1182.014,1425.0,62.0,52.004,0.0,0.0,0.0,27.088,1.108453,0.0,0.0,0.0
2020-08-25T05:07:24.669000Z,2020-08-25T05:07:26.331000Z,1553.595,1662.0,60.0,66.74,0.0,0.0,0.0,27.088,1.075499,0.0,0.0,0.0
2020-08-25T05:07:26.334000Z,2020-08-25T05:07:28.203000Z,1899.76,1869.0,64.0,101.598,0.0,0.0,0.0,27.088,0.822771,0.0,0.0,0.0
2020-08-25T05:07:28.205000Z,2020-08-25T05:07:29.089000Z,1115.108,884.0,74.0,66.612,0.0,0.0,0.0,27.088,1.137765,0.0,0.0,0.0
2020-08-25T05:07:29.095000Z,2020-08-25T05:07:32.323000Z,3722.852,3228.0,74.0,55.225,0.0,0.0,0.0,27.088,1.509017,0.0,0.0,0.0
2020-08-25T05:07:32.325000Z,2020-08-25T05:07:33.339000Z,731.527,1014.0,90.0,66.201,0.0,0.0,0.0,27.088,1.014528,0.0,0.0,0.0
2020-08-25T05:07:33.340000Z,2020-08-25T05:07:33.505999Z,218.434,166.0,90.0,93.946,0.0,0.0,0.0,27.088,1.449209,0.0,0.0,0.0
2020-08-25T05:07:34.246000Z,2020-08-25T05:07:34.628000Z,360.576,382.0,86.0,51.589,0.0,0.0,0.0,27.088,1.492864,0.0,0.0,0.0
2020-08-25T05:07:36.247000Z,2020-08-25T05:07:36.792000Z,372.404,545.0,80.0,66.413,0.0,0.0,0.0,27.088,0.591614,0.0,0.0,0.0
2020-08-25T05:07:38.247000Z,2020-08-25T05:07:38.597000Z,519.518,350.0,74.0,134.754,0.0,0.0,0.0,27.088,0.360852,0.0,0.0,0.0
2020-08-25T05:07:40.246000Z,2020-08-25T05:07:40.880000Z,556.677,634.0,86.0,65.625,0.0,0.0,0.0,27.088,1.503728,0.0,0.0,0.0
2020-08-25T05:07:42.265999Z,2020-08-25T05:07:42.931000Z,569.107,665.0,86.0,152.809,0.0,0.0,0.0,27.088,0.402412,0.0,0.0,0.0
2020-08-25T05:07:44.248999Z,2020-08-25T05:07:45.715000Z,1056.167,1466.0,68.0,113.153,0.0,0.0,0.0,27.088,0.864334,0.0,0.0,0.0
2020-08-25T05:07:46.248000Z,2020-08-25T05:07:47.238000Z,1185.055,990.0,64.0,42.849,0.0,0.0,0.0,27.088,1.18307,0.0,0.0,0.0
2020-08-25T05:07:48.259000Z,2020-08-25T05:07:49.301000Z,1305.932,1042.0,80.0,74.232,0.0,0.0,0.0,27.088,0.557012,0.0,0.0,0.0
2020-08-25T05:07:50.246000Z,2020-08-25T05:07:50.745999Z,527.423,500.0,76.0,55.652,0.0,0.0,0.0,27.088,1.461746,0.0,0.0,0.0
2020-08-25T05:07:52.246000Z,2020-08-25T05:07:52.780000Z,458.766,534.0,66.0,51.487,0.0,0.0,0.0,27.088,1.475984,0.0,0.0,0.0
2020-08-25T05:07:54.247000Z,2020-08-25T05:07:54.598000Z,395.458,351.0,70.0,58.504,0.0,0.0,0.0,27.088,0.624336,0.0,0.0,0.0
2020-08-25T05:07:56.246000Z,2020-08-25T05:07:56.519000Z,298.691,273.0,82.0,127.943,0.0,0.0,0.0,27.088,0.357366,0.0,0.0,0.0
2020-08-25T05:07:58.247000Z,2020-08-25T05:07:58.593999Z,391.133,347.0,82.0,40.275,0.0,0.0,0.0,27.088,1.217028,0.0,0.0,0.0
2020-08-25T05:08:00.246000Z,2020-08-25T05:08:00.441999Z,161.171,196.0,82.0,61.556,0.0,0.0,0.0,27.088,0.571555,0.0,0.0,0.0
2020-08-25T05:08:02.248000Z,2020-08-25T05:08:02.443000Z,162.038,195.0,84.0,48.03,0.0,0.0,0.0,27.088,1.82849,0.0,0.0,0.0
2020-08-25T05:08:04.248999Z,2020-08-25T05:08:05.445000Z,1832.113,1196.0,84.0,47.475,0.0,0.0,0.0,27.088,0.054099,0.0,0.0,0.0
2020-08-25T05:08:06.249999Z,2020-08-25T05:08:07.724000Z,2236.171,1474.0,90.0,51.029,0.0,0.0,0.0,27.088,1.922823,0.0,0.0,0.0
2020-08-25T05:08:08.248999Z,2020-08-25T05:08:08.920000Z,924.699,671.0,90.0,60.974,0.0,0.0,0.0,27.088,1.400306,0.0,0.0,0.0
2020-08-25T05:08:10.247000Z,2020-08-25T05:08:10.582000Z,528.186,335.0,96.0,54.69,0.0,0.0,0.0,27.088,1.244482,0.0,0.0,0.0
2020-08-25T05:08:12.253000Z,2020-08-25T05:08:13.000000Z,1038.605,747.0,96.0,63.368,0.0,0.0,0.0,27.088,1.477502,0.0,0.0,0.0
2020-08-25T05:08:14.248999Z,2020-08-25T05:08:15.441000Z,1503.587,1192.0,90.0,55.219,0.0,0.0,0.0,27.088,1.679319,0.0,0.0,0.0
2020-08-25T05:08:16.252000Z,2020-08-25T05:08:18.358000Z,3148.788,2106.0,92.0,56.027,0.0,0.0,0.0,27.088,1.823188,0.0,0.0,0.0
2020-08-25T05:08:18.362000Z,2020-08-25T05:08:20.721999Z,2828.176,2360.0,96.0,42.147,0.0,0.0,0.0,27.088,2.044306,0.0,0.0,0.0
2020-08-25T05:08:20.723000Z,2020-08-25T05:08:21.595000Z,1384.866,872.0,84.0,93.064,0.0,0.0,0.0,27.088,1.331839,0.0,0.0,0.0
2020-08-25T05:08:22.297000Z,2020-08-25T05:08:22.561999Z,408.628,265.0,100.0,50.033,0.0,0.0,0.0,27.088,1.387752,0.0,0.0,0.0
2020-08-25T05:08:24.508000Z,2020-08-25T05:08:24.878000Z,438.41,370.0,100.0,57.261,0.0,0.0,0.0,27.088,1.862297,0.0,0.0,0.0
2020-08-25T05:08:26.503000Z,2020-08-25T05:08:26.929000Z,440.444,426.0,104.0,66.891,0.0,0.0,0.0,27.088,0.987941,0.0,0.0,0.0
2020-08-25T05:08:28.508000Z,2020-08-25T05:08:28.896000Z,494.24,388.0,104.0,141.455,0.0,0.0,0.0,27.088,0.58225,0.0,0.0,0.0
2020-08-25T05:08:30.502000Z,2020-08-25T05:08:30.977000Z,437.992,475.0,100.0,88.104,0.0,0.0,0.0,27.088,0.740615,0.0,0.0,0.0
2020-08-25T05:08:32.507000Z,2020-08-25T05:08:32.819000Z,407.664,312.0,130.0,159.458,0.0,0.0,0.0,27.088,0.644691,0.0,0.0,0.0
2020-08-25T05:08:34.500000Z,2020-08-25T05:08:34.990000Z,466.594,490.0,102.0,98.27,0.0,0.0,0.0,27.088,0.892435,0.0,0.0,0.0
2020-08-25T05:08:36.505000Z,2020-08-25T05:08:36.789000Z,385.844,284.0,102.0,155.097,0.0,0.0,0.0,27.088,0.759021,0.0,0.0,0.0
2020-08-25T05:08:38.498000Z,2020-08-25T05:08:38.804000Z,351.495,306.0,88.0,72.873,0.0,0.0,0.0,27.088,0.946242,0.0,0.0,0.0
2020-08-25T05:08:40.504000Z,2020-08-25T05:08:40.793999Z,318.115,290.0,88.0,95.062,0.0,0.0,0.0,27.088,0.830413,0.0,0.0,0.0
2020-08-25T05:08:42.505000Z,2020-08-25T05:08:42.844000Z,417.869,339.0,92.0,79.029,0.0,0.0,0.0,27.088,0.691416,0.0,0.0,0.0
2020-08-25T05:08:44.502000Z,2020-08-25T05:08:44.872000Z,435.222,370.0,92.0,62.983,0.0,0.0,0.0,27.088,0.878267,0.0,0.0,0.0
2020-08-25T05:08:46.505000Z,2020-08-25T05:08:47.008000Z,436.814,503.0,98.0,83.326,0.0,0.0,0.0,27.088,0.080651,0.0,0.0,0.0
2020-08-25T05:08:48.508000Z,2020-08-25T05:08:48.913999Z,451.003,406.0,88.0,50.899,0.0,0.0,0.0,27.088,1.656304,0.0,0.0,0.0
2020-08-25T05:08:50.505000Z,2020-08-25T05:08:51.246000Z,454.179,741.0,88.0,59.03,0.0,0.0,0.0,27.088,1.469389,0.0,0.0,0.0
2020-08-25T05:08:52.500000Z,2020-08-25T05:08:52.900000Z,491.287,400.0,86.0,53.47,0.0,0.0,0.0,27.088,0.163471,0.0,0.0,0.0
2020-08-25T05:08:54.503000Z,2020-08-25T05:08:54.942000Z,441.048,439.0,86.0,55.781,0.0,0.0,0.0,27.088,1.101285,0.0,0.0,0.0
2020-08-25T05:08:56.500000Z,2020-08-25T05:08:57.185999Z,845.204,686.0,82.0,50.187,0.0,0.0,0.0,27.088,1.416897,0.0,0.0,0.0
2020-08-25T05:08:58.508000Z,2020-08-25T05:08:59.109000Z,647.299,601.0,80.0,49.913,0.0,0.0,0.0,27.088,1.186565,0.0,0.0,0.0
2020-08-25T05:09:00.505000Z,2020-08-25T05:09:01.011000Z,711.97,506.0,82.0,63.467,0.0,0.0,0.0,27.088,1.335403,0.0,0.0,0.0
2020-08-25T05:09:02.508000Z,2020-08-25T05:09:03.185999Z,904.456,678.0,94.0,38.234,0.0,0.0,0.0,27.088,1.190767,0.0,0.0,0.0
2020-08-25T05:09:04.500000Z,2020-08-25T05:09:05.136000Z,953.817,636.0,110.0,66.321,0.0,0.0,0.0,27.088,1.039319,0.0,0.0,0.0
2020-08-25T05:09:06.513000Z,2020-08-25T05:09:07.206000Z,951.461,693.0,98.0,77.761,0.0,0.0,0.0,27.088,0.993829,0.0,0.0,0.0
2020-08-25T05:09:08.520000Z,2020-08-25T05:09:09.241000Z,1015.394,721.0,98.0,65.753,0.0,0.0,0.0,27.088,1.530778,0.0,0.0,0.0
2020-08-25T05:09:10.508000Z,2020-08-25T05:09:11.092000Z,1122.02,584.0,94.0,81.892,0.0,0.0,0.0,27.088,0.946129,0.0,0.0,0.0
2020-08-25T05:09:12.505999Z,2020-08-25T05:09:13.268000Z,1172.255,762.0,104.0,62.449,0.0,0.0,0.0,27.088,1.86641,0.0,0.0,0.0
2020-08-25T05:09:14.504000Z,2020-08-25T05:09:15.336000Z,770.073,832.0,100.0,78.38,0.0,0.0,0.0,27.088,0.574594,0.0,0.0,0.0
2020-08-25T05:09:16.503000Z,2020-08-25T05:09:17.057000Z,603.983,554.0,82.0,95.272,0.0,0.0,0.0,27.088,1.379443,0.0,0.0,0.0
2020-08-25T05:09:18.504000Z,2020-08-25T05:09:18.979000Z,603.692,475.0,72.0,51.256,0.0,0.0,0.0,27.088,1.134918,0.0,0.0,0.0
2020-08-25T05:09:20.508000Z,2020-08-25T05:09:21.225000Z,527.692,717.0,78.0,48.163,0.0,0.0,0.0,27.088,1.208263,0.0,0.0,0.0
2020-08-25T05:09:22.503000Z,2020-08-25T05:09:22.881000Z,559.623,378.0,78.0,77.391,0.0,0.0,0.0,27.088,0.814261,0.0,0.0,0.0
2020-08-25T05:09:24.504000Z,2020-08-25T05:09:24.977999Z,729.06,474.0,86.0,46.373,0.0,0.0,0.0,27.088,1.184022,0.0,0.0,0.0
2020-08-25T05:09:26.504000Z,2020-08-25T05:09:27.089999Z,727.13,586.0,96.0,52.231,0.0,0.0,0.0,27.088,1.973746,0.0,0.0,0.0
2020-08-25T05:09:28.510000Z,2020-08-25T05:09:29.516000Z,1469.885,1006.0,90.0,70.864,0.0,0.0,0.0,27.088,0.882543,0.0,0.0,0.0
2020-08-25T05:09:30.511000Z,2020-08-25T05:09:31.161000Z,701.713,650.0,92.0,65.707,0.0,0.0,0.0,27.088,1.217197,0.0,0.0,0.0
2020-08-25T05:09:32.510000Z,2020-08-25T05:09:33.072000Z,822.348,562.0,84.0,67.862,0.0,0.0,0.0,27.088,0.03225,0.0,0.0,0.0
2020-08-25T05:09:34.508999Z,2020-08-25T05:09:35.265999Z,1238.32,757.0,102.0,77.313,0.0,0.0,0.0,27.088,1.064594,0.0,0.0,0.0
2020-08-25T05:09:36.511000Z,2020-08-25T05:09:37.481000Z,1283.403,970.0,98.0,91.414,0.0,0.0,0.0,27.088,1.018364,0.0,0.0,0.0
2020-08-25T05:09:38.508999Z,2020-08-25T05:09:40.079000Z,1929.154,1570.0,84.0,61.872,0.0,0.0,0.0,27.088,1.382112,0.0,0.0,0.0
2020-08-25T05:09:40.519000Z,2020-08-25T05:09:40.967000Z,739.256,448.0,94.0,48.491,0.0,0.0,0.0,27.088,1.880779,0.0,0.0,0.0
2020-08-25T05:09:42.497000Z,2020-08-25T05:09:42.900000Z,561.114,403.0,94.0,51.265,0.0,0.0,0.0,27.088,1.351031,0.0,0.0,0.0
2020-08-25T05:09:44.501000Z,2020-08-25T05:09:44.852000Z,598.158,351.0,94.0,45.641,0.0,0.0,0.0,27.088,1.849632,0.0,0.0,0.0
2020-08-25T05:09:46.508000Z,2020-08-25T05:09:46.847000Z,595.823,339.0,106.0,58.328,0.0,0.0,0.0,27.088,1.272992,0.0,0.0,0.0
2020-08-25T05:09:48.508999Z,2020-08-25T05:09:49.104000Z,642.391,595.0,110.0,66.71,0.0,0.0,0.0,27.088,1.089381,0.0,0.0,0.0
2020-08-25T05:09:50.501000Z,2020-08-25T05:09:51.235000Z,691.204,734.0,110.0,149.891,0.0,0.0,0.0,27.088,0.832551,0.0,0.0,0.0
2020-08-25T05:09:52.499000Z,2020-08-25T05:09:52.864000Z,414.835,365.0,116.0,112.488,0.0,0.0,0.0,27.088,1.392812,0.0,0.0,0.0
2020-08-25T05:09:54.503000Z,2020-08-25T05:09:54.797000Z,426.363,294.0,116.0,54.063,0.0,0.0,0.0,27.088,0.609904,0.0,0.0,0.0
2020-08-25T05:09:56.521999Z,2020-08-25T05:09:56.860000Z,429.528,338.0,98.0,73.076,0.0,0.0,0.0,27.088,1.533749,0.0,0.0,0.0
2020-08-25T05:09:58.508999Z,2020-08-25T05:09:59.022000Z,448.364,513.0,98.0,59.238,0.0,0.0,0.0,27.088,1.867524,0.0,0.0,0.0
2020-08-25T05:10:00.505000Z,2020-08-25T05:10:01.022000Z,559.54,517.0,92.0,133.684,0.0,0.0,0.0,27.088,0.929592,0.0,0.0,0.0
2020-08-25T05:10:02.508999Z,2020-08-25T05:10:03.152000Z,872.174,643.0,90.0,66.626,0.0,0.0,0.0,27.088,1.420386,0.0,0.0,0.0
2020-08-25T05:10:04.499000Z,2020-08-25T05:10:05.478000Z,1083.915,979.0,98.0,49.62,0.0,0.0,0.0,27.088,2.498811,0.0,0.0,0.0
2020-08-25T05:10:06.498000Z,2020-08-25T05:10:07.077000Z,771.371,579.0,86.0,48.584,0.0,0.0,0.0,27.088,1.113684,0.0,0.0,0.0
2020-08-25T05:10:08.499000Z,2020-08-25T05:10:09.019000Z,683.012,520.0,94.0,55.614,0.0,0.0,0.0,27.088,1.128562,0.0,0.0,0.0
2020-08-25T05:10:10.498000Z,2020-08-25T05:10:10.999000Z,561.514,501.0,94.0,52.961,0.0,0.0,0.0,27.088,1.347518,0.0,0.0,0.0
2020-08-25T05:10:12.505999Z,2020-08-25T05:10:12.867000Z,520.675,361.0,88.0,116.761,0.0,0.0,0.0,27.088,0.825771,0.0,0.0,0.0
2020-08-25T05:10:14.497000Z,2020-08-25T05:10:14.710000Z,321.747,213.0,92.0,59.562,0.0,0.0,0.0,27.088,1.621746,0.0,0.0,0.0
2020-08-25T05:10:16.499000Z,2020-08-25T05:10:16.963000Z,327.181,464.0,90.0,46.069,0.0,0.0,0.0,27.088,1.482233,0.0,0.0,0.0
2020-08-25T05:10:18.505000Z,2020-08-25T05:10:18.859000Z,367.988,354.0,84.0,114.001,0.0,0.0,0.0,27.088,0.453721,0.0,0.0,0.0
2020-08-25T05:10:20.513000Z,2020-08-25T05:10:20.950000Z,458.195,437.0,82.0,42.264,0.0,0.0,0.0,27.088,0.124971,0.0,0.0,0.0
2020-08-25T05:10:22.508999Z,2020-08-25T05:10:22.953999Z,474.107,445.0,82.0,90.881,0.0,0.0,0.0,27.088,0.762564,0.0,0.0,0.0
2020-08-25T05:10:24.504000Z,2020-08-25T05:10:26.014000Z,1661.993,1510.0,70.0,56.013,0.0,0.0,0.0,27.088,1.134421,0.0,0.0,0.0
2020-08-25T05:10:26.511000Z,2020-08-25T05:10:28.811000Z,2022.968,2300.0,88.0,109.37,0.0,0.0,0.0,27.088,0.960002,0.0,0.0,0.0
2020-08-25T05:10:28.814000Z,2020-08-25T05:10:31.165000Z,2232.428,2351.0,66.0,99.774,0.0,0.0,0.0,27.088,0.596741,0.0,0.0,0.0
2020-08-25T05:10:31.167000Z,2020-08-25T05:10:32.614000Z,1398.389,1447.0,64.0,50.574,0.0,0.0,0.0,27.088,1.092463,0.0,0.0,0.0
2020-08-25T05:10:32.615000Z,2020-08-25T05:10:33.377999Z,619.764,763.0,80.0,59.742,0.0,0.0,0.0,27.088,1.477472,0.0,0.0,0.0
2020-08-25T05:10:34.521000Z,2020-08-25T05:10:34.997000Z,627.024,476.0,72.0,67.796,0.0,0.0,0.0,27.088,1.422163,0.0,0.0,0.0
2020-08-25T05:10:36.505999Z,2020-08-25T05:10:36.912000Z,605.532,406.0,80.0,40.388,0.0,0.0,0.0,27.088,1.308221,0.0,0.0,0.0
2020-08-25T05:10:38.505000Z,2020-08-25T05:10:39.105000Z,697.132,600.0,88.0,70.09,0.0,0.0,0.0,27.088,1.319602,0.0,0.0,0.0
2020-08-25T05:10:40.510000Z,2020-08-25T05:10:41.373000Z,693.714,863.0,78.0,50.419,0.0,0.0,0.0,27.088,1.62465,0.0,0.0,0.0
2020-08-25T05:10:42.508999Z,2020-08-25T05:10:43.120000Z,635.696,611.0,76.0,39.657,0.0,0.0,0.0,27.088,1.582551,0.0,0.0,0.0
2020-08-25T05:10:44.524999Z,2020-08-25T05:10:44.912000Z,655.978,387.0,96.0,93.823,0.0,0.0,0.0,27.088,0.656388,0.0,0.0,0.0
2020-08-25T05:10:46.507000Z,2020-08-25T05:10:47.053000Z,741.407,546.0,92.0,56.266,0.0,0.0,0.0,27.088,1.879207,0.0,0.0,0.0
2020-08-25T05:10:48.507000Z,2020-08-25T05:10:49.060000Z,489.795,553.0,94.0,122.515,0.0,0.0,0.0,27.088,0.617918,0.0,0.0,0.0
2020-08-25T05:10:50.510000Z,2020-08-25T05:10:50.936000Z,526.043,426.0,94.0,55.772,0.0,0.0,0.0,27.088,1.238798,0.0,0.0,0.0
2020-08-25T05:10:52.497000Z,2020-08-25T05:10:52.897000Z,479.183,400.0,96.0,105.133,0.0,0.0,0.0,27.088,1.060988,0.0,0.0,0.0
2020-08-25T05:10:54.502000Z,2020-08-25T05:10:55.068000Z,512.851,566.0,80.0,53.222,0.0,0.0,0.0,27.088,1.328628,0.0,0.0,0.0
2020-08-25T05:10:56.506000Z,2020-08-25T05:10:56.675000Z,193.691,168.999999,82.0,124.173,0.0,0.0,0.0,27.088,0.467509,0.0,0.0,0.0
2020-08-25T05:10:58.510000Z,2020-08-25T05:10:58.993000Z,646.494,483.0,82.0,56.507,0.0,0.0,0.0,27.088,1.217122,0.0,0.0,0.0
2020-08-25T05:11:00.500000Z,2020-08-25T05:11:01.069000Z,678.991,569.0,94.0,101.337,0.0,0.0,0.0,27.088,0.706469,0.0,0.0,0.0
2020-08-25T05:11:02.505999Z,2020-08-25T05:11:02.656000Z,190.213,150.0,94.0,66.346,0.0,0.0,0.0,27.088,0.838643,0.0,0.0,0.0
2020-08-25T05:11:04.505999Z,2020-08-25T05:11:04.679000Z,192.065,173.0,4.0,95.001,0.0,0.0,0.0,27.088,1.115984,0.0,0.0,0.0
2020-08-25T05:11:06.501000Z,2020-08-25T05:11:07.097000Z,620.157,596.0,124.0,81.365,0.0,0.0,0.0,27.088,1.258142,0.0,0.0,0.0
2020-08-25T05:11:08.505999Z,2020-08-25T05:11:08.847000Z,439.713,341.0,84.0,47.879,0.0,0.0,0.0,27.088,0.9999,0.0,0.0,0.0
2020-08-25T05:11:10.499000Z,2020-08-25T05:11:10.761000Z,387.324,262.0,88.0,93.305,0.0,0.0,0.0,27.088,1.012705,0.0,0.0,0.0
2020-08-25T05:11:12.520000Z,2020-08-25T05:11:12.921000Z,394.409,401.0,86.0,55.472,0.0,0.0,0.0,27.088,1.57292,0.0,0.0,0.0
2020-08-25T05:11:14.507000Z,2020-08-25T05:11:15.062000Z,494.459,555.0,88.0,40.119,0.0,0.0,0.0,27.088,1.565091,0.0,0.0,0.0
2020-08-25T05:11:16.500000Z,2020-08-25T05:11:17.057000Z,483.52,557.0,82.0,44.257,0.0,0.0,0.0,27.088,0.086117,0.0,0.0,0.0
2020-08-25T05:11:18.508000Z,2020-08-25T05:11:19.095000Z,528.565,587.0,90.0,49.138,0.0,0.0,0.0,27.088,1.159804,0.0,0.0,0.0
2020-08-25T05:11:20.505999Z,2020-08-25T05:11:20.948000Z,457.061,442.0,80.0,59.748,0.0,0.0,0.0,27.088,1.226488,0.0,0.0,0.0
2020-08-25T05:11:22.518000Z,2020-08-25T05:11:22.989000Z,448.053,471.0,80.0,69.007,0.0,0.0,0.0,27.088,1.500174,0.0,0.0,0.0
2020-08-25T05:11:24.505000Z,2020-08-25T05:11:24.900000Z,453.207,395.0,70.0,62.202,0.0,0.0,0.0,27.088,1.278516,0.0,0.0,0.0
2020-08-25T05:11:26.510000Z,2020-08-25T05:11:26.878000Z,378.454,368.0,72.0,56.79,0.0,0.0,0.0,27.088,0.932065,0.0,0.0,0.0
2020-08-25T05:11:28.499000Z,2020-08-25T05:11:29.164000Z,456.618,665.0,72.0,77.488,0.0,0.0,0.0,27.088,0.361814,0.0,0.0,0.0
2020-08-25T05:11:30.500000Z,2020-08-25T05:11:30.820000Z,427.785,320.0,72.0,42.56,0.0,0.0,0.0,27.088,0.735242,0.0,0.0,0.0
2020-08-25T05:11:32.507000Z,2020-08-25T05:11:32.868000Z,469.03,361.0,84.0,85.541,0.0,0.0,0.0,27.088,0.513398,0.0,0.0,0.0
2020-08-25T05:11:34.508999Z,2020-08-25T05:11:34.927000Z,529.692,418.0,84.0,64.815,0.0,0.0,0.0,27.088,1.616552,0.0,0.0,0.0
2020-08-25T05:11:36.507000Z,2020-08-25T05:11:36.964000Z,548.884,457.0,82.0,69.941,0.0,0.0,0.0,27.088,1.087566,0.0,0.0,0.0
2020-08-25T05:11:38.499000Z,2020-08-25T05:11:38.912000Z,554.574,413.0,90.0,52.056,0.0,0.0,0.0,27.088,1.481166,0.0,0.0,0.0
2020-08-25T05:11:40.510000Z,2020-08-25T05:11:40.891000Z,516.417,381.0,90.0,51.73,0.0,0.0,0.0,27.088,0.959188,0.0,0.0,0.0
2020-08-25T05:11:42.505000Z,2020-08-25T05:11:42.801000Z,519.318,296.0,92.0,77.373,0.0,0.0,0.0,27.088,0.689077,0.0,0.0,0.0
2020-08-25T05:11:44.502000Z,2020-08-25T05:11:45.183000Z,551.485,681.0,102.0,41.76,0.0,0.0,0.0,27.088,1.890755,0.0,0.0,0.0
2020-08-25T05:11:46.505000Z,2020-08-25T05:11:46.912000Z,549.366,407.0,70.0,93.318,0.0,0.0,0.0,27.088,0.306953,0.0,0.0,0.0
2020-08-25T05:11:48.513000Z,2020-08-25T05:11:48.889000Z,522.788,376.0,70.0,43.031,0.0,0.0,0.0,27.088,1.486305,0.0,0.0,0.0
2020-08-25T05:11:50.501000Z,2020-08-25T05:11:50.959000Z,535.848,458.0,76.0,49.131,0.0,0.0,0.0,27.088,1.197814,0.0,0.0,0.0
2020-08-25T05:11:52.500000Z,2020-08-25T05:11:52.897999Z,558.042,398.0,86.0,51.828,0.0,0.0,0.0,27.088,1.108717,0.0,0.0,0.0
2020-08-25T05:11:54.499000Z,2020-08-25T05:11:54.903000Z,550.045,404.0,86.0,54.01,0.0,0.0,0.0,27.088,1.597729,0.0,0.0,0.0
2020-08-25T05:11:56.505999Z,2020-08-25T05:11:56.967000Z,499.112,461.0,92.0,36.405,0.0,0.0,0.0,27.088,1.439149,0.0,0.0,0.0
2020-08-25T05:11:58.499000Z,2020-08-25T05:11:58.960000Z,513.498,461.0,84.0,132.698,0.0,0.0,0.0,27.088,0.469727,0.0,0.0,0.0
2020-08-25T05:12:00.508000Z,2020-08-25T05:12:01.038000Z,532.5,530.0,84.0,93.074,0.0,0.0,0.0,27.088,1.048206,0.0,0.0,0.0
2020-08-25T05:12:02.510000Z,2020-08-25T05:12:02.974000Z,507.272,464.0,76.0,45.038,0.0,0.0,0.0,27.088,1.121718,0.0,0.0,0.0
2020-08-25T05:12:04.499000Z,2020-08-25T05:12:04.822000Z,434.514,323.0,76.0,60.848,0.0,0.0,0.0,27.088,0.834912,0.0,0.0,0.0
2020-08-25T05:12:06.505000Z,2020-08-25T05:12:06.968000Z,590.081,463.0,86.0,48.052,0.0,0.0,0.0,27.088,1.473731,0.0,0.0,0.0
2020-08-25T05:12:08.508999Z,2020-08-25T05:12:08.611000Z,83.388,102.0,104.0,118.505,0.0,0.0,0.0,27.088,1.08006,0.0,0.0,0.0
2020-08-25T05:12:10.500000Z,2020-08-25T05:12:10.596000Z,110.234,96.0,104.0,49.534,0.0,0.0,0.0,27.088,1.403791,0.0,0.0,0.0
2020-08-25T05:12:12.508999Z,2020-08-25T05:12:12.616000Z,106.854,107.0,104.0,43.742,0.0,0.0,0.0,27.088,1.611266,0.0,0.0,0.0
2020-08-25T05:12:14.507000Z,2020-08-25T05:12:14.609000Z,101.0,102.0,76.0,50.058,0.0,0.0,0.0,27.088,1.435756,0.0,0.0,0.0
2020-08-25T05:12:16.510000Z,2020-08-25T05:12:16.635000Z,107.541,125.0,76.0,34.454,0.0,0.0,0.0,27.088,1.655086,0.0,0.0,0.0
2020-08-25T05:12:18.508000Z,2020-08-25T05:12:18.648000Z,110.822,140.0,76.0,69.225,0.0,0.0,0.0,27.088,1.655086,0.0,0.0,0.0
2020-08-25T05:12:20.499000Z,2020-08-25T05:12:20.639000Z,105.341,140.0,76.0,57.089,0.0,0.0,0.0,27.088,1.017667,0.0,0.0,0.0
2020-08-25T05:12:22.505000Z,2020-08-25T05:12:23.045000Z,511.047,540.0,76.0,56.19,0.0,0.0,0.0,27.266,0.977945,0.0,0.0,0.0
2020-08-25T05:12:24.510000Z,2020-08-25T05:12:26.076000Z,1645.022,1566.0,58.0,42.76,0.0,0.0,0.0,27.266,0.764698,0.0,0.0,0.0
2020-08-25T05:12:26.528000Z,2020-08-25T05:12:28.513999Z,2748.621,1986.0,82.0,72.838,0.0,0.0,0.0,27.266,0.699255,0.0,0.0,0.0
2020-08-25T05:12:28.517000Z,2020-08-25T05:12:30.119000Z,1633.162,1602.0,78.0,127.791,0.0,0.0,0.0,27.266,0.315376,0.0,0.0,0.0
2020-08-25T05:12:30.508000Z,2020-08-25T05:12:31.759000Z,975.329,1251.0,68.0,40.385,0.0,0.0,0.0,27.266,1.193135,0.0,0.0,0.0
2020-08-25T05:12:32.526000Z,2020-08-25T05:12:34.185999Z,1878.445,1660.0,64.0,86.393,0.0,0.0,0.0,27.266,0.406127,0.0,0.0,0.0
2020-08-25T05:12:34.508000Z,2020-08-25T05:12:36.000000Z,1767.491,1492.0,70.0,51.42,0.0,0.0,0.0,27.266,0.600448,0.0,0.0,0.0
2020-08-25T05:12:36.508000Z,2020-08-25T05:12:37.377999Z,746.105,870.0,62.0,97.527,0.0,0.0,0.0,27.266,0.808781,0.0,0.0,0.0
2020-08-25T05:12:38.511000Z,2020-08-25T05:12:38.830000Z,436.577,319.0,88.0,52.86,0.0,0.0,0.0,27.266,1.141831,0.0,0.0,0.0
2020-08-25T05:12:40.751000Z,2020-08-25T05:12:41.097000Z,431.703,346.0,100.0,62.98,0.0,0.0,0.0,27.266,0.964204,0.0,0.0,0.0
2020-08-25T05:12:42.750000Z,2020-08-25T05:12:43.315000Z,389.281,565.0,100.0,56.017,0.0,0.0,0.0,27.266,1.595732,0.0,0.0,0.0
2020-08-25T05:12:44.761000Z,2020-08-25T05:12:45.276000Z,703.071,515.0,86.0,66.131,0.0,0.0,0.0,27.266,1.324043,0.0,0.0,0.0
2020-08-25T05:12:46.757000Z,2020-08-25T05:12:47.883000Z,773.135,1126.0,90.0,90.951,0.0,0.0,0.0,27.266,0.823052,0.0,0.0,0.0
2020-08-25T05:12:48.649999Z,2020-08-25T05:12:49.921000Z,1043.979,1271.0,64.0,55.704,0.0,0.0,0.0,27.266,0.798909,0.0,0.0,0.0
2020-08-25T05:12:50.754000Z,2020-08-25T05:12:51.132000Z,476.604,378.0,72.0,181.184,0.0,0.0,0.0,27.266,0.410323,0.0,0.0,0.0
2020-08-25T05:12:52.778000Z,2020-08-25T05:12:53.278000Z,384.385,500.0,74.0,46.857,0.0,0.0,0.0,27.266,1.441347,0.0,0.0,0.0
2020-08-25T05:12:54.751000Z,2020-08-25T05:12:55.091000Z,417.855,340.0,74.0,50.831,0.0,0.0,0.0,27.266,1.149735,0.0,0.0,0.0
2020-08-25T05:12:56.752000Z,2020-08-25T05:12:57.647000Z,979.261,895.0,78.0,53.422,0.0,0.0,0.0,27.266,0.079794,0.0,0.0,0.0
2020-08-25T05:12:58.761999Z,2020-08-25T05:12:59.566000Z,1086.862,804.0,78.0,52.015,0.0,0.0,0.0,27.266,1.83355,0.0,0.0,0.0
2020-08-25T05:13:00.752000Z,2020-08-25T05:13:01.464000Z,1090.758,712.0,86.0,66.013,0.0,0.0,0.0,27.266,0.866813,0.0,0.0,0.0
2020-08-25T05:13:02.752000Z,2020-08-25T05:13:03.152000Z,712.029,400.0,102.0,52.51,0.0,0.0,0.0,27.266,1.778078,0.0,0.0,0.0
2020-08-25T05:13:04.750000Z,2020-08-25T05:13:04.984000Z,43.431,234.0,116.0,70.767,0.0,0.0,0.0,27.266,1.60229,0.0,0.0,0.0
2020-08-25T05:13:06.751000Z,2020-08-25T05:13:07.492000Z,477.646,741.0,116.0,100.027,0.0,0.0,0.0,27.266,1.60229,0.0,0.0,0.0
2020-08-25T05:13:08.761999Z,2020-08-25T05:13:09.299000Z,975.176,537.0,118.0,60.638,0.0,0.0,0.0,27.266,1.061405,0.0,0.0,0.0
2020-08-25T05:13:11.019000Z,2020-08-25T05:13:11.550000Z,933.921,531.0,108.0,49.928,0.0,0.0,0.0,27.266,2.095126,0.0,0.0,0.0
2020-08-25T05:13:12.582000Z,2020-08-25T05:13:13.771000Z,1786.444,1189.0,104.0,41.501,0.0,0.0,0.0,27.266,1.875795,0.0,0.0,0.0
2020-08-25T05:13:14.753000Z,2020-08-25T05:13:15.841000Z,1674.636,1088.0,94.0,133.719,0.0,0.0,0.0,26.993,0.534873,0.0,0.0,0.0
2020-08-25T05:13:16.769000Z,2020-08-25T05:13:18.176000Z,1735.9,1407.0,96.0,82.349,0.0,0.0,0.0,26.993,1.065206,0.0,0.0,0.0
2020-08-25T05:13:18.754000Z,2020-08-25T05:13:20.161999Z,1898.863,1408.0,88.0,40.206,0.0,0.0,0.0,26.993,2.046231,0.0,0.0,0.0
2020-08-25T05:13:21.037000Z,2020-08-25T05:13:22.649999Z,1972.602,1613.0,86.0,54.037,0.0,0.0,0.0,26.993,1.432496,0.0,0.0,0.0
2020-08-25T05:13:22.654000Z,2020-08-25T05:13:24.417000Z,2606.732,1763.0,106.0,74.127,0.0,0.0,0.0,26.993,1.375918,0.0,0.0,0.0
2020-08-25T05:13:24.753000Z,2020-08-25T05:13:25.884000Z,1464.23,1131.0,94.0,50.722,0.0,0.0,0.0,26.993,0.990928,0.0,0.0,0.0
2020-08-25T05:13:26.777000Z,2020-08-25T05:13:28.644000Z,2032.01,1867.0,76.0,51.182,0.0,0.0,0.0,26.993,1.453109,0.0,0.0,0.0
2020-08-25T05:13:28.647000Z,2020-08-25T05:13:30.081000Z,1639.28,1434.0,86.0,52.476,0.0,0.0,0.0,26.993,1.910414,0.0,0.0,0.0
2020-08-25T05:13:30.753000Z,2020-08-25T05:13:31.999000Z,1634.68,1246.0,92.0,60.153,0.0,0.0,0.0,26.993,1.704702,0.0,0.0,0.0
2020-08-25T05:13:32.781000Z,2020-08-25T05:13:34.238000Z,1469.523,1457.0,90.0,57.752,0.0,0.0,0.0,26.993,0.838779,0.0,0.0,0.0
2020-08-25T05:13:34.754000Z,2020-08-25T05:13:35.902000Z,1362.773,1148.0,72.0,61.77,0.0,0.0,0.0,26.993,1.384782,0.0,0.0,0.0
2020-08-25T05:13:36.616000Z,2020-08-25T05:13:37.440000Z,935.068,824.0,64.0,44.003,0.0,0.0,0.0,26.993,1.365892,0.0,0.0,0.0
2020-08-25T05:13:38.752000Z,2020-08-25T05:13:39.749000Z,877.763,997.0,66.0,54.68,0.0,0.0,0.0,26.993,0.827589,0.0,0.0,0.0
2020-08-25T05:13:40.757000Z,2020-08-25T05:13:41.686000Z,1018.352,929.0,70.0,87.489,0.0,0.0,0.0,26.993,0.785037,0.0,0.0,0.0
2020-08-25T05:13:42.779000Z,2020-08-25T05:13:43.240000Z,685.736,461.0,76.0,73.47,0.0,0.0,0.0,26.993,0.750579,0.0,0.0,0.0
2020-08-25T05:13:44.753000Z,2020-08-25T05:13:45.357000Z,649.7,604.0,90.0,55.783,0.0,0.0,0.0,26.993,1.528765,0.0,0.0,0.0
2020-08-25T05:13:46.753000Z,2020-08-25T05:13:47.251000Z,594.783,498.0,88.0,46.743,0.0,0.0,0.0,26.993,1.616365,0.0,0.0,0.0
2020-08-25T05:13:48.753000Z,2020-08-25T05:13:50.257999Z,1140.287,1505.0,74.0,83.145,0.0,0.0,0.0,26.993,1.121667,0.0,0.0,0.0
2020-08-25T05:13:50.764000Z,2020-08-25T05:13:51.531000Z,853.142,767.0,72.0,57.949,0.0,0.0,0.0,26.993,1.175673,0.0,0.0,0.0
2020-08-25T05:13:52.753000Z,2020-08-25T05:13:53.801000Z,1295.377,1048.0,76.0,66.028,0.0,0.0,0.0,26.993,0.87549,0.0,0.0,0.0
2020-08-25T05:13:54.753000Z,2020-08-25T05:13:55.024000Z,328.089,271.0,82.0,58.975,0.0,0.0,0.0,26.993,1.33439,0.0,0.0,0.0
2020-08-25T05:13:56.753000Z,2020-08-25T05:13:57.217999Z,705.316,465.0,84.0,61.039,0.0,0.0,0.0,26.993,1.013649,0.0,0.0,0.0
2020-08-25T05:13:58.752000Z,2020-08-25T05:13:59.356000Z,802.235,604.0,84.0,40.447,0.0,0.0,0.0,26.993,1.105648,0.0,0.0,0.0
2020-08-25T05:14:00.601999Z,2020-08-25T05:14:01.341000Z,716.438,739.0,80.0,46.946,0.0,0.0,0.0,26.993,1.524851,0.0,0.0,0.0
2020-08-25T05:14:02.753000Z,2020-08-25T05:14:03.198000Z,629.089,445.0,70.0,50.909,0.0,0.0,0.0,26.993,0.940197,0.0,0.0,0.0
2020-08-25T05:14:04.752000Z,2020-08-25T05:14:05.037000Z,339.806,285.0,84.0,56.715,0.0,0.0,0.0,26.993,0.871448,0.0,0.0,0.0
2020-08-25T05:14:06.753000Z,2020-08-25T05:14:07.911000Z,1049.891,1158.0,86.0,58.428,0.0,0.0,0.0,26.993,0.807684,0.0,0.0,0.0
2020-08-25T05:14:08.752000Z,2020-08-25T05:14:09.188000Z,564.198,436.0,72.0,57.593,0.0,0.0,0.0,26.993,0.94974,0.0,0.0,0.0
2020-08-25T05:14:10.758000Z,2020-08-25T05:14:11.344000Z,535.309,586.0,86.0,124.241,0.0,0.0,0.0,26.993,0.881284,0.0,0.0,0.0
2020-08-25T05:14:12.754000Z,2020-08-25T05:14:13.209000Z,559.299,455.0,76.0,91.26,0.0,0.0,0.0,26.993,0.117378,0.0,0.0,0.0
2020-08-25T05:14:14.754000Z,2020-08-25T05:14:15.552000Z,987.7,798.0,78.0,48.219,0.0,0.0,0.0,26.993,1.520296,0.0,0.0,0.0
2020-08-25T05:14:16.755000Z,2020-08-25T05:14:17.096000Z,592.653,341.0,84.0,55.726,0.0,0.0,0.0,26.993,1.269958,0.0,0.0,0.0
2020-08-25T05:14:18.753000Z,2020-08-25T05:14:19.268000Z,748.602,515.0,92.0,42.608,0.0,0.0,0.0,26.993,2.125047,0.0,0.0,0.0
2020-08-25T05:14:20.772000Z,2020-08-25T05:14:21.241999Z,579.957,470.0,98.0,43.299,0.0,0.0,0.0,26.993,1.016455,0.0,0.0,0.0
2020-08-25T05:14:22.753000Z,2020-08-25T05:14:23.197000Z,535.123,444.0,94.0,45.46,0.0,0.0,0.0,26.993,2.012286,0.0,0.0,0.0
2020-08-25T05:14:24.752000Z,2020-08-25T05:14:25.101000Z,578.403,349.0,96.0,59.885,0.0,0.0,0.0,26.993,0.996784,0.0,0.0,0.0
2020-08-25T05:14:27.464000Z,2020-08-25T05:14:28.032000Z,808.44,568.0,96.0,39.411,0.0,0.0,0.0,26.993,2.26958,0.0,0.0,0.0
2020-08-25T05:14:29.468000Z,2020-08-25T05:14:30.177000Z,853.152,709.0,98.0,72.885,0.0,0.0,0.0,26.993,1.049491,0.0,0.0,0.0
2020-08-25T05:14:31.481000Z,2020-08-25T05:14:31.697999Z,311.293,217.0,86.0,75.156,0.0,0.0,0.0,26.993,1.203639,0.0,0.0,0.0
2020-08-25T05:14:33.457000Z,2020-08-25T05:14:33.620000Z,193.083,163.0,88.0,54.135,0.0,0.0,0.0,26.993,1.471504,0.0,0.0,0.0
2020-08-25T05:14:35.468000Z,2020-08-25T05:14:35.507000Z,10.167,39.0,94.0,62.609,0.0,0.0,0.0,26.993,1.075398,0.0,0.0,0.0
2020-08-25T05:14:37.465999Z,2020-08-25T05:14:37.505000Z,20.839,39.0,90.0,48.747,0.0,0.0,0.0,26.993,1.075398,0.0,0.0,0.0
2020-08-25T05:14:39.468999Z,2020-08-25T05:14:39.649000Z,288.503,180.0,90.0,38.58,0.0,0.0,0.0,26.993,1.075398,0.0,0.0,0.0
2020-08-25T05:14:41.483000Z,2020-08-25T05:14:42.091000Z,501.055,608.0,110.0,37.133,0.0,0.0,0.0,26.993,2.341569,0.0,0.0,0.0
2020-08-25T05:14:43.463000Z,2020-08-25T05:14:44.197000Z,510.46,734.0,110.0,180.199,0.0,0.0,0.0,26.993,0.315316,0.0,0.0,0.0
2020-08-25T05:14:45.471000Z,2020-08-25T05:14:45.905999Z,519.09,435.0,90.0,184.599,0.0,0.0,0.0,26.993,0.236442,0.0,0.0,0.0
2020-08-25T05:14:47.459000Z,2020-08-25T05:14:47.888000Z,460.167,429.0,74.0,70.372,0.0,0.0,0.0,26.993,1.289873,0.0,0.0,0.0
2020-08-25T05:14:49.468999Z,2020-08-25T05:14:50.024000Z,594.766,555.0,78.0,42.355,0.0,0.0,0.0,26.993,1.268829,0.0,0.0,0.0
2020-08-25T05:14:51.470000Z,2020-08-25T05:14:52.000000Z,659.543,530.0,70.0,35.912,0.0,0.0,0.0,26.993,1.603681,0.0,0.0,0.0
2020-08-25T05:14:53.461000Z,2020-08-25T05:14:54.126000Z,757.939,665.0,78.0,46.695,0.0,0.0,0.0,26.993,1.532656,0.0,0.0,0.0
2020-08-25T05:14:55.465000Z,2020-08-25T05:14:55.983000Z,640.874,518.0,82.0,80.162,0.0,0.0,0.0,26.993,0.476437,0.0,0.0,0.0
2020-08-25T05:14:57.460000Z,2020-08-25T05:14:58.061000Z,753.253,601.0,88.0,126.702,0.0,0.0,0.0,26.993,0.751382,0.0,0.0,0.0
2020-08-25T05:14:59.468000Z,2020-08-25T05:15:00.289000Z,1338.83,821.0,90.0,57.9,0.0,0.0,0.0,26.993,1.785298,0.0,0.0,0.0
2020-08-25T05:15:01.465000Z,2020-08-25T05:15:02.423000Z,1349.845,958.0,140.0,82.277,0.0,0.0,0.0,26.993,1.064003,0.0,0.0,0.0
2020-08-25T05:15:03.478000Z,2020-08-25T05:15:04.521000Z,1276.237,1043.0,138.0,98.279,0.0,0.0,0.0,26.993,0.946902,0.0,0.0,0.0
2020-08-25T05:15:05.468999Z,2020-08-25T05:15:06.767000Z,1212.283,1298.0,88.0,61.503,0.0,0.0,0.0,26.993,2.090175,0.0,0.0,0.0
2020-08-25T05:15:06.769000Z,2020-08-25T05:15:07.713999Z,1182.861,945.0,74.0,81.144,0.0,0.0,0.0,26.993,0.889099,0.0,0.0,0.0
2020-08-25T05:15:09.465999Z,2020-08-25T05:15:10.382000Z,1210.13,916.0,76.0,56.068,0.0,0.0,0.0,26.993,1.23571,0.0,0.0,0.0
2020-08-25T05:15:11.460000Z,2020-08-25T05:15:12.164000Z,914.367,704.0,82.0,67.292,0.0,0.0,0.0,26.993,1.379147,0.0,0.0,0.0
2020-08-25T05:15:13.486000Z,2020-08-25T05:15:14.373000Z,836.813,887.0,84.0,52.365,0.0,0.0,0.0,26.993,1.504996,0.0,0.0,0.0
2020-08-25T05:15:15.468000Z,2020-08-25T05:15:16.176000Z,1016.353,708.0,70.0,89.12,0.0,0.0,0.0,26.993,0.588903,0.0,0.0,0.0
2020-08-25T05:15:17.468999Z,2020-08-25T05:15:18.563000Z,850.076,1094.0,74.0,51.46,0.0,0.0,0.0,26.993,1.191995,0.0,0.0,0.0
2020-08-25T05:15:19.483000Z,2020-08-25T05:15:20.785999Z,1263.803,1303.0,66.0,51.62,0.0,0.0,0.0,26.993,1.076027,0.0,0.0,0.0
2020-08-25T05:15:20.787000Z,2020-08-25T05:15:21.079000Z,385.289,292.0,72.0,85.622,0.0,0.0,0.0,26.993,0.660724,0.0,0.0,0.0
2020-08-25T05:15:23.459000Z,2020-08-25T05:15:23.758000Z,325.121,299.0,74.0,57.787,0.0,0.0,0.0,26.993,1.067061,0.0,0.0,0.0
2020-08-25T05:15:25.468999Z,2020-08-25T05:15:26.065999Z,600.887,597.0,74.0,55.345,0.0,0.0,0.0,26.993,1.027834,0.0,0.0,0.0
2020-08-25T05:15:27.470000Z,2020-08-25T05:15:28.255000Z,496.38,785.0,68.0,57.806,0.0,0.0,0.0,26.993,0.829868,0.0,0.0,0.0
2020-08-25T05:15:29.462000Z,2020-08-25T05:15:29.912000Z,507.869,450.0,62.0,72.387,0.0,0.0,0.0,26.993,0.657486,0.0,0.0,0.0
2020-08-25T05:15:31.463000Z,2020-08-25T05:15:31.614000Z,158.003,151.0,4.0,69.567,0.0,0.0,0.0,26.993,1.799779,0.0,0.0,0.0
2020-08-25T05:15:33.461000Z,2020-08-25T05:15:33.597000Z,223.512,136.0,140.0,142.73,0.0,0.0,0.0,26.993,1.393155,0.0,0.0,0.0
2020-08-25T05:15:35.468000Z,2020-08-25T05:15:35.984000Z,595.569,516.0,132.0,60.415,0.0,0.0,0.0,26.993,2.323312,0.0,0.0,0.0
2020-08-25T05:15:37.475000Z,2020-08-25T05:15:38.062000Z,537.523,587.0,110.0,81.515,0.0,0.0,0.0,26.993,1.137187,0.0,0.0,0.0
2020-08-25T05:15:39.472000Z,2020-08-25T05:15:40.095000Z,467.881,623.0,104.0,181.668,0.0,0.0,0.0,26.993,0.311956,0.0,0.0,0.0
2020-08-25T05:15:41.468000Z,2020-08-25T05:15:41.825999Z,454.632,358.0,104.0,70.144,0.0,0.0,0.0,26.993,1.920383,0.0,0.0,0.0
2020-08-25T05:15:43.468999Z,2020-08-25T05:15:44.185999Z,929.02,717.0,90.0,78.943,0.0,0.0,0.0,26.993,1.277965,0.0,0.0,0.0
2020-08-25T05:15:45.473000Z,2020-08-25T05:15:46.895000Z,1857.513,1422.0,88.0,49.075,0.0,0.0,0.0,26.993,1.73731,0.0,0.0,0.0
2020-08-25T05:15:46.897999Z,2020-08-25T05:15:48.200000Z,1767.075,1302.0,92.0,131.916,0.0,0.0,0.0,26.993,0.39593,0.0,0.0,0.0
2020-08-25T05:15:49.459000Z,2020-08-25T05:15:50.118000Z,1026.5,659.0,84.0,57.839,0.0,0.0,0.0,26.993,0.8941,0.0,0.0,0.0
2020-08-25T05:15:51.472000Z,2020-08-25T05:15:52.881000Z,1388.939,1409.0,98.0,63.417,0.0,0.0,0.0,26.993,1.448325,0.0,0.0,0.0
2020-08-25T05:15:52.884000Z,2020-08-25T05:15:54.261000Z,1315.824,1377.0,94.0,92.173,0.0,0.0,0.0,26.993,1.073121,0.0,0.0,0.0
2020-08-25T05:15:55.471000Z,2020-08-25T05:15:55.985000Z,513.778,514.0,74.0,63.361,0.0,0.0,0.0,26.993,1.245862,0.0,0.0,0.0
2020-08-25T05:15:57.471000Z,2020-08-25T05:15:57.832000Z,274.985,361.0,76.0,56.228,0.0,0.0,0.0,26.993,0.841165,0.0,0.0,0.0
2020-08-25T05:15:59.474000Z,2020-08-25T05:15:59.749000Z,181.252,275.0,62.0,95.976,0.0,0.0,0.0,26.993,0.522201,0.0,0.0,0.0
2020-08-25T05:16:01.464000Z,2020-08-25T05:16:01.681000Z,173.962,217.0,62.0,77.098,0.0,0.0,0.0,26.993,0.724681,0.0,0.0,0.0
2020-08-25T05:16:03.473000Z,2020-08-25T05:16:03.993000Z,524.388,520.0,64.0,80.588,0.0,0.0,0.0,26.993,0.608066,0.0,0.0,0.0
2020-08-25T05:16:05.470000Z,2020-08-25T05:16:06.277000Z,1110.776,807.0,70.0,57.401,0.0,0.0,0.0,26.993,0.760515,0.0,0.0,0.0
2020-08-25T05:16:07.464000Z,2020-08-25T05:16:08.312000Z,1054.772,848.0,74.0,53.534,0.0,0.0,0.0,26.993,1.314336,0.0,0.0,0.0
2020-08-25T05:16:09.465999Z,2020-08-25T05:16:09.940000Z,570.643,474.0,86.0,60.82,0.0,0.0,0.0,26.993,1.105091,0.0,0.0,0.0
2020-08-25T05:16:11.461000Z,2020-08-25T05:16:11.879000Z,599.788,418.0,86.0,46.398,0.0,0.0,0.0,26.993,0.837389,0.0,0.0,0.0
2020-08-25T05:16:13.471000Z,2020-08-25T05:16:13.935000Z,700.041,464.0,82.0,50.654,0.0,0.0,0.0,26.993,1.718291,0.0,0.0,0.0
2020-08-25T05:16:15.476000Z,2020-08-25T05:16:16.430000Z,640.69,954.0,84.0,55.643,0.0,0.0,0.0,26.993,1.212899,0.0,0.0,0.0
2020-08-25T05:16:17.463000Z,2020-08-25T05:16:18.215000Z,672.278,752.0,78.0,42.564,0.0,0.0,0.0,26.993,0.946374,0.0,0.0,0.0
2020-08-25T05:16:19.476000Z,2020-08-25T05:16:20.257000Z,865.877,781.0,74.0,56.255,0.0,0.0,0.0,26.993,1.41104,0.0,0.0,0.0
2020-08-25T05:16:21.474000Z,2020-08-25T05:16:22.296000Z,969.466,822.0,72.0,57.935,0.0,0.0,0.0,26.993,1.244428,0.0,0.0,0.0
2020-08-25T05:16:23.465999Z,2020-08-25T05:16:24.925000Z,1764.638,1459.0,76.0,59.651,0.0,0.0,0.0,26.993,1.349714,0.0,0.0,0.0
2020-08-25T05:16:24.928000Z,2020-08-25T05:16:25.841000Z,1578.92,913.0,84.0,65.578,0.0,0.0,0.0,26.993,1.127902,0.0,0.0,0.0
2020-08-25T05:16:27.468999Z,2020-08-25T05:16:28.043000Z,652.821,574.0,92.0,48.05,0.0,0.0,0.0,26.993,1.269898,0.0,0.0,0.0
2020-08-25T05:16:29.472000Z,2020-08-25T05:16:30.017999Z,849.411,546.0,94.0,41.243,0.0,0.0,0.0,26.993,1.305832,0.0,0.0,0.0
2020-08-25T05:16:31.472000Z,2020-08-25T05:16:31.996000Z,894.831,524.0,94.0,55.495,0.0,0.0,0.0,26.993,1.379987,0.0,0.0,0.0
2020-08-25T05:16:33.473000Z,2020-08-25T05:16:33.937000Z,727.752,464.0,102.0,83.543,0.0,0.0,0.0,26.993,1.455976,0.0,0.0,0.0
2020-08-25T05:16:35.468000Z,2020-08-25T05:16:35.880000Z,626.231,412.0,157.0,66.002,0.0,0.0,0.0,26.993,1.240542,0.0,0.0,0.0
2020-08-25T05:16:37.474000Z,2020-08-25T05:16:37.768000Z,453.377,294.0,96.0,73.88,0.0,0.0,0.0,26.993,1.51538,0.0,0.0,0.0
2020-08-25T05:16:39.459000Z,2020-08-25T05:16:39.873000Z,233.04,414.0,96.0,57.835,0.0,0.0,0.0,26.993,1.418965,0.0,0.0,0.0
2020-08-25T05:16:41.461000Z,2020-08-25T05:16:41.697000Z,306.492,236.0,96.0,76.417,0.0,0.0,0.0,26.993,0.542502,0.0,0.0,0.0
2020-08-25T05:16:43.461000Z,2020-08-25T05:16:43.591000Z,126.472,130.0,94.0,47.377,0.0,0.0,0.0,26.993,1.874808,0.0,0.0,0.0
2020-08-25T05:16:45.464000Z,2020-08-25T05:16:45.568000Z,124.865,104.0,90.0,41.461,0.0,0.0,0.0,26.993,1.985782,0.0,0.0,0.0
2020-08-25T05:16:47.461000Z,2020-08-25T05:16:47.749000Z,342.629,288.0,108.0,47.635,0.0,0.0,0.0,26.993,1.765097,0.0,0.0,0.0
2020-08-25T05:16:49.470000Z,2020-08-25T05:16:49.648000Z,190.806,178.0,94.0,73.193,0.0,0.0,0.0,26.993,1.244693,0.0,0.0,0.0
2020-08-25T05:16:51.461000Z,2020-08-25T05:16:52.208000Z,656.686,747.0,94.0,61.453,0.0,0.0,0.0,26.993,0.799222,0.0,0.0,0.0
2020-08-25T05:16:53.473000Z,2020-08-25T05:16:53.857999Z,566.369,385.0,84.0,77.731,0.0,0.0,0.0,26.993,1.491484,0.0,0.0,0.0
2020-08-25T05:16:55.474000Z,2020-08-25T05:16:56.009000Z,706.396,535.0,98.0,56.708,0.0,0.0,0.0,26.993,0.929947,0.0,0.0,0.0
2020-08-25T05:16:57.016000Z,2020-08-25T05:16:57.167000Z,190.039,151.0,94.0,46.035,0.0,0.0,0.0,26.993,1.728809,0.0,0.0,0.0
2020-08-25T05:16:59.006000Z,2020-08-25T05:16:59.177999Z,150.973,172.0,94.0,39.607,0.0,0.0,0.0,26.993,1.220293,0.0,0.0,0.0
2020-08-25T05:17:01.015000Z,2020-08-25T05:17:01.201000Z,280.136,186.0,94.0,81.575,0.0,0.0,0.0,26.993,1.345463,0.0,0.0,0.0
2020-08-25T05:17:02.832000Z,2020-08-25T05:17:03.333000Z,450.491,501.0,104.0,42.258,0.0,0.0,0.0,26.993,2.4466,0.0,0.0,0.0
2020-08-25T05:17:05.016000Z,2020-08-25T05:17:05.312000Z,503.056,296.0,104.0,73.122,0.0,0.0,0.0,26.993,0.48198,0.0,0.0,0.0
2020-08-25T05:17:07.004000Z,2020-08-25T05:17:07.175000Z,238.048,171.0,136.0,87.113,0.0,0.0,0.0,26.993,1.760265,0.0,0.0,0.0
2020-08-25T05:17:09.015000Z,2020-08-25T05:17:09.132000Z,187.013,117.0,114.0,55.758,0.0,0.0,0.0,26.993,1.715063,0.0,0.0,0.0
2020-08-25T05:17:11.013000Z,2020-08-25T05:17:11.565000Z,983.899,552.0,114.0,49.061,0.0,0.0,0.0,26.993,2.543505,0.0,0.0,0.0
2020-08-25T05:17:13.023000Z,2020-08-25T05:17:13.501000Z,825.791,478.0,118.0,43.03,0.0,0.0,0.0,26.993,1.37918,0.0,0.0,0.0
2020-08-25T05:17:15.012000Z,2020-08-25T05:17:15.440000Z,591.688,428.0,112.0,87.59,0.0,0.0,0.0,26.993,1.662784,0.0,0.0,0.0
2020-08-25T05:17:17.007000Z,2020-08-25T05:17:17.316000Z,507.911,309.0,112.0,48.928,0.0,0.0,0.0,26.993,2.4864,0.0,0.0,0.0
2020-08-25T05:17:19.011000Z,2020-08-25T05:17:19.349000Z,521.415,338.0,114.0,55.601,0.0,0.0,0.0,26.993,1.991848,0.0,0.0,0.0
2020-08-25T05:17:21.015000Z,2020-08-25T05:17:21.451000Z,390.727,436.0,114.0,69.761,0.0,0.0,0.0,26.993,1.614387,0.0,0.0,0.0
2020-08-25T05:17:23.024999Z,2020-08-25T05:17:23.177999Z,138.654,153.0,100.0,80.695,0.0,0.0,0.0,26.993,1.001182,0.0,0.0,0.0
2020-08-25T05:17:25.006000Z,2020-08-25T05:17:25.116000Z,126.739,110.0,104.0,90.009,0.0,0.0,0.0,26.993,1.058866,0.0,0.0,0.0
2020-08-25T05:17:26.912999Z,2020-08-25T05:17:27.107000Z,129.318,194.0,76.0,102.282,0.0,0.0,0.0,26.993,0.575792,0.0,0.0,0.0
2020-08-25T05:17:29.024000Z,2020-08-25T05:17:29.227000Z,130.379,203.0,74.0,75.56,0.0,0.0,0.0,26.993,0.64365,0.0,0.0,0.0
2020-08-25T05:17:31.006000Z,2020-08-25T05:17:31.168000Z,123.892,162.0,74.0,62.635,0.0,0.0,0.0,26.993,0.605517,0.0,0.0,0.0
2020-08-25T05:17:33.013000Z,2020-08-25T05:17:33.150000Z,97.357,137.0,74.0,46.553,0.0,0.0,0.0,26.993,1.286401,0.0,0.0,0.0
2020-08-25T05:17:35.007000Z,2020-08-25T05:17:35.100000Z,55.072,93.0,74.0,66.741,0.0,0.0,0.0,26.993,1.286401,0.0,0.0,0.0
2020-08-25T05:17:37.003000Z,2020-08-25T05:17:37.072000Z,55.919,69.0,62.0,44.317,0.0,0.0,0.0,26.993,0.389934,0.0,0.0,0.0
2020-08-25T05:17:39.013000Z,2020-08-25T05:17:39.129999Z,103.571,117.0,62.0,39.545,0.0,0.0,0.0,26.993,0.837414,0.0,0.0,0.0
2020-08-25T05:17:41.012000Z,2020-08-25T05:17:42.128000Z,1457.584,1116.0,66.0,53.761,0.0,0.0,0.0,26.993,1.194478,0.0,0.0,0.0
2020-08-25T05:17:43.008999Z,2020-08-25T05:17:44.141000Z,1271.966,1132.0,74.0,76.063,0.0,0.0,0.0,26.993,0.682382,0.0,0.0,0.0
2020-08-25T05:17:45.024000Z,2020-08-25T05:17:46.038000Z,1290.425,1014.0,70.0,45.826,0.0,0.0,0.0,26.993,0.741342,0.0,0.0,0.0
2020-08-25T05:17:47.018000Z,2020-08-25T05:17:48.030000Z,1170.4,1012.0,74.0,40.053,0.0,0.0,0.0,26.993,1.461741,0.0,0.0,0.0
2020-08-25T05:17:49.012000Z,2020-08-25T05:17:49.681999Z,716.583,670.0,72.0,39.513,0.0,0.0,0.0,26.993,0.577014,0.0,0.0,0.0
2020-08-25T05:17:50.907000Z,2020-08-25T05:17:51.791000Z,577.607,884.0,80.0,71.531,0.0,0.0,0.0,26.993,0.608743,0.0,0.0,0.0
2020-08-25T05:17:53.007000Z,2020-08-25T05:17:53.341000Z,405.215,334.0,86.0,46.634,0.0,0.0,0.0,26.993,0.046551,0.0,0.0,0.0
2020-08-25T05:17:55.018000Z,2020-08-25T05:17:55.320000Z,344.504,302.0,78.0,40.498,0.0,0.0,0.0,26.993,1.778819,0.0,0.0,0.0
2020-08-25T05:17:57.024000Z,2020-08-25T05:17:57.334000Z,313.632,310.0,78.0,51.141,0.0,0.0,0.0,26.993,1.342635,0.0,0.0,0.0
2020-08-25T05:17:59.016000Z,2020-08-25T05:17:59.277000Z,351.717,261.0,80.0,49.875,0.0,0.0,0.0,26.993,0.637372,0.0,0.0,0.0
2020-08-25T05:18:01.028000Z,2020-08-25T05:18:01.529000Z,467.134,501.0,80.0,57.519,0.0,0.0,0.0,26.993,1.091858,0.0,0.0,0.0
2020-08-25T05:18:03.007000Z,2020-08-25T05:18:03.265000Z,390.843,258.0,80.0,95.241,0.0,0.0,0.0,26.993,0.725729,0.0,0.0,0.0
2020-08-25T05:18:05.013000Z,2020-08-25T05:18:05.297999Z,381.341,285.0,90.0,56.317,0.0,0.0,0.0,26.993,1.478863,0.0,0.0,0.0
2020-08-25T05:18:07.016000Z,2020-08-25T05:18:07.294000Z,359.029,278.0,90.0,67.347,0.0,0.0,0.0,26.993,1.649306,0.0,0.0,0.0
